1661192253380,31.158,0.1257485,0.05263158,0.1,0.0952381,0.13636364,0.1904762,0.05,0.09090909,0.2,40.9,41.300003,40.600002,41.300003,41.300003,41.300003,41.300003,41.600002,41.9,43.600002,38.9,39.300003,3771091,-1105347,1075200,1075200,1075200,1075200,1075200,1075200,652800,1401600,1098854,26532,88860,1168985,25662,83687,521724,26810,79688,569116,25613,78030,548801,22027,82366,574789,22780,81196,768561,23559,67296,208501,16311,56158,704211299,52813639,2012473909,723569667,52021671,1993330186,421418737,61318544,2286814143,437686995,57424945,2287306153,416973637,49167381,2249623081,421741166,51038617,2231626394,309298144,58881238,2510170111,132370219,35853061,2401995400,-1.0,-1.0
1661192254377,31.187002,0.18518518,0.23809524,0.1,0.15,0.15,0.15,0.15789473,0.1904762,0.2857143,38.9,38.9,38.300003,38.9,38.9,38.600002,38.600002,39.300003,38.9,39.600002,37.600002,37.600002,3807683,-359497,1075200,1075200,1075200,1075200,1075200,1075200,652800,1401600,832,0,0,871,0,0,402,61,83,279,42,80,239,34,59,237,16,49,74,21,56,104,7,65,736350,0,0,658438,0,0,348030,117285,289949,269670,95539,364291,169754,85913,354912,180139,39565,308665,83760,34736,658454,51813,12886,497051,-1.0,-1.0
1661192255381,31.193,0.41463414,0.36842105,0.4,0.3809524,0.42857143,0.33333334,0.35,0.3809524,0.65,39.300003,39.300003,38.300003,39.300003,39.300003,38.9,38.600002,38.9,39.300003,39.600002,37.600002,37.600002,3755131,-749817,1075200,1075200,1075200,1075200,1075200,1075200,652800,1401600,970,13,52,1012,19,49,552,20,52,337,32,43,413,26,74,390,16,57,103,6,25,201,10,47,456157,19536,294501,456739,45040,250755,278466,37873,445849,284271,85143,331740,316267,64853,413171,294346,33737,495790,178885,30152,694179,147127,38369,603448,-1.0,-1.0
1661192256385,31.209002,0.3601896,0.26923078,0.33333334,0.30769232,0.44,0.42307693,0.37037036,0.25,0.42307693,39.300003,39.300003,38.9,39.600002,39.600002,39.9,39.300003,38.9,39.9,39.9,38.300003,38.600002,3803596,-481262,1075200,1075200,1075200,1075200,1075200,1075200,652800,1401600,1232,0,0,1209,0,0,605,22,27,649,16,26,475,10,16,554,17,22,370,15,52,247,9,23,749870,0,0,733626,0,0,655422,36538,75485,648517,28701,72219,588862,16672,49296,645931,32603,81509,697677,20379,168282,524519,19859,127223,-1.0,-1.0
1661192257458,31.222002,0.3028846,0.26923078,0.15384616,0.16666667,0.5769231,0.15384616,0.48,0.23076923,0.4074074,38.9,39.300003,38.600002,39.300003,39.600002,39.300003,39.300003,38.9,39.300003,39.300003,38.600002,38.600002,3801260,-467529,1075200,1075200,1075200,1075200,1075200,1075200,652800,1401600,744,8,30,698,8,33,296,25,77,380,33,73,333,10,45,295,30,70,116,19,73,379,12,72,569441,20214,279798,505221,12915,291092,264827,46593,536039,258245,83526,475224,191221,19361,520497,225984,59016,466289,123436,46357,743449,119522,29733,648666,-1.0,-1.0
1661192258582,31.244001,0.2857143,0.1,0.18181819,0.375,0.23809524,0.23809524,0.1904762,0.29166666,0.61904764,38.9,38.9,38.9,39.300003,39.600002,39.600002,39.600002,40.600002,40.600002,41.9,37.600002,37.600002,3800871,-364685,1075200,1075200,1075200,1075200,1075200,1075200,652800,1401600,739,60,53,821,57,104,324,23,57,336,27,66,203,3,27,64,13,16,97,7,64,149,12,42,557296,150582,188791,578446,93211,257484,233530,54448,590426,229038,60608,424792,169336,3566,681018,104484,30101,171149,103759,30785,824372,73364,23409,761996,-1.0,-1.0
1661192259638,31.247002,0.18085106,0.2173913,0.08695652,0.13043478,0.09090909,0.17391305,0.16666667,0.2,0.26086956,38.300003,38.300003,37.9,38.600002,38.9,38.9,38.600002,38.9,38.9,39.300003,37.300003,37.600002,3761749,-947266,1075200,1075200,1075200,1075200,1075200,1075200,652800,1401600,880,2,14,1103,8,14,302,39,82,516,41,72,420,18,55,360,37,94,183,30,99,167,19,69,703825,2051,138753,781533,13140,102945,318755,84576,430823,366456,90786,394622,272815,28789,454040,329137,59412,416617,164920,79793,704267,119822,45630,552075,0.019605095541401274,0.001019108280254777
1661192260706,31.260002,0.35882354,0.5,0.4090909,0.4090909,0.35,0.42857143,0.36363637,0.13636364,0.375,38.300003,38.300003,37.600002,38.300003,38.600002,38.300003,37.9,38.300003,38.600002,38.600002,37.600002,37.600002,3802233,-505676,1075200,1075200,1075200,1075200,1075200,1075200,652800,1401600,1447,2,10,1571,5,12,653,35,78,575,34,69,380,21,51,450,27,70,232,41,99,400,18,84,705870,2063,87732,805161,6315,66383,397194,76690,381788,401048,53821,390203,273541,44290,471310,318133,56649,394999,243431,107237,565898,196995,27502,500878,-1.0,-1.0
1661192261731,31.276001,0.23383084,0.083333336,0.115384616,0.1923077,0.47826087,0.53846157,0.18518518,0.15384616,0.2,38.600002,38.300003,37.9,38.600002,38.9,38.600002,38.600002,38.600002,38.9,39.300003,37.600002,37.600002,3801065,-440368,1075200,1075200,1075200,1075200,1075200,1075200,652800,1401600,1736,1,6,1851,4,5,604,50,67,735,28,63,346,16,50,508,28,56,591,11,73,403,12,93,693284,282,23890,778981,2640,12875,426925,114342,225416,408821,43866,321574,261659,40106,349434,307562,62907,363798,389458,28899,479968,296092,12811,418545,-1.0,-1.0
1661192262819,31.298002,0.024038462,0.0,0.0,0.0,0.0,0.037037037,0.074074075,0.037037037,0.07692308,38.300003,38.300003,37.9,38.9,38.9,38.600002,38.300003,38.300003,38.600002,38.9,37.300003,37.300003,3818194,-294494,1075200,1075200,1075200,1075200,1075200,1075200,652800,1401600,2266,0,0,2454,0,0,585,25,64,926,33,44,714,23,29,939,27,53,466,12,114,584,17,109,739222,0,0,816132,0,0,441484,51630,230754,441028,62238,101725,407939,47219,119583,481994,45354,162166,471032,35249,462138,351851,39685,334679,-1.0,-1.0
1661192263937,31.311,0.39790577,0.41666666,0.25,0.18181819,0.4,0.44,0.25,0.3478261,0.96153843,37.300003,36.9,36.9,36.9,36.9,36.600002,36.600002,37.300003,37.300003,37.600002,36.600002,36.600002,3809046,-346679,1075200,1075200,1075200,1075200,1075200,1075200,652800,1401600,632,31,65,662,37,61,339,36,73,149,29,71,27,3,17,179,17,61,50,7,56,59,5,68,551822,57650,366610,551328,62209,331005,213439,106512,606413,158654,49328,794628,29870,3810,408768,188339,24547,677551,63305,35760,954052,75040,8325,855484,18.074736497545008,0.15476268412438626
1661192264969,31.320002,0.58208954,0.41666666,0.5555556,0.33333334,0.375,0.5769231,0.88,0.45833334,1.0,40.300003,40.600002,39.9,40.600002,40.600002,40.9,40.300003,41.600002,40.9,42.9,38.600002,38.600002,3700438,-1501771,1075200,1075200,1075200,1075200,1075200,1075200,652800,1401600,1355,0,0,1159,0,0,652,24,71,710,39,68,366,14,56,547,24,61,2582,24,91,93,19,70,743549,0,0,757112,0,0,447309,38172,224269,524732,54819,149379,329435,31773,207725,316774,37228,187371,370078,49632,325592,67731,47868,232597,668.542901453958,0.3309596122778675
1661192266019,31.339,0.35675675,0.26086956,0.41666666,0.13043478,0.26086956,0.16666667,0.09090909,0.5,1.0,42.300003,42.300003,41.9,42.300003,42.600002,42.300003,41.9,43.300003,42.600002,44.600002,40.300003,39.9,3688955,-1506348,1075200,1075200,1075200,1075200,1075200,1075200,652800,1401600,1534,0,0,966,0,0,966,23,35,999,23,30,646,15,33,562,22,36,6131,0,1,16,0,2,741935,0,0,680542,0,0,639810,34613,66482,694001,29348,49819,545017,21159,79119,506105,24108,72224,576423,0,647,2948,0,1462,614.0972987012988,0.2425974025974026
1661192267047,31.368002,0.48241207,0.125,0.1923077,0.24,0.37037036,0.61538464,0.8518519,0.5,1.0,43.300003,42.9,42.600002,43.300003,43.300003,43.600002,43.300003,44.300003,44.300003,45.9,41.600002,40.9,3689538,-1413880,1075200,1075200,1075200,1075200,1075200,1075200,652800,1401600,1483,0,0,990,0,0,586,31,56,828,31,39,517,38,38,482,23,50,5740,0,0,6,0,0,841882,0,0,795812,0,0,686426,39932,114767,721933,40990,70711,654576,49341,115488,584373,40155,118334,517150,0,0,377,0,0,612.7846594090202,0.2463452566096423
1661192268120,31.416002,0.36206895,0.23809524,0.15789473,0.1904762,0.3181818,0.1,0.23809524,0.47619048,1.0,44.300003,44.300003,43.300003,43.9,44.300003,44.9,44.300003,45.600002,44.9,46.600002,42.300003,41.600002,3712506,-1485291,1075200,1075200,1075200,1075200,1075200,1075200,652800,1401600,1438,0,0,1151,0,0,873,31,46,798,26,39,255,12,26,306,12,32,5963,0,0,3,0,0,887438,0,0,874776,0,0,772352,35142,73846,778047,24945,52531,376221,19669,58117,427480,17659,52870,533967,0,0,30,0,0,320.90723244929796,0.14342589703588143
1661192269182,31.482002,0.30857143,0.3043478,0.13636364,0.09090909,0.22727273,0.18181819,0.14285715,0.42857143,0.95652175,44.300003,44.300003,43.600002,43.9,44.600002,44.600002,44.300003,45.600002,44.9,46.9,42.300003,42.300003,3681948,-1540223,1075200,1075200,1075200,1075200,1075200,1075200,652800,1401600,1217,1,2,859,1,4,904,40,56,610,36,57,502,30,58,368,20,54,4881,0,11,9,0,6,903847,444,3440,847670,324,5622,688906,52309,140498,637689,56381,167138,568140,54716,190716,483779,52147,231491,431530,0,153517,2847,0,142379,635.9131228070175,0.24446570972886764
1661192270203,31.54,0.33846155,0.09090909,0.1923077,0.13043478,0.2173913,0.125,0.33333334,0.5,1.0,44.9,44.600002,44.300003,44.600002,44.9,45.600002,44.9,46.300003,45.600002,47.600002,42.9,42.600002,3686035,-1669312,1075200,1075200,1075200,1075200,1075200,1075200,652800,1401600,1161,0,0,1306,0,0,729,23,49,806,25,28,529,19,48,425,27,47,5343,0,7,11,1,6,844895,0,0,875503,0,0,672738,26809,94874,748792,36668,37412,567798,32537,132982,559219,47396,124092,516444,0,9594,20911,1146,9463,668.100368174727,0.2421216848673947
1661192271252,31.606,0.41269842,0.47826087,0.16666667,0.17391305,0.20833333,0.16666667,0.41666666,0.7619048,0.92,45.300003,45.600002,44.9,45.600002,45.9,46.300003,45.9,47.300003,46.9,48.300003,43.300003,42.9,3715814,-1102600,1075200,1075200,1075200,1075200,1075200,1075200,652800,1401600,1207,0,0,924,0,0,825,30,37,792,30,32,780,21,33,438,33,53,5344,0,11,17,0,9,772203,0,0,797959,0,0,722420,36579,68840,712678,41958,46117,563827,32540,60990,564206,51927,126252,520649,0,21925,19437,0,21918,663.485769470405,0.2357632398753894
1661192272301,31.670002,0.40331492,0.22727273,0.2173913,0.22727273,0.33333334,0.23809524,0.36363637,0.5,1.0,45.9,45.9,45.600002,45.9,46.300003,45.600002,45.600002,47.300003,45.9,48.600002,43.9,43.600002,3684478,-1882020,1075200,1075200,1075200,1075200,1075200,1075200,652800,1401600,1166,3,3,1320,7,10,512,15,27,777,21,21,330,7,20,374,12,23,5728,0,7,614,0,8,760394,2255,1627,860473,11832,17914,780451,15610,61913,822108,31225,40884,700794,9654,62332,638682,15840,85805,582373,0,7611,62800,0,9968,684.3888203497614,0.26607313195548493
1661192273328,31.743002,0.41326532,0.3043478,0.125,0.04347826,0.45833334,0.26086956,0.33333334,0.6363636,1.0,46.300003,46.600002,46.300003,46.300003,46.600002,46.600002,46.600002,47.600002,47.300003,49.600002,44.600002,43.9,3721070,-1294861,1075200,1075200,1075200,1075200,1075200,1075200,652800,1401600,1422,0,0,1281,0,0,432,13,33,730,15,31,322,23,30,751,22,42,5844,1,7,48,3,8,867633,0,0,869938,0,0,617679,23652,101753,752215,21572,70785,572309,26958,72891,630235,28429,56441,539385,3640,54742,12093,12765,45061,567.5259176276771,0.20665568369028006
1661192274391,31.804,0.35204083,0.28,0.28,0.44,0.09090909,0.041666668,0.12,0.7777778,0.7083333,46.9,46.9,46.300003,46.600002,46.600002,46.9,45.9,47.600002,46.600002,48.300003,44.600002,44.600002,3705304,-1265564,1075200,1075200,1075200,1075200,1075200,1075200,652800,1401600,1248,2,7,1236,2,3,714,20,39,561,14,39,408,15,37,302,14,25,5281,1,5,401,1,5,840292,579,4238,844667,1323,1611,745088,39553,110234,740306,24596,97495,534009,32210,139093,523452,20247,143772,525131,2695,47048,75516,2689,29468,555.2650658105938,0.22189406099518458
1661192275433,31.874002,0.359375,0.28,0.16,0.29166666,0.17391305,0.16666667,0.083333336,0.73913044,1.0,46.9,46.9,46.600002,46.9,46.9,47.300003,46.600002,48.300003,47.300003,49.300003,44.9,44.600002,3704331,-1470032,1075200,1075200,1075200,1075200,1075200,1075200,652800,1401600,1377,0,0,890,0,0,563,13,19,818,8,20,710,12,23,211,10,20,5994,1,5,89,0,2,874600,0,0,780778,0,0,682443,21606,31686,876102,11499,23550,808413,15940,44004,660602,22177,62924,584762,3112,33004,40248,0,34972,503.92432258064514,0.1801290322580645
1661192276468,31.95,0.31176472,0.1904762,0.10526316,0.1904762,0.22727273,0.0,0.13636364,0.42857143,1.0,47.600002,47.300003,46.9,47.300003,47.600002,47.600002,47.300003,48.9,47.9,50.300003,45.300003,44.9,3698297,-1555787,1075200,1075200,1075200,1075200,1075200,1075200,652800,1401600,1316,0,0,1213,0,0,170,11,39,664,19,38,534,32,45,621,23,46,5423,2,11,25,4,7,852348,0,0,873365,0,0,513913,30955,202729,751828,25365,103881,607341,48957,122601,597166,34624,154846,512769,3757,87468,5766,15816,71579,604.6862148760331,0.23378512396694218
1661192277497,32.036003,0.41666666,0.25,0.1923077,0.17391305,0.3478261,0.25,0.20833333,0.9130435,0.962963,48.300003,48.300003,47.300003,47.600002,48.300003,47.9,47.600002,49.300003,48.300003,50.600002,45.9,45.600002,3681364,-1612244,1075200,1075200,1075200,1075200,1075200,1075200,652800,1401600,1363,0,0,880,0,0,481,12,23,756,10,18,398,15,20,663,9,28,6555,0,2,69,0,4,809856,0,0,770909,0,0,687212,17520,48124,834593,13658,27114,735775,20869,54497,715126,11413,59072,609820,0,1253,5684,0,51,360.9976233766234,0.1568831168831169
1661192278518,32.125,0.33513513,0.17391305,0.125,0.26086956,0.22727273,0.16666667,0.25,0.5,1.0,48.600002,48.600002,47.9,48.300003,48.300003,48.600002,48.300003,49.600002,48.600002,50.9,45.600002,45.600002,3702579,-1482850,1075200,1075200,1075200,1075200,1075200,1075200,652800,1401600,1305,0,0,1075,0,0,487,22,41,728,22,33,773,27,37,203,17,29,5429,3,16,43,5,11,858224,0,0,821567,0,0,646735,27317,118535,699076,29527,89273,692596,39730,72831,534089,34195,148500,514236,1239,80959,17025,11439,56063,606.7073289473684,0.23684210526315788
1661192279521,32.217003,0.3764045,0.2857143,0.0952381,0.17391305,0.3043478,0.1904762,0.14285715,0.73913044,1.0,48.9,48.600002,48.300003,48.600002,48.9,48.9,48.600002,49.9,49.300003,51.300003,46.300003,45.9,3691679,-1543885,1075200,1075200,1075200,1075200,1075200,1075200,652800,1401600,1356,0,0,805,0,0,591,16,31,905,11,15,558,16,25,404,14,30,5989,0,0,39,0,0,838562,0,0,733368,0,0,674479,17220,64634,777681,15038,24241,672079,19891,48944,642436,23522,53424,548149,0,0,1951,0,0,594.0505505443234,0.23390357698289266
1661192280548,32.281002,0.39444444,0.1904762,0.3043478,0.25,0.18181819,0.2173913,0.1904762,0.8333333,0.9583333,49.300003,49.9,48.600002,49.600002,49.9,49.600002,49.300003,50.600002,49.9,52.300003,46.9,46.600002,3701411,-1482850,1075200,1075200,1075200,1075200,1075200,1075200,652800,1401600,1488,0,0,1006,0,0,695,6,14,792,6,5,378,4,14,405,5,9,6619,0,0,62,0,2,828521,0,0,874739,0,0,818245,5596,20053,843313,4165,12475,560352,5421,36601,723352,8104,12989,613206,0,0,2357,0,549,612.750830482115,0.24534992223950233
1661192281573,32.363003,0.405,0.41666666,0.25,0.2,0.2,0.16,0.2,0.7083333,0.962963,49.600002,49.300003,48.9,48.9,49.300003,49.600002,49.300003,50.9,50.300003,52.600002,46.9,46.9,3686230,-1500550,1075200,1075200,1075200,1075200,1075200,1075200,652800,1401600,1495,0,0,1017,0,0,737,18,30,864,15,29,473,24,36,385,18,22,5983,0,0,63,0,0,857766,0,0,806321,0,0,716646,19336,40587,781678,23418,39008,685816,26762,89837,590714,41914,51414,556887,0,0,10875,0,0,600.4176489533011,0.23085346215781
1661192282587,32.43,0.32786885,0.13636364,0.16666667,0.16,0.18181819,0.27272728,0.2173913,0.45833334,1.0,49.9,49.300003,48.9,49.600002,49.600002,49.9,48.9,51.300003,49.9,52.600002,47.300003,46.9,3663457,-1820985,1075200,1075200,1075200,1075200,1075200,1075200,652800,1401600,1229,0,0,1019,0,0,712,14,19,646,10,22,317,16,26,543,7,25,6596,0,0,69,0,5,782633,0,0,845452,0,0,698837,11451,25971,820877,13084,27396,701040,31175,50658,689663,6927,58857,612085,0,0,3130,0,512,588.8701788617886,0.23154471544715446
1661192283637,32.519,0.3392857,0.2,0.14285715,0.17391305,0.3181818,0.23809524,0.27272728,0.5,1.0,50.600002,49.9,49.300003,49.9,50.600002,50.600002,49.9,51.600002,50.600002,53.300003,47.9,47.600002,3651974,-1998597,1075200,1075200,1075200,1075200,1075200,1075200,652800,1401600,1351,0,0,1063,0,0,665,27,14,817,15,17,617,13,25,413,16,24,6551,0,0,92,0,6,823182,0,0,906564,0,0,763088,34819,25335,870844,19108,21133,686074,16357,51347,719918,19207,39019,608862,0,0,13432,0,448,611.6271850699844,0.23340590979782272
1661192284649,32.602,0.51648355,0.59090906,0.14285715,0.59090906,0.29166666,0.26086956,0.22727273,1.0,1.0,50.600002,50.9,49.9,50.300003,50.600002,50.9,50.600002,51.9,51.300003,53.300003,48.300003,47.9,3678833,-1534119,1075200,1075200,1075200,1075200,1075200,1075200,652800,1401600,1422,0,0,949,0,0,743,11,33,733,9,17,464,14,27,348,16,28,5987,0,0,25,0,1,852387,0,0,809619,0,0,716801,8218,76253,799489,10921,28857,696514,20524,55213,541881,35931,69583,537097,0,0,521,0,544,455.98403761755486,0.17454545454545453
1661192285672,32.685,0.51,0.42307693,0.4,0.36,0.6,0.56,0.30769232,0.45833334,0.962963,50.300003,49.9,49.600002,50.300003,50.300003,50.600002,49.9,51.9,50.600002,52.9,47.9,47.9,3667544,-1675111,1075200,1075200,1075200,1075200,1075200,1075200,652800,1401600,1055,0,1,859,0,1,259,0,1,728,0,0,318,0,2,307,0,1,7419,0,1,146,0,8,829705,0,554,804794,0,431,736909,0,383,838468,0,0,684175,0,5236,549496,0,6119,772050,0,26464,26811,0,51623,630.3415404120444,0.2500158478605388
1661192286713,32.767002,0.4247312,0.27272728,0.27272728,0.4090909,0.375,0.2173913,0.20833333,0.56,1.0,51.300003,51.300003,50.600002,51.300003,51.600002,51.600002,50.9,52.300003,51.9,53.9,48.9,48.600002,3681948,-1506043,1075200,1075200,1075200,1075200,1075200,1075200,652800,1401600,1308,0,0,1005,0,0,755,11,26,797,9,28,533,18,17,566,21,23,4829,0,9,12,0,3,735525,0,0,700164,0,0,612965,16686,51831,626561,7636,50379,535296,20995,37471,566196,31894,37943,441303,0,13867,4439,0,9483,612.0795379537955,0.25082508250825086
1661192287732,32.850002,0.3948718,0.2173913,0.375,0.24,0.17391305,0.3846154,0.125,0.65384614,0.92,51.600002,51.300003,50.600002,51.300003,51.300003,51.600002,50.9,52.600002,51.9,54.300003,49.300003,48.9,3670853,-1732178,1075200,1075200,1075200,1075200,1075200,1075200,652800,1401600,1256,0,0,1170,0,0,533,30,39,775,23,24,449,19,52,325,21,40,5818,0,1,63,0,1,837134,0,0,798626,0,0,602457,41920,88460,720366,30438,33478,646611,21631,114458,518259,39172,117823,527638,0,1684,2289,0,13,499.4023656597774,0.19637519872813988
1661192288771,32.933002,0.34517765,0.17391305,0.16666667,0.15384616,0.32,0.16,0.20833333,0.52,1.0,51.600002,51.300003,50.600002,51.300003,51.9,51.600002,51.300003,52.9,51.9,54.300003,49.300003,48.9,3671632,-1739808,1075200,1075200,1075200,1075200,1075200,1075200,652800,1401600,1325,0,0,1018,0,0,544,13,29,671,11,25,533,16,28,407,13,26,6403,0,2,55,0,7,885583,0,0,830357,0,0,693515,17345,67156,806327,14963,45409,602903,22627,80582,652391,27358,75586,602647,0,12795,2881,0,16559,311.78842833607905,0.12230642504118616
1661192289784,33.009003,0.4090909,0.33333334,0.2857143,0.1904762,0.22727273,0.26086956,0.14285715,0.7826087,0.95652175,50.9,51.300003,50.300003,51.300003,51.600002,51.300003,51.300003,52.600002,51.9,54.300003,48.9,48.600002,3701411,-1462403,1075200,1075200,1075200,1075200,1075200,1075200,652800,1401600,1253,1,3,1031,2,5,565,28,46,641,29,39,498,31,55,477,23,48,4737,2,10,83,3,12,873750,874,932,859571,2896,5154,669748,45814,168387,624268,47509,92335,608696,51414,115604,567694,36106,162734,515530,859,87545,76646,4566,62229,707.1698861788618,0.2747317073170732
1661192290820,33.104,0.53409094,0.27272728,0.4,0.29166666,0.47619048,0.5,0.4090909,0.8947368,0.95652175,51.300003,51.600002,50.600002,51.300003,51.600002,51.600002,51.300003,52.9,51.600002,54.300003,49.600002,48.9,3692263,-1470032,1075200,1075200,1075200,1075200,1075200,1075200,652800,1401600,1242,0,0,1089,0,0,588,25,25,699,19,29,240,10,22,733,13,30,6266,0,0,81,0,5,767199,0,0,804506,0,0,736476,23589,43765,744125,26306,39918,599526,20893,66399,757677,14563,59694,597078,0,0,9729,0,11000,599.7417978227061,0.24385692068429235
1661192291826,33.184002,0.38277513,0.25925925,0.24,0.16,0.25925925,0.3846154,0.2,0.46153846,0.96,51.9,51.9,51.300003,51.9,52.300003,52.300003,51.9,53.600002,52.600002,54.9,50.300003,49.9,3656645,-1660157,1075200,1075200,1075200,1075200,1075200,1075200,652800,1401600,1222,0,0,887,0,0,846,15,25,666,10,26,358,14,24,574,11,21,6102,0,0,112,0,4,817589,0,0,717958,0,0,720578,14546,33089,696452,9203,40858,557297,20658,49360,607381,12957,27037,575884,0,0,16446,0,5972,588.3476363636364,0.2264935064935065
1661192292859,33.257,0.3678161,0.22727273,0.0952381,0.27272728,0.3478261,0.18181819,0.27272728,0.5714286,0.95454544,52.600002,52.600002,51.9,52.600002,52.9,52.9,52.300003,53.9,53.300003,55.300003,50.600002,50.300003,3657423,-1774293,1075200,1075200,1075200,1075200,1075200,1075200,652800,1401600,1338,0,0,894,0,0,781,21,26,752,18,26,433,16,22,226,7,17,6062,0,4,112,0,6,798309,0,0,756963,0,0,744258,23578,30831,716146,17017,39388,528447,21267,34739,402553,8822,48928,584670,0,5378,39816,0,5395,576.7668382838284,0.22283828382838283
1661192293871,33.333,0.39306358,0.23809524,0.14285715,0.4,0.27272728,0.2173913,0.18181819,0.7,1.0,52.600002,52.9,52.300003,52.600002,52.9,52.9,52.9,53.9,53.300003,55.600002,50.300003,49.9,3658980,-1857301,1075200,1075200,1075200,1075200,1075200,1075200,652800,1401600,1227,0,0,1159,0,0,585,16,22,851,17,15,344,13,24,377,15,31,6237,0,0,50,0,8,798340,0,0,863118,0,0,685674,15769,37586,767836,18452,20459,666998,10891,66460,636905,23018,66361,583390,0,0,6928,0,5318,568.365042121685,0.2266458658346334
1661192294870,33.41,0.50980395,0.68,0.12,0.65384614,0.24,0.04,0.4074074,1.0,1.0,52.9,52.9,52.300003,52.9,53.300003,53.300003,52.9,54.300003,53.600002,55.9,50.300003,49.9,3690122,-1411744,1075200,1075200,1075200,1075200,1075200,1075200,652800,1401600,1362,0,0,1171,0,0,606,17,21,862,20,19,568,10,31,253,12,33,6133,0,0,46,0,1,819637,0,0,847172,0,0,725866,30704,59199,791534,25985,31784,639394,11531,50437,620366,32240,85184,579596,0,0,12783,0,15,483.58555279503105,0.18832298136645964
1661192295916,33.492,0.33714285,0.22727273,0.36363637,0.0952381,0.3043478,0.18181819,0.17391305,0.42857143,1.0,52.600002,52.600002,52.300003,52.600002,52.600002,52.9,52.300003,54.300003,53.300003,55.600002,50.600002,50.300003,3650027,-1884156,1075200,1075200,1075200,1075200,1075200,1075200,652800,1401600,1160,0,0,923,0,1,613,6,6,651,4,5,494,0,4,280,5,7,7359,0,3,122,1,0,828272,0,0,812494,0,1468,704578,7165,7639,888781,4895,8703,774422,0,8530,688996,7631,20681,748602,0,623,34760,15,0,625.812929032258,0.2456774193548387
1661192296914,33.569,0.32474226,0.16666667,0.16666667,0.16,0.17391305,0.24,0.20833333,0.5,1.0,53.300003,52.9,52.600002,53.300003,53.300003,53.300003,52.9,54.600002,53.9,55.9,50.9,50.600002,3688176,-1580201,1075200,1075200,1075200,1075200,1075200,1075200,652800,1401600,1430,0,0,1200,0,0,682,18,46,875,14,11,547,11,30,436,18,30,5401,0,0,32,0,0,826806,0,0,799332,0,0,735446,23433,70802,771904,16706,13777,611293,12568,92261,636617,20293,77854,486636,0,0,6663,0,0,592.1544900662252,0.22993377483443708
1661192297935,33.645,0.5423729,0.3809524,0.4090909,0.4090909,0.33333334,0.5416667,0.41666666,0.77272725,1.0,53.300003,53.300003,52.600002,52.9,53.600002,53.600002,53.600002,54.9,54.300003,56.300003,51.300003,50.600002,3656450,-1705628,1075200,1075200,1075200,1075200,1075200,1075200,652800,1401600,1416,0,0,1005,0,0,717,33,48,724,40,47,552,37,55,331,19,50,5862,0,1,20,0,2,873944,0,0,820345,0,0,715745,43888,95854,765741,49740,71526,639837,55184,91814,545183,38654,175446,537601,0,1456,2799,0,555,597.3640774193548,0.23793548387096775
1661192298985,33.724003,0.4265403,0.26923078,0.34615386,0.48,0.2962963,0.1923077,0.15384616,0.68,1.0,53.600002,53.600002,52.600002,53.600002,53.9,53.9,53.300003,54.600002,54.300003,55.9,51.600002,50.9,3651390,-1737366,1075200,1075200,1075200,1075200,1075200,1075200,652800,1401600,1348,0,0,1170,0,0,379,8,21,805,16,10,568,13,31,376,7,21,6348,0,0,88,0,1,838028,0,0,758549,0,0,678844,20854,65383,824877,16707,11543,692389,18907,47806,641248,9231,52790,585276,0,0,6602,0,16,599.8570451010886,0.24236391912908242
1661192300038,33.798,0.455,0.26923078,0.13043478,0.7692308,0.26923078,0.1923077,0.24,0.92,1.0,53.600002,53.9,53.300003,53.300003,53.600002,53.9,53.600002,55.600002,54.300003,56.9,51.600002,50.9,3673384,-1739808,1075200,1075200,1075200,1075200,1075200,1075200,652800,1401600,1200,0,0,1184,0,0,552,14,29,785,18,13,365,16,26,489,7,29,6521,0,0,92,0,1,796496,0,0,835132,0,0,679089,23245,44434,825645,21170,21886,686647,24637,44234,666137,11620,76867,599375,0,0,10350,0,15,600.7746153846155,0.2416025641025641
1661192301049,33.88,0.35465115,0.22727273,0.27272728,0.27272728,0.22727273,0.22727273,0.1,0.5217391,1.0,53.9,53.600002,52.600002,53.600002,53.600002,53.9,53.600002,54.9,54.300003,56.9,51.300003,51.300003,3656256,-1758118,1075200,1075200,1075200,1075200,1075200,1075200,652800,1401600,1279,0,0,1174,0,0,400,7,20,628,12,15,262,8,13,279,8,21,7142,0,0,123,0,5,890654,0,0,864152,0,0,558502,7346,28741,800387,12351,25278,610314,8850,49281,625757,12596,45206,671210,0,0,881,0,78,592.6482376237624,0.2312871287128713
1661192302089,33.944,0.44791666,0.4,0.39130434,0.26923078,0.36,0.3846154,0.41666666,0.45454547,1.0,54.300003,54.300003,53.300003,53.9,53.9,54.600002,53.9,55.600002,54.9,56.9,51.9,51.600002,3664625,-1607667,1075200,1075200,1075200,1075200,1075200,1075200,652800,1401600,1445,0,0,1229,0,0,463,16,18,691,12,17,604,13,18,523,15,20,6436,0,0,26,0,0,880115,0,0,848681,0,0,715378,26463,48235,830968,12827,29207,732122,15868,44896,734950,19314,27664,591049,0,0,1492,0,0,472.98658385093165,0.18782608695652173
1661192303130,34.014,0.4071856,0.42857143,0.2,0.23809524,0.1904762,0.26086956,0.22727273,0.75,1.0,54.300003,54.300003,53.600002,54.600002,54.600002,54.9,54.600002,55.9,55.600002,57.300003,51.9,51.600002,3668907,-1541749,1075200,1075200,1075200,1075200,1075200,1075200,652800,1401600,1075,0,0,1228,0,0,629,32,53,768,24,41,631,29,44,428,24,47,5536,1,8,10,0,4,806952,0,0,840715,0,0,683399,42922,106467,746602,39294,78474,632721,41734,88515,509932,41073,137179,511478,4839,27419,908,0,27528,534.3827894736843,0.2131578947368421
1661192304176,34.09,0.375,0.30769232,0.16,0.12,0.28,0.5,0.2,0.52,0.96153843,54.300003,53.9,53.300003,53.9,53.9,53.9,53.600002,55.300003,54.9,56.9,51.600002,51.300003,3686814,-1633301,1075200,1075200,1075200,1075200,1075200,1075200,652800,1401600,1221,0,0,1183,0,0,371,14,22,718,8,29,617,12,26,386,15,28,5536,0,9,42,0,11,823981,0,0,871379,0,0,684857,27836,75388,805471,8152,44011,668969,13455,60126,666266,14679,49357,549277,0,81589,30175,0,74188,589.7876510903426,0.23376947040498444
1661192305227,34.167,0.42780748,0.36363637,0.18181819,0.22727273,0.28,0.25,0.13043478,0.96,0.96153843,54.600002,54.9,53.600002,54.300003,54.300003,54.600002,53.9,55.9,54.9,57.300003,52.300003,51.600002,3635819,-1708680,1075200,1075200,1075200,1075200,1075200,1075200,652800,1401600,1239,0,0,1097,0,0,719,18,33,734,20,27,462,15,31,349,14,23,6312,0,0,93,1,5,875598,0,0,822718,0,0,748527,20043,49417,808751,21661,42458,564834,22123,62623,574918,29174,70239,611917,0,0,3122,5787,8061,567.6159871175523,0.2262157809983897
1661192306242,34.24,0.28961748,0.17391305,0.20833333,0.125,0.17391305,0.13636364,0.09090909,1.0,0.3478261,54.9,54.600002,53.9,54.600002,54.9,55.300003,54.300003,56.300003,55.300003,57.600002,52.300003,51.9,3671437,-1562195,1075200,1075200,1075200,1075200,1075200,1075200,652800,1401600,1203,0,0,1166,0,0,670,12,26,644,11,19,202,8,26,498,11,26,5910,0,4,165,0,3,822576,0,0,826299,0,0,632607,10206,45695,732580,12510,31132,549815,22787,69820,655954,12222,80788,552810,0,13142,38042,0,6230,584.436667768595,0.22320661157024793
1661192307264,34.297,0.42045453,0.22727273,0.4090909,0.4347826,0.26086956,0.13636364,0.15,0.71428573,1.0,53.9,53.9,53.600002,53.600002,53.9,53.9,54.300003,54.300003,54.9,54.9,52.300003,51.600002,3695378,-1432801,1075200,1075200,1075200,1075200,1075200,1075200,652800,1401600,1231,0,0,1099,0,0,586,28,46,662,36,35,289,20,35,441,30,46,3442,0,2,1313,0,0,854047,0,0,864179,0,0,641874,51504,145175,654276,53800,66863,555034,32747,156527,599310,47283,114455,327741,0,6798,297653,0,0,554.9234409937889,0.2236024844720497
1661192308267,34.370003,0.39444444,0.23809524,0.18181819,0.2173913,0.3043478,0.3478261,0.2857143,0.56,1.0,54.9,54.9,54.300003,54.9,54.600002,54.9,54.300003,56.300003,55.300003,57.600002,52.300003,52.300003,3643993,-1795655,1075200,1075200,1075200,1075200,1075200,1075200,652800,1401600,1293,0,0,955,0,0,445,13,20,733,10,19,327,7,21,450,8,26,6112,0,1,170,0,1,828044,0,0,693589,0,0,673002,12593,30969,803958,10204,26849,665808,10959,48368,639052,13047,55805,575633,0,24,18563,0,16,550.335821086262,0.22031948881789137
1661192309302,34.446003,0.46666667,0.25,0.6,0.48,0.32,0.30769232,0.04347826,0.7083333,1.0,54.9,54.9,53.9,54.9,55.300003,55.600002,54.9,56.600002,55.9,57.9,52.600002,52.600002,3671243,-1460267,1075200,1075200,1075200,1075200,1075200,1075200,652800,1401600,1221,0,0,1379,0,0,580,15,34,716,12,28,491,15,34,310,15,35,5747,0,4,40,0,5,799033,0,0,835583,0,0,736353,26777,80825,768957,27783,52331,656158,23369,90646,651604,23446,80294,531553,0,11345,9358,0,9081,618.0800785597381,0.2896235679214403
1661192310302,34.516003,0.252809,0.0952381,0.04347826,0.54545456,0.0,0.09090909,0.25,0.0,1.0,55.300003,54.9,53.9,54.9,54.9,55.300003,54.9,56.600002,55.9,57.9,52.9,52.600002,3675135,-1601258,1075200,1075200,1075200,1075200,1075200,1075200,652800,1401600,1088,0,0,896,0,0,435,9,24,783,10,16,452,13,29,544,8,19,5657,0,0,93,0,3,779335,0,0,717418,0,0,620382,14164,51352,754846,13384,28854,614756,7263,48971,743362,13361,40616,570074,0,0,37897,0,44,187.67904347826087,0.07801242236024844
1661192311307,34.574,0.21052632,0.34615386,0.071428575,0.0,0.0,0.24,0.03846154,0.037037037,1.0,52.9,52.600002,52.300003,52.9,53.300003,52.9,52.600002,54.9,53.300003,56.300003,50.9,50.9,3726714,-1070557,1075200,1075200,1075200,1075200,1075200,1075200,652800,1401600,789,1,3,457,0,7,220,13,32,342,9,17,150,9,23,195,6,18,2416,3,32,34,0,3,875092,556,50416,805622,0,46550,521758,20228,125517,774918,24073,136519,687885,18241,146320,742485,11005,168231,229351,17575,582226,13219,0,17179,-1.0,-1.0
1661192312351,34.634003,0.19417475,0.0,0.0,0.0,0.0,0.0,0.07692308,0.44444445,1.0,51.300003,51.300003,50.9,51.300003,51.300003,51.600002,50.9,53.600002,51.9,54.9,49.600002,49.600002,3768756,-622559,1075200,1075200,1075200,1075200,1075200,1075200,652800,1401600,152,20,46,228,22,77,78,2,8,82,2,16,73,2,7,36,4,17,86,25,159,86,0,1,192659,53634,593967,440549,52195,532907,326864,5211,698875,322548,4985,695647,316629,6553,624573,215793,16852,679087,114108,72857,822237,1689,0,11,-1.0,-1.0
1661192313376,34.669003,0.19117647,0.0,0.0,0.0,0.0,0.0,0.11111111,0.4,1.0,50.300003,50.600002,49.600002,50.300003,50.600002,50.600002,50.600002,52.600002,51.300003,54.300003,48.300003,48.600002,3761943,-661316,1075200,1075200,1075200,1075200,1075200,1075200,652800,1401600,284,61,63,325,35,95,108,21,25,95,4,16,86,27,52,75,3,22,175,49,120,0,0,0,453365,115109,434203,427906,88464,461129,189313,74211,735649,180914,8941,763278,241308,71374,650342,182392,7146,687597,307287,134486,419983,0,0,0,-1.0,-1.0
1661192314380,34.679,0.160221,0.0,0.0,0.0,0.0,0.0,0.08695652,0.18181819,1.0,49.600002,49.600002,49.300003,49.600002,49.9,50.300003,49.600002,51.9,50.9,53.300003,48.300003,47.9,3744231,-831909,1075200,1075200,1075200,1075200,1075200,1075200,652800,1401600,159,71,93,190,74,155,15,10,29,0,0,4,10,3,13,28,2,11,234,32,102,0,0,0,215597,143038,635540,251460,160658,550803,19920,43891,928299,0,0,945142,14164,4814,954571,26233,2674,852089,416691,80240,381988,0,0,0,-1.0,-1.0
1661192315388,34.694,0.26732674,0.14814815,0.0,0.0,0.0,0.041666668,0.61538464,0.30769232,1.0,49.300003,49.300003,48.600002,49.300003,49.300003,49.9,49.600002,51.600002,50.300003,53.300003,47.300003,47.600002,3760386,-938721,1075200,1075200,1075200,1075200,1075200,1075200,652800,1401600,232,87,99,130,44,108,40,11,36,22,14,27,31,1,32,46,3,15,285,48,104,0,0,0,274220,144466,544839,173508,111687,657046,58278,40180,864344,54518,48451,915999,50905,2145,933769,41207,3199,728327,413803,128426,320703,0,0,0,-1.0,-1.0
1661192316422,34.682003,0.24878049,0.14814815,0.0,0.083333336,0.0,0.07692308,0.65384614,0.0,1.0,48.9,48.9,48.600002,49.300003,49.300003,48.9,48.600002,50.9,49.600002,52.300003,47.300003,47.300003,3766809,-610657,1075200,1075200,1075200,1075200,1075200,1075200,652800,1401600,327,43,95,133,7,17,100,6,16,37,2,8,86,2,12,52,3,6,3,2,17,10,0,0,512817,101912,241693,487392,24344,503468,493868,8692,478854,446014,1326,558813,386369,4056,497420,251573,12644,484970,4346,353,964274,99,0,0,8.819875776397516E-4,4.968944099378882E-4
1661192317438,34.672,0.2736842,0.04,0.0,0.08695652,0.0,0.083333336,0.0,1.0,1.0,48.600002,48.600002,48.300003,48.600002,48.9,48.9,48.600002,50.600002,49.300003,52.300003,47.300003,47.300003,3745594,-835266,1075200,1075200,1075200,1075200,1075200,1075200,652800,1401600,632,0,0,320,0,0,198,0,0,16,0,0,89,0,0,67,0,0,147,0,7,2,0,0,1020704,0,0,1010343,0,0,949456,0,0,1052455,0,0,890549,0,0,696028,0,0,398846,0,585773,406,0,0,-1.0,-1.0
1661192318455,34.666,0.15816326,0.0,0.04,0.08,0.0,0.08,0.0,0.041666668,1.0,48.600002,48.300003,47.9,48.9,49.300003,49.9,49.300003,50.600002,49.600002,52.300003,47.300003,47.300003,3743064,-790405,1075200,1075200,1075200,1075200,1075200,1075200,652800,1401600,423,110,126,237,38,75,39,0,14,72,10,48,39,3,25,87,19,57,243,0,4,7,0,0,654429,185860,148943,471975,83377,417917,287453,0,608335,392221,16587,578738,339403,8615,533134,426615,36536,471635,570215,0,211966,709,0,0,4.968944099378882E-4,4.968944099378882E-4
1661192319459,34.65,0.15048544,0.0,0.0,0.07692308,0.03846154,0.07692308,0.0,0.0,1.0,48.300003,47.9,47.600002,47.9,48.600002,48.600002,48.300003,50.600002,48.600002,51.9,46.600002,46.600002,3793669,-277099,1075200,1075200,1075200,1075200,1075200,1075200,652800,1401600,340,151,173,178,59,98,10,1,16,68,12,67,21,0,8,130,15,51,377,4,31,0,0,0,443215,255806,284085,198630,138908,638868,14538,4150,848187,72570,29979,818141,17749,0,868398,123023,37096,815613,664831,17067,184924,0,0,0,-1.0,-1.0
1661192320476,34.640003,0.14778325,0.0,0.0,0.08,0.0,0.04,0.0,0.0,1.0,47.300003,47.600002,46.9,47.600002,47.600002,47.9,47.600002,49.9,48.600002,51.300003,46.300003,45.9,3796978,-252990,1075200,1075200,1075200,1075200,1075200,1075200,652800,1401600,27,6,50,210,40,119,1,0,10,66,19,62,20,0,6,26,3,17,88,29,154,0,0,0,35598,19554,944250,216061,83941,694715,1789,0,879655,80945,44334,918567,17533,0,883557,27375,3791,966012,95992,79689,823813,0,0,0,-1.0,-1.0
1661192321506,34.618,0.14778325,0.0,0.0,0.074074075,0.0,0.04,0.03846154,0.03846154,1.0,46.9,46.9,46.300003,46.9,47.600002,47.300003,46.9,49.300003,47.9,50.600002,45.600002,45.300003,3796783,-293884,1075200,1075200,1075200,1075200,1075200,1075200,652800,1401600,40,19,55,178,42,112,11,3,20,87,27,79,23,2,10,47,18,48,71,40,145,0,0,0,62895,58249,928310,214454,86755,724505,21418,6996,991099,116733,75127,855075,20461,2435,873829,62891,50594,859153,78749,114013,820396,0,0,0,-1.0,-1.0
1661192322557,34.612003,0.13989638,0.0,0.0,0.0,0.0,0.083333336,0.0,0.04347826,1.0,46.600002,46.600002,45.9,46.600002,46.9,46.9,46.600002,48.9,47.300003,50.600002,44.9,45.300003,3800092,-239868,1075200,1075200,1075200,1075200,1075200,1075200,652800,1401600,134,54,83,173,39,122,5,5,14,0,10,19,22,0,7,76,27,65,49,28,110,0,0,0,170818,110887,715265,172967,74337,755341,8908,21687,866339,0,33276,936656,16841,0,786342,96137,64699,758353,48298,98372,802623,0,0,0,-1.0,-1.0
1661192323568,34.602,0.24757281,0.30769232,0.074074075,0.23076923,0.0,0.07692308,0.0,0.33333334,1.0,46.600002,46.300003,45.600002,46.300003,46.9,46.9,46.600002,48.600002,47.300003,49.600002,44.600002,44.600002,3794642,-458374,1075200,1075200,1075200,1075200,1075200,1075200,652800,1401600,114,51,70,153,52,113,9,0,16,98,36,55,29,4,15,18,6,15,48,40,117,0,0,0,134982,153880,684522,173018,129978,662677,8269,0,1022481,86231,101446,845261,20703,15027,826453,20384,12634,988024,50314,127282,778042,0,0,0,-1.0,-1.0
1661192324612,34.58,0.16176471,0.08,0.0,0.04,0.0,0.08,0.0,0.03846154,1.0,46.600002,46.300003,45.9,46.300003,46.9,47.300003,46.9,48.600002,47.9,50.300003,44.9,44.600002,3736835,-894470,1075200,1075200,1075200,1075200,1075200,1075200,652800,1401600,339,11,21,223,28,46,39,0,6,79,4,26,106,0,4,29,0,3,87,28,127,0,0,0,563183,27125,316941,693205,78897,228303,578011,0,392591,620160,8668,318831,565967,0,356068,425982,0,378077,70088,63933,767897,0,0,0,-1.0,-1.0
1661192325625,34.567,0.1553398,0.03846154,0.03846154,0.04,0.0,0.07692308,0.0,0.0,1.0,46.300003,45.9,45.9,46.600002,46.600002,46.300003,46.300003,48.300003,46.600002,49.600002,44.9,44.600002,3789193,-310974,1075200,1075200,1075200,1075200,1075200,1075200,652800,1401600,444,108,117,167,42,78,15,0,11,97,17,57,26,0,6,44,2,12,299,0,3,0,0,0,637342,172147,170326,423575,117580,349523,330646,0,587116,386971,43480,561203,290077,0,603570,354260,1839,648158,662732,0,162810,0,0,0,-1.0,-1.0
1661192326643,34.542,0.15730338,0.045454547,0.08695652,0.0,0.0,0.04347826,0.125,0.0,1.0,45.600002,45.600002,44.9,45.600002,45.9,45.9,45.9,47.9,46.300003,48.9,44.300003,44.300003,3781407,-331115,1075200,1075200,1075200,1075200,1075200,1075200,652800,1401600,93,19,67,195,56,102,16,5,17,60,22,55,28,0,9,39,1,24,35,6,75,0,0,0,110157,46523,844397,199540,121313,641933,10996,21248,929087,76182,59822,840153,25009,0,849520,38485,1602,945252,36411,25459,993742,0,0,0,-1.0,-1.0
1661192327695,34.532,0.2029703,0.083333336,0.0,0.03846154,0.03846154,0.04,0.08,0.4,1.0,45.300003,45.300003,44.600002,44.9,45.300003,45.600002,45.300003,47.600002,46.300003,49.300003,43.9,43.9,3804374,-263672,1075200,1075200,1075200,1075200,1075200,1075200,652800,1401600,73,25,65,130,73,98,10,2,19,4,0,17,58,0,9,27,2,12,59,17,91,58,0,0,100171,67195,853441,157144,238911,594191,16841,5237,954131,5334,0,1014705,8929,0,985381,28915,4501,921252,59292,51373,990303,782,0,0,-1.0,-1.0
1661192328712,34.513,0.24757281,0.04,0.0,0.0,0.037037037,0.037037037,0.07692308,0.8148148,1.0,45.9,45.600002,45.600002,45.600002,45.9,45.9,45.9,47.9,46.600002,48.9,43.9,44.300003,3758245,-988159,1075200,1075200,1075200,1075200,1075200,1075200,652800,1401600,286,39,46,145,33,74,20,0,15,59,23,40,6,1,11,25,1,8,180,54,164,6,0,0,416349,78485,423688,302285,82495,484088,331946,0,631861,376755,87300,557712,316842,4162,659337,304021,1676,586215,286631,138587,460349,138,0,0,-1.0,-1.0
1661192329723,34.488003,0.2967033,1.0,0.0,0.04347826,0.08695652,0.17391305,0.04347826,0.0,1.0,45.300003,45.600002,44.9,45.600002,45.9,45.9,46.300003,47.9,47.300003,49.300003,43.9,43.9,3772065,-616455,1075200,1075200,1075200,1075200,1075200,1075200,652800,1401600,422,76,100,215,38,86,105,12,26,135,13,38,90,5,20,119,11,28,235,37,40,4,0,0,483510,132879,174412,298110,90309,368212,272521,34620,543434,275763,22291,495333,228663,7189,486814,241887,15475,430179,450246,83683,239452,118,0,0,-1.0,-1.0
1661192330776,34.465,0.27450982,1.0,0.03846154,0.03846154,0.08,0.11111111,0.0,0.0,1.0,45.300003,45.300003,44.600002,45.600002,45.9,45.9,45.300003,47.600002,46.300003,48.9,43.600002,43.9,3769729,-617981,1075200,1075200,1075200,1075200,1075200,1075200,652800,1401600,278,26,26,361,29,39,90,0,2,67,3,8,47,0,4,71,0,2,168,0,2,18,0,3,465896,38694,29080,817697,71155,90027,687759,0,266531,733819,8776,228755,655403,0,292588,736702,0,230105,320780,0,473563,2194,0,2208,-1.0,-1.0
1661192331787,34.437,0.16304348,0.13636364,0.0,0.0,0.0,0.125,0.083333336,0.0,1.0,45.600002,45.300003,44.9,45.300003,45.600002,45.600002,45.300003,47.600002,45.600002,48.9,43.600002,43.9,3773232,-631714,1075200,1075200,1075200,1075200,1075200,1075200,652800,1401600,290,0,0,269,0,0,18,0,0,90,0,0,30,0,0,108,0,0,0,0,1,17,0,7,506209,0,0,997811,0,0,1094579,0,0,925782,0,0,896626,0,0,1002393,0,0,0,0,773356,2439,0,3233,-1.0,-1.0
1661192332824,34.405003,0.15121952,0.0,0.0,0.0,0.07692308,0.07692308,0.037037037,0.0,1.0,44.9,44.9,44.300003,44.9,45.300003,44.9,44.9,46.9,45.600002,48.600002,43.600002,43.600002,3797173,-287475,1075200,1075200,1075200,1075200,1075200,1075200,652800,1401600,496,5,17,232,17,9,26,3,6,16,0,4,70,0,3,106,1,4,0,0,0,4,0,4,654263,5744,86423,908799,71551,34504,903856,12659,81936,832198,0,39722,680515,0,55770,861213,4209,32416,0,0,0,674,0,3593,-1.0,-1.0
1661192333830,34.383003,0.13793103,0.0,0.0,0.0,0.04,0.04,0.0,0.0,1.0,44.600002,44.600002,43.9,44.600002,44.9,44.9,44.600002,46.600002,45.300003,47.9,42.9,43.300003,3805737,-227661,1075200,1075200,1075200,1075200,1075200,1075200,652800,1401600,105,35,101,82,38,85,47,28,68,1,1,18,26,0,11,10,5,15,0,0,4,0,0,0,146974,89285,745069,119884,108926,769878,68946,95267,840832,195,3659,1025795,27317,0,865307,15550,17268,1026060,0,0,2349952,0,0,0,-1.0,-1.0
1661192334850,34.354,0.14851485,0.0,0.0,0.0,0.12,0.07692308,0.0,0.03846154,1.0,44.300003,43.9,43.600002,44.300003,44.300003,44.300003,44.600002,46.300003,44.9,47.9,42.600002,42.9,3806126,-265503,1075200,1075200,1075200,1075200,1075200,1075200,652800,1401600,79,22,79,79,51,74,69,18,77,0,5,14,20,2,8,1,0,12,0,0,0,0,0,0,116198,53753,826366,113224,155157,725154,100178,40836,879629,0,21085,882065,17054,2193,878597,1602,0,996373,0,0,0,0,0,0,-1.0,-1.0
1661192335869,34.332,0.13793103,0.0,0.03846154,0.0,0.03846154,0.04,0.0,0.0,1.0,43.600002,43.600002,42.9,43.9,44.300003,44.300003,43.9,45.9,44.600002,47.300003,42.300003,42.300003,3808851,-254516,1075200,1075200,1075200,1075200,1075200,1075200,652800,1401600,78,15,64,99,65,125,64,37,78,2,0,15,19,0,7,33,3,20,0,0,2,0,0,0,104482,39774,860433,145899,194086,639616,82678,102233,804045,5336,0,976730,18667,0,888631,32700,8794,974934,0,0,1969440,0,0,0,-1.0,-1.0
1661192336878,34.300003,0.2029703,0.16,0.2,0.0,0.041666668,0.07692308,0.0,0.16,1.0,43.600002,43.600002,42.9,43.600002,43.9,44.300003,43.9,45.600002,44.600002,47.300003,41.9,42.300003,3801455,-321350,1075200,1075200,1075200,1075200,1075200,1075200,652800,1401600,70,13,62,130,78,133,26,7,37,9,0,13,20,0,11,21,1,15,0,0,0,0,0,0,94765,31533,877755,191434,210960,560133,40840,29428,926715,17180,0,875816,23692,0,875310,29589,1276,921500,0,0,0,0,0,0,-1.0,-1.0
1661192337882,34.284,0.14634146,0.0,0.03846154,0.0,0.04,0.04,0.0,0.0,1.0,43.600002,43.600002,43.300003,43.600002,44.300003,44.300003,43.600002,45.9,44.300003,47.300003,42.300003,42.600002,3773232,-637512,1075200,1075200,1075200,1075200,1075200,1075200,652800,1401600,385,9,38,110,25,48,8,0,8,12,0,6,23,0,2,54,1,4,20,0,12,0,0,0,562002,24188,375344,348567,73299,300924,493792,0,449853,516867,0,473806,463780,0,433976,542237,3554,450385,62631,0,2156691,0,0,0,-1.0,-1.0
1661192338888,34.268,0.15121952,0.03846154,0.074074075,0.037037037,0.03846154,0.11111111,0.0,0.0,1.0,43.300003,43.300003,42.600002,43.300003,43.300003,43.600002,43.300003,45.300003,43.9,46.9,41.600002,41.9,3807683,-274963,1075200,1075200,1075200,1075200,1075200,1075200,652800,1401600,158,59,77,109,27,89,2,0,11,7,1,16,20,0,7,38,9,18,190,11,126,0,0,0,198628,153891,631185,126165,96707,762825,87172,0,928651,29583,318,876995,37532,0,863588,57855,35714,897757,297307,39179,641763,0,0,0,-1.0,-1.0
1661192339907,34.246002,0.14285715,0.0,0.0,0.03846154,0.04,0.07692308,0.0,0.0,1.0,42.9,42.9,42.600002,42.9,43.300003,43.300003,42.9,45.600002,43.9,46.600002,41.9,41.600002,3809240,-254211,1075200,1075200,1075200,1075200,1075200,1075200,652800,1401600,170,8,29,164,16,67,30,10,31,7,1,10,42,0,7,90,9,41,84,42,167,85,0,2,251350,23970,562841,470100,45574,504195,418209,44070,597832,374684,4228,579515,388523,0,527715,433287,15912,515769,94850,85384,792467,1568,0,810,-1.0,-1.0
1661192340926,34.224003,0.17821783,0.0,0.03846154,0.0,0.08,0.2,0.041666668,0.0,1.0,43.300003,42.9,42.600002,42.9,43.300003,43.300003,43.300003,45.300003,43.9,46.600002,41.600002,41.300003,3803790,-296631,1075200,1075200,1075200,1075200,1075200,1075200,652800,1401600,301,93,156,147,44,84,55,16,72,23,5,23,28,2,13,58,14,58,181,3,41,0,0,0,399719,177714,384456,195342,128116,633149,79275,49100,852264,34454,9400,873269,27870,4252,863463,46411,41829,892195,298939,11726,612697,0,0,0,-1.0,-1.0
1661192341942,34.205,0.1724138,0.0,0.0,0.0,0.07692308,0.04,0.0,0.2,1.0,42.9,42.600002,42.300003,42.9,43.300003,42.9,42.9,44.9,43.600002,46.300003,41.600002,41.9,3791334,-311584,1075200,1075200,1075200,1075200,1075200,1075200,652800,1401600,312,99,156,96,25,82,57,18,55,8,0,18,33,1,8,58,10,39,154,2,9,4,0,0,373619,179725,374827,170960,51428,794107,125879,73968,802378,60463,0,910758,34694,998,841416,56553,40661,877849,322529,3618,54563,556,0,0,-1.0,-1.0
1661192342954,34.195004,0.26732674,0.0,0.03846154,0.0,0.04,0.04,0.0,1.0,1.0,42.9,43.300003,43.300003,43.300003,43.600002,43.600002,43.600002,45.300003,43.9,46.600002,41.600002,41.600002,3777514,-645142,1075200,1075200,1075200,1075200,1075200,1075200,652800,1401600,225,14,27,193,33,81,31,11,29,12,2,23,36,0,12,30,0,11,100,38,129,6,0,3,315198,29023,514327,506205,70833,413461,374309,60300,494611,371918,5127,590615,395669,0,510118,394457,0,561797,153285,97848,1215802,1109,0,1145,-1.0,-1.0
1661192343951,34.170002,0.27450982,0.0,0.0,0.0,0.04,0.04,0.0,1.0,1.0,43.300003,42.9,42.600002,43.300003,43.600002,43.9,44.300003,45.300003,45.300003,46.9,41.600002,41.9,3775179,-665283,1075200,1075200,1075200,1075200,1075200,1075200,652800,1401600,569,83,84,160,24,58,178,35,68,14,2,18,45,7,21,38,1,16,287,0,10,1,0,1,766874,120064,76532,526515,43783,385851,564232,67174,311713,426954,10717,457047,468583,29112,381069,483534,1305,474664,620676,0,148724,32,0,16,-1.0,-1.0
1661192344958,34.154003,0.23786408,0.6666667,0.0,0.0,0.08,0.04,0.0,0.0,1.0,43.300003,43.300003,42.600002,43.600002,43.600002,43.9,43.9,45.600002,44.600002,46.9,41.600002,42.300003,3770702,-659180,1075200,1075200,1075200,1075200,1075200,1075200,652800,1401600,404,175,162,163,58,140,111,50,95,8,5,15,19,6,31,32,3,17,372,0,0,1,0,0,529968,269737,182040,231971,130392,603992,144222,115167,662918,12644,15120,931272,17317,24128,854480,27650,7041,963012,751423,0,0,3,0,0,-1.0,-1.0
1661192345998,34.135002,0.14563107,0.0,0.0,0.0,0.07692308,0.04,0.0,0.0,1.0,43.300003,43.300003,42.9,43.300003,43.600002,43.600002,43.300003,45.300003,43.9,46.600002,42.300003,41.9,3772648,-630798,1075200,1075200,1075200,1075200,1075200,1075200,652800,1401600,376,43,40,203,34,54,184,18,41,14,2,9,46,2,13,55,0,8,216,1,0,2,0,0,573681,62179,79818,729788,76935,196693,701491,32234,324976,557485,8303,352399,571527,5149,350951,663072,0,370008,425323,3556,0,46,0,0,-1.0,-1.0
1661192347006,34.106003,0.15121952,0.0,0.0,0.0,0.04,0.07692308,0.037037037,0.0,1.0,42.9,42.9,42.600002,43.300003,43.300003,43.300003,42.9,44.9,43.9,46.300003,41.600002,41.600002,3803206,-232544,1075200,1075200,1075200,1075200,1075200,1075200,652800,1401600,231,66,99,94,29,76,115,43,89,12,2,19,25,5,40,36,0,23,0,0,2,0,0,0,312582,178644,483913,222230,78144,697832,226125,113000,638480,171155,4493,802594,100697,21117,771382,92033,0,867719,0,0,1029862,0,0,0,-1.0,-1.0
1661192348009,34.093002,0.14146341,0.0,0.0,0.0,0.07692308,0.07692308,0.0,0.0,1.0,42.600002,42.600002,41.9,42.600002,43.300003,42.9,42.9,44.600002,43.300003,45.9,41.300003,41.300003,3805737,-284118,1075200,1075200,1075200,1075200,1075200,1075200,652800,1401600,141,57,110,66,36,83,121,51,101,5,3,16,26,5,34,39,0,20,0,0,2,0,0,0,202374,137758,633277,96836,109338,783998,165400,117243,637649,2415,17359,906487,26035,15440,854196,34943,0,929381,0,0,899466,0,0,0,-1.0,-1.0
1661192349030,34.068,0.15121952,0.0,0.0,0.04,0.08,0.0,0.074074075,0.0,1.0,42.600002,42.300003,41.9,42.600002,42.600002,42.600002,42.300003,44.600002,42.9,45.9,40.600002,40.9,3809630,-244445,1075200,1075200,1075200,1075200,1075200,1075200,652800,1401600,120,54,97,64,51,80,110,51,100,5,5,16,19,0,8,36,2,18,0,0,0,0,0,0,171152,126283,667671,107558,177449,709981,174750,118328,755673,11044,17981,923310,18745,0,890285,35988,1043,972973,0,0,0,0,0,0,-1.0,-1.0
1661192350037,34.049,0.14356436,0.0,0.0,0.0,0.04,0.0,0.04,0.04,1.0,42.300003,41.9,41.300003,41.9,42.600002,42.300003,42.300003,44.300003,42.9,45.9,40.600002,40.9,3807488,-277099,1075200,1075200,1075200,1075200,1075200,1075200,652800,1401600,27,11,22,188,67,133,101,47,96,1,3,17,29,0,13,21,4,9,13,6,37,0,0,0,38832,36485,928622,256154,147848,566728,154007,118083,708004,7547,12695,947673,29511,0,942899,25974,13304,882528,14757,18046,2659832,0,0,0,-1.0,-1.0
1661192351046,34.023003,0.14356436,0.0,0.037037037,0.0,0.041666668,0.0,0.04,0.04,1.0,42.300003,42.300003,41.9,41.9,42.300003,42.9,42.600002,44.600002,42.9,45.9,40.9,40.9,3798535,-517883,1075200,1075200,1075200,1075200,1075200,1075200,652800,1401600,144,72,86,144,50,120,42,17,49,13,8,30,32,4,12,24,1,11,232,30,107,10,0,0,210320,131390,690042,159374,122021,695721,59207,72380,865284,22273,25494,882254,27293,17384,904144,20498,433,874954,363029,91540,423492,420,0,0,-1.0,-1.0
1661192352085,34.007,0.15196079,0.071428575,0.03846154,0.0,0.08,0.0,0.08,0.0,1.0,42.300003,41.9,41.600002,41.9,42.300003,42.600002,42.300003,44.300003,42.600002,45.600002,40.600002,40.9,3808462,-260925,1075200,1075200,1075200,1075200,1075200,1075200,652800,1401600,197,78,130,129,41,121,39,17,59,9,5,20,33,4,13,25,9,15,227,30,103,0,0,0,278977,151224,592227,162981,104987,742791,51724,71299,901392,12484,17809,879766,27382,12883,991039,22727,31477,877400,343666,97972,460548,0,0,0,-1.0,-1.0
1661192353090,33.985,0.14772727,0.0,0.0,0.0,0.04761905,0.0,0.045454547,0.0,1.0,41.9,41.9,41.300003,42.300003,42.300003,42.600002,42.300003,44.300003,42.600002,45.600002,40.600002,40.600002,3806321,-288391,1075200,1075200,1075200,1075200,1075200,1075200,652800,1401600,259,21,46,177,20,66,48,7,34,10,2,13,76,4,18,35,1,8,85,70,165,10,0,1,448008,38011,409116,508220,36071,445368,444159,27717,526390,397100,8448,575033,454927,7225,541182,318590,332,470259,107344,148974,728784,101,0,15,-1.0,-1.0
1661192354130,33.960003,0.24019608,0.0,0.0,0.0,0.03846154,0.0,0.04,0.76,1.0,41.600002,41.600002,41.300003,41.600002,41.600002,41.9,41.9,43.9,42.600002,45.300003,40.600002,40.600002,3810213,-230102,1075200,1075200,1075200,1075200,1075200,1075200,652800,1401600,143,72,89,179,74,153,91,38,98,1,1,15,36,4,14,23,0,10,171,9,23,0,0,0,223807,121852,689480,263212,163590,571648,124785,96326,784039,1777,3365,979842,30484,12843,942636,20140,0,906000,298725,16129,158995,0,0,0,-1.0,-1.0
1661192355133,33.938,0.26865673,1.0,0.03846154,0.0,0.115384616,0.0,0.04,0.04,1.0,42.300003,41.9,41.600002,42.300003,42.600002,42.600002,42.600002,44.600002,42.9,45.300003,40.9,40.9,3776152,-673218,1075200,1075200,1075200,1075200,1075200,1075200,652800,1401600,300,86,110,164,43,126,13,11,48,2,5,11,33,0,16,23,0,7,232,29,70,2,0,0,379124,147383,490964,254743,92975,579207,101608,40934,846135,80905,28879,804472,114160,0,879138,107644,0,791083,456044,82780,702551,43,0,0,-1.0,-1.0
1661192356137,33.912003,0.25925925,1.0,0.0,0.0,0.0,0.083333336,0.0,0.0,1.0,42.9,42.300003,41.9,42.300003,42.300003,42.600002,42.300003,44.300003,42.9,45.600002,41.300003,41.300003,3775179,-634766,1075200,1075200,1075200,1075200,1075200,1075200,652800,1401600,456,87,108,151,25,80,48,13,30,17,0,12,42,0,8,25,0,7,370,0,0,26,0,0,525458,117049,82983,442865,64193,470832,350775,62587,588305,314909,0,646084,337477,0,650703,273250,0,617581,718958,0,0,1122,0,0,-1.0,-1.0
1661192357176,33.899002,0.16019417,0.083333336,0.0,0.0,0.0,0.07692308,0.0,0.0,1.0,42.600002,42.300003,41.9,42.300003,42.600002,42.600002,42.600002,43.600002,42.9,44.300003,40.9,41.300003,3778293,-580444,1075200,1075200,1075200,1075200,1075200,1075200,652800,1401600,353,0,0,385,0,0,88,0,0,75,0,0,48,0,0,353,0,0,6,0,4,164,0,1,570729,0,0,1018944,0,0,991313,0,0,974233,0,0,889310,0,0,986242,0,0,127629,0,499890,156523,0,1064,-1.0,-1.0
1661192358182,33.877003,0.14975846,0.04,0.03846154,0.0,0.0,0.07692308,0.0,0.0,1.0,42.300003,41.9,41.9,42.300003,42.9,42.9,42.300003,44.300003,42.9,45.300003,40.9,40.9,3791723,-452270,1075200,1075200,1075200,1075200,1075200,1075200,652800,1401600,574,4,5,415,0,1,28,0,3,33,2,4,29,0,0,105,0,2,4,0,2,195,0,2,764546,14761,4082,963539,0,1262,972235,0,26707,971279,6435,21716,897616,0,0,978849,0,1756,669659,0,26945,191433,0,26850,-1.0,-1.0
1661192359199,33.858,0.15151516,0.125,0.0,0.0,0.0,0.04,0.08,0.0,1.0,42.600002,41.9,41.600002,42.300003,42.300003,42.600002,42.600002,44.600002,42.9,45.600002,41.300003,41.300003,3793669,-418396,1075200,1075200,1075200,1075200,1075200,1075200,652800,1401600,588,114,170,597,10,57,5,1,15,52,4,23,19,0,9,34,3,16,3,0,0,0,0,0,674021,188690,118526,616080,16142,327006,7709,1609,1008360,59194,7532,946650,17594,0,891349,30457,8496,967135,1386633,0,0,0,0,0,-1.0,-1.0
1661192360204,33.839,0.1407767,0.037037037,0.037037037,0.0,0.0,0.0,0.07692308,0.0,1.0,42.300003,42.300003,41.9,42.600002,42.600002,42.600002,42.600002,44.600002,43.300003,45.9,40.9,41.300003,3795226,-442505,1075200,1075200,1075200,1075200,1075200,1075200,652800,1401600,319,132,205,106,18,91,338,12,45,396,16,61,7,1,8,217,4,26,0,0,0,0,0,0,458981,226764,140683,146387,49944,811229,331122,30273,637737,419026,33165,536339,12483,1588,936947,208466,4834,702904,0,0,0,0,0,0,-1.0,-1.0
1661192361230,33.820004,0.15121952,0.0,0.0,0.0,0.0,0.0,0.04,0.0,1.0,42.300003,42.300003,41.9,42.600002,42.300003,42.9,42.600002,44.300003,43.300003,45.600002,40.9,41.300003,3793669,-429077,1075200,1075200,1075200,1075200,1075200,1075200,652800,1401600,341,170,274,84,25,99,15,2,20,974,2,34,3,0,6,17,4,10,1,0,0,0,0,0,550724,284115,177017,112040,56194,841908,26150,4150,979388,902737,1812,27641,5329,0,590679,13535,14651,868418,1813562,0,0,0,0,0,-1.0,-1.0
1661192362243,33.804,0.14634146,0.03846154,0.03846154,0.0,0.0,0.0,0.04,0.03846154,1.0,42.300003,42.300003,41.9,42.300003,42.300003,42.9,42.9,44.300003,42.9,45.600002,40.9,40.9,3794253,-415039,1075200,1075200,1075200,1075200,1075200,1075200,652800,1401600,338,178,255,106,39,108,569,11,53,432,8,44,0,2,9,20,2,8,2,0,0,3,0,0,522059,304651,169990,136958,117096,741674,525250,36524,402843,436056,20276,539597,0,8310,1319034,16739,2648,877315,1216388,0,0,3147,0,0,-1.0,-1.0
1661192363254,33.779003,0.17156863,0.07692308,0.0,0.0,0.0,0.0,0.04,0.23076923,1.0,42.300003,42.300003,41.600002,42.600002,42.9,42.600002,42.600002,43.9,43.300003,45.600002,40.9,40.9,3792501,-465698,1075200,1075200,1075200,1075200,1075200,1075200,652800,1401600,411,158,232,166,34,100,4,3,20,449,20,100,28,3,10,39,0,14,251,0,0,103,0,0,546550,256905,200477,192698,74159,730434,8900,4859,1004155,426973,61482,478816,15156,4667,1009010,25740,0,853580,1219305,0,0,117056,0,0,-1.0,-1.0
1661192364255,33.769,0.28292683,0.115384616,0.96153843,0.0,0.0,0.11111111,0.0,0.07692308,1.0,41.9,41.9,41.300003,41.9,42.300003,42.600002,42.600002,43.300003,42.600002,44.600002,40.9,40.9,3775957,-614014,1075200,1075200,1075200,1075200,1075200,1075200,652800,1401600,687,37,65,204,28,69,102,13,42,34,5,23,34,0,8,93,3,9,11,0,1,123,0,1,719730,41358,67609,426872,83068,467765,361380,30944,584643,356038,9383,622508,343257,0,661674,307638,3998,569825,999832,0,8317,113735,0,8272,-1.0,-1.0
1661192365294,33.75,0.26960784,0.15384616,0.9230769,0.0,0.0,0.0,0.04,0.0,1.0,42.300003,42.300003,41.9,42.300003,42.300003,42.600002,42.300003,43.600002,42.9,45.300003,40.9,40.9,3779266,-568237,1075200,1075200,1075200,1075200,1075200,1075200,652800,1401600,586,74,125,136,29,53,67,5,41,176,4,16,23,0,7,221,0,9,152,0,1,225,0,1,818900,100869,108804,382008,87931,254899,574333,3735,445641,522343,13295,493237,455303,0,520770,459413,0,499417,868113,0,22318,212548,0,22266,-1.0,-1.0
1661192366335,33.721,0.2682927,0.15384616,0.88461536,0.0,0.0,0.0,0.07692308,0.0,1.0,42.300003,41.9,41.9,42.300003,42.300003,42.300003,41.9,43.300003,42.300003,44.600002,40.9,40.9,3785105,-598450,1075200,1075200,1075200,1075200,1075200,1075200,652800,1401600,600,0,0,214,0,0,15,0,0,669,0,0,22,0,0,30,0,0,4,0,3,207,0,3,1029880,0,0,674370,0,0,1027108,0,0,987881,0,0,1037663,0,0,928788,0,0,919992,0,93071,243667,0,92942,-1.0,-1.0
1661192367350,33.709003,0.13793103,0.03846154,0.0,0.0,0.0,0.04,0.0,0.0,1.0,41.9,41.9,41.600002,41.9,42.300003,42.300003,41.9,43.600002,42.600002,44.600002,40.9,41.300003,3786857,-577392,1075200,1075200,1075200,1075200,1075200,1075200,652800,1401600,633,0,0,180,0,0,5,0,0,699,0,0,62,0,0,27,0,0,2,0,2,223,0,2,993871,0,0,623686,0,0,951184,0,0,960879,0,0,993423,0,0,897817,0,0,942386,0,40346,209959,0,40260,-1.0,-1.0
1661192368366,33.693,0.14215687,0.03846154,0.0,0.0,0.0,0.07692308,0.0,0.0,1.0,42.300003,41.9,41.600002,42.600002,42.600002,42.600002,42.9,44.300003,43.300003,45.600002,40.9,41.300003,3792696,-429382,1075200,1075200,1075200,1075200,1075200,1075200,652800,1401600,513,71,122,603,6,27,3,0,4,345,5,19,24,0,6,36,0,12,2,0,2,106,0,2,799783,120740,88231,804814,8173,126172,587133,0,427058,687246,17723,288115,543697,0,374191,545084,0,442891,1061221,0,22573,114591,0,22599,-1.0,-1.0
1661192369384,33.677002,0.11165048,0.04,0.03846154,0.0,0.0,0.07692308,0.0,0.0,0.7307692,42.300003,42.300003,41.9,42.600002,42.9,43.300003,42.9,44.600002,43.300003,45.9,41.300003,40.9,3786468,-471496,1075200,1075200,1075200,1075200,1075200,1075200,652800,1401600,369,181,253,281,32,98,0,0,5,878,1,31,21,0,5,18,1,10,1,0,0,0,0,0,537490,295361,173095,293560,75093,620682,0,0,1038180,740824,345,210743,18029,0,881617,18664,1305,944401,313323,0,0,0,0,0,-1.0,-1.0
1661192370412,33.658,0.028985508,0.03846154,0.03846154,0.037037037,0.0,0.07692308,0.0,0.0,0.07692308,41.600002,41.600002,41.300003,41.600002,41.9,41.600002,41.600002,41.600002,41.9,41.9,40.600002,40.9,3817220,-141296,1075200,1075200,1075200,1075200,1075200,1075200,652800,1401600,305,158,228,465,42,93,0,0,10,539,16,59,17,0,7,30,0,14,4,0,1,5,0,3,485312,278337,244166,438726,106132,443720,0,0,1024597,492071,36906,443107,18697,0,887922,27851,0,990408,1573065,0,180896,5933,0,102837,-1.0,-1.0
1661192371459,33.648003,0.03827751,0.03846154,0.04,0.0,0.0,0.07692308,0.037037037,0.0,0.04,40.600002,40.600002,40.300003,40.600002,40.600002,40.600002,40.300003,41.300003,40.600002,41.9,39.9,39.9,3822281,-132751,1075200,1075200,1075200,1075200,1075200,1075200,652800,1401600,35,22,72,133,53,89,0,0,24,24,4,32,17,1,11,94,11,54,0,0,10,0,0,19,49855,78290,884224,152929,146518,692884,0,0,1025471,14168,4403,961784,19186,3147,883555,70194,21748,941255,0,0,879867,0,0,968400,-1.0,-1.0
1661192372494,33.635002,0.04265403,0.03846154,0.03846154,0.0,0.0,0.11111111,0.0,0.0,0.10714286,39.9,39.600002,39.600002,39.9,39.9,39.9,39.9,39.9,40.300003,40.600002,39.600002,39.600002,3819751,-161132,1075200,1075200,1075200,1075200,1075200,1075200,652800,1401600,63,18,68,116,46,77,0,0,24,0,0,11,19,0,11,53,4,48,12,8,12,0,0,18,86258,59851,854731,114240,108716,762006,0,0,1042397,0,0,1049316,18006,0,893891,29625,664,942740,13523,22188,994757,0,0,960988,-1.0,-1.0
1661192373518,33.620003,0.029268293,0.0,0.04,0.0,0.0,0.11111111,0.0,0.0,0.04,39.600002,39.600002,39.300003,39.600002,39.600002,39.300003,39.300003,39.300003,39.600002,39.9,39.300003,39.300003,3819751,-102844,1075200,1075200,1075200,1075200,1075200,1075200,652800,1401600,116,12,84,178,51,74,46,8,50,8,4,33,16,0,9,41,7,21,2,1,12,0,0,19,89069,9933,837805,156450,118444,686480,42071,23997,947217,24054,9311,1013185,18318,0,865296,51570,19092,919292,2249,3385,1066553,0,0,964292,-1.0,-1.0
1661192374550,33.616,0.14689265,0.0,0.045454547,0.0,0.0,0.09090909,0.90909094,0.0,0.0,39.300003,38.9,38.9,39.300003,38.9,38.9,38.600002,38.9,39.300003,39.300003,38.600002,38.9,3819751,-138855,1075200,1075200,1075200,1075200,1075200,1075200,652800,1401600,142,13,109,211,42,83,0,0,24,20,4,58,17,0,9,64,22,57,0,0,9,0,0,19,103986,17380,902624,167358,99597,709885,0,0,1022714,20389,9225,975402,19375,0,889672,73305,56376,880493,0,0,1085444,0,0,964931,-1.0,-1.0
1661192375563,33.607002,0.033816423,0.03846154,0.04,0.03846154,0.0,0.07692308,0.0,0.0,0.07692308,38.9,38.9,38.600002,39.300003,39.300003,39.300003,38.600002,38.600002,39.300003,39.300003,38.300003,38.300003,3822476,-148925,1075200,1075200,1075200,1075200,1075200,1075200,652800,1401600,75,9,66,201,59,73,38,4,43,35,12,61,21,4,18,42,22,38,0,0,11,0,0,22,72301,13803,917988,193356,149764,624385,27326,9206,980945,52875,27793,951081,25917,3491,835941,41753,69251,565380,0,0,1038284,0,0,964796,-1.0,-1.0
1661192376622,33.600002,0.024509804,0.0,0.074074075,0.0,0.0,0.04,0.074074075,0.0,0.041666668,38.600002,38.600002,37.9,38.600002,38.600002,37.9,38.300003,38.300003,38.600002,38.600002,37.9,38.300003,3812160,-234375,1075200,1075200,1075200,1075200,1075200,1075200,652800,1401600,92,20,49,173,50,67,0,0,5,50,4,61,23,3,15,45,2,27,0,0,9,0,0,19,80106,36119,905995,168111,113431,684514,0,0,894141,28704,9245,920504,20074,5319,876584,36542,1982,948889,0,0,1039826,0,0,966276,-1.0,-1.0
1661192377660,33.591003,0.033816423,0.03846154,0.07692308,0.0,0.0,0.07692308,0.037037037,0.0,0.08,37.9,38.300003,37.600002,38.300003,38.600002,37.9,38.300003,38.300003,38.300003,38.300003,37.600002,37.600002,3822476,-142517,1075200,1075200,1075200,1075200,1075200,1075200,652800,1401600,132,14,103,165,44,82,31,2,28,30,10,50,16,0,10,24,1,14,0,0,12,0,0,18,96238,26553,867581,135765,115539,729296,17774,5168,1001678,47099,30890,993317,17927,0,890140,21963,1730,1001155,0,0,1039581,0,0,966564,-1.0,-1.0
1661192378697,33.588,0.019704433,0.0,0.03846154,0.0,0.0,0.07692308,0.0,0.0,0.08,38.300003,37.9,37.600002,38.300003,38.300003,37.9,37.600002,37.9,37.9,37.9,37.600002,37.300003,3822281,-125122,1075200,1075200,1075200,1075200,1075200,1075200,652800,1401600,136,8,87,144,18,85,50,2,61,32,25,64,21,1,9,34,0,22,0,0,10,1,0,18,80755,19529,902244,103658,33639,848689,52911,414,1031030,52232,114522,859200,25135,1552,861927,41517,0,997829,0,0,1035511,2166,0,961362,-1.0,-1.0
1661192379745,33.569,0.031088082,0.0,0.041666668,0.0,0.041666668,0.0,0.083333336,0.0,0.12,37.600002,37.9,37.300003,37.600002,37.600002,37.600002,37.600002,37.600002,37.9,37.9,37.300003,37.300003,3826952,-112304,1075200,1075200,1075200,1075200,1075200,1075200,652800,1401600,67,5,55,131,28,101,46,4,67,76,50,61,28,0,7,54,6,37,0,0,11,0,0,19,42702,10286,929309,117575,57839,827797,46226,5985,986763,100036,165690,757829,24200,0,893029,53117,4589,931228,0,0,1036938,0,0,964460,-1.0,-1.0
1661192380757,33.569,0.024154589,0.0,0.03846154,0.0,0.03846154,0.0,0.11111111,0.0,0.04,37.600002,37.600002,36.9,37.600002,37.300003,37.600002,37.300003,37.600002,37.600002,37.600002,37.300003,37.300003,3822670,-162658,1075200,1075200,1075200,1075200,1075200,1075200,652800,1401600,12,3,14,73,15,75,17,1,31,36,38,58,44,1,31,55,6,60,0,0,11,0,0,18,16557,4606,987134,70269,46284,848316,13755,4222,908187,51069,169969,756267,40947,664,929194,59336,8739,806299,0,0,1040778,0,0,967182,-1.0,-1.0
1661192381802,33.553,0.029126214,0.0,0.04,0.0,0.0,0.11111111,0.0,0.0,0.07692308,37.600002,37.300003,37.300003,37.600002,37.300003,37.300003,37.300003,37.300003,37.300003,37.600002,36.9,36.9,3825006,-291443,1075200,1075200,1075200,1075200,1075200,1075200,652800,1401600,11,3,16,190,44,87,0,0,5,147,47,91,25,0,13,54,1,33,0,0,11,0,0,22,15693,7400,1021010,160963,94960,737635,0,0,1082494,116960,92802,774298,25935,0,1014832,35215,4343,864891,0,0,1033689,0,0,962752,-1.0,-1.0
1661192382847,33.543003,0.035532996,0.04,0.041666668,0.0,0.0,0.041666668,0.0,0.0,0.115384616,37.300003,37.300003,36.600002,37.300003,36.9,36.9,36.600002,37.300003,37.300003,37.300003,36.9,36.9,3823643,-130615,1075200,1075200,1075200,1075200,1075200,1075200,652800,1401600,12,2,13,170,57,70,0,0,7,118,5,86,21,0,19,21,0,14,0,0,8,0,0,18,21624,3507,1056879,136936,147950,699125,0,0,1006919,74327,5675,923141,20844,0,912313,17213,0,980029,0,0,1037081,0,0,963725,-1.0,-1.0
1661192383871,33.524002,0.028985508,0.03846154,0.071428575,0.0,0.037037037,0.07692308,0.03846154,0.0,0.11111111,36.9,36.600002,36.600002,37.300003,36.9,37.300003,36.600002,36.9,37.300003,37.300003,36.9,36.600002,3824227,-178527,1075200,1075200,1075200,1075200,1075200,1075200,652800,1401600,107,12,80,170,44,93,26,0,35,12,21,31,27,3,33,68,19,55,0,0,7,0,0,16,80249,18969,884859,145210,97391,728010,10128,0,967611,16919,98049,888798,28387,9077,848424,65235,86715,813561,0,0,1034532,0,0,961289,-1.0,-1.0
1661192384908,33.521,0.024154589,0.0,0.037037037,0.037037037,0.037037037,0.07692308,0.0,0.0,0.074074075,36.9,36.9,36.600002,36.600002,37.300003,36.9,36.600002,36.600002,36.9,37.300003,36.600002,36.600002,3825200,-137939,1075200,1075200,1075200,1075200,1075200,1075200,652800,1401600,75,7,58,120,37,109,50,5,56,23,22,70,28,3,21,88,31,69,0,0,10,0,0,19,69198,6397,935054,107631,76165,801405,36068,2032,999680,33605,92823,893041,25294,4373,872643,84393,73136,849753,0,0,925681,0,0,962552,-1.0,-1.0
1661192385940,33.505,0.033653848,0.0,0.03846154,0.0,0.0,0.07692308,0.04,0.0,0.074074075,36.600002,36.600002,36.300003,36.600002,36.9,36.600002,36.600002,36.9,36.9,37.300003,36.600002,36.300003,3822281,-155029,1075200,1075200,1075200,1075200,1075200,1075200,652800,1401600,101,3,72,146,29,118,62,19,52,11,11,42,17,1,18,68,24,66,0,0,10,0,0,19,70425,5003,936100,136211,53233,815115,52545,41276,958656,12921,43361,896232,16571,3008,885671,74791,80093,850520,0,0,1035063,0,0,962575,-1.0,-1.0
1661192386982,33.480003,0.04225352,0.0,0.037037037,0.0,0.0,0.03846154,0.07692308,0.0,0.074074075,36.600002,36.300003,36.600002,36.600002,36.9,36.600002,36.600002,36.600002,36.600002,36.9,36.300003,36.300003,3823254,-102233,1075200,1075200,1075200,1075200,1075200,1075200,652800,1401600,63,43,65,109,33,106,12,0,17,22,3,48,18,0,9,79,18,58,0,0,9,0,0,19,72989,135149,760027,115488,83873,804961,10643,0,973281,21138,6619,1024735,19186,0,887082,74803,35261,848980,0,0,1036732,0,0,863703,-1.0,-1.0
1661192388033,33.464,0.033653848,0.037037037,0.04,0.0,0.0,0.07692308,0.03846154,0.0,0.07692308,36.600002,36.600002,35.9,36.600002,36.600002,36.600002,36.300003,36.300003,36.600002,36.600002,35.9,36.300003,3824033,-161132,1075200,1075200,1075200,1075200,1075200,1075200,652800,1401600,22,2,31,175,37,96,22,7,45,78,2,64,38,5,44,34,6,38,0,0,12,0,0,21,33464,7497,1027851,165188,76896,776923,37650,19407,1058249,51276,44,912367,38159,8642,868258,37165,22026,869848,0,0,1146121,0,0,1066911,-1.0,-1.0
1661192389060,33.451,0.033492822,0.0,0.04,0.0,0.037037037,0.037037037,0.11111111,0.037037037,0.074074075,36.600002,36.300003,35.9,36.600002,36.600002,36.300003,36.300003,36.600002,36.300003,36.600002,35.9,35.9,3820140,-173950,1075200,1075200,1075200,1075200,1075200,1075200,652800,1401600,27,4,29,136,44,74,38,10,39,0,0,10,18,0,18,54,1,43,0,0,9,0,0,17,30605,6538,941202,123808,122040,729229,27547,32483,951407,0,0,1020926,17580,0,1002523,43428,22,928902,0,0,922254,0,0,960457,-1.0,-1.0
1661192390096,33.432003,0.029268293,0.0,0.03846154,0.0,0.0,0.074074075,0.07692308,0.0,0.07692308,36.600002,35.9,35.600002,36.300003,36.300003,36.300003,36.300003,36.300003,36.300003,36.300003,35.600002,35.600002,3824227,-140380,1075200,1075200,1075200,1075200,1075200,1075200,652800,1401600,93,16,90,171,39,97,18,0,38,41,1,36,32,6,23,28,0,20,0,0,11,0,0,19,91746,49829,851245,131782,91194,766660,12817,0,922322,24558,404,991271,23130,11080,945725,22622,0,912586,0,0,1152138,0,0,970988,-1.0,-1.0
1661192391148,33.406002,0.028985508,0.0,0.074074075,0.0,0.0,0.04,0.03846154,0.0,0.074074075,35.9,36.300003,35.9,36.300003,36.300003,36.600002,35.9,36.300003,36.300003,36.600002,35.600002,35.9,3817610,-209045,1075200,1075200,1075200,1075200,1075200,1075200,652800,1401600,80,33,76,135,33,109,17,1,26,37,10,66,105,22,72,22,5,42,0,0,11,0,0,18,89799,103022,859753,110507,62327,821979,14517,444,1047098,50983,21650,1024744,89492,60078,847447,19148,21668,852924,0,0,928254,0,0,962764,-1.0,-1.0
1661192392185,33.375,0.03883495,0.0,0.03846154,0.0,0.03846154,0.0,0.04,0.0,0.115384616,35.9,36.300003,35.9,35.9,35.9,35.9,35.9,35.9,35.9,36.300003,35.600002,35.600002,3824033,-134887,1075200,1075200,1075200,1075200,1075200,1075200,652800,1401600,162,38,74,145,24,103,25,0,22,52,16,53,19,5,12,62,6,62,31,0,16,7,5,25,163659,84279,747812,126544,49564,811159,25156,2755,1053150,49488,31331,913206,25548,8671,879888,68827,10528,909721,4401,0,1158766,9098,5400,952589,-1.0,-1.0
1661192393249,33.336002,0.043269232,0.03846154,0.0,0.037037037,0.0,0.11111111,0.0,0.037037037,0.07692308,35.9,35.9,35.600002,36.300003,35.9,36.300003,35.600002,36.300003,35.9,35.9,35.600002,35.600002,3826952,-141906,1075200,1075200,1075200,1075200,1075200,1075200,652800,1401600,194,17,50,314,13,72,92,38,69,116,29,92,108,18,72,81,9,50,8,3,24,8,1,22,318662,49573,617702,326303,19828,629765,111663,136414,733887,109238,60859,765087,87383,35009,832640,82433,17202,800848,6957,13012,1012137,3823,1069,938315,-1.0,-1.0
1661192394298,33.314003,0.029268293,0.0,0.04,0.0,0.0,0.0,0.04,0.0,0.08,35.600002,35.9,35.600002,35.9,35.9,35.9,35.600002,35.9,35.9,36.300003,35.600002,35.600002,3824617,-131530,1075200,1075200,1075200,1075200,1075200,1075200,652800,1401600,71,19,81,90,28,108,49,28,75,4,0,31,24,0,11,47,5,29,1,5,17,0,1,28,61627,56946,878022,96526,71563,826360,85035,87871,852307,7118,0,1056753,21283,0,885586,39633,9332,939767,0,12440,999399,0,6998,956176,-1.0,-1.0
1661192395335,33.286003,0.033980582,0.0,0.04,0.0,0.03846154,0.07692308,0.0,0.0,0.115384616,35.600002,35.600002,35.300003,35.600002,35.9,35.9,35.600002,35.600002,35.9,35.9,35.300003,35.300003,3823643,-141601,1075200,1075200,1075200,1075200,1075200,1075200,652800,1401600,16,5,34,105,12,83,67,32,67,19,1,32,112,1,52,28,1,33,0,0,10,0,0,19,22505,19328,985409,79435,14519,903885,89682,85520,826886,11431,4503,1004562,63669,769,928592,23744,21,883152,0,0,1009224,0,0,967110,-1.0,-1.0
1661192396365,33.247,0.034146342,0.03846154,0.04,0.10714286,0.0,0.04,0.0,0.0,0.08,35.600002,35.9,35.600002,35.600002,35.9,35.600002,35.600002,35.600002,35.9,35.9,35.300003,35.600002,3826174,-142212,1075200,1075200,1075200,1075200,1075200,1075200,652800,1401600,21,10,45,101,16,78,55,40,59,53,5,55,64,1,50,28,4,24,0,0,10,0,0,19,28465,29959,961273,82546,29448,877224,77723,105075,824756,35439,14394,892987,43077,590,857812,30743,13792,947563,0,0,1009773,0,0,962394,-1.0,-1.0
1661192397408,33.222,0.17156863,0.07692308,0.0,0.0,0.037037037,0.33333334,0.23076923,0.07692308,0.5769231,35.600002,35.600002,35.600002,35.600002,35.600002,35.600002,35.300003,35.300003,35.600002,35.600002,35.300003,35.300003,3827731,-132141,1075200,1075200,1075200,1075200,1075200,1075200,652800,1401600,41,9,52,108,49,85,13,32,69,7,0,28,16,0,8,37,0,28,0,0,11,0,0,19,32452,19383,938382,123966,127966,725138,22293,164339,820529,4789,0,1032390,19807,0,894644,33989,0,987527,0,0,1084419,0,0,966515,-1.0,-1.0
1661192398443,33.193,0.033816423,0.03846154,0.0,0.03846154,0.0,0.10714286,0.0,0.0,0.07692308,36.300003,35.9,35.600002,36.600002,36.600002,36.600002,35.9,36.600002,36.300003,36.600002,35.600002,35.600002,3790944,-565491,1075200,1075200,1075200,1075200,1075200,1075200,652800,1401600,195,32,50,122,31,85,20,20,65,4,7,10,4,1,4,65,2,42,5,0,7,73,0,13,253388,61616,738888,222491,62138,695013,148366,100043,740956,122512,23614,899603,110476,4351,686493,111908,4968,709732,208167,0,804830,169595,0,746825,-1.0,-1.0
1661192399485,33.165,0.296875,0.26086956,0.375,0.34615386,0.33333334,0.36,0.32,0.16666667,0.22727273,36.600002,36.300003,35.600002,36.300003,36.300003,36.300003,35.9,36.300003,36.600002,36.600002,35.600002,35.600002,3823254,-190735,1075200,1075200,1075200,1075200,1075200,1075200,652800,1401600,439,149,120,158,44,132,32,10,77,2,4,14,17,0,8,65,5,31,12,0,2,368,0,5,486947,224296,277454,154025,129374,701843,42827,19503,957319,3564,11155,1010600,18085,0,739237,47840,7192,959688,817626,0,170198,695567,0,162478,-1.0,-1.0
1661192400500,33.136,0.047393367,0.074074075,0.074074075,0.10714286,0.0,0.0,0.07692308,0.0,0.07692308,38.600002,39.300003,38.600002,38.9,39.300003,38.9,38.9,39.600002,39.600002,40.9,37.600002,37.9,3772843,-635071,1075200,1075200,1075200,1075200,1075200,1075200,652800,1401600,2097,6,5,2026,1,8,907,4,13,647,3,17,711,0,6,696,0,9,547,3,14,650,2,9,638471,16206,30191,586103,869,73881,591792,5119,74056,632161,4400,114170,602875,0,48498,532033,0,48623,777595,2388,133976,628121,1481,118061,-1.0,-1.0
1661192401589,33.088,0.3137255,0.13636364,0.2,0.28,0.375,0.3846154,0.28,0.26923078,0.4,36.600002,36.9,36.300003,36.600002,36.600002,36.600002,36.9,36.600002,36.9,36.9,35.9,35.9,3827731,-122680,1075200,1075200,1075200,1075200,1075200,1075200,652800,1401600,330,20,57,481,21,75,142,21,64,90,17,55,194,47,83,137,30,45,57,5,62,51,6,57,417523,55264,484293,427216,49216,454615,126768,34553,782791,58079,36603,591491,194555,112078,630314,131967,78071,602317,48434,17283,926064,21805,6697,869810,-1.0,-1.0
1661192402582,33.044003,0.036363635,0.0,0.0,0.09090909,0.0,0.0,0.0,0.0,0.13636364,37.9,37.600002,37.600002,38.300003,38.300003,37.600002,37.9,37.9,38.300003,38.300003,37.9,38.9,3807488,-403137,1075200,1075200,1075200,1075200,1075200,1075200,652800,1401600,424,0,26,743,18,36,198,9,45,242,12,41,208,14,47,223,16,45,154,1,47,140,4,44,242563,0,563021,359677,48408,436915,155873,15403,652191,174492,15298,646563,177460,23361,634730,188743,26783,615722,127309,5847,764438,116699,1745,650737,-1.0,-1.0
1661192403596,33.009003,0.08235294,0.22727273,0.0952381,0.04761905,0.0,0.09090909,0.045454547,0.09090909,0.05,36.9,36.9,36.300003,36.600002,36.600002,36.600002,36.600002,36.9,36.600002,37.300003,36.300003,35.9,3824227,-154113,1075200,1075200,1075200,1075200,1075200,1075200,652800,1401600,276,5,24,602,14,57,169,18,66,297,33,95,165,23,65,158,42,97,39,7,54,57,8,56,531998,13866,344668,586599,27945,278198,132463,38166,750452,202500,78493,632300,124014,52720,700441,165144,138813,610151,34335,17771,899653,15760,19525,816690,-1.0,-1.0
1661192404598,32.971,0.031055901,0.0,0.05,0.09090909,0.04761905,0.0,0.0,0.0,0.0952381,36.600002,36.600002,35.9,36.300003,36.600002,36.300003,36.300003,36.600002,36.600002,36.600002,35.9,35.600002,3824811,-127563,1075200,1075200,1075200,1075200,1075200,1075200,652800,1401600,221,12,23,543,5,48,144,26,78,195,37,114,152,45,70,156,42,101,14,0,48,0,7,43,573569,30070,310377,636067,14475,277835,128887,40763,747775,163432,79799,684515,139182,130384,681942,148094,108738,679349,21437,0,855724,0,34064,838809,-1.0,-1.0
1661192405589,32.933002,0.14197531,0.14285715,0.15,0.10526316,0.10526316,0.10526316,0.15,0.05263158,0.2,36.300003,36.300003,35.9,36.300003,36.300003,35.600002,36.300003,36.300003,36.300003,36.600002,35.9,35.600002,3820724,-122070,1075200,1075200,1075200,1075200,1075200,1075200,652800,1401600,119,8,25,385,23,56,34,3,34,80,17,41,142,12,84,144,17,92,1,0,17,4,4,34,303769,24734,613468,395529,51910,471072,55843,8831,882630,75301,39733,834855,103157,18075,799915,108610,51400,763668,2213,0,942197,4742,23995,830495,-1.0,-1.0
