1658528154646,43.317,0.3488372,0.9047619,0.26086956,0.13636364,0.1,0.26086956,0.22727273,0.0,1.0,57.300003,57.300003,56.600002,57.600002,58.300003,58.300003,58.300003,58.600002,59.300003,60.300003,53.9,54.300003,3708224,-646667,1075200,1075200,1075200,1075200,1075200,1075200,652800,1401600,7967349,378136,1030960,7633114,368498,1046868,3654720,396438,1065665,3904473,427916,1123134,4438215,379667,1065836,4392465,374380,1075191,2916049,518764,1158169,4367073,108626,385582,5857326002,764056692,8262781575,5977257292,786100064,8277664541,2903976595,878092992,11026906220,2993925982,921560848,11023519534,2692787559,787159675,11372414388,2676062217,778535695,11356398266,1754037038,1239631826,12530812763,809587374,253948044,7711686465,-1.0,-1.0
1658528155720,43.294003,0.41618496,0.14285715,0.23809524,0.6818182,0.6,0.3043478,0.1,0.3043478,1.0,56.600002,55.9,55.300003,56.300003,56.9,56.9,56.300003,57.9,56.600002,59.600002,53.600002,53.300003,3720680,-593262,1075200,1075200,1075200,1075200,1075200,1075200,652800,1401600,228,5,18,767,9,17,239,10,37,329,18,34,477,36,50,493,32,55,55,11,70,14,0,10,322532,8841,76572,530860,16379,48055,285238,14686,142779,255792,29200,92052,442986,57781,166532,445065,59463,195090,47816,39137,707545,4838,0,15103,-1.0,-1.0
1658528156722,43.283,0.7767442,0.8076923,0.8214286,0.89285713,0.8,0.71428573,0.7692308,0.4074074,1.0,56.9,57.600002,56.600002,57.600002,57.9,58.600002,57.9,58.9,58.600002,60.600002,54.600002,54.600002,3686814,-1000061,1075200,1075200,1075200,1075200,1075200,1075200,652800,1401600,819,0,0,1162,0,0,676,0,5,741,4,5,620,2,6,801,0,1,557,4,19,96,0,0,488506,0,0,619557,0,0,428548,0,17524,544130,3368,3525,534102,389,12324,554010,0,480,680214,5806,52991,37555,0,0,-1.0,-1.0
1658528157924,43.245003,0.41293532,1.0,0.32,0.08695652,0.23076923,0.23076923,0.28,0.15384616,1.0,57.600002,57.9,57.300003,58.300003,58.9,58.9,58.600002,58.600002,59.600002,60.300003,54.9,55.600002,3710170,-759583,1075200,1075200,1075200,1075200,1075200,1075200,652800,1401600,642,1,3,794,1,3,455,13,35,319,5,14,595,18,25,249,1,6,450,35,115,15,0,0,509104,1881,9872,458862,680,10901,367768,25235,87534,227913,10808,42063,420750,30496,95994,152513,340,7170,411280,73289,295341,5892,0,0,-1.0,-1.0
1658528159050,43.237003,0.6047619,0.8,0.5,0.35714287,0.44,0.9259259,0.5555556,0.2,1.0,56.600002,56.9,55.9,56.9,57.600002,57.600002,56.600002,58.300003,57.300003,59.600002,54.300003,54.300003,3708029,-737610,1075200,1075200,1075200,1075200,1075200,1075200,652800,1401600,426,6,3,1049,6,11,495,25,56,413,23,42,695,34,39,403,20,45,204,41,109,1,0,0,178200,10422,9431,621197,7161,22653,477541,59969,149731,383430,49984,141164,447311,64304,103862,402117,34336,166334,177166,74356,671742,27,0,0,82.53056651017215,3.526034428794992
1658528160182,43.230003,0.75598085,0.84615386,0.7307692,1.0,0.7692308,0.7037037,0.56,0.46153846,0.96153843,57.9,57.600002,56.9,57.9,58.300003,57.9,56.9,59.300003,57.9,60.600002,54.9,54.9,3695961,-999451,1075200,1075200,1075200,1075200,1075200,1075200,652800,1401600,253,1,9,1062,2,9,728,32,40,702,23,52,184,10,29,459,15,39,509,112,149,2,0,0,235340,602,28378,570555,895,7919,487769,35149,113233,515868,38036,136462,175142,18452,82754,304302,19325,152177,398329,193325,285905,56,0,0,391.80541213063765,2.802513219284603
1658528161281,43.204002,0.74647886,0.79310346,0.7407407,0.9583333,0.7586207,0.5769231,0.6923077,0.44,0.962963,58.300003,58.600002,57.9,57.9,58.9,58.9,58.300003,60.300003,59.300003,61.600002,55.300003,55.600002,3678639,-1176148,1075200,1075200,1075200,1075200,1075200,1075200,652800,1401600,514,24,35,833,12,23,32,2,2,506,20,42,320,30,44,164,5,13,625,182,43,9,0,0,415151,47422,111428,525082,14127,33565,9491,2934,3745,427318,36282,132062,296754,53670,148981,113184,3080,34245,483188,237187,75884,285,0,0,616.7973167701863,5.059913043478261
1658528162409,43.192,0.8333333,0.7692308,0.88,0.8518519,0.7307692,1.0,0.88461536,0.53846157,1.0,59.300003,59.600002,59.300003,59.600002,59.600002,59.9,59.600002,60.600002,60.600002,62.600002,56.600002,56.600002,3637960,-1581422,1075200,1075200,1075200,1075200,1075200,1075200,652800,1401600,590,3,15,666,3,8,496,5,17,318,10,25,293,5,11,264,10,33,683,116,64,23,0,3,315504,3123,33725,349669,2166,4555,226767,3299,22777,277291,22692,47411,166028,2986,16774,170290,13127,83212,420583,144669,125774,6874,0,8856,763.8484472049689,6.605068322981366
1658528163544,43.177002,0.6119403,0.44,0.61538464,0.32,0.5769231,0.5,1.0,0.46153846,1.0,60.300003,60.600002,59.9,60.300003,60.9,60.9,60.300003,61.600002,60.9,63.300003,57.600002,57.300003,3629396,-1609193,1075200,1075200,1075200,1075200,1075200,1075200,652800,1401600,336,1,3,537,0,2,596,6,10,571,5,10,293,4,12,113,0,3,658,102,75,3,0,1,194193,612,16150,312414,0,2037,285855,9710,15749,380639,10458,32157,154031,3727,25583,76124,0,4238,400086,131557,91653,840,0,529,737.8129020217729,3.3697045101088645
1658528164686,43.181004,0.5990099,0.4347826,0.6923077,0.52,0.5833333,0.4,0.8076923,0.3043478,1.0,60.600002,60.9,59.9,60.300003,60.600002,61.300003,60.300003,61.9,60.9,63.9,57.9,57.600002,3663262,-1417847,1075200,1075200,1075200,1075200,1075200,1075200,652800,1401600,714,13,21,888,7,10,661,23,47,506,6,38,604,21,36,158,5,12,507,108,105,1,1,1,478174,14445,44798,466670,6169,16058,327835,36126,114746,351675,4559,177634,345550,27800,90418,89877,5298,30867,368734,138972,166458,16,311,417,769.2274108527131,3.080905426356589
1658528165832,43.173,0.63316584,0.5,0.6923077,1.0,0.52,0.25,0.6,0.47826087,1.0,61.600002,61.300003,60.9,61.300003,61.600002,61.9,60.9,62.600002,61.9,64.3,58.300003,58.300003,3644383,-1477357,1075200,1075200,1075200,1075200,1075200,1075200,652800,1401600,723,8,15,911,2,5,497,24,38,404,21,48,428,21,47,285,9,14,405,118,61,1,1,2,436105,12774,53277,434806,2453,7755,327185,39282,101831,371837,34141,128489,308425,22886,144456,133869,9780,44141,295440,192262,120503,20,361,1321,773.0701557632399,2.529943925233645
1658528166901,43.158,0.6629834,0.73913044,0.6956522,0.4090909,0.5833333,0.59090906,0.82608694,0.3809524,1.0,61.9,61.9,60.9,61.600002,61.600002,61.600002,60.9,62.9,61.9,64.600006,58.9,58.600002,3621610,-1665040,1075200,1075200,1075200,1075200,1075200,1075200,652800,1401600,542,3,7,633,0,0,211,2,9,465,7,23,371,5,14,236,4,9,368,113,32,109,3,6,306736,4675,6082,282663,0,0,83066,1427,16640,332758,14247,41879,248415,3854,42412,201593,5807,24343,266784,157504,41203,27230,1245,4218,762.1401102106969,3.0734003241491084
1658528167941,43.143,0.6127451,0.52,0.65384614,0.44,0.5769231,0.5185185,0.7692308,0.41666666,1.0,61.600002,61.600002,61.300003,61.9,61.9,62.300003,61.300003,63.300003,61.9,64.9,59.300003,58.9,3667350,-1371766,1075200,1075200,1075200,1075200,1075200,1075200,652800,1401600,321,10,14,709,3,11,629,20,37,544,15,29,231,9,24,302,7,19,419,98,89,2,1,2,206245,21316,28461,373506,1714,11960,365055,26309,111223,374793,36978,87615,178055,14153,70817,189457,13463,30670,296979,162793,162833,43,273,861,688.628427672956,3.7946666666666666
1658528169023,43.158,0.6287129,0.4814815,0.7083333,0.44,0.6,0.4347826,1.0,0.36,1.0,62.300003,61.9,61.600002,61.9,62.300003,62.600002,61.9,63.600002,62.9,65.3,59.600002,59.300003,3648859,-1558533,1075200,1075200,1075200,1075200,1075200,1075200,652800,1401600,934,7,10,928,1,4,923,23,45,657,22,33,364,25,44,325,10,14,217,122,86,18,2,6,506997,4448,17318,492209,343,5296,490078,34480,84516,445201,49894,72249,293994,27622,183393,184429,7940,25071,221379,226648,217034,10381,1589,4516,680.9030778816199,3.3094579439252336
1658528170094,43.136,0.6011236,0.41666666,0.65217394,1.0,0.5217391,0.5,0.3809524,0.3,1.0,62.300003,62.300003,61.300003,62.300003,62.300003,62.600002,61.9,63.9,63.300003,65.3,59.600002,59.300003,3659370,-1513367,1075200,1075200,1075200,1075200,1075200,1075200,652800,1401600,823,21,30,792,7,18,760,34,47,526,28,51,828,23,65,6,0,1,250,72,151,1,2,2,530637,35726,61090,439629,5427,19096,394114,46269,131986,395022,41080,175535,427572,30987,181832,2497,0,1466,245513,157318,340448,40,2311,1296,773.3415709570958,3.5963564356435644
1658528171101,43.136,0.6526316,0.5185185,0.65217394,0.6363636,0.625,0.47826087,0.6956522,0.6,1.0,62.300003,62.600002,61.9,62.300003,62.300003,62.600002,61.9,63.600002,62.600002,65.600006,59.600002,58.9,3658591,-1401063,1075200,1075200,1075200,1075200,1075200,1075200,652800,1401600,1126,15,11,731,2,12,342,18,37,501,19,43,560,12,54,179,5,18,198,68,134,1,0,0,497871,17045,15371,401690,3238,10648,233588,23351,116428,402588,31482,147431,335209,16563,206419,148185,5930,67839,207307,129500,299913,30,0,0,714.0500869565218,3.3768447204968943
1658528172177,43.143,0.6919192,0.5769231,0.7037037,0.45833334,0.64,0.6666667,1.0,0.5,1.0,62.600002,62.9,61.9,62.9,63.300003,62.9,62.600002,63.9,63.300003,65.9,59.9,59.600002,3654309,-1508179,1075200,1075200,1075200,1075200,1075200,1075200,652800,1401600,978,7,14,869,2,5,723,31,39,709,19,45,581,33,34,151,7,12,196,58,150,2,2,3,571187,10340,21383,457175,2818,12490,380881,46717,106145,423378,35916,104366,374072,40372,57190,75488,11924,34916,195121,145217,353621,45,608,1721,747.2238255451714,3.7384672897196265
1658528173247,43.136,0.6230366,0.75,0.64,0.42307693,0.5652174,0.45833334,0.625,0.4347826,1.0,63.300003,62.9,62.300003,63.300003,62.9,63.300003,62.600002,64.600006,63.300003,66.3,60.300003,59.600002,3653920,-1440735,1075200,1075200,1075200,1075200,1075200,1075200,652800,1401600,800,7,12,963,3,7,641,22,41,633,21,36,637,26,35,169,8,23,242,106,97,3,1,0,447231,7827,20389,431456,3403,9755,344014,34501,101146,389814,45477,93459,395564,37174,87494,134707,18335,54046,237267,209290,231469,69,337,0,764.977965785381,3.767440124416796
1658528174299,43.158,0.61463416,0.44,0.6,0.8518519,0.5416667,0.36,0.56,0.48,1.0,62.9,62.9,62.600002,62.9,63.300003,63.600002,62.9,64.9,63.600002,66.3,60.600002,59.9,3648665,-1544495,1075200,1075200,1075200,1075200,1075200,1075200,652800,1401600,664,14,18,855,8,12,664,21,57,498,26,40,646,21,49,259,9,22,397,136,101,2,0,0,419071,23257,48919,493555,6824,10167,399656,28985,161982,399682,47318,114426,359627,25968,117806,168393,11507,83074,329988,205867,145620,40,0,0,743.1291214953271,3.4346168224299065
1658528175398,43.166,0.645,0.64,0.75,0.6666667,0.64,0.5,0.46153846,0.5217391,1.0,63.300003,63.600002,62.9,63.600002,63.600002,63.9,63.300003,64.600006,63.9,66.3,60.600002,59.9,3651000,-1667176,1075200,1075200,1075200,1075200,1075200,1075200,652800,1401600,746,12,17,972,4,13,664,25,54,681,25,44,350,13,32,391,21,55,305,112,95,35,1,1,451136,15235,37559,484427,4928,20915,378851,27145,130477,464252,38047,117169,201285,20192,76087,290366,23883,161896,260613,182923,232984,9534,416,2459,726.0168944099379,3.129093167701863
1658528176466,43.177002,0.5857988,0.4,0.5833333,0.42857143,0.61904764,0.27272728,1.0,0.4347826,1.0,63.300003,63.9,63.300003,63.9,63.9,63.9,63.600002,64.9,63.9,66.600006,60.9,60.300003,3637765,-1606446,1075200,1075200,1075200,1075200,1075200,1075200,652800,1401600,709,16,19,762,6,12,546,23,47,550,25,37,604,29,52,328,17,19,286,101,136,8,1,4,449271,25355,30475,459027,5011,13171,341447,27846,134770,374369,49860,181390,389328,53331,154762,162025,22616,53228,281715,157491,242305,4718,3077,5832,748.0374743390357,3.418376360808709
1658528177486,43.185,0.73170733,0.54545456,0.6923077,0.45833334,0.6666667,0.9230769,0.88,0.5769231,1.0,63.300003,63.600002,62.9,63.600002,63.600002,64.3,63.300003,65.3,63.9,66.600006,60.9,60.300003,3649443,-1546021,1075200,1075200,1075200,1075200,1075200,1075200,652800,1401600,753,18,20,867,9,12,737,25,35,563,19,41,690,32,44,164,7,18,182,58,156,2,2,2,458737,22753,56739,477277,15454,14009,387310,33362,68754,378054,33128,155194,413050,41990,132205,110614,9166,49317,224008,126306,385322,3673,3490,2616,636.4923613707165,2.590803738317757
1658528178554,43.196003,0.70408165,0.7307692,0.75,0.5416667,0.6666667,0.6086956,0.7826087,0.47826087,1.0,63.600002,63.600002,62.600002,63.600002,63.9,64.3,63.300003,65.600006,63.9,66.9,60.9,60.300003,3658786,-1414795,1075200,1075200,1075200,1075200,1075200,1075200,652800,1401600,1060,17,26,1009,6,11,667,20,48,529,20,41,82,3,5,433,11,48,330,123,94,5,1,3,556168,19072,39978,510304,3785,19994,423070,35727,131346,465823,30357,140784,52846,2994,16602,308303,13758,152972,263884,201078,198381,72,0,964,755.977570093458,3.443289719626168
1658528179646,43.219,0.56796116,0.30769232,0.52,0.41666666,0.5185185,0.3846154,0.92,0.375,1.0,64.3,64.3,63.600002,64.3,64.3,64.3,63.600002,65.600006,64.3,67.3,61.300003,60.600002,3651974,-1403199,1075200,1075200,1075200,1075200,1075200,1075200,652800,1401600,632,11,13,767,8,13,575,23,48,543,23,36,128,2,26,348,17,30,331,95,119,2,0,1,380172,14731,30661,431795,8847,14657,324172,32032,138633,392282,40054,95937,105355,4003,107066,198502,18427,125080,269318,139689,207309,42,0,438,756.8941118012423,3.098534161490683
1658528180717,43.256,0.59042555,0.68,0.64,0.5217391,0.5217391,0.65217394,0.44,0.3478261,1.0,63.600002,63.600002,62.9,63.300003,63.9,64.3,63.300003,65.3,64.600006,67.3,61.300003,60.600002,3654698,-1401063,1075200,1075200,1075200,1075200,1075200,1075200,652800,1401600,760,20,30,875,10,16,719,26,47,606,31,45,554,20,41,379,15,39,309,103,117,1,1,2,460348,23140,67768,471829,10512,20697,390577,32522,110286,427338,53406,127082,280456,42513,121467,226014,21372,126481,256970,202145,270588,17,375,1017,757.2582988505748,3.298206896551724
1658528181736,43.256,0.6111111,0.4347826,0.7307692,0.41666666,0.56,0.375,0.96153843,0.375,1.0,64.600006,64.600006,63.9,64.600006,64.600006,64.600006,63.9,65.9,65.3,67.3,61.600002,60.9,3650806,-1440735,1075200,1075200,1075200,1075200,1075200,1075200,652800,1401600,750,15,28,794,6,11,741,25,29,613,25,46,325,8,29,484,14,24,223,70,140,3,0,3,471856,16913,52321,422519,5543,17583,381931,39328,61619,418005,49774,130319,204180,8802,117719,258799,20161,71609,205913,131460,303093,70,0,1335,734.856248447205,2.7467329192546583
1658528182816,43.275,0.595122,0.45833334,0.5769231,0.42307693,0.56,0.3846154,1.0,0.4074074,1.0,64.600006,64.3,63.300003,63.9,64.3,64.600006,63.600002,65.9,64.3,67.600006,61.600002,60.9,3651195,-1527405,1075200,1075200,1075200,1075200,1075200,1075200,652800,1401600,907,8,14,663,4,5,751,21,36,509,14,36,459,12,34,256,2,9,382,69,84,63,2,5,429188,10486,34166,358222,2359,6414,396249,24717,84105,329521,20943,98071,263775,20785,101303,126822,3817,20593,368853,112212,188070,16651,854,5783,640.9654658385093,5.317167701863354
1658528183943,43.302002,0.56435645,0.56,0.6,0.6666667,0.5555556,0.25,0.5185185,0.33333334,1.0,64.3,64.600006,63.600002,64.600006,64.600006,64.9,64.3,65.9,64.9,67.600006,61.9,60.9,3654504,-1398926,1075200,1075200,1075200,1075200,1075200,1075200,652800,1401600,1028,18,23,801,4,14,573,19,45,357,23,37,451,11,40,271,13,25,427,95,146,6,0,2,517265,21419,54341,498851,2728,17356,329613,20765,150692,397479,41577,113768,278600,7450,133519,181936,14466,122566,346373,144463,222296,1985,0,4975,741.64973374613,3.494786377708978
1658528185005,43.332,0.545977,0.42857143,0.5652174,0.90909094,0.45454547,0.47826087,0.25,0.22727273,1.0,64.3,64.600006,63.600002,64.3,64.600006,64.9,63.600002,66.3,64.9,67.600006,61.600002,61.300003,3646718,-1476136,1075200,1075200,1075200,1075200,1075200,1075200,652800,1401600,1027,26,23,1045,3,17,581,34,49,461,22,46,654,22,41,193,18,16,218,90,143,2,2,1,496154,29727,40251,531947,724,17051,377035,38238,86475,421989,36713,173127,390893,35277,137405,157520,25610,68081,227765,189609,364878,51,741,479,768.3555776397516,3.7852919254658386
1658528186054,43.351,0.6287129,0.5862069,0.625,0.5,0.5416667,0.6,0.7083333,0.5,1.0,64.600006,64.600006,63.9,64.3,64.9,64.9,63.9,66.3,64.600006,67.600006,61.9,61.300003,3643993,-1474000,1075200,1075200,1075200,1075200,1075200,1075200,652800,1401600,761,12,31,897,8,14,707,29,35,505,26,40,376,16,23,486,25,38,138,77,115,0,0,0,413304,12065,53336,465002,7569,17200,358859,30727,74531,433605,58280,106611,226802,24352,72179,303939,37268,140293,140762,180641,429822,0,0,0,771.4805847589425,3.7752037325038876
1658528187123,43.366,0.5970149,0.6,0.5652174,0.32,0.61538464,0.53846157,0.8148148,0.3478261,1.0,65.3,64.9,64.600006,64.9,65.3,65.3,64.600006,66.600006,65.600006,67.9,62.300003,61.600002,3661316,-1467896,1075200,1075200,1075200,1075200,1075200,1075200,652800,1401600,869,9,7,973,4,6,826,22,43,631,9,42,391,18,31,307,10,30,231,107,88,31,0,4,461597,10315,6546,476098,3738,5644,461955,25770,72426,411568,10460,123019,250049,25183,75358,186946,10182,69384,201485,208756,254442,10093,0,2348,770.424435458787,3.452118195956454
1658528188240,43.381,0.56435645,0.5,0.5714286,0.28,0.5,0.5,0.7692308,0.33333334,1.0,65.600006,65.600006,64.9,65.600006,65.600006,65.600006,64.9,66.9,65.600006,68.600006,62.600002,62.300003,3640490,-1680604,1075200,1075200,1075200,1075200,1075200,1075200,652800,1401600,1018,11,21,783,6,14,660,22,37,605,8,22,363,22,27,339,2,9,340,60,124,62,0,0,444252,14331,37572,434156,5506,14051,382674,32851,62147,400142,18711,70785,202074,33886,87161,222170,2060,12480,351039,108605,260180,24766,0,0,767.8863775351014,3.1549703588143525
1658528189298,43.4,0.5989583,0.4347826,0.5652174,0.3181818,0.5833333,0.4074074,1.0,0.5,1.0,65.600006,65.600006,65.3,65.600006,65.600006,66.3,65.600006,66.9,66.600006,68.600006,62.600002,62.300003,3622778,-1850892,1075200,1075200,1075200,1075200,1075200,1075200,652800,1401600,827,14,23,817,13,24,853,32,58,607,15,37,440,13,39,396,4,31,264,87,111,5,0,0,437530,19500,45111,521447,15285,36351,460419,50598,104179,443674,27046,98902,275808,11731,130924,242002,4404,81079,246808,178905,291448,281,0,0,759.0053167701863,3.7016645962732917
1658528190333,43.415,0.57281554,0.6,0.5769231,0.5416667,0.45833334,0.45833334,0.52,0.29166666,1.0,65.600006,65.600006,65.3,65.3,65.9,65.9,65.3,67.3,65.9,68.600006,62.600002,62.300003,3643993,-1520081,1075200,1075200,1075200,1075200,1075200,1075200,652800,1401600,1038,13,20,950,6,12,657,22,65,636,16,45,400,22,41,119,9,8,413,93,100,5,0,0,535818,14306,45716,502925,9356,9919,421559,35865,148408,458274,28473,139300,308549,41473,146699,84465,18441,26407,336758,148241,171850,75,0,0,735.8082044728434,2.9753865814696487
1658528191387,43.434002,0.6442308,0.5769231,0.5925926,0.44,0.5769231,0.56,0.84615386,0.53846157,1.0,65.600006,65.600006,64.9,65.3,65.9,65.9,64.9,67.3,65.9,68.9,62.9,62.300003,3648275,-1461793,1075200,1075200,1075200,1075200,1075200,1075200,652800,1401600,799,9,11,946,6,13,577,16,30,588,20,46,428,15,48,720,20,33,119,67,129,5,0,0,431379,9138,18200,519259,5034,18864,287887,19522,50713,442184,16457,129591,297723,24423,212893,336329,34841,103325,148380,177483,434299,97,0,0,743.4391290824261,3.748628304821151
1658528192448,43.460003,0.56593406,0.47826087,0.5652174,0.33333334,0.56,0.3478261,0.95454544,0.39130434,1.0,65.9,66.3,65.600006,65.9,66.3,66.600006,65.9,67.600006,66.9,69.3,62.9,62.300003,3643410,-1536866,1075200,1075200,1075200,1075200,1075200,1075200,652800,1401600,823,19,34,990,10,8,641,30,55,499,26,41,266,15,23,571,31,50,279,75,154,2,0,0,468431,28313,53567,506311,12514,6835,358853,44431,116178,381663,53267,128100,162282,29586,55503,336844,34028,91830,251147,147687,334814,51,0,0,743.5373685847588,3.2532503888024884
1658528193480,43.471,0.6292135,0.5,0.5833333,0.5,0.59090906,0.90909094,0.4090909,0.5652174,1.0,65.9,65.9,65.3,65.600006,65.9,66.3,65.3,67.600006,65.600006,68.9,62.9,62.600002,3637765,-1634522,1075200,1075200,1075200,1075200,1075200,1075200,652800,1401600,933,10,18,739,13,22,827,29,61,588,16,46,652,26,47,90,4,13,184,93,113,6,1,5,511185,13142,32824,431653,19189,32246,444666,39545,152253,406059,25988,183072,396736,30824,114756,57901,5005,30345,208589,202572,281106,2610,273,9380,761.2132087227413,3.1967102803738316
1658528194497,43.498,0.63366336,0.5714286,0.59090906,0.4,0.56,0.44,0.96,0.5185185,1.0,65.9,66.3,65.9,66.3,66.600006,66.3,65.9,67.3,66.600006,68.9,62.9,62.600002,3608764,-1668702,1075200,1075200,1075200,1075200,1075200,1075200,652800,1401600,1160,10,25,835,11,22,811,26,32,495,19,39,353,9,43,171,11,18,172,107,114,12,1,2,567905,7683,29191,496973,19007,33600,406097,27500,44694,381348,35898,170497,285095,12546,187814,108097,24097,39797,187086,242532,286820,3561,309,881,751.1463338533541,3.1074945397815914
1658528195567,43.509003,0.5970149,0.7407407,0.65384614,0.72,0.56,0.3846154,0.29166666,0.3846154,1.0,65.600006,65.600006,64.9,65.600006,65.9,66.3,65.3,67.600006,65.9,69.3,63.300003,62.600002,3640685,-1505128,1075200,1075200,1075200,1075200,1075200,1075200,652800,1401600,1135,11,24,791,12,17,879,37,59,529,22,40,579,14,48,137,4,12,368,68,141,17,2,6,551788,13351,43710,515407,20567,22399,505430,55293,123926,458295,46722,117931,360552,22179,163166,89214,4300,59789,297875,110646,269121,7429,322,11108,737.8149851729819,3.1449093904448104
1658528196593,43.517002,0.6980198,0.6,0.7083333,0.44,0.6296296,0.72,1.0,0.45833334,1.0,65.9,66.3,65.9,66.3,65.9,66.3,65.3,67.3,65.9,69.3,62.9,62.600002,3651195,-1396790,1075200,1075200,1075200,1075200,1075200,1075200,652800,1401600,872,12,12,864,7,11,429,17,25,638,23,41,551,19,37,517,23,42,135,61,149,2,1,0,461053,17346,17496,464103,5899,14692,222759,25165,63452,418338,34447,105259,367662,28758,124467,307812,35412,110261,195351,129255,362800,58,258,0,729.4405474339036,3.0894681181959567
1658528197686,43.539,0.5763547,0.3478261,0.56,0.625,0.5,0.46153846,0.76,0.30769232,1.0,66.3,66.3,65.9,66.600006,66.9,66.9,66.3,67.600006,67.600006,69.3,63.300003,62.600002,3637765,-1540528,1075200,1075200,1075200,1075200,1075200,1075200,652800,1401600,760,10,22,799,12,21,758,18,41,729,17,36,487,18,43,168,4,22,280,97,127,19,2,3,422474,11930,49627,436883,15929,29410,341840,19771,87318,404247,20693,92330,308682,24799,118179,131613,8690,96386,254082,172826,243904,3349,765,6471,725.3723172628305,3.2192099533437015
1658528198756,43.558002,0.5841584,0.5,0.61538464,0.36,0.5833333,0.96153843,0.28,0.28,1.0,65.9,65.9,65.3,65.600006,65.9,66.600006,65.3,67.9,65.600006,69.3,63.600002,62.600002,3649249,-1416626,1075200,1075200,1075200,1075200,1075200,1075200,652800,1401600,827,13,18,888,15,19,446,15,23,767,16,37,449,16,40,443,19,25,219,47,144,6,0,5,410187,10616,34239,479479,22159,27177,293684,19765,39157,458661,39797,98405,338074,30066,113949,301862,27599,78056,194629,108015,437804,2158,0,5633,749.3028429237947,3.0236267496111977
1658528199816,43.573,0.7874396,0.9230769,0.8076923,0.875,0.6666667,0.61538464,0.962963,0.5,1.0,66.3,66.3,65.600006,66.3,66.3,66.3,65.600006,67.600006,66.9,69.3,63.300003,62.600002,3652557,-1460572,1075200,1075200,1075200,1075200,1075200,1075200,652800,1401600,1076,18,15,765,15,17,817,26,45,638,16,44,415,19,28,340,8,22,120,67,120,2,0,2,502338,18068,22649,491104,11106,26401,451242,25545,77405,452142,20204,107251,289765,19204,111778,176529,6614,63924,163241,179041,418568,42,0,1386,721.0797643410853,3.106381395348837
1658528200885,43.588,0.58208954,0.53846157,0.5925926,0.6,0.5185185,0.3478261,0.7083333,0.3478261,1.0,67.3,66.9,66.600006,66.3,66.600006,66.600006,65.9,68.3,66.9,69.9,63.300003,62.9,3638154,-1734620,1075200,1075200,1075200,1075200,1075200,1075200,652800,1401600,560,2,11,642,9,9,689,18,32,637,14,32,605,12,43,137,5,11,379,94,108,8,0,4,308609,3279,15969,387263,12527,10566,319509,22811,77073,412128,18173,97341,357828,12850,107677,94865,1885,29756,287355,142471,194655,2496,0,7009,744.1481574803149,3.4730834645669293
1658528201952,43.611004,0.80213904,0.8095238,0.8695652,0.7916667,0.84,0.7916667,0.875,0.65,0.72727275,66.600006,66.600006,66.3,66.9,67.3,67.3,66.600006,67.9,67.600006,69.9,63.9,63.300003,3652752,-1604310,1075200,1075200,1075200,1075200,1075200,1075200,652800,1401600,809,10,12,728,8,14,821,21,41,569,18,39,467,17,29,386,18,37,217,84,131,14,1,11,382459,13698,19509,439201,8218,28312,392954,22584,109038,416458,28891,129725,251008,22726,69231,228734,18306,115191,206835,171124,272249,4926,338,11306,677.0791468315301,3.1082040185471405
1658528202997,43.626003,0.6111111,0.45,0.625,0.35,0.6,0.45454547,1.0,0.2857143,0.95652175,66.9,66.9,65.9,66.3,66.600006,66.600006,65.9,68.3,66.600006,69.9,63.9,63.300003,3612851,-1904603,1075200,1075200,1075200,1075200,1075200,1075200,652800,1401600,919,7,16,714,6,11,815,28,26,512,16,39,494,19,45,196,2,7,272,47,110,154,1,10,415166,10388,21149,382574,4319,12300,369593,29011,67044,343638,27330,121301,302440,25086,122443,92125,1293,15491,248638,104388,299680,49152,365,11196,744.6749906542055,3.178018691588785
1658528204018,43.649002,0.61878455,0.5652174,0.5652174,0.4090909,0.52380955,0.36363637,1.0,0.45454547,1.0,66.600006,66.3,65.9,66.600006,66.600006,67.3,66.600006,68.600006,67.600006,69.9,63.600002,63.300003,3630758,-1544495,1075200,1075200,1075200,1075200,1075200,1075200,652800,1401600,1142,11,19,806,13,20,728,35,44,494,21,50,502,20,39,122,4,17,288,99,112,8,0,4,544012,10674,30925,519896,18148,23892,398812,39356,88684,415825,35531,147207,319482,34300,132340,104691,7627,49040,265555,163646,218967,7108,0,1910,749.5234392523364,3.41203738317757
1658528205051,43.660004,0.6730769,0.6,0.6923077,0.47826087,0.60714287,0.7407407,0.72,0.5555556,1.0,66.9,67.3,66.600006,66.9,67.3,67.600006,67.3,68.600006,67.3,70.3,63.9,63.600002,3652363,-1586304,1075200,1075200,1075200,1075200,1075200,1075200,652800,1401600,900,6,8,892,4,11,835,27,57,501,13,39,464,19,36,195,8,11,220,67,118,3,0,1,465519,3108,9266,481832,4132,15825,430568,36485,89021,396362,17591,99373,305734,28991,91457,100275,7699,29122,189578,114498,307671,64,0,429,745.7405803432137,2.9683619344773793
1658528206137,43.698,0.5699482,0.4347826,0.5833333,0.61538464,0.48,0.8,0.29166666,0.36,1.0,67.3,67.600006,66.3,67.3,67.600006,67.600006,66.9,68.9,67.9,70.3,64.3,63.600002,3632121,-1639405,1075200,1075200,1075200,1075200,1075200,1075200,652800,1401600,1003,8,7,685,5,7,870,23,44,522,19,44,281,11,22,448,9,31,214,84,128,3,0,1,486224,8806,12362,451523,8070,12479,465826,26023,99379,408425,41224,127665,187514,15669,84179,244216,8551,105207,179596,184866,303909,448,0,481,746.9812234548336,2.1383201267828844
1658528207160,43.724003,0.6648936,0.5217391,0.5652174,0.5,0.6923077,0.45833334,1.0,0.5,1.0,66.9,66.600006,65.9,66.9,66.9,66.600006,65.9,68.3,66.600006,69.9,64.3,63.300003,3649054,-1506348,1075200,1075200,1075200,1075200,1075200,1075200,652800,1401600,1001,24,40,858,15,24,535,25,59,422,12,39,531,26,44,191,5,28,237,76,112,6,0,3,466525,21666,48643,477737,14004,38549,316154,34694,150826,307253,20675,176354,303525,35076,70174,140599,6016,140396,195193,179966,350819,2266,0,3691,741.4116884735203,3.3030280373831773
1658528208222,43.769,0.6062176,0.64,0.5416667,0.5833333,0.5555556,0.26086956,0.96153843,0.32,1.0,67.600006,67.600006,66.600006,67.600006,67.9,67.600006,67.3,68.600006,67.9,70.3,64.3,63.600002,3622389,-1565247,1075200,1075200,1075200,1075200,1075200,1075200,652800,1401600,826,7,8,851,3,8,633,22,44,504,30,39,787,28,41,110,3,8,515,66,102,135,2,8,418252,5993,12907,449148,710,11920,362741,22319,118081,295132,52078,102200,388478,30478,70110,41419,5937,15519,172575,113099,359178,34216,1305,8613,772.2765358255452,3.7783925233644857
1658528209276,43.792004,0.6862745,0.5652174,0.71428573,0.4814815,0.6956522,0.5769231,1.0,0.42307693,1.0,66.9,66.9,66.3,66.600006,67.3,67.3,66.600006,68.600006,67.3,70.3,64.3,63.9,3639906,-1607056,1075200,1075200,1075200,1075200,1075200,1075200,652800,1401600,989,15,23,753,13,24,918,31,44,284,22,37,480,25,40,52,1,6,339,51,92,7,1,3,427997,17663,30818,452209,15790,32416,419406,34524,59656,274964,31163,121329,295508,38503,92810,25533,1733,24802,161693,140333,379201,3175,263,5716,750.5590303030302,3.666985645933014
1658528210354,43.826,0.6989796,0.6923077,0.64,0.64,0.625,0.6956522,0.75,0.52,1.0,67.600006,67.3,66.9,66.9,67.600006,67.3,65.9,68.600006,66.9,70.3,64.3,63.600002,3634456,-1438904,1075200,1075200,1075200,1075200,1075200,1075200,652800,1401600,1153,4,7,641,5,8,770,21,36,456,17,34,546,26,36,14,0,1,452,49,94,1,0,0,448264,1490,10635,373286,5643,8600,391692,27660,69280,257818,21670,93453,316939,36403,80717,12699,0,10927,178036,116547,362553,35,0,0,744.9806387596899,3.8983441860465113
1658528211430,43.875004,0.68715084,0.6956522,0.6363636,0.5652174,0.5652174,0.7916667,0.54545456,0.65217394,1.0,67.600006,67.600006,66.9,67.600006,67.600006,67.9,67.3,68.9,68.3,70.600006,64.600006,64.3,3625308,-1661988,1075200,1075200,1075200,1075200,1075200,1075200,652800,1401600,768,9,19,817,9,14,885,17,39,448,18,34,350,7,27,291,20,27,960,43,97,2,0,3,380082,5481,30609,406586,15878,20963,428594,13911,68477,263896,25607,100387,227542,4970,74316,206124,26763,69419,187935,111313,391599,48,0,1785,758.7610077760497,3.4083732503888027
1658528212467,43.898003,0.5990099,0.52,0.625,0.4347826,0.4827586,0.6,0.76,0.375,1.0,67.600006,67.9,67.3,67.600006,67.9,67.600006,67.3,69.3,68.600006,70.9,64.3,64.3,3629785,-1538392,1075200,1075200,1075200,1075200,1075200,1075200,652800,1401600,830,15,23,929,8,19,896,26,32,367,15,34,197,9,23,487,18,25,556,73,105,5,1,4,445816,19576,33344,405451,12714,25093,467124,24455,64611,308854,29565,156236,129592,8645,65335,248412,30300,86191,242452,135886,249788,2303,261,5815,751.69500621118,2.9180124223602486
1658528213517,43.931004,0.6714976,0.5,0.65384614,0.625,0.5555556,0.46153846,1.0,0.53571427,1.0,66.9,67.3,66.9,67.3,67.3,67.9,66.9,68.9,68.3,70.600006,64.600006,64.3,3647497,-1506653,1075200,1075200,1075200,1075200,1075200,1075200,652800,1401600,978,7,14,817,8,15,777,26,35,601,32,50,291,12,19,359,13,32,255,57,136,0,1,2,510523,4297,19328,443181,10830,26451,427379,34550,54063,388324,45151,105430,151989,12469,52821,236722,16286,102313,182815,139187,378761,0,291,980,708.7083432137285,1.6762808112324492
1658528214583,43.977,0.5967742,0.5652174,0.5416667,0.36363637,0.54545456,1.0,0.33333334,0.3809524,1.0,67.600006,67.600006,66.600006,67.3,67.9,67.9,67.3,68.9,67.9,70.600006,64.600006,63.600002,3630758,-1645203,1075200,1075200,1075200,1075200,1075200,1075200,652800,1401600,933,10,30,843,19,21,561,27,35,521,23,51,528,31,39,323,17,31,167,60,95,7,0,2,463851,16161,46962,471432,22788,30717,351056,30391,81417,356817,25540,158866,325473,43862,103493,171846,26620,88060,155665,134150,458224,265,0,1471,659.4330790697675,6.375789147286821
1658528215602,44.011,0.6368159,0.52,0.5217391,0.44,0.61538464,0.4347826,1.0,0.45833334,1.0,67.600006,67.600006,66.9,67.600006,67.600006,67.600006,66.600006,68.9,67.9,70.3,64.600006,63.9,3644967,-1539918,1075200,1075200,1075200,1075200,1075200,1075200,652800,1401600,1064,14,10,732,10,21,533,21,33,436,11,29,358,13,17,607,25,42,210,57,141,1,0,0,460689,13773,16611,441584,8390,23942,333294,27099,69794,331080,15464,103970,189268,24406,44211,364756,44707,131881,180718,115166,355306,20,0,0,744.0160744186046,7.125482170542635
1658528216647,44.045002,0.6262626,0.5,0.61538464,0.46153846,0.5769231,1.0,0.4,0.44,1.0,67.600006,67.3,66.9,67.600006,67.600006,67.9,66.9,69.3,67.600006,70.9,64.600006,64.3,3651974,-1549073,1075200,1075200,1075200,1075200,1075200,1075200,652800,1401600,758,11,21,883,15,25,736,21,50,416,18,39,700,18,50,176,7,10,431,47,125,8,0,0,423491,15086,32174,501284,13414,29704,395011,25707,130709,343730,38865,124030,361924,23974,98008,98721,10725,23211,203848,102495,381360,174,0,0,748.9847547169812,7.824
1658528217692,44.064003,0.6262136,0.48,0.6296296,0.8076923,0.5769231,0.5925926,0.4347826,0.4074074,1.0,67.600006,67.3,66.9,67.9,67.9,67.9,66.600006,69.3,67.600006,70.9,64.9,64.3,3643604,-1485901,1075200,1075200,1075200,1075200,1075200,1075200,652800,1401600,956,12,20,737,10,24,525,21,43,487,21,39,180,11,14,709,17,44,283,71,124,197,8,1,473330,15199,22792,451812,7573,37022,344123,29212,86601,417635,39809,125555,124091,14056,39912,343271,15462,89794,211487,180263,346246,48587,4858,1766,735.4874018691588,7.271676012461059
1658528218790,44.094,0.61290324,0.39130434,0.625,0.45833334,0.625,0.47826087,1.0,0.375,1.0,67.600006,67.9,67.600006,67.600006,67.9,67.9,66.9,69.600006,67.9,70.9,64.600006,63.9,3652752,-1422120,1075200,1075200,1075200,1075200,1075200,1075200,652800,1401600,949,14,21,721,11,20,569,12,26,438,17,31,334,6,21,409,13,29,256,56,141,15,1,5,455380,12844,23020,401653,19535,29673,298197,16643,54101,348183,42524,78595,176507,1990,70628,243870,10791,88699,206908,103505,343614,6613,304,4541,730.2285569620253,7.2682531645569615
1658528219813,44.128002,0.6020408,0.47826087,0.5,0.36363637,0.6296296,0.3846154,1.0,0.4347826,1.0,67.9,67.9,66.9,67.600006,68.3,68.3,67.3,69.3,68.3,71.3,64.600006,64.3,3635624,-1472474,1075200,1075200,1075200,1075200,1075200,1075200,652800,1401600,930,10,23,648,3,9,790,22,38,483,15,31,534,19,40,193,6,20,237,70,116,5,2,2,451316,14451,38638,423211,1892,10600,385917,30666,82977,387698,24032,110613,279117,25450,103491,117172,12510,71727,176726,171269,328422,326,410,924,705.547807751938,6.955708527131783
1658528220866,44.15,0.6268657,0.61538464,0.6,0.48,0.6666667,0.6,0.5769231,0.5,1.0,68.3,67.9,67.3,68.3,68.3,67.9,67.600006,69.3,68.9,70.9,65.3,64.600006,3614798,-1642152,1075200,1075200,1075200,1075200,1075200,1075200,652800,1401600,908,11,15,808,10,19,603,26,34,505,12,34,578,20,56,301,10,25,281,58,101,0,1,2,467495,8291,15225,444344,10796,36915,296777,32691,55439,369064,14915,118926,331056,23695,163505,173195,12022,76546,225161,115924,243955,0,259,1018,723.6553426356588,7.118437209302326
1658528221971,44.18,0.62637365,0.42105263,0.625,0.47826087,0.5652174,0.47826087,1.0,0.5416667,1.0,67.9,68.3,66.9,67.9,68.3,68.3,67.9,69.600006,69.3,71.3,64.9,64.3,3632704,-1450806,1075200,1075200,1075200,1075200,1075200,1075200,652800,1401600,743,8,16,778,11,18,944,31,39,379,14,31,400,23,38,174,5,16,398,79,122,7,0,2,424514,8648,18914,452382,12391,27482,456333,34106,75218,372483,18983,106153,296373,32145,103505,112971,9536,52614,282533,126647,231564,170,0,938,732.4873846153846,7.598923076923077
1658528222974,44.207,0.58128077,0.45833334,0.48,0.5714286,0.5769231,0.3846154,0.71428573,0.5,1.0,68.3,68.3,67.600006,68.3,68.600006,68.3,67.9,69.600006,68.3,71.3,64.9,64.600006,3630953,-1666566,1075200,1075200,1075200,1075200,1075200,1075200,652800,1401600,814,14,20,869,12,20,778,28,39,432,11,31,538,18,41,123,4,8,288,54,124,9,2,2,461452,14889,26913,433356,14209,22655,366718,31883,107050,355404,13725,134864,322881,31981,94747,77690,2795,8444,178876,97616,317453,5370,801,1640,758.0547788161994,7.018517133956386
1658528224053,44.248,0.645,0.56,0.6923077,0.53846157,0.61538464,0.36363637,1.0,0.42857143,1.0,68.3,68.3,67.600006,68.3,68.600006,69.3,68.600006,69.9,69.3,71.9,65.600006,64.9,3629590,-1842042,1075200,1075200,1075200,1075200,1075200,1075200,652800,1401600,770,5,13,819,7,8,785,18,30,470,7,27,573,7,19,498,8,26,324,42,88,37,0,4,382868,7211,19492,385501,9168,7990,399031,19267,95779,306074,16707,73347,255999,7346,47604,256309,12709,106036,291700,94104,218069,9921,0,4763,725.701560821485,7.176341232227489
1658528225096,44.263,0.6480447,0.52380955,0.6363636,0.5,0.625,0.5416667,1.0,0.3478261,1.0,68.3,68.3,67.600006,67.9,68.3,68.600006,67.600006,69.9,68.600006,71.600006,65.3,64.600006,3636208,-1586915,1075200,1075200,1075200,1075200,1075200,1075200,652800,1401600,727,7,16,768,8,12,784,19,21,478,13,34,552,15,34,282,11,23,176,75,131,6,3,2,391831,5762,21257,443261,12039,14739,384734,23632,28814,435737,29172,109136,344502,31541,119532,187624,15323,102117,165111,174950,376962,2778,652,1379,760.343218604651,7.739386046511628
1658528226146,44.282,0.58469945,0.36363637,0.5652174,0.4090909,0.6666667,0.33333334,1.0,0.25,1.0,68.3,68.600006,67.9,68.3,68.3,68.600006,67.600006,69.9,68.600006,71.9,65.3,64.9,3635624,-1581422,1075200,1075200,1075200,1075200,1075200,1075200,652800,1401600,807,12,24,872,8,17,761,17,24,440,15,39,481,24,46,200,7,14,260,61,114,11,1,4,414015,10872,35572,431038,6643,23270,354576,23469,56843,365371,25373,111243,363132,37693,138951,91726,9369,31978,178419,140209,352447,6518,2317,4443,740.1625838509317,6.9121490683229805
1658528227169,44.324,0.657754,0.4090909,0.6666667,0.59090906,0.68,0.625,0.68,0.5416667,1.0,68.3,68.600006,68.3,68.600006,68.600006,68.3,67.3,69.600006,67.9,71.600006,65.3,64.600006,3643993,-1489869,1075200,1075200,1075200,1075200,1075200,1075200,652800,1401600,968,11,22,707,12,16,605,26,38,462,17,33,575,15,28,327,5,28,141,64,114,8,3,3,448559,8168,46584,428894,18978,18773,378893,34263,84081,348713,19017,87315,268481,20214,73208,178627,12427,97552,134850,160842,396663,3793,887,4930,717.4736894409938,6.8859130434782605
1658528228200,44.346,0.6363636,0.47826087,0.5833333,0.6666667,0.6,0.7083333,0.5,0.52,1.0,68.600006,68.600006,67.9,68.3,69.3,68.600006,68.3,69.9,68.9,71.9,65.600006,64.9,3637181,-1562195,1075200,1075200,1075200,1075200,1075200,1075200,652800,1401600,834,5,16,943,6,10,564,18,30,479,10,27,644,14,24,440,13,21,211,39,108,54,2,0,404686,6389,24428,449558,8508,13775,286819,21802,60299,332686,22559,72803,301108,16803,57798,228358,12934,51458,229395,81978,321953,18690,881,0,682.6031950464396,4.709795665634675
1658528229274,44.373,0.6089109,0.4,0.53846157,0.36363637,0.6,0.6,0.9230769,0.36,1.0,68.600006,68.3,68.3,68.3,68.600006,68.9,67.600006,70.3,68.3,71.9,65.600006,65.3,3625892,-1636353,1075200,1075200,1075200,1075200,1075200,1075200,652800,1401600,971,13,20,856,11,13,556,16,31,540,16,38,230,3,19,668,18,54,238,61,135,3,2,0,494652,18549,26616,496747,14082,21542,298271,21856,47155,397803,21163,127032,145504,1778,40385,387674,27194,120571,183462,136138,330544,469,332,0,725.2265980707396,6.473980707395499
1658528230315,44.414,0.62702703,0.6363636,0.65217394,0.54545456,0.65217394,0.36363637,0.65217394,0.47826087,1.0,68.600006,68.9,67.9,68.9,68.9,68.600006,68.600006,69.9,69.600006,71.600006,65.600006,64.9,3631926,-1651917,1075200,1075200,1075200,1075200,1075200,1075200,652800,1401600,849,17,21,890,9,20,752,20,41,430,16,27,590,16,31,97,6,6,324,60,140,91,4,8,447875,15491,31449,468324,7950,22172,419805,24863,91631,354148,49252,91310,348744,26569,111992,43439,5173,17762,232733,108957,338912,20953,1314,14166,738.1064347826086,6.581366459627329
1658528231347,44.437,0.63316584,0.5,0.5833333,0.75,0.6923077,0.52,0.61538464,0.46153846,1.0,68.9,68.9,68.600006,68.600006,68.600006,68.600006,67.9,70.3,68.9,71.9,65.600006,65.3,3641268,-1548768,1075200,1075200,1075200,1075200,1075200,1075200,652800,1401600,717,13,19,785,6,14,690,21,43,512,11,38,701,30,37,223,12,19,201,51,135,5,2,3,399796,10865,28801,452985,6480,23083,365255,25270,90281,370955,12760,120325,377354,41092,66181,130673,15681,53100,200776,117902,350787,192,582,1768,716.5320660066008,7.215260726072607
1658528232367,44.475002,0.7309645,0.8,0.8518519,0.6818182,0.88,0.72,0.76,0.52,0.5833333,68.9,68.9,68.3,68.9,68.9,69.600006,68.9,70.3,69.3,72.3,65.9,65.3,3631537,-1716004,1075200,1075200,1075200,1075200,1075200,1075200,652800,1401600,950,14,37,907,11,13,473,18,20,462,11,27,232,14,35,354,27,41,213,45,141,6,1,1,422479,16998,54429,419269,11841,18410,263438,27732,36453,378815,20881,91481,236225,21754,104009,276077,47896,137720,189072,106137,419026,166,409,375,730.7764093023256,6.636204651162791
1658528233418,44.509003,0.66161615,0.56,0.6296296,0.5,0.64,0.5925926,0.7916667,0.6,0.96153843,69.3,69.3,68.3,68.600006,69.3,69.600006,68.9,70.600006,69.9,71.9,66.600006,65.9,3614993,-1944276,1075200,1075200,1075200,1075200,1075200,1075200,652800,1401600,613,11,14,798,6,12,755,11,29,557,8,21,764,16,33,228,3,11,203,56,114,194,10,24,293832,14973,18848,344180,5693,16382,343637,18312,104751,306145,16909,60985,328679,18404,52292,101923,3432,18776,183836,126105,279798,72305,10939,32263,744.6845876777251,6.7051374407582935
1658528234465,44.535004,0.7258065,0.65217394,0.72727275,0.7083333,0.7826087,0.85714287,0.5,0.61904764,1.0,69.600006,69.600006,68.9,69.600006,69.600006,69.9,68.9,70.600006,69.600006,72.3,66.3,65.600006,3635819,-1649171,1075200,1075200,1075200,1075200,1075200,1075200,652800,1401600,1013,9,15,860,3,10,505,21,24,461,12,22,545,13,40,417,6,24,316,50,144,22,1,8,467410,11974,26089,425983,1613,8503,286709,27831,46291,369901,15703,74170,329204,8003,112752,210027,5757,52640,253795,94581,296729,10539,336,4816,715.3065341614907,6.072447204968944
1658528235509,44.577003,0.6231156,0.5833333,0.5217391,0.7916667,0.6086956,0.45833334,0.5,0.3478261,1.0,69.3,69.600006,68.600006,69.3,69.3,69.600006,68.9,70.600006,69.600006,72.600006,66.3,65.600006,3637376,-1501771,1075200,1075200,1075200,1075200,1075200,1075200,652800,1401600,714,10,16,811,10,14,654,19,37,532,8,25,425,12,31,197,8,8,360,83,120,47,5,10,430147,13448,27352,385744,10444,19786,357230,30805,91291,298150,7916,92193,246957,13225,98174,110268,9638,8809,220295,149444,306898,16674,4679,12368,739.3442051282052,6.727641025641026
1658528236565,44.595,0.6682692,0.72,0.65384614,0.64285713,0.71428573,0.5,0.6666667,0.5769231,1.0,68.9,68.9,68.600006,68.9,68.9,68.9,67.9,70.600006,68.9,72.3,66.3,65.600006,3611294,-1673585,1075200,1075200,1075200,1075200,1075200,1075200,652800,1401600,704,10,25,806,11,21,361,17,20,575,19,36,666,15,39,590,31,35,237,46,138,7,0,0,383188,5975,40228,434719,15907,35001,202184,32649,59987,407323,37171,104931,378583,20177,142142,298664,43121,94589,206038,83236,355077,166,0,0,750.4092566096423,6.726419906687403
1658528237616,44.618004,0.60294116,0.65384614,0.56,0.84,0.48,0.45833334,0.29166666,0.44444445,1.0,68.9,69.3,68.9,69.3,69.3,69.9,69.3,70.9,70.3,72.600006,66.3,65.600006,3613825,-1530152,1075200,1075200,1075200,1075200,1075200,1075200,652800,1401600,795,19,32,833,11,15,712,19,33,566,14,39,403,12,34,437,15,23,343,62,138,11,0,0,437257,21339,46171,460287,15142,15205,400786,27114,69124,381844,11722,123762,249355,17030,118638,241321,17793,46954,208758,104301,354825,255,0,0,727.775591054313,6.705533546325878
1658528238633,44.648003,0.6038647,0.46153846,0.64,0.2962963,0.60714287,0.61538464,0.8214286,0.44444445,1.0,69.3,69.3,68.9,68.9,68.9,69.3,68.600006,70.600006,69.9,72.600006,66.3,65.600006,3654698,-1402588,1075200,1075200,1075200,1075200,1075200,1075200,652800,1401600,844,13,26,786,5,13,521,24,30,501,16,33,755,30,45,297,15,34,246,81,110,6,0,0,403743,9386,44537,436307,5293,15034,267325,33051,62373,390413,41978,102263,361684,47337,106192,210003,22780,96995,226231,187546,270004,125,0,0,759.656880620155,7.068031007751938
1658528239678,44.671,0.5882353,0.45833334,0.56,0.42307693,0.5769231,0.375,0.88461536,0.36,1.0,69.3,69.3,68.3,68.9,69.3,69.3,67.9,70.9,68.9,72.3,65.9,65.3,3648859,-1459656,1075200,1075200,1075200,1075200,1075200,1075200,652800,1401600,998,18,31,754,9,23,870,27,39,430,12,38,533,20,36,269,10,24,375,96,115,4,0,1,510166,13510,52619,458586,11207,28021,409076,36082,65492,368944,17314,133612,294397,30964,79384,157452,10849,74016,239430,184446,240527,638,0,847,678.1380372670808,6.372372670807453
1658528240718,44.705,0.5970149,0.5,0.5833333,0.41666666,0.56,0.34615386,0.962963,0.33333334,1.0,68.9,68.600006,68.600006,68.9,68.9,68.9,68.3,70.600006,68.9,72.3,66.3,65.3,3635040,-1341553,1075200,1075200,1075200,1075200,1075200,1075200,652800,1401600,1106,11,23,906,12,20,659,28,46,531,15,42,424,23,53,173,4,8,170,69,134,15,0,6,498499,7347,31602,499003,17249,37278,384493,37275,114680,401522,31046,146685,289408,45496,139976,100002,13736,28062,154509,147474,407049,8256,0,5234,701.8749592476488,6.80130407523511
1658528241762,44.72,0.6097561,0.4090909,0.5833333,0.44444445,0.5714286,0.42307693,1.0,0.4,1.0,69.600006,69.9,68.600006,69.3,69.600006,69.600006,68.600006,70.9,69.600006,72.600006,66.3,65.600006,3646524,-1534730,1075200,1075200,1075200,1075200,1075200,1075200,652800,1401600,717,9,21,955,12,10,594,20,39,406,11,39,604,15,29,406,16,33,227,40,132,3,0,1,371354,12287,32593,459773,15160,12501,334469,29033,94429,364651,20764,130188,270817,18169,69983,250519,30444,92416,214307,104239,419340,73,0,888,715.652985691574,6.8282098569157395
1658528242789,44.750004,0.5803109,0.6086956,0.5217391,0.3478261,0.53571427,0.84615386,0.3478261,0.4,1.0,68.9,69.3,68.9,69.600006,69.3,69.600006,68.9,70.9,69.9,72.600006,66.3,65.9,3642436,-1573182,1075200,1075200,1075200,1075200,1075200,1075200,652800,1401600,830,12,28,739,13,20,904,30,44,622,22,47,610,29,30,17,1,2,213,68,120,5,0,0,471731,12578,30664,462504,8502,26848,430898,47585,91477,420075,45457,113570,369617,45998,104376,13372,473,4277,207393,141792,330570,108,0,0,706.7288531684698,6.462714064914992
1658528243863,44.788002,0.6089109,0.52,0.5925926,0.24,0.7307692,0.3478261,1.0,0.3846154,1.0,69.3,69.3,68.600006,69.600006,69.9,69.600006,68.600006,70.9,69.600006,72.600006,66.3,65.600006,3634067,-1496888,1075200,1075200,1075200,1075200,1075200,1075200,652800,1401600,1118,10,24,849,7,13,946,34,50,512,20,41,258,12,17,277,11,35,218,60,123,8,0,0,505166,8296,35242,474430,5523,16291,467885,48189,87891,416366,35154,154744,179765,14114,32940,203933,13581,141791,229957,131790,339630,178,0,0,716.5408198757764,6.209291925465838
1658528244913,44.814003,0.6123595,0.52380955,0.6086956,1.0,0.5652174,0.42857143,0.36363637,0.3181818,1.0,69.600006,69.9,69.3,69.600006,69.9,69.9,69.600006,71.3,70.3,72.9,66.600006,65.9,3624335,-1737061,1075200,1075200,1075200,1075200,1075200,1075200,652800,1401600,939,7,15,985,8,13,597,27,51,628,11,27,589,9,43,41,1,2,255,66,125,4,1,2,485173,7000,14612,460714,10667,15124,390967,29856,123161,424887,15804,60570,397531,15112,145149,36391,262,6836,205448,139596,311576,5014,297,1532,695.749164556962,6.625316455696203
1658528245927,44.848003,0.55737704,0.47826087,0.5652174,0.9166667,0.52,0.26086956,0.47826087,0.3043478,1.0,69.600006,69.600006,68.600006,69.600006,69.600006,69.9,68.600006,70.9,69.3,72.9,66.600006,65.600006,3643020,-1563416,1075200,1075200,1075200,1075200,1075200,1075200,652800,1401600,808,14,26,796,13,24,526,10,30,493,25,38,428,29,46,450,15,39,173,51,155,1,2,0,393628,12680,34726,446356,12106,28647,257226,13915,54102,337847,51926,127312,302916,57380,124941,257557,22654,80990,223948,119498,356607,275,1026,0,706.1685605095541,6.218140127388535
1658528246956,44.882004,0.6091954,0.45454547,0.59090906,0.8,0.6086956,0.54545456,0.3809524,0.45454547,1.0,69.3,69.3,68.600006,68.600006,69.3,69.3,68.3,71.3,68.9,72.3,66.600006,65.9,3638349,-1504822,1075200,1075200,1075200,1075200,1075200,1075200,652800,1401600,1167,7,17,943,10,20,313,14,22,470,21,33,508,17,50,160,12,26,175,51,130,3,2,0,521094,5422,16219,478226,14946,28151,239912,17135,49922,451127,44100,101280,353873,28938,187589,164124,22595,77311,186831,129001,366974,64,908,0,730.2679681020733,6.880918660287081
1658528247959,44.916,0.62376237,0.56,0.6296296,1.0,0.68,0.36,0.36,0.44,0.96,69.9,69.9,68.9,69.9,70.3,69.600006,69.600006,71.600006,70.9,72.9,66.600006,65.9,3632899,-1560059,1075200,1075200,1075200,1075200,1075200,1075200,652800,1401600,951,12,9,795,6,11,434,15,29,516,17,35,704,21,32,244,13,32,321,51,112,3,0,4,433941,10403,20426,452137,6315,15185,243544,26676,57752,358372,33717,107839,325920,24463,71123,216193,14677,113339,204626,118987,291716,62,0,2796,735.7179627329192,6.335701863354037
1658528249025,44.954002,0.5677083,0.4090909,0.5833333,0.3809524,0.5,0.33333334,1.0,0.29166666,1.0,69.9,70.3,69.600006,70.3,69.9,70.3,69.3,71.600006,70.3,72.9,66.9,65.9,3633288,-1657105,1075200,1075200,1075200,1075200,1075200,1075200,652800,1401600,524,8,15,861,5,16,350,6,11,571,8,31,575,15,40,586,25,41,468,59,85,35,1,9,319271,12458,30360,439939,4129,23801,151372,3732,33344,387157,14253,80763,348117,14669,119500,370966,20628,82324,341005,102260,185692,18970,448,12700,684.1553473344103,7.3556058158319875
1658528250044,44.991,0.66,0.48,0.6923077,0.45833334,0.65384614,0.4,0.96153843,0.61538464,1.0,69.9,69.9,68.9,69.9,70.3,70.3,69.3,71.3,70.3,73.3,66.9,66.3,3618885,-1621400,1075200,1075200,1075200,1075200,1075200,1075200,652800,1401600,817,11,19,842,7,14,614,27,32,407,11,41,622,22,34,155,4,8,306,57,111,2,0,1,485816,13135,22760,443307,5342,18501,352939,53679,79399,344152,25534,110776,391047,33885,122148,107597,1454,7690,218035,122199,321956,42,0,0,718.1058808777428,6.134119122257053
1658528251082,45.033,0.5294118,0.5925926,0.30769232,0.5,0.5,0.5769231,0.32,0.36,1.0,69.9,70.3,69.600006,69.9,69.9,69.9,69.9,70.9,71.3,72.600006,67.3,66.600006,3615966,-1701966,864000,864000,864000,864000,864000,864000,652800,1094400,957,8,14,907,6,8,809,19,33,522,18,47,563,22,48,17,2,2,261,85,98,2,0,2,464873,7970,25563,494159,5784,5092,449174,16747,104574,362894,33585,155396,387364,24364,151007,12494,2341,6378,210707,152351,224699,42,0,1016,601.3350419906687,5.19594401244168
1658528252134,45.075,0.42937854,0.22727273,0.3478261,0.1,0.27272728,0.27272728,1.0,0.18181819,1.0,67.9,67.9,67.600006,68.3,68.3,67.600006,67.600006,69.3,68.3,70.600006,65.9,65.600006,3686814,-852051,864000,864000,864000,864000,864000,864000,652800,1094400,696,13,25,729,13,18,628,21,45,451,19,40,345,11,30,499,26,45,481,68,113,2,0,2,475343,15579,38788,586783,17622,37134,350959,20711,176939,324187,30064,132900,271253,12856,80634,326171,43964,153491,299140,129456,250722,41,0,898,18.567950310559006,0.12601242236024845
1658528253133,45.096,0.68159205,0.72,0.6666667,0.6,0.84,0.5769231,0.6,0.41666666,1.0,66.600006,66.600006,65.9,66.600006,66.600006,67.3,66.600006,67.9,67.3,69.600006,64.9,64.3,3691290,-820923,864000,864000,864000,864000,864000,864000,652800,1094400,641,32,52,641,37,58,246,18,39,368,20,59,327,25,50,198,10,22,383,98,131,0,0,0,526335,55959,107384,505410,63754,164373,246581,41675,192383,432849,40413,314831,318972,49142,231318,210759,17663,83341,316277,224108,354884,0,0,0,48.93767441860465,0.8703007751937984
1658528254261,45.142002,0.34302327,0.27272728,0.35,0.54545456,0.4090909,0.0952381,0.125,0.0952381,1.0,66.600006,66.9,66.3,66.9,66.9,66.600006,66.3,67.3,67.3,68.3,64.600006,64.3,3628617,-1449586,864000,864000,864000,864000,864000,864000,652800,1094400,771,10,15,814,9,15,524,25,55,617,18,25,648,28,64,434,12,43,556,101,112,111,0,0,527047,13814,24607,469768,20735,27150,431086,35615,179116,377211,14707,101089,486473,37810,211475,347206,19284,178307,444829,150636,219161,43952,0,0,56.888576802507835,0.9468589341692789
1658528255265,45.189003,0.39673913,0.05,0.2173913,0.04761905,0.20833333,0.3478261,1.0,0.13043478,1.0,65.600006,65.3,64.9,65.9,65.600006,64.9,65.3,66.600006,65.600006,67.9,63.9,63.600002,3680001,-895081,864000,864000,864000,864000,864000,864000,652800,1094400,882,38,40,860,31,45,297,22,44,133,7,25,304,18,67,439,23,65,284,28,92,41,0,1,647708,55031,67807,643837,44181,83486,333311,34208,278356,153866,11763,117009,379051,46612,381155,484330,41383,354045,422017,57201,410856,1644,0,2010,49.944745341614905,0.7167204968944099
1658528256280,45.222004,0.40487805,0.28,0.3846154,0.46153846,0.3448276,0.1923077,0.26086956,0.2962963,1.0,64.9,64.9,64.3,64.9,65.3,65.3,64.9,66.3,65.3,67.600006,63.300003,63.300003,3680001,-972290,864000,864000,864000,864000,864000,864000,652800,1094400,654,19,33,909,30,45,316,22,57,318,24,34,242,9,38,303,16,36,536,117,92,1,0,2,586520,18001,101610,724410,47023,75409,376921,37853,322038,435422,50301,144903,380563,15674,296996,333449,21319,163440,398923,198298,242553,30,0,958,56.27314285714286,0.5221298701298701
1658528257298,45.260002,0.37222221,0.22727273,0.3043478,0.3478261,0.5,0.22727273,0.13636364,0.13636364,1.0,64.600006,64.3,63.9,64.600006,64.600006,65.3,64.3,65.9,64.9,66.9,62.600002,62.600002,3682726,-904541,864000,864000,864000,864000,864000,864000,652800,1094400,844,15,33,830,16,29,304,25,63,405,21,46,256,13,61,272,17,50,465,116,115,7,0,0,712883,29613,87263,685009,23153,54980,434729,40900,303287,405823,48730,131716,416469,20513,334410,315967,19522,238637,395162,203133,215234,192,0,0,47.27659967051071,0.29005601317957164
1658528258313,45.294003,0.37438422,0.20833333,0.4642857,0.30769232,0.125,0.36,0.33333334,0.125,1.0,63.9,64.3,64.3,64.600006,64.600006,64.3,64.3,65.3,64.9,66.3,62.9,62.300003,3685840,-825501,864000,864000,864000,864000,864000,864000,652800,1094400,745,26,41,796,23,58,246,11,49,597,45,49,237,13,37,243,19,53,364,126,117,0,0,0,674725,36522,99202,651206,33254,142106,294039,20601,318275,504335,97753,170089,280026,28219,221143,334626,42130,301700,323338,239469,284642,0,0,0,50.93524105754276,0.43058164852255054
1658528259358,45.332,0.35051546,0.1923077,0.17391305,0.13043478,0.48,0.12,0.64,0.083333336,1.0,63.9,63.9,63.300003,63.9,64.600006,64.3,63.600002,64.9,64.3,65.9,62.300003,61.9,3667155,-799255,864000,864000,864000,864000,864000,864000,652800,1094400,836,15,26,780,24,29,572,57,64,466,29,77,212,13,39,153,7,39,295,94,127,4,0,0,723203,21629,61037,649828,47928,63581,547948,95786,211837,522492,43925,331588,214493,17590,141819,242044,13979,283107,297237,220058,326782,105,0,0,53.95170046801872,0.4293790951638065
1658528260393,45.365,0.38624337,0.2173913,0.3478261,0.125,0.7916667,0.13043478,0.13043478,0.2173913,1.0,63.600002,63.600002,62.9,62.9,63.600002,63.600002,63.300003,64.9,63.9,65.9,61.600002,61.600002,3700438,-719299,864000,864000,864000,864000,864000,864000,652800,1094400,900,19,32,1014,26,22,353,35,67,392,35,69,134,11,30,295,20,56,196,95,105,4,0,0,732005,35648,73775,746569,31180,38286,401757,76419,369183,418677,81256,229707,169351,21709,188524,331947,41551,331296,213998,255204,404297,113,0,0,54.45650080256822,0.39709791332263245
1658528261405,45.403004,0.35911602,0.27272728,0.3181818,0.045454547,0.20833333,0.8695652,0.09090909,0.0,1.0,63.300003,63.600002,62.9,63.300003,63.9,63.9,63.600002,64.9,64.3,65.9,61.9,61.600002,3691096,-903931,864000,864000,864000,864000,864000,864000,652800,1094400,681,26,33,637,13,21,413,24,62,389,31,47,383,24,58,249,15,45,108,90,102,3,0,0,596280,25615,81847,568341,21166,36042,452187,47164,357648,380559,67956,133606,434489,43181,314669,286422,25378,271113,126836,276684,453791,74,0,0,51.236616393442624,0.3777049180327869
1658528262441,45.429,0.42021278,0.2173913,0.22727273,0.4090909,0.20833333,0.24,0.7083333,0.3043478,1.0,62.9,62.9,62.600002,62.9,63.300003,63.300003,62.9,64.3,63.300003,65.3,61.600002,61.300003,3680780,-874634,864000,864000,864000,864000,864000,864000,652800,1094400,746,18,25,962,28,33,428,33,68,647,51,82,160,15,13,246,16,54,134,83,121,1,0,0,683472,17230,72491,719783,42550,73833,458316,62291,263870,578594,96302,217033,124653,34307,24382,382538,28459,321048,144542,215164,512095,30,0,0,46.297921507064366,0.35642072213500786
1658528263456,45.462,0.42857143,0.2,0.5652174,0.29166666,0.23076923,0.23076923,0.5,0.37037036,1.0,62.9,62.9,62.600002,63.300003,63.300003,63.600002,62.9,63.9,63.300003,65.3,61.600002,60.9,3693820,-830689,864000,864000,864000,864000,864000,864000,652800,1094400,901,26,42,792,35,29,251,31,50,454,40,77,223,11,47,295,19,33,227,69,137,1,0,0,696115,53492,107588,651653,53006,71163,271528,59108,257559,476324,74852,320107,310764,14338,347972,271669,28767,145366,226484,161075,476551,17,0,0,55.54840449438203,0.5019325842696629
1658528264468,45.509003,0.36410257,0.08695652,0.28,0.041666668,0.16,0.04347826,1.0,0.23076923,1.0,62.600002,62.9,62.300003,62.9,62.9,62.9,62.600002,63.9,62.9,64.9,61.600002,60.9,3693431,-887756,864000,864000,864000,864000,864000,864000,652800,1094400,988,19,27,677,31,22,278,17,50,422,43,71,261,22,54,197,11,37,161,56,134,3,0,0,729706,30470,75338,529476,49679,32796,304381,33833,262709,432560,97299,316981,372340,47936,394143,216230,19107,182721,150309,163046,560229,60,0,0,49.07901577287066,0.43396845425867503
1658528265479,45.526,0.4124294,0.1904762,0.2173913,0.13636364,0.2173913,0.17391305,0.9130435,0.3809524,1.0,62.300003,62.600002,61.9,62.600002,62.600002,62.600002,62.300003,63.600002,62.600002,64.600006,60.9,60.600002,3692069,-862122,864000,864000,864000,864000,864000,864000,652800,1094400,940,30,32,796,21,32,548,50,62,463,37,79,258,22,54,45,2,4,228,88,160,3,0,1,752667,48268,64415,710050,30771,88910,530578,96149,250481,511704,79128,314863,370083,39037,372806,33986,2054,9420,248971,190080,450202,1173,0,5114,49.7723076923077,0.3916923076923077
1658528266493,45.568,0.33918127,0.1,0.42857143,0.09090909,0.14285715,0.6363636,0.13043478,0.0952381,1.0,62.300003,62.600002,62.300003,62.9,62.600002,62.300003,61.9,63.600002,62.9,64.600006,60.600002,60.9,3687592,-864563,864000,864000,864000,864000,864000,864000,652800,1094400,642,16,32,617,18,34,374,21,68,461,40,61,160,11,36,203,16,44,490,146,88,6,0,0,617626,32504,77344,520256,31599,67811,421178,41673,295600,500165,90119,229011,287570,26166,284135,285941,28306,281997,406582,236679,149620,149,0,0,49.24381260096931,0.40648788368336025
1658528267498,45.589,0.46153846,0.22727273,0.375,0.6086956,0.5833333,0.26086956,0.3043478,0.44,1.0,61.600002,61.9,61.600002,61.9,62.600002,62.300003,61.600002,63.300003,62.300003,64.3,60.300003,60.300003,3696156,-900269,864000,864000,864000,864000,864000,864000,652800,1094400,652,23,38,672,22,24,428,24,75,726,55,41,261,19,45,144,8,28,149,79,139,3,0,0,613448,40383,88894,598531,40125,46467,484722,40834,331405,595000,89967,114237,334843,35919,253734,206268,5998,203066,171760,193893,445946,60,0,0,62.89592417061611,0.4985023696682464
1658528268516,45.618004,0.43575418,0.1904762,0.5217391,0.15,0.75,0.0952381,0.2173913,0.4347826,1.0,61.9,62.300003,61.600002,62.300003,61.9,62.300003,61.600002,63.300003,61.9,64.3,60.600002,59.9,3689928,-922547,864000,864000,864000,864000,864000,864000,652800,1094400,724,23,36,689,25,39,382,27,60,634,53,52,190,12,28,230,14,50,197,113,163,3,0,0,710544,40818,101061,598968,46178,66206,426775,49300,273885,551974,91157,122942,223373,16512,125364,377331,17777,346526,214041,255759,386962,67,0,0,59.85041860465116,0.5082790697674419
1658528269525,45.639004,0.37254903,0.15384616,0.23076923,0.115384616,0.12,0.3846154,0.76,0.1923077,1.0,62.300003,61.9,61.300003,61.600002,61.600002,61.9,61.300003,62.9,61.9,63.9,60.300003,59.9,3693820,-822449,864000,864000,864000,864000,864000,864000,652800,1094400,778,26,37,626,25,39,408,27,49,395,36,69,375,19,57,286,20,37,238,98,159,5,0,0,674431,51017,62839,516000,38706,91979,456987,49824,261692,432791,73739,239022,408491,35910,311914,307654,38087,177059,237639,205759,388339,127,0,0,52.63479069767442,0.44502325581395347
1658528270559,45.652,0.4088398,0.22727273,0.45833334,0.18181819,0.13636364,0.6666667,0.18181819,0.29166666,1.0,61.9,61.600002,61.300003,61.9,62.600002,62.300003,61.9,63.300003,62.600002,64.3,59.9,59.9,3696740,-799866,864000,864000,864000,864000,864000,864000,652800,1094400,798,20,30,1040,24,26,563,26,49,638,37,50,343,14,39,251,3,14,177,81,140,4,0,0,627369,36901,65798,690403,45173,49202,453494,46421,212478,536590,73419,143046,316458,23273,209190,159947,4009,61023,198017,174865,404639,118,0,0,61.08909316770186,0.4243975155279503
1658528271572,45.665,0.42105263,0.2,0.23809524,1.0,0.15,0.1904762,0.14285715,0.33333334,1.0,61.600002,61.9,61.600002,61.9,61.9,61.300003,61.600002,62.600002,61.9,63.600002,59.9,59.9,3690317,-895386,864000,864000,864000,864000,864000,864000,652800,1094400,851,23,25,772,17,33,470,35,51,790,46,54,321,17,21,272,22,37,232,83,168,7,0,0,687687,39132,44757,583985,24596,57293,460170,66204,187333,591484,71439,178813,289790,29974,79382,375363,45224,209622,241685,183207,414041,245,0,0,58.18161951219513,0.48983414634146344
1658528272572,45.673,0.4,0.25,0.3846154,0.5833333,0.48,0.16666667,0.08695652,0.2962963,1.0,61.600002,61.9,61.300003,61.600002,61.300003,61.600002,60.600002,62.600002,61.300003,63.9,59.600002,59.600002,3704915,-748291,864000,864000,864000,864000,864000,864000,652800,1094400,821,29,29,844,26,34,178,17,43,618,59,52,388,19,61,242,15,32,21,44,126,4,0,0,633657,41848,72207,701795,46836,55212,298786,35521,258654,537283,92866,96945,449444,34318,336625,242465,31347,100322,29106,168838,683884,83,0,0,62.2342671009772,0.5178371335504887
1658528273583,45.698,0.3625731,0.0952381,0.2,0.04761905,0.14285715,1.0,0.14285715,0.18181819,1.0,61.300003,61.600002,60.600002,61.300003,61.300003,60.9,60.600002,62.300003,61.300003,63.300003,59.9,59.600002,3681364,-845947,864000,864000,864000,864000,864000,864000,652800,1094400,814,30,25,739,22,22,319,13,29,285,28,61,360,22,53,433,28,63,45,48,120,8,0,3,631770,52429,38604,614926,28542,38612,261794,22252,109306,420432,75861,226364,453628,34048,281137,471299,57458,334047,53288,182820,665016,1101,0,1311,57.56585335413416,0.5542839313572543
1658528274635,45.698,0.37696335,0.13043478,0.25,0.08695652,0.1923077,0.1923077,1.0,0.16666667,1.0,60.9,61.300003,60.9,61.300003,61.300003,61.300003,60.9,62.300003,61.600002,63.300003,59.600002,59.600002,3698881,-809937,864000,864000,864000,864000,864000,864000,652800,1094400,816,23,39,916,21,19,426,26,70,417,48,65,257,37,43,225,15,36,175,75,137,5,0,1,721517,36575,98111,718657,29428,33323,470890,56009,313946,422370,95685,188543,319616,72672,200150,261683,17060,178858,197658,173230,541860,118,0,449,52.63815863141524,0.46566718506998445
1658528275662,45.724003,0.38418078,0.14285715,0.1904762,0.26086956,0.23809524,0.9130435,0.13043478,0.18181819,1.0,61.300003,60.9,60.600002,60.9,61.600002,61.600002,60.9,62.300003,61.600002,63.600002,59.600002,59.300003,3672021,-933838,864000,864000,864000,864000,864000,864000,652800,1094400,857,23,35,787,27,33,437,29,75,391,44,63,210,15,32,138,14,36,204,89,163,1,0,0,719567,32349,119046,708005,37692,51884,494505,53495,352498,466012,90044,300832,220761,23052,123055,239194,22856,238109,226570,193155,470786,16,0,0,60.90931677018634,0.44392546583850934
1658528276668,45.745003,0.37931034,0.26086956,0.3043478,0.3809524,0.26086956,0.0952381,0.59090906,0.18181819,1.0,61.300003,60.9,60.600002,60.9,61.300003,60.9,60.600002,61.9,60.9,63.300003,59.600002,59.300003,3695572,-762634,864000,864000,864000,864000,864000,864000,652800,1094400,843,21,32,745,35,40,328,24,43,439,31,68,260,20,45,321,21,57,125,111,114,5,0,0,695414,42163,82496,635880,66783,79733,313430,50705,140804,492285,43417,269675,274819,26056,190636,383640,38675,282295,154785,284380,426497,164,0,0,57.24212459016394,0.4346754098360656
1658528277670,45.749,0.38918918,0.20833333,0.36,0.3478261,0.73913044,0.0952381,0.13636364,0.18181819,1.0,60.9,60.9,60.300003,60.9,60.9,60.600002,60.600002,62.300003,61.300003,62.9,59.300003,59.300003,3699076,-815735,864000,864000,864000,864000,864000,864000,652800,1094400,847,23,30,839,25,44,479,38,68,452,32,75,273,18,52,73,7,15,454,119,102,1,0,0,702690,36955,68089,696091,31887,97186,508919,65809,234365,477724,59181,252519,412777,44074,337581,94034,9921,62501,350454,206721,260168,23,0,0,56.20998347107438,0.49036694214876037
1658528278674,45.774002,0.35795453,0.14285715,0.13636364,0.0,0.13636364,1.0,0.13043478,0.1,1.0,60.600002,60.600002,60.300003,60.300003,61.300003,61.300003,60.600002,61.9,60.9,62.9,59.300003,58.9,3688176,-802002,864000,864000,864000,864000,864000,864000,652800,1094400,804,23,39,757,34,37,619,48,65,304,25,44,225,26,30,248,14,49,183,120,121,1,0,0,674082,25094,108758,659105,63674,81093,556256,70994,180843,335399,55510,183273,254370,45318,151559,376599,34640,313290,170615,318515,353935,31,0,0,64.494,0.4518
1658528279690,45.799004,0.37931034,0.15,0.1904762,1.0,0.09090909,0.0952381,0.0952381,0.26086956,1.0,60.600002,60.600002,60.300003,60.9,60.600002,60.600002,60.300003,62.300003,60.9,63.300003,58.9,58.9,3685256,-853882,864000,864000,864000,864000,864000,864000,652800,1094400,874,17,29,907,20,39,578,43,69,179,24,40,253,26,46,310,28,64,122,93,132,5,0,0,681702,30674,77327,722459,37998,88133,538222,60406,183152,243087,48758,196140,259137,45841,153786,417838,47578,346331,137633,250025,456135,121,0,0,55.82915702479339,0.4254148760330579
1658528280718,45.799004,0.36082473,0.25,0.375,0.08695652,0.2,0.6923077,0.16666667,0.12,1.0,60.9,60.600002,59.9,60.600002,60.300003,60.600002,60.300003,61.600002,60.600002,62.9,59.300003,58.9,3699660,-795593,864000,864000,864000,864000,864000,864000,652800,1094400,707,14,22,1052,24,20,242,19,46,483,35,72,215,16,33,427,37,64,208,82,114,5,0,0,676468,23394,68969,738581,38521,46280,307278,33065,219922,519063,59278,304934,262966,24084,139848,444537,67108,241677,236317,214121,416033,101,0,0,58.58538102643856,0.5354898911353033
1658528281734,45.820004,0.35911602,0.17391305,0.15,0.16,0.13636364,0.13043478,0.9583333,0.13043478,1.0,60.600002,60.600002,60.300003,60.300003,60.300003,60.600002,60.300003,61.600002,60.9,62.600002,58.9,58.600002,3693626,-862732,864000,864000,864000,864000,864000,864000,652800,1094400,572,12,43,857,30,34,345,31,72,534,40,68,136,13,20,342,34,62,341,99,121,3,0,0,588129,14126,110676,630287,39395,60841,452265,88299,359371,548380,72211,235492,137206,27282,127316,450792,51444,301111,276345,217094,368420,73,0,0,56.540689655172415,0.43554679802955665
1658528282773,45.837,0.36453202,0.083333336,0.1923077,0.125,0.12,0.115384616,1.0,0.15384616,1.0,60.300003,60.300003,59.600002,60.300003,60.300003,60.9,60.300003,61.300003,60.300003,62.9,58.9,58.300003,3711143,-698547,864000,864000,864000,864000,864000,864000,652800,1094400,718,21,31,956,23,17,264,17,44,392,31,67,321,12,61,211,26,46,303,133,99,3,0,0,703058,34452,93705,704427,36124,35290,275869,30270,261431,412073,47375,274016,439556,19718,367217,310893,40442,248999,293606,258862,304249,93,0,0,59.71514754098361,0.40430163934426233
1658528283806,45.846,0.34857142,0.14285715,0.22727273,0.77272725,0.05,0.23809524,0.13636364,0.1,1.0,60.300003,60.300003,60.300003,60.600002,60.300003,59.9,59.9,61.600002,60.600002,62.9,58.9,58.600002,3705109,-738525,864000,864000,864000,864000,864000,864000,652800,1094400,690,24,37,772,30,41,280,17,56,341,26,62,276,10,55,202,12,42,548,166,68,2,0,0,712623,39221,112634,707573,48841,95887,340258,41433,267779,387282,52191,216074,421690,15550,384556,275877,21000,193113,451933,266465,106209,50,0,0,55.77540372670807,0.38817391304347826
1658528284806,45.854004,0.36893204,0.23076923,0.2,0.24,0.4814815,0.56,0.115384616,0.0,1.0,59.9,59.9,60.300003,59.9,59.9,59.9,59.600002,61.300003,60.300003,62.300003,58.600002,58.600002,3699270,-820313,864000,864000,864000,864000,864000,864000,652800,1094400,661,25,43,686,32,35,129,6,23,412,33,95,276,23,49,240,17,54,555,135,64,0,0,0,675783,46204,127245,606715,75215,67294,134830,9065,129574,452764,64494,350931,340240,47387,362932,326804,29305,402303,436446,216075,134271,0,0,0,57.09518048780488,0.36448780487804877
1658528285811,45.875004,0.3773585,0.15384616,0.22222222,0.04,0.14814815,0.33333334,1.0,0.08,1.0,60.600002,60.300003,59.300003,60.300003,60.600002,60.600002,59.600002,60.9,60.300003,62.300003,58.600002,58.300003,3699076,-836792,864000,864000,864000,864000,864000,864000,652800,1094400,607,17,29,668,13,23,289,13,53,476,39,67,198,16,49,303,24,52,410,140,78,3,0,0,643427,30291,94394,549520,20382,58566,359821,24751,306706,469898,80717,225338,316593,33906,323987,349068,52349,221876,346282,245836,193886,75,0,0,49.06057142857143,0.38755555555555554
1658528286845,45.875004,0.3707317,0.16666667,0.32,0.08,0.16,0.9230769,0.07692308,0.08,1.0,59.9,59.9,59.300003,59.600002,60.300003,60.600002,59.600002,61.300003,59.9,62.300003,58.300003,58.300003,3701411,-796814,864000,864000,864000,864000,864000,864000,652800,1094400,591,18,33,920,32,32,260,22,59,471,27,75,112,7,26,215,15,41,481,142,91,2,0,0,593379,27925,110329,747616,54235,59719,368443,43151,322464,540015,55820,309178,177988,13722,197029,298140,29699,235723,374271,267769,193596,36,0,0,52.13128874388254,0.4276933115823817
1658528287846,45.892002,0.3442623,0.22727273,0.36363637,0.6956522,0.13043478,0.125,0.09090909,0.045454547,1.0,59.9,59.9,59.300003,59.9,60.300003,60.300003,59.300003,61.300003,59.9,62.300003,58.600002,58.300003,3711532,-793152,864000,864000,864000,864000,864000,864000,652800,1094400,662,20,34,694,29,47,215,13,58,542,43,74,218,18,37,243,15,44,285,151,110,5,0,0,672644,44960,86169,564267,40364,93371,334077,21374,326171,562169,72293,229335,309487,29112,216718,332599,37366,238504,268816,271425,285986,109,0,0,53.8514716981132,0.41162264150943395
1658528288848,45.892002,0.35955057,0.3181818,0.22727273,0.625,0.20833333,0.27272728,0.20833333,0.13043478,1.0,59.9,59.9,59.600002,60.300003,60.300003,59.9,59.600002,60.9,60.600002,62.300003,58.600002,58.300003,3689538,-943604,864000,864000,864000,864000,864000,864000,652800,1094400,748,24,34,782,24,39,294,19,61,435,44,60,194,14,43,243,19,62,275,158,106,5,0,0,621777,40821,61753,660306,49549,78842,353978,44155,242423,446130,90641,166736,258885,27840,212923,381738,21875,385649,255244,312234,227748,117,0,0,56.016235679214404,0.4583175122749591
1658528289850,45.909,0.35643566,0.16666667,0.33333334,0.7692308,0.12,0.1923077,0.115384616,0.115384616,1.0,59.9,59.9,59.9,59.9,59.9,59.600002,59.300003,61.300003,59.9,62.300003,58.300003,57.9,3699076,-784607,864000,864000,864000,864000,864000,864000,652800,1094400,638,17,37,777,28,43,419,37,47,358,27,75,347,29,43,256,18,47,262,143,99,4,0,0,604323,28677,103199,658232,50576,99658,433269,65813,129146,456842,45720,315397,325769,46737,210582,354274,41819,238210,237782,333955,281884,85,0,0,62.57822152886115,0.4570858034321373
1658528290879,45.917004,0.38,0.25,0.30769232,0.125,0.5,0.17391305,0.5769231,0.04,1.0,60.300003,60.300003,59.600002,59.9,60.300003,60.300003,59.600002,61.300003,60.300003,62.300003,58.600002,58.300003,3678639,-946045,864000,864000,864000,864000,864000,864000,652800,1094400,714,20,31,723,24,42,221,24,34,628,49,71,246,15,45,355,24,62,327,137,103,2,0,0,671482,26899,92340,657862,29408,89796,246445,30978,143072,557695,82086,193550,342406,26293,248830,436096,44958,336675,323342,241445,251410,38,0,0,53.707065420560745,0.39042990654205606
1658528291921,45.905003,0.3497537,0.2962963,0.64,0.12,0.23076923,0.30769232,0.25,0.04,1.0,59.600002,59.9,59.300003,59.600002,59.9,60.300003,59.300003,60.9,59.9,61.9,58.300003,58.300003,3701411,-748291,864000,864000,864000,864000,864000,864000,652800,1094400,696,16,38,1021,28,29,451,15,34,581,33,47,478,8,31,370,5,23,232,93,105,26,2,6,561844,19819,103927,665213,54766,50039,376458,23062,149401,490469,64586,145406,427216,22367,238115,330133,8651,132373,199715,168912,450430,16920,3884,17893,57.31423950233281,0.42341524105754275
1658528292971,45.892002,0.5329949,0.3043478,0.6296296,0.53846157,0.5652174,0.36,0.6666667,0.25,1.0,59.600002,59.600002,59.300003,59.600002,59.9,60.300003,59.300003,60.9,59.9,62.300003,58.300003,57.9,3710559,-737000,864000,864000,864000,864000,864000,864000,652800,1094400,852,27,39,777,23,27,548,41,68,354,35,76,218,26,34,204,18,54,53,50,140,3,0,3,693188,39679,81174,558541,30315,72290,533950,74879,213751,424406,79380,303149,239339,53324,189774,306738,38514,365162,66223,182390,661564,71,0,1292,53.385365853658534,0.39976585365853656
1658528293975,45.909,0.3502825,0.15,0.23809524,0.6956522,0.3478261,0.13636364,0.0952381,0.08695652,1.0,59.9,60.300003,59.9,59.9,60.300003,60.300003,60.300003,61.300003,60.600002,62.300003,58.600002,58.9,3674357,-1241761,864000,864000,864000,864000,864000,864000,652800,1094400,609,4,20,779,10,10,432,16,41,561,29,45,350,9,22,506,43,31,98,62,130,1,0,2,507514,5693,55582,611023,19686,21538,394552,31353,170460,456953,49247,129707,313474,15076,137026,422672,69919,93278,105735,174597,456152,31,0,829,51.84901408450704,0.392112676056338
1658528294994,45.896004,0.33333334,0.5714286,0.25,0.13636364,0.09090909,0.09090909,0.45454547,0.04761905,1.0,59.600002,59.600002,59.9,59.600002,59.600002,59.300003,58.9,60.9,59.600002,61.9,58.300003,58.300003,3701022,-841370,864000,864000,864000,864000,864000,864000,652800,1094400,617,28,40,849,31,47,307,16,37,405,35,50,357,28,37,236,14,50,337,72,146,3,1,1,600114,58899,91052,654708,59657,97658,318846,17491,162834,476662,68924,186377,371935,67481,173153,384593,25714,296813,279506,143447,493432,41,281,398,60.93270588235294,0.46488888888888885
1658528296043,45.9,0.35164836,0.13636364,0.20833333,0.04347826,0.13636364,1.0,0.13043478,0.0952381,1.0,59.600002,59.9,58.9,59.600002,59.9,59.600002,59.300003,60.9,59.9,61.9,57.9,57.9,3701217,-626831,864000,864000,864000,864000,864000,864000,652800,1094400,610,25,41,778,39,43,303,39,65,522,36,84,241,23,64,90,8,23,564,147,96,0,0,0,650673,47129,102489,722067,59602,87970,463717,102240,338562,547057,58696,327407,382296,47416,325270,113265,21009,149881,485832,259828,155487,0,0,453,61.1239751552795,0.41604968944099374
1658528297070,45.896004,0.39766082,0.2173913,0.15789473,0.17391305,0.1,1.0,0.1,0.33333334,1.0,59.600002,59.9,59.300003,59.9,59.9,59.9,59.300003,60.600002,59.600002,61.9,58.300003,57.600002,3707056,-656738,864000,864000,864000,864000,864000,864000,652800,1094400,784,27,34,706,36,39,196,15,50,412,40,76,169,10,32,230,16,54,549,133,88,1,1,2,726236,49974,75167,652033,55054,84321,281074,43835,332615,499638,72394,291046,216434,8923,169875,361419,35615,335012,458335,205796,135157,27,374,405,52.82742857142858,0.42651428571428573
1658528298079,45.892002,0.52,0.8636364,0.5833333,0.33333334,0.4090909,0.3478261,0.42857143,0.39130434,0.90909094,59.600002,59.600002,59.300003,59.9,60.300003,60.300003,59.9,61.300003,60.600002,62.300003,58.600002,58.300003,3708808,-876465,864000,864000,864000,864000,864000,864000,652800,1094400,756,7,15,994,11,13,461,34,67,531,51,72,137,11,31,200,12,37,372,100,122,2,1,1,751166,10233,37860,733250,22135,17668,488992,52695,318439,515043,99492,229979,201848,13487,207097,242621,21225,168902,311467,180029,239827,17,257,905,55.41009584664537,0.4347603833865815
1658528299087,45.9,0.33908045,0.18181819,0.2173913,0.045454547,0.0952381,0.13043478,0.95454544,0.0,1.0,59.300003,59.300003,58.9,59.300003,59.600002,59.9,58.9,60.9,59.9,61.9,57.9,57.600002,3704331,-824585,864000,864000,864000,864000,864000,864000,652800,1094400,643,26,33,858,37,51,389,27,73,308,23,55,372,5,43,244,10,33,482,129,101,7,1,9,517553,47751,107750,597247,74642,119442,374917,56772,399399,349961,39195,230931,270657,16704,347451,238756,26202,259389,396310,220290,215433,7094,370,17698,61.40842105263158,0.4638947368421053
1658528300106,45.896004,0.43243244,0.25,0.2173913,0.24,0.13636364,1.0,0.26086956,0.2857143,1.0,59.300003,59.300003,58.9,59.300003,59.600002,59.9,59.300003,60.600002,59.600002,61.9,57.9,57.600002,3702190,-708313,864000,864000,864000,864000,864000,864000,652800,1094400,770,24,29,797,27,43,284,24,57,620,38,61,240,12,32,121,5,27,216,89,134,0,0,1,658709,25601,62907,645780,45464,98019,434572,72985,312732,600980,62711,154591,377813,27302,162302,170536,3683,170044,220368,210002,415300,0,0,870,58.261730232558136,0.4938418604651163
1658528301124,45.892002,0.3592233,0.25,0.16,0.18518518,0.08695652,1.0,0.07692308,0.08,1.0,59.600002,59.600002,59.300003,59.9,60.300003,60.300003,59.9,60.9,60.300003,61.9,58.300003,57.9,3697908,-718079,864000,864000,864000,864000,864000,864000,652800,1094400,931,11,19,940,19,23,576,40,75,416,40,61,108,5,18,250,22,58,296,62,138,3,0,0,723581,16192,47865,756796,34790,52603,474663,82020,255368,408987,86492,220919,98377,3572,60700,334412,49877,391566,270139,151848,349981,256,0,0,54.799257600000004,0.7195648
1658528302143,45.905003,0.44505495,0.2173913,0.32,0.15,0.1904762,0.22727273,1.0,0.39130434,1.0,59.300003,59.300003,58.9,59.300003,59.9,59.300003,59.300003,60.600002,59.9,61.9,57.9,57.600002,3693237,-772095,864000,864000,864000,864000,864000,864000,652800,1094400,630,35,51,778,31,61,296,25,61,417,42,67,180,17,42,102,7,28,578,130,102,1,0,0,660939,50966,130640,638709,37924,105371,412988,40141,378036,481356,98646,277232,231086,44853,241427,235398,17280,286224,460609,231794,193046,23,0,0,59.67503105590062,0.4243975155279503
1658528303152,45.9,0.41450778,0.13636364,0.26923078,0.25,0.6086956,0.52,0.22222222,0.39130434,1.0,59.300003,59.600002,59.300003,59.600002,59.9,60.600002,59.9,60.600002,60.600002,61.9,58.300003,57.9,3693820,-792236,864000,864000,864000,864000,864000,864000,652800,1094400,780,7,18,930,13,15,475,33,63,459,53,70,214,11,41,99,6,18,383,170,62,1,0,0,752822,10797,58361,761818,22347,34807,490132,54934,265199,533633,93652,228445,250188,25922,238046,141236,10216,112370,314346,296191,127351,21,0,0,62.87533980582524,0.45359223300970875
1658528304153,45.905003,0.35326087,0.22727273,0.23809524,0.13043478,0.08695652,0.7083333,0.16666667,0.125,1.0,59.600002,59.600002,59.600002,59.9,59.9,59.9,59.9,60.600002,60.300003,61.9,58.600002,58.300003,3701411,-929260,864000,864000,864000,864000,864000,864000,652800,1094400,634,22,36,785,19,30,551,28,62,377,42,54,300,21,49,206,15,34,485,134,77,0,0,0,696491,44024,85831,672242,38221,69873,478278,57557,200518,435218,83409,182363,391137,40654,280572,252492,30430,145232,378063,228759,166768,0,0,0,56.989906542056076,0.45876635514018693
1658528305158,45.9,0.44387755,0.24,0.39130434,0.25,0.7692308,0.1923077,0.29166666,0.42307693,1.0,59.300003,59.300003,58.600002,59.300003,59.600002,59.300003,58.9,60.600002,59.9,61.600002,57.9,57.600002,3700633,-755310,864000,864000,864000,864000,864000,864000,652800,1094400,634,28,46,696,33,63,247,17,53,383,27,70,100,3,27,213,10,61,708,148,53,1,0,0,616457,43734,124625,607822,59870,132209,403941,37219,326827,439529,63228,244477,206020,10226,166571,410321,13184,379509,524774,238585,87892,27,0,0,54.28593958664547,0.4068934817170111
1658528306171,45.905003,0.34183672,0.2,0.09090909,0.9166667,0.125,0.041666668,0.16,0.083333336,1.0,59.300003,59.600002,59.300003,59.9,59.9,59.9,59.600002,60.9,60.300003,61.600002,58.300003,57.9,3705693,-901795,864000,864000,864000,864000,864000,864000,652800,1094400,880,7,19,672,14,18,445,32,56,350,19,21,437,14,67,352,28,48,261,114,89,2,0,0,771356,10755,48695,685667,26482,27497,440589,61436,276563,314269,22164,59007,468059,24783,319630,333496,41845,144609,245601,244053,274733,982,0,0,55.881142857142855,0.43657142857142855
1658528307177,45.913002,0.32804233,0.16,0.2,0.04347826,0.16,0.08695652,1.0,0.16,1.0,59.300003,59.300003,59.300003,59.300003,59.300003,59.300003,58.9,60.600002,59.600002,61.9,57.9,57.600002,3687008,-885925,864000,864000,864000,864000,864000,864000,652800,1094400,671,34,46,701,45,63,150,12,25,429,31,71,269,22,56,274,16,53,404,129,140,5,0,0,619283,56192,103597,622964,83882,145646,220307,19174,107274,437618,72346,250258,369606,44861,360366,367214,35015,316457,357492,226401,279017,128,0,0,48.085435406698565,0.4219202551834131
1658528308180,45.896004,0.44827586,0.36363637,0.5652174,0.6,0.1904762,0.18181819,0.1904762,0.4090909,1.0,59.300003,59.600002,58.9,58.9,59.300003,58.9,58.600002,60.300003,59.600002,61.600002,57.600002,57.600002,3710170,-857544,864000,864000,864000,864000,864000,864000,652800,1094400,536,28,38,716,35,45,243,15,46,445,52,75,206,14,56,233,24,36,472,151,72,2,0,0,543964,53176,131653,629856,42608,93659,309037,44993,251099,515829,104982,252435,374607,28347,407457,261156,36903,174215,407584,265858,143993,52,0,0,48.96,0.4972
1658528309192,45.9,0.42079207,0.36,0.24,0.25,0.33333334,0.2,0.68,0.33333334,1.0,59.300003,59.600002,59.300003,59.600002,59.600002,59.600002,58.9,60.600002,59.600002,61.600002,57.9,57.9,3708224,-749207,864000,864000,864000,864000,864000,864000,652800,1094400,770,11,15,850,13,20,343,27,56,365,24,52,452,36,63,443,41,78,403,95,83,2,0,0,719289,18925,31036,675918,34154,38902,363944,42097,206314,399351,44973,156191,441955,61437,177477,482798,69906,229651,319116,193754,277374,42,0,0,54.67514018691589,0.5151401869158878
1658528310244,45.913002,0.3626943,0.08695652,0.24,0.12,0.52,0.125,0.64,0.16666667,1.0,59.300003,59.600002,58.9,59.600002,59.600002,59.600002,59.300003,60.300003,59.300003,61.600002,57.9,57.600002,3699270,-842285,864000,864000,864000,864000,864000,864000,652800,1094400,753,10,25,830,19,40,236,25,55,408,34,60,241,12,52,362,24,64,339,172,86,3,0,0,648755,14992,72175,725690,30710,65823,359417,65181,224438,432349,52020,190823,320931,28667,254529,414757,42345,246328,312337,304480,196143,72,0,0,48.589138413685845,0.41699533437013997
1658528311258,45.922,0.3646409,0.18181819,0.2173913,0.09090909,0.13043478,0.0952381,1.0,0.20833333,1.0,59.300003,59.600002,58.9,59.300003,59.300003,59.600002,59.600002,60.300003,60.300003,61.600002,57.9,57.600002,3702385,-864563,864000,864000,864000,864000,864000,864000,652800,1094400,648,33,53,686,29,63,292,22,52,353,36,66,246,18,55,115,3,18,532,170,83,2,0,0,633727,61630,160123,580751,53684,131846,408636,42563,365277,445771,72667,227328,417764,49786,363834,153581,5250,150109,428291,276463,145748,54,0,0,47.62648361934477,0.4254851794071763
1658528312280,45.922,0.37566137,0.25,0.47826087,0.08695652,0.44,0.125,0.375,0.2173913,1.0,58.9,58.9,58.9,58.9,59.600002,59.9,59.300003,60.300003,59.600002,61.600002,57.9,57.600002,3692263,-906067,864000,864000,864000,864000,864000,864000,652800,1094400,743,23,45,767,30,49,343,33,73,339,27,75,268,25,58,56,3,11,516,164,70,1,0,0,710000,30153,127116,690465,56856,118967,518180,70838,333511,457884,46719,262816,448728,54258,316237,70074,1741,69314,434642,266398,130788,18,0,0,51.90492753623188,0.4623768115942029
1658528313302,45.922,0.36413044,0.0952381,0.17391305,1.0,0.17391305,0.0,0.13043478,0.20833333,1.0,59.300003,59.600002,58.600002,59.300003,59.300003,58.9,58.600002,60.600002,59.300003,61.300003,57.600002,57.600002,3703942,-710449,864000,864000,864000,864000,864000,864000,652800,1094400,655,16,23,705,15,24,319,24,52,384,33,79,175,12,41,245,17,53,431,165,59,2,0,0,658593,40862,53969,571217,25068,66361,368211,34467,276287,446806,59006,295881,243038,23446,234974,339353,29677,320740,348231,274850,110803,48,0,0,55.77805601317957,0.46829654036243823
1658528314343,45.913002,0.4057971,0.23076923,0.2962963,0.16,0.12,0.51724136,0.53846157,0.32,1.0,58.9,59.300003,58.300003,58.9,59.300003,59.600002,59.300003,60.300003,59.9,61.300003,57.600002,57.300003,3688565,-894165,864000,864000,864000,864000,864000,864000,652800,1094400,674,34,43,630,38,64,123,8,9,382,41,79,277,16,64,259,13,54,415,178,70,1,0,0,644935,62318,143878,620584,56652,163095,105976,10569,24320,476299,78757,336827,418018,22103,445549,344209,29981,406342,360385,322712,143236,30,0,0,52.581209302325576,0.41684341085271315
1658528315383,45.909,0.36407766,0.12,0.33333334,0.5185185,0.1923077,0.11111111,0.42307693,0.20833333,1.0,59.300003,58.9,58.9,59.300003,59.600002,59.300003,59.300003,60.300003,59.600002,61.600002,57.600002,57.600002,3691679,-922241,864000,864000,864000,864000,864000,864000,652800,1094400,657,15,43,754,36,64,405,34,77,468,35,95,186,9,55,108,4,9,390,166,84,2,0,0,691668,28118,167555,661250,75831,148921,473818,67385,360409,517771,69090,352087,325952,17697,383423,94164,3301,38456,348601,302836,156197,71,0,0,48.6096682464455,0.3940094786729858
1658528316408,45.922,0.36,0.18181819,0.14285715,0.0952381,0.13636364,0.13636364,0.95652175,0.09090909,1.0,58.9,58.600002,58.600002,58.9,59.300003,59.300003,58.9,60.300003,59.300003,61.300003,57.300003,57.300003,3703747,-722351,864000,864000,864000,864000,864000,864000,652800,1094400,736,12,30,824,16,38,230,23,46,412,38,74,333,22,69,120,14,26,503,133,69,3,0,0,760620,16582,85769,731965,19478,86897,304251,49103,176860,511004,70963,260202,465561,39212,294588,232028,28301,210448,393312,225260,136152,58,0,0,47.08586490939045,0.3786227347611203
1658528317418,45.9,0.4011628,0.18181819,0.25,0.05,0.18181819,0.1904762,1.0,0.2857143,1.0,58.9,58.9,58.600002,58.9,58.9,58.9,58.9,60.300003,59.9,61.300003,57.600002,57.300003,3703358,-735779,864000,864000,864000,864000,864000,864000,652800,1094400,755,15,28,834,21,37,475,45,55,427,37,76,243,16,53,52,4,8,271,137,85,3,0,0,690621,23712,85893,699804,36997,91156,523406,81620,206034,511345,75467,292374,390259,26892,332375,65993,10373,27506,252347,245497,296040,70,0,0,34.46634146341463,0.2590178861788618
1658528318421,45.9,0.42639595,0.26923078,0.25,0.962963,0.20833333,0.16666667,0.13043478,0.4,1.0,58.9,58.9,58.600002,59.600002,59.600002,59.600002,59.300003,60.300003,59.9,61.300003,57.600002,57.600002,3689538,-769348,864000,864000,864000,864000,864000,864000,652800,1094400,729,17,21,869,12,25,504,36,50,598,26,56,406,14,43,295,11,30,319,115,108,20,1,8,613864,28394,53684,586743,13450,74807,464476,74837,209191,520939,40775,222866,368144,27290,203455,237719,13944,122063,285185,210512,258357,8779,2887,39925,54.56274570982839,0.6629641185647426
1658528319453,45.905003,0.34517765,0.18518518,0.09090909,0.5833333,0.5217391,0.04347826,0.083333336,0.125,1.0,58.9,59.300003,58.600002,59.300003,59.600002,59.9,58.9,60.300003,59.9,61.600002,57.9,57.300003,3692263,-889893,864000,864000,864000,864000,864000,864000,652800,1094400,552,20,32,861,26,30,113,5,24,441,34,57,240,3,41,244,14,32,459,172,73,1,0,1,643616,35789,109976,728879,50660,54635,161079,14226,117102,607216,60260,227802,499161,6354,294662,454652,30309,168786,381691,308341,146444,29,0,483,52.022278481012656,0.3865822784810127
1658528320465,45.905003,0.37198067,0.24,0.48,0.15384616,0.21428572,0.44,0.30769232,0.16,1.0,59.300003,59.300003,58.9,59.300003,59.300003,59.300003,59.300003,60.300003,59.9,61.300003,57.600002,57.300003,3699465,-886536,864000,864000,864000,864000,864000,864000,652800,1094400,720,18,28,739,17,29,242,25,51,370,52,64,204,10,34,321,22,55,443,170,58,0,0,0,687111,38902,99721,700852,25632,69685,314767,36850,312147,392233,128515,220528,239961,24026,161755,406183,39092,363960,357494,309807,112893,0,0,0,48.50620904836193,0.3802558502340093
1658528321489,45.888,0.47513813,0.29166666,0.39130434,0.36363637,0.6956522,0.3478261,0.3043478,0.4090909,1.0,58.9,58.9,58.600002,58.9,59.600002,59.300003,58.9,60.300003,59.600002,61.600002,57.600002,57.600002,3694988,-817871,864000,864000,864000,864000,864000,864000,652800,1094400,810,14,23,772,12,18,513,24,46,593,26,46,387,11,25,326,12,29,305,105,133,26,2,14,665874,12540,57336,570197,20813,44493,489320,39839,205153,494372,50754,131759,335490,24656,185125,347128,24480,184505,271144,213045,310735,20398,884,10510,52.86824644549763,0.3994691943127962
1658528322505,45.875004,0.41584158,0.13043478,0.24,0.42307693,0.4347826,0.3846154,0.32,0.4074074,1.0,58.9,58.9,58.600002,59.300003,59.300003,59.600002,58.600002,60.300003,59.300003,61.300003,57.600002,57.300003,3697713,-838013,864000,864000,864000,864000,864000,864000,652800,1094400,1036,25,36,762,26,61,291,24,54,523,37,57,120,8,23,298,26,54,188,100,148,5,0,4,722419,43117,73520,671206,43889,129349,385826,44552,234038,521585,66652,208536,161974,11872,138491,423007,54175,329831,230840,247350,405024,123,0,1758,46.631196172248806,0.39242105263157895
1658528323558,45.858,0.415,0.25,0.26923078,0.1923077,0.16,0.1923077,0.9230769,0.42307693,1.0,59.300003,58.9,58.600002,59.300003,58.9,59.600002,58.9,60.300003,59.9,61.300003,57.600002,57.600002,3700827,-758362,864000,864000,864000,864000,864000,864000,652800,1094400,720,23,44,767,30,56,357,23,68,373,27,71,117,7,17,250,20,60,402,147,109,1,0,2,665602,36370,106765,684148,42333,113871,426516,39655,383988,429393,64997,341226,97856,12113,68000,394387,33404,387589,362785,231834,243422,33,0,857,41.25943986820428,0.3643887973640857
1658528324576,45.854004,0.35078534,0.16666667,0.13043478,0.083333336,0.125,0.2,1.0,0.17391305,1.0,58.600002,58.9,58.300003,58.9,58.9,59.600002,58.9,60.300003,59.300003,60.9,57.300003,57.300003,3700049,-873718,864000,864000,864000,864000,864000,864000,652800,1094400,725,23,50,766,29,43,394,26,74,337,29,71,273,21,62,67,7,15,443,136,112,2,0,1,698200,24521,115875,669604,50186,105390,479766,56237,359295,401160,61470,262690,399333,49719,359246,102277,14197,102557,364127,237692,215587,52,0,403,44.112709359605915,0.40039408866995074
1658528325628,45.871002,0.43157893,0.24,0.4347826,0.5217391,0.20833333,0.5416667,0.09090909,0.27272728,1.0,58.600002,58.600002,58.300003,58.9,58.9,58.600002,58.600002,59.600002,58.9,60.9,57.300003,56.9,3704526,-719299,864000,864000,864000,864000,864000,864000,652800,1094400,732,17,28,860,29,34,412,38,72,396,28,88,318,27,60,27,3,4,516,148,87,1,1,2,770827,21009,93874,768701,47268,66311,445502,92367,291603,498004,68498,371790,418405,61762,368731,42402,5186,22471,398547,266135,179187,55,420,807,45.567578253706756,0.5641911037891268
1658528326640,45.854004,0.39664805,0.14285715,0.34615386,0.20833333,0.1904762,0.17391305,0.90909094,0.3043478,1.0,58.600002,58.600002,58.300003,58.9,58.9,58.9,58.300003,59.9,58.600002,61.300003,57.600002,56.9,3699465,-792236,864000,864000,864000,864000,864000,864000,652800,1094400,712,34,41,758,35,47,280,19,56,206,15,34,264,21,51,259,15,58,395,154,86,0,0,1,647040,70025,101830,615766,53400,98665,357355,38682,291861,248417,31499,111541,363582,38143,319803,405746,26184,369323,320752,233977,253220,0,0,529,58.96645799011532,0.3895354200988468
1658528327638,45.867,0.4848485,0.375,0.33333334,0.28,0.3043478,0.36,0.96153843,0.2,1.0,58.9,59.300003,58.300003,58.600002,58.9,59.600002,58.9,60.300003,59.300003,61.300003,57.600002,57.300003,3700633,-799866,864000,864000,864000,864000,864000,864000,652800,1094400,744,9,15,861,19,18,542,32,50,426,21,37,324,11,37,302,16,36,317,75,127,3,0,3,545296,13968,41932,589725,32003,28590,472792,43114,213883,343776,48011,117115,310818,32385,207762,286052,22723,94311,253491,149525,406102,78,0,1326,20.592075117370893,0.8596431924882629
1658528328667,45.842003,0.4640884,0.33333334,0.3043478,0.27272728,0.29166666,1.0,0.3043478,0.17391305,1.0,59.600002,60.300003,59.600002,60.600002,60.9,61.300003,60.600002,60.9,60.9,62.300003,57.9,57.9,3704136,-797424,864000,864000,864000,864000,864000,864000,652800,1094400,1316,0,0,1523,0,0,588,20,42,667,17,39,497,10,37,71,0,0,354,21,69,11,0,0,654311,0,0,709919,0,0,534107,44682,106890,569212,18220,116761,467750,15240,148879,56797,0,0,499135,32917,201550,7493,0,0,-1.0,-1.0
