1660914719720,42.664,0.2654321,0.2631579,0.21052632,0.2857143,0.3181818,0.33333334,0.15789473,0.0952381,0.4090909,56.300003,56.600002,56.300003,56.9,57.600002,57.600002,57.300003,57.600002,58.300003,59.300003,54.9,54.9,3679807,-686951,1075200,1075200,1075200,1075200,1075200,1075200,652800,1401600,7477137,321113,947876,7950075,324041,1067135,3527695,507771,1065720,3419843,495298,1083388,2567237,373690,1132497,2485661,354986,1128384,1278522,379795,1012788,2254712,186866,683337,7910703671,534544846,26363062077,7974940916,564054214,26301469036,3479347217,1109310134,30417544786,3374111283,1087307014,30284650203,2397704314,832800063,31538744478,2317608035,786938724,31357310492,1168969692,1038091222,34187819690,795860431,548583855,33418360777,-1.0,-1.0
1660914720723,42.608,0.39814815,0.25925925,0.30769232,0.37037036,0.24,0.24,0.4074074,0.42307693,0.8965517,55.600002,55.9,55.9,55.9,56.300003,56.300003,55.9,55.9,56.300003,56.9,53.600002,53.9,3694794,-658569,1075200,1075200,1075200,1075200,1075200,1075200,652800,1401600,1095,0,0,1566,0,0,534,32,62,465,34,61,580,29,63,505,13,33,220,4,46,225,5,46,681099,0,0,693604,0,0,317902,60682,258147,335917,83584,222200,370102,65634,244996,284604,19001,131811,261860,8811,554027,146084,14278,368381,-1.0,-1.0
1660914721765,42.551003,0.13793103,0.14285715,0.15384616,0.125,0.12,0.15384616,0.1923077,0.083333336,0.2,56.300003,56.600002,56.300003,56.600002,56.600002,56.9,56.600002,57.600002,57.600002,58.600002,54.9,55.300003,3659175,-929871,1075200,1075200,1075200,1075200,1075200,1075200,652800,1401600,966,0,0,1160,0,0,887,3,7,590,3,6,560,3,7,513,3,6,409,7,39,300,4,17,729862,0,0,679416,0,0,673625,9856,12528,666105,4524,31455,646417,11168,23177,604161,1508,11987,706111,19542,64882,486493,4842,21972,-1.0,-1.0
1660914722870,42.487003,0.051643193,0.0,0.037037037,0.071428575,0.071428575,0.074074075,0.18518518,0.0,0.071428575,53.600002,53.600002,53.300003,53.600002,53.600002,53.600002,53.300003,53.300003,53.600002,53.600002,52.300003,52.600002,3719707,-259704,1075200,1075200,1075200,1075200,1075200,1075200,652800,1401600,575,1,15,867,14,12,308,79,72,238,38,96,224,29,80,138,21,63,72,46,149,86,9,52,768268,15927,112321,798896,43718,65932,256801,195801,358765,210926,86563,549438,216585,55001,549266,149858,45831,485845,90902,121236,779445,68577,26410,484192,-1.0,-1.0
1660914723955,42.438004,0.03652968,0.06896552,0.0,0.0,0.0,0.06896552,0.20689656,0.0,0.0,52.300003,52.300003,51.9,52.300003,52.600002,52.9,52.300003,52.300003,52.300003,52.600002,51.600002,51.600002,3719707,-249023,1075200,1075200,1075200,1075200,1075200,1075200,652800,1401600,635,21,45,910,25,58,263,32,94,214,18,70,368,29,77,186,20,48,82,6,53,73,10,71,644784,52304,264027,672700,47430,240847,245490,77378,686963,194521,38069,796869,198751,78085,555887,159202,45099,559868,102670,20115,715000,70414,42531,768767,-1.0,-1.0
1660914725060,42.385002,0.16931216,0.17391305,0.13636364,0.26086956,0.125,0.083333336,0.2173913,0.24,0.0,51.300003,50.9,50.9,51.300003,51.300003,50.9,50.9,51.300003,51.300003,51.600002,50.600002,50.300003,3696351,-393066,1075200,1075200,1075200,1075200,1075200,1075200,652800,1401600,312,21,91,405,27,81,214,26,129,141,15,55,84,7,48,32,2,21,34,3,34,48,5,41,353293,52889,639609,392821,48228,587760,159722,73669,772332,94224,32407,921204,70497,25530,783221,26242,6570,699286,62762,4098,1129284,59221,17611,1127297,4.843265573770492,0.12385573770491803
1660914726154,42.332,0.21393035,0.125,0.083333336,0.15384616,0.04347826,0.15384616,1.0,0.08,0.03846154,53.600002,53.600002,52.9,53.600002,53.300003,52.9,52.9,53.300003,53.300003,54.300003,52.600002,52.300003,3621999,-1511231,1075200,1075200,1075200,1075200,1075200,1075200,652800,1401600,750,21,30,1072,15,32,362,86,81,368,59,96,344,37,94,319,44,81,68,18,100,80,39,101,752070,26836,88393,765636,14374,89263,370556,168184,345562,317844,108804,460459,271024,62423,470605,309037,87105,433102,52730,42851,743551,77904,82074,483746,134.09555,1.13795
1660914727247,42.287003,0.07317073,0.115384616,0.12,0.115384616,0.07692308,0.115384616,0.0,0.07692308,0.0,53.600002,52.9,52.600002,53.300003,52.9,53.300003,52.300003,52.300003,52.600002,52.600002,52.300003,51.9,3649249,-1174622,1075200,1075200,1075200,1075200,1075200,1075200,652800,1401600,696,41,42,947,39,40,337,58,63,353,70,87,110,19,52,208,39,36,179,64,104,79,16,76,679755,68392,86700,707295,52514,73182,337872,140549,348358,349734,142711,300611,108054,42974,524398,155235,75455,109809,200921,162031,601721,68664,44287,870888,105.62532038834952,0.3817216828478964
1660914728324,42.272003,0.16763006,0.13636364,0.05,0.1904762,0.0,0.20833333,0.13043478,0.17391305,0.4090909,52.600002,52.9,52.300003,52.300003,52.9,52.600002,51.9,52.300003,52.300003,52.300003,51.9,51.600002,3664236,-997620,1075200,1075200,1075200,1075200,1075200,1075200,652800,1401600,697,49,61,990,59,65,471,58,75,310,47,100,87,19,56,184,41,75,120,34,78,56,30,75,747403,80726,130963,737707,88453,119601,477281,117692,351833,331224,101711,557652,80141,47593,683776,188489,96674,432485,147247,98534,712113,72393,76811,771397,104.30936630602781,0.3868686244204018
1660914729390,42.264004,0.32286996,0.07692308,0.115384616,0.11111111,0.035714287,1.0,1.0,0.074074075,0.035714287,53.600002,53.300003,52.9,53.600002,53.600002,53.300003,52.9,53.300003,53.600002,53.300003,52.600002,52.300003,3641463,-1331177,1075200,1075200,1075200,1075200,1075200,1075200,652800,1401600,870,17,15,986,24,33,483,62,77,335,83,105,169,38,78,248,58,86,233,59,88,113,36,99,837517,19890,22168,778732,39358,44235,428744,129185,263375,302651,195920,356933,188580,81560,479980,247915,111112,513201,233679,145509,535197,108298,98235,594944,102.6601934477379,0.4240374414976599
1660914730534,42.264004,0.13829787,0.09090909,0.16666667,0.16666667,0.08695652,0.16666667,0.04347826,0.3043478,0.0,53.600002,53.300003,53.300003,53.300003,53.600002,53.600002,52.9,53.9,53.600002,54.9,52.300003,52.300003,3634845,-1220704,1075200,1075200,1075200,1075200,1075200,1075200,652800,1401600,718,60,100,919,86,102,355,66,98,461,62,115,36,4,31,72,23,50,268,76,85,69,36,92,749482,88585,202921,741810,109299,199634,434019,136459,473472,434569,111622,500236,24067,15315,544296,89740,48345,452897,272954,157800,598200,81947,104851,844260,104.63216124031007,0.45787286821705425
1660914731623,42.276,0.13483146,0.13636364,0.13636364,0.13043478,0.04347826,0.3809524,0.17391305,0.045454547,0.04347826,53.600002,53.9,53.300003,53.600002,53.600002,53.300003,53.300003,53.300003,53.300003,53.600002,52.600002,52.600002,3650027,-1200257,1075200,1075200,1075200,1075200,1075200,1075200,652800,1401600,673,50,56,932,45,65,397,61,78,223,39,104,93,21,27,270,28,37,543,133,52,134,16,58,587345,109456,119431,651681,64374,131607,413673,136013,307888,272406,66660,558873,74992,40390,226719,137413,59582,298556,350162,227517,208628,61749,47638,695036,103.4789781931464,0.38290342679127726
1660914732679,42.302002,0.22346368,0.17391305,0.0952381,0.2173913,0.0952381,0.20833333,0.27272728,0.5217391,0.13636364,53.300003,52.9,52.600002,53.300003,52.9,52.9,52.9,52.9,53.9,53.300003,52.300003,51.9,3653920,-1026917,1075200,1075200,1075200,1075200,1075200,1075200,652800,1401600,798,33,44,971,48,79,492,53,51,356,33,57,73,7,20,87,20,40,337,64,73,27,16,69,739659,52286,73128,710470,65869,114894,498045,125400,241693,343133,54083,511712,77180,13523,425281,153162,60322,466726,236898,140293,554728,45586,52453,783265,102.99545196850394,0.42426456692913384
1660914733733,42.31,0.20207255,0.15384616,0.125,0.2,0.08695652,0.16,0.0,0.64,0.23076923,53.600002,53.300003,52.9,52.9,53.300003,53.300003,52.9,53.600002,53.300003,54.9,52.600002,52.600002,3648665,-1156922,1075200,1075200,1075200,1075200,1075200,1075200,652800,1401600,706,41,58,947,48,84,546,80,82,347,62,82,79,19,56,98,27,62,72,45,76,32,32,76,731047,78424,131091,691491,74375,147135,505659,140600,242782,319847,146005,495389,87861,46757,702065,107610,84541,649813,105462,144746,609934,50878,103432,817383,102.59138658146965,0.39647284345047923
1660914734803,42.343002,0.1534091,0.13636364,0.3478261,0.1,0.08695652,0.08695652,0.09090909,0.29166666,0.17391305,53.300003,53.300003,52.600002,52.9,53.300003,52.600002,52.600002,52.300003,52.9,52.9,52.300003,51.9,3646718,-1273804,1075200,1075200,1075200,1075200,1075200,1075200,652800,1401600,732,47,46,905,41,77,292,64,70,426,91,89,94,32,90,232,53,65,74,31,61,26,27,62,756992,87425,78208,727216,57673,158983,315565,147466,387264,416640,204156,335058,117100,86440,701994,216599,113323,320007,119650,99337,655594,38567,82087,846145,103.41932348111659,0.41578981937602627
1660914735811,42.362003,0.20689656,0.0952381,0.1904762,0.1904762,0.13636364,0.13636364,0.0952381,0.5,0.27272728,53.300003,53.300003,52.600002,52.9,52.600002,52.9,52.300003,52.600002,52.600002,52.9,52.300003,51.600002,3651195,-1058960,1075200,1075200,1075200,1075200,1075200,1075200,652800,1401600,735,54,54,1013,44,55,446,79,65,230,41,102,73,29,56,141,18,48,91,29,85,23,13,57,681342,100828,123888,706508,69148,77246,473443,167869,276846,246687,90076,627890,90103,67863,508626,113278,40210,624177,132848,78328,738974,30674,34485,794319,102.44059546925567,0.37431715210355987
1660914736864,42.377003,0.21387284,0.18181819,0.15,0.14285715,0.27272728,0.18181819,0.09090909,0.33333334,0.3043478,52.9,52.9,52.300003,53.300003,52.9,52.600002,51.9,52.300003,52.300003,52.300003,52.300003,51.9,3660343,-1016541,1075200,1075200,1075200,1075200,1075200,1075200,652800,1401600,568,59,59,911,54,74,420,87,84,332,55,94,227,43,62,102,21,45,169,25,62,32,24,67,687100,103116,146757,692089,82652,131233,479107,166496,265665,301081,117957,430957,195464,89091,568725,83208,55115,676216,208449,78183,521522,45214,78760,837572,104.96568421052632,0.43178947368421056
1660914737864,42.408,0.1368421,0.125,0.2,0.13043478,0.08695652,0.041666668,0.083333336,0.29166666,0.125,52.9,52.9,52.600002,52.600002,52.9,52.9,52.300003,52.600002,52.300003,52.600002,51.9,51.9,3645745,-1124268,1075200,1075200,1075200,1075200,1075200,1075200,652800,1401600,664,47,39,914,53,50,220,32,43,95,34,64,141,30,49,147,31,65,130,54,86,26,19,60,677103,79539,60199,683892,76183,88301,221787,83023,142738,83224,115594,578554,138228,79739,589153,140039,63622,622771,140900,131540,538381,35174,60776,786231,102.94454573643411,0.4109891472868217
1660914738938,42.423,0.18857142,0.3,0.14285715,0.2173913,0.17391305,0.0952381,0.13636364,0.2173913,0.23809524,52.9,52.9,52.300003,52.600002,52.300003,52.300003,51.9,51.600002,52.300003,52.600002,51.9,51.300003,3655866,-1006775,1075200,1075200,1075200,1075200,1075200,1075200,652800,1401600,670,41,55,1075,29,66,515,82,72,438,73,91,185,48,87,124,36,56,67,45,79,29,17,62,765806,76401,119000,758152,29489,146784,529532,174911,216614,413610,131733,414789,171815,122686,623733,133259,94560,612602,114590,161457,631088,35245,52063,872663,103.19510894308942,0.4343674796747968
1660914739943,42.445004,0.13513513,0.2173913,0.16666667,0.13636364,0.083333336,0.125,0.08695652,0.13636364,0.20833333,52.600002,52.600002,52.300003,52.300003,52.600002,52.300003,51.9,52.300003,51.9,52.300003,51.600002,51.600002,3659759,-1026612,1075200,1075200,1075200,1075200,1075200,1075200,652800,1401600,653,46,35,814,54,71,352,73,78,298,71,117,177,49,72,152,29,55,76,30,71,29,28,63,706578,78971,60610,693355,85412,138810,382400,176397,355397,335568,163698,407413,195294,100685,601379,143124,64636,579852,115928,88511,628387,45544,74276,784082,100.77371239669421,0.40790743801652896
1660914740947,42.449,0.13227513,0.09090909,0.13636364,0.1923077,0.041666668,0.083333336,0.125,0.29166666,0.16666667,52.300003,52.600002,51.9,52.300003,51.9,52.300003,51.600002,51.9,51.9,52.300003,51.600002,51.300003,3655866,-1018067,1075200,1075200,1075200,1075200,1075200,1075200,652800,1401600,710,37,33,995,32,49,439,61,81,334,64,75,207,53,82,325,57,86,85,34,85,28,9,55,773672,64476,53412,740163,41436,116900,412411,124037,346505,278517,126797,498679,210603,108123,506699,357686,91381,364404,127724,98063,689136,42202,28528,736730,102.37945874587459,0.39255445544554457
1660914741989,42.460003,0.083333336,0.041666668,0.125,0.18518518,0.041666668,0.07692308,0.03846154,0.074074075,0.03846154,52.9,52.600002,51.9,52.300003,51.9,52.300003,51.600002,51.9,51.9,51.9,51.9,51.300003,3660732,-1145325,1075200,1075200,1075200,1075200,1075200,1075200,652800,1401600,700,47,46,987,45,74,367,73,75,226,56,100,251,61,81,139,29,61,73,25,78,16,15,52,765924,72252,99417,729702,55878,121630,446308,162798,346587,270087,91429,610837,240654,132470,613362,144248,70351,627127,108943,78167,773001,23517,50570,817528,103.41110900473933,0.40139020537124803
1660914743038,42.468002,0.11299435,0.2173913,0.13636364,0.17391305,0.09090909,0.08695652,0.0952381,0.09090909,0.0,52.300003,52.600002,51.600002,51.9,51.9,51.9,51.600002,51.600002,51.9,52.300003,51.600002,51.300003,3659175,-1033631,1075200,1075200,1075200,1075200,1075200,1075200,652800,1401600,697,48,72,990,53,69,414,68,67,451,72,84,103,23,64,107,37,99,63,34,89,23,18,56,733736,95345,142081,736653,79230,96541,451561,175070,321907,468792,127627,358367,120638,58004,677545,130263,121930,703708,103413,111987,782436,32239,58593,808808,104.291226446281,0.4359404958677686
1660914744065,42.472,0.1452514,0.13043478,0.1904762,0.13636364,0.17391305,0.20833333,0.27272728,0.04347826,0.125,52.300003,52.300003,51.600002,51.9,51.9,51.600002,51.300003,51.9,51.9,52.300003,51.600002,50.9,3652947,-1109009,1075200,1075200,1075200,1075200,1075200,1075200,652800,1401600,672,47,48,771,42,67,433,76,60,302,49,74,241,34,63,360,51,80,80,33,78,19,9,55,669066,89981,131072,617605,58456,145515,453535,161204,264604,268739,101136,511645,157315,82568,599800,304652,97501,367346,114321,103372,657249,21849,22450,788330,105.80264909390445,0.4281252059308073
1660914745066,42.483,0.09,0.083333336,0.12,0.16,0.0,0.08,0.1923077,0.0,0.074074075,52.600002,52.300003,51.9,51.9,52.300003,51.600002,51.300003,51.600002,51.9,51.9,51.600002,51.300003,3663262,-1032105,1075200,1075200,1075200,1075200,1075200,1075200,652800,1401600,588,43,49,886,45,64,514,67,71,385,58,94,315,64,79,143,29,67,65,34,70,22,28,57,690654,80245,118241,670440,72238,95212,514889,147615,215255,378848,110960,403155,277325,135823,375308,156949,57981,620366,98034,110505,640515,34950,100236,753122,102.4277639553429,0.42784051036682613
1660914746121,42.491,0.06878307,0.13043478,0.08695652,0.125,0.0,0.04347826,0.083333336,0.08,0.0,52.300003,52.300003,51.300003,51.9,51.9,52.300003,51.600002,51.600002,52.300003,51.600002,51.300003,50.9,3659370,-978699,1075200,1075200,1075200,1075200,1075200,1075200,652800,1401600,685,38,44,894,42,64,420,75,76,280,57,103,401,59,86,74,25,54,68,33,67,15,21,76,729059,70293,110046,771173,48318,125920,421914,158227,358053,240489,111644,620006,426516,94695,415714,73271,64969,666304,119628,102192,680224,22559,77119,850773,103.58487741935484,0.4372645161290322
1660914747139,42.502003,0.062176164,0.125,0.083333336,0.08695652,0.041666668,0.0,0.08,0.0,0.0,52.300003,51.9,51.600002,51.600002,51.600002,51.9,51.300003,51.600002,51.600002,52.300003,51.300003,50.9,3654893,-1050110,1075200,1075200,1075200,1075200,1075200,1075200,652800,1401600,609,43,55,998,42,56,280,54,78,335,59,89,187,54,91,371,51,72,74,28,80,19,10,61,690063,94937,128901,717813,77662,105652,344693,130100,440718,336762,105645,462195,198426,143975,583560,321702,80713,385299,122843,78982,735630,28429,40410,780647,103.89986429725364,0.4002843295638126
1660914748159,42.506,0.07614213,0.125,0.08695652,0.125,0.04,0.074074075,0.08,0.11111111,0.0,52.300003,52.300003,51.600002,51.9,51.9,51.300003,51.300003,51.600002,51.300003,51.600002,51.300003,50.9,3658786,-1060486,1075200,1075200,1075200,1075200,1075200,1075200,652800,1401600,658,37,43,955,26,57,420,56,78,301,66,115,322,62,88,137,30,61,69,45,66,22,20,66,763363,75132,85478,733701,19444,137642,423714,132806,345813,298549,135450,487282,307052,112533,432139,108755,83002,681469,102430,119075,618393,36437,67571,798418,104.7670603588907,0.4617814029363785
1660914749174,42.521004,0.075,0.083333336,0.125,0.12,0.04,0.08,0.041666668,0.0,0.03846154,52.600002,52.300003,51.600002,51.9,52.300003,52.300003,51.9,51.600002,52.600002,52.300003,51.300003,51.300003,3635624,-1291810,1075200,1075200,1075200,1075200,1075200,1075200,652800,1401600,722,43,40,953,31,59,518,59,78,252,48,83,327,56,79,141,19,56,67,42,63,17,32,70,754234,73203,90065,775161,32982,114878,527925,115405,268294,264755,91992,549342,327328,88045,442439,130533,38210,683413,121907,129281,606603,26829,101162,793742,105.85205834683954,0.4213938411669368
1660914750221,42.506,0.062176164,0.09090909,0.125,0.16,0.0,0.083333336,0.0,0.041666668,0.0,51.9,51.9,51.600002,51.600002,51.600002,51.600002,51.300003,51.300003,51.300003,51.600002,50.9,50.9,3658786,-1053162,1075200,1075200,1075200,1075200,1075200,1075200,652800,1401600,649,56,63,978,39,66,392,60,85,306,44,74,216,44,64,200,41,83,72,37,70,22,9,51,721260,90876,124347,686988,55612,159863,400829,143065,382167,276734,72979,596230,224153,96690,567790,202761,93020,573598,99678,131113,755117,33347,26649,832760,104.9787414330218,0.42272897196261683
1660914751257,42.517002,0.12195122,0.125,0.16,0.53846157,0.03846154,0.04,0.0,0.074074075,0.037037037,52.300003,51.9,51.600002,51.600002,51.600002,51.300003,51.300003,51.600002,51.300003,51.300003,50.9,50.600002,3654309,-966492,1075200,1075200,1075200,1075200,1075200,1075200,652800,1401600,645,45,54,1014,41,62,513,82,78,249,45,85,238,48,69,150,30,79,61,38,65,33,17,59,750192,72212,109930,750320,60688,107278,506974,168420,218284,255031,80934,601004,220760,89053,532851,150776,71523,718601,107493,119539,662805,49998,50999,776711,104.25683116883117,0.440051948051948
1660914752287,42.525,0.28323698,0.1904762,0.1904762,0.2173913,0.09090909,1.0,0.1,0.36363637,0.04761905,51.9,51.9,51.300003,51.9,51.600002,51.600002,51.300003,51.300003,51.300003,51.600002,51.300003,50.9,3652947,-1056519,1075200,1075200,1075200,1075200,1075200,1075200,652800,1401600,798,49,36,1020,45,44,255,50,59,266,55,79,231,52,81,167,41,82,74,29,76,21,13,62,758302,80949,68805,769661,59685,67456,288693,117286,407229,275547,142832,537035,224203,98875,497886,192740,94970,645308,118618,87758,765534,31951,37084,819066,103.10439751552795,0.4754285714285714
1660914753310,42.525,0.05882353,0.07692308,0.041666668,0.08,0.11111111,0.07692308,0.04,0.0,0.0,52.600002,52.9,52.300003,52.600002,52.600002,52.600002,52.600002,52.9,53.300003,53.300003,51.9,51.600002,3636597,-1306763,1075200,1075200,1075200,1075200,1075200,1075200,652800,1401600,774,24,29,1184,17,18,367,60,86,218,44,94,184,32,48,329,62,91,92,45,75,43,48,101,782572,32539,61851,832045,29366,23105,372514,138632,347935,192054,115271,609736,176898,68409,319074,315714,117463,393557,122584,140574,519900,62271,165475,607952,101.15972593800979,0.43484502446982054
1660914754334,42.543003,0.13043478,0.04761905,0.13043478,0.13043478,0.04347826,0.13043478,0.12,0.08695652,0.33333334,51.9,51.9,51.300003,51.600002,51.600002,51.600002,50.9,51.600002,50.9,51.600002,51.300003,50.600002,3644383,-1116028,1075200,1075200,1075200,1075200,1075200,1075200,652800,1401600,511,68,59,878,49,79,405,69,76,259,49,81,98,14,48,234,47,82,63,36,61,19,14,55,586204,144583,157442,675195,62021,155849,434936,142603,339179,266155,85310,583300,85418,30101,723284,264654,107452,569727,111335,97822,704192,31217,37188,889400,103.83831578947368,0.44615789473684214
1660914755349,42.536003,0.0882353,0.115384616,0.12,0.04347826,0.08,0.12,0.07692308,0.0,0.0,52.600002,52.600002,52.300003,52.300003,52.300003,52.300003,51.9,53.300003,52.300003,54.300003,51.9,51.300003,3635819,-1233521,1075200,1075200,1075200,1075200,1075200,1075200,652800,1401600,772,25,22,1099,19,32,498,69,80,303,68,89,102,25,67,273,75,100,94,46,75,29,19,77,843923,40349,33046,814956,24277,60565,500131,143222,264253,311737,150191,452146,118216,58849,601750,285996,183833,398488,112095,153937,589098,45742,64263,699670,102.67887131782946,0.42215193798449613
1660914756422,42.536003,0.06896552,0.0952381,0.13636364,0.14285715,0.0,0.08695652,0.045454547,0.08695652,0.045454547,52.300003,52.300003,51.600002,51.600002,51.9,51.300003,50.9,51.300003,51.300003,51.300003,51.300003,50.600002,3650806,-1030884,1075200,1075200,1075200,1075200,1075200,1075200,652800,1401600,683,55,61,839,55,76,368,65,88,479,68,96,95,21,43,192,17,58,56,30,67,19,10,57,713063,102970,132063,704922,93651,139411,402267,148658,401676,461840,118912,406075,94531,49140,704046,145745,36774,798805,97197,85967,751463,36273,35346,973516,102.94454573643411,0.37541705426356586
1660914757443,42.532,0.17582418,0.13636364,0.09090909,0.17391305,0.13043478,0.045454547,0.08695652,0.3478261,0.33333334,52.300003,51.9,51.600002,51.300003,51.600002,51.300003,51.300003,51.300003,51.600002,51.600002,50.600002,50.9,3649833,-1044312,1075200,1075200,1075200,1075200,1075200,1075200,652800,1401600,588,49,56,957,41,70,372,77,71,308,55,87,177,21,54,247,60,94,105,29,63,38,28,68,656156,110547,158595,725985,53713,120981,394627,156553,351610,338510,99295,492232,154973,48211,602296,245260,163089,517967,131864,92669,581787,51939,77276,798675,105.10999672667758,0.43867757774140753
1660914758448,42.543003,0.08571429,0.13636364,0.14285715,0.09090909,0.04347826,0.08695652,0.09090909,0.09090909,0.0,52.600002,52.600002,51.600002,51.9,51.9,51.9,51.9,51.9,51.9,51.9,51.600002,51.300003,3656256,-1026306,1075200,1075200,1075200,1075200,1075200,1075200,652800,1401600,861,23,20,1044,22,40,348,64,76,352,81,113,384,39,64,124,28,82,67,29,74,23,27,72,815551,38451,24788,782338,37352,81992,388755,159749,364119,356243,177869,389438,350313,75045,442445,126358,63260,636584,102497,89582,626859,33985,90510,672223,101.25693023255813,0.47449302325581394
1660914759483,42.551003,0.16042781,0.16666667,0.13043478,0.24,0.08695652,0.125,0.045454547,0.04347826,0.46153846,51.600002,51.9,50.9,51.600002,51.300003,51.600002,51.300003,51.300003,52.300003,51.300003,50.9,50.9,3657618,-1004029,1075200,1075200,1075200,1075200,1075200,1075200,652800,1401600,531,73,80,920,56,82,393,74,89,217,54,87,124,21,46,124,18,63,66,30,62,24,21,62,615220,138634,197241,701570,70303,120583,433558,152264,337458,229354,127250,603425,102278,47838,750296,88628,50325,768848,108224,95943,654114,39962,74404,887459,103.31058360655739,0.46410491803278686
1660914760490,42.54,0.06703911,0.1,0.045454547,0.13636364,0.0,0.0,0.09090909,0.045454547,0.0,52.300003,51.9,51.600002,51.9,51.9,51.600002,51.600002,51.600002,51.600002,51.9,50.9,50.9,3657034,-994568,1075200,1075200,1075200,1075200,1075200,1075200,652800,1401600,870,27,17,1110,13,23,461,67,70,259,43,73,182,25,68,167,49,85,86,33,87,18,18,57,798570,45739,24782,820378,13002,48503,468028,139635,273467,269429,90443,533147,208249,51920,614866,159277,128429,553765,138214,96402,669703,24446,64393,656453,102.96225736434108,0.4239875968992248
1660914761509,42.536003,0.1,0.12,0.15384616,0.125,0.115384616,0.041666668,0.12,0.115384616,0.0,51.9,51.9,51.600002,51.9,51.600002,51.600002,51.300003,51.600002,51.600002,51.9,51.300003,50.600002,3655088,-1024170,1075200,1075200,1075200,1075200,1075200,1075200,652800,1401600,678,66,70,840,44,98,365,96,72,239,52,88,114,27,70,115,16,43,65,33,61,21,19,64,680021,105285,122671,661531,61236,212096,431923,213984,264741,270845,108471,592424,117302,72698,739744,72647,45447,731154,119505,105718,646747,35213,69713,870081,105.00115755627009,0.4449646302250804
1660914762555,42.536003,0.14130434,0.13043478,0.125,0.17391305,0.09090909,0.0,0.16666667,0.0,0.39130434,52.300003,52.300003,51.600002,51.600002,51.600002,51.9,51.600002,52.300003,51.9,52.600002,51.300003,50.9,3634456,-1227417,1075200,1075200,1075200,1075200,1075200,1075200,652800,1401600,638,62,64,1007,40,75,454,61,74,426,65,106,226,56,89,159,50,63,73,33,69,27,23,63,694461,115551,149856,777186,42198,132741,470756,126468,324956,434158,110048,398205,208209,118159,603256,176998,104380,561529,125970,107424,679741,39450,54269,798221,103.25124217462933,0.44720922570016475
1660914763560,42.54,0.10555556,0.16666667,0.17391305,0.13636364,0.08695652,0.04347826,0.09090909,0.17391305,0.0,51.600002,51.9,51.600002,51.600002,51.600002,51.600002,51.300003,51.300003,51.300003,52.300003,51.300003,50.600002,3660538,-925293,1075200,1075200,1075200,1075200,1075200,1075200,652800,1401600,804,21,26,905,24,40,383,70,68,378,66,99,206,51,81,389,41,72,73,37,78,22,8,59,736299,42886,59666,781166,37060,67036,411779,153279,313353,371328,99779,425854,216671,116903,564203,351586,66042,371046,119723,109429,665731,34772,21078,703210,101.10018575851393,0.4586501547987616
1660914764575,42.543003,0.1182266,0.13043478,0.16,0.12,0.041666668,0.08,0.041666668,0.074074075,0.23076923,52.300003,52.300003,51.600002,51.9,52.300003,51.9,51.600002,52.600002,51.9,53.300003,51.300003,51.300003,3627449,-1310730,1075200,1075200,1075200,1075200,1075200,1075200,652800,1401600,657,54,81,887,54,84,283,68,84,464,72,88,230,62,95,190,41,70,64,39,66,20,27,67,664390,87604,181524,699803,77853,148008,338521,138994,457775,448479,141207,338940,258287,119787,547952,181171,102216,545617,110270,105229,608414,32514,88500,849388,103.01254876033059,0.4392727272727273
1660914765593,42.532,0.115384616,0.16666667,0.08695652,0.09090909,0.0,0.16,0.083333336,0.36,0.0,51.9,51.600002,51.600002,51.600002,51.600002,51.300003,50.9,51.300003,51.300003,51.600002,51.300003,50.9,3658980,-942993,1075200,1075200,1075200,1075200,1075200,1075200,652800,1401600,815,35,49,1076,30,57,353,55,88,469,79,89,161,27,74,123,32,67,86,33,76,20,13,55,754967,56024,89919,743741,43505,92384,420147,109529,372827,463480,112892,331738,156097,68077,653161,129537,78211,609570,139751,94666,698743,26559,51557,713493,104.63280620155038,0.4438325581395349
1660914766632,42.528004,0.10294118,0.16,0.12,0.12,0.12,0.08,0.07692308,0.03846154,0.15384616,52.300003,51.9,51.600002,52.300003,51.9,51.600002,51.9,51.9,52.300003,52.300003,51.300003,50.600002,3642242,-1235657,1075200,1075200,1075200,1075200,1075200,1075200,652800,1401600,694,49,84,919,42,77,358,71,84,425,96,102,50,21,54,567,77,101,65,38,60,31,26,65,717271,68514,160153,757776,51483,123739,429743,152335,363843,414146,144985,379084,59994,60822,725531,509921,151180,262662,104789,113790,635862,50884,80791,807055,102.23657894736843,0.46252631578947373
1660914767669,42.525,0.16666667,0.14285715,0.0952381,0.20833333,0.08695652,0.09090909,0.13043478,0.42857143,0.16666667,52.300003,51.9,51.300003,51.9,51.600002,51.9,51.600002,51.600002,52.600002,51.600002,51.300003,50.600002,3651779,-1022034,1075200,1075200,1075200,1075200,1075200,1075200,652800,1401600,939,32,37,939,29,50,344,50,87,374,109,94,155,35,74,259,50,85,88,34,71,36,28,67,773445,41915,52118,770553,45819,89294,392911,114745,405709,394859,210021,301531,172384,79734,657669,266397,86827,468037,132330,97368,655486,56333,89145,674262,105.65943565891473,0.42785736434108523
1660914768684,42.532,0.09137056,0.13043478,0.08,0.16,0.04,0.083333336,0.08,0.083333336,0.08,52.300003,51.9,51.600002,51.600002,51.9,52.300003,51.9,51.600002,52.9,51.9,51.300003,50.9,3641268,-1130371,1075200,1075200,1075200,1075200,1075200,1075200,652800,1401600,799,50,61,1012,32,58,399,64,79,200,42,62,218,32,73,81,13,61,61,40,54,17,20,64,709206,86753,98529,774085,43166,94121,438190,122179,327569,180799,96315,664172,209908,63822,618278,84534,36261,723642,94156,128208,630783,32792,62931,855603,104.40986446280992,0.48349090909090914
1660914769700,42.528004,0.18518518,0.17391305,0.2,0.13636364,0.083333336,0.083333336,0.09090909,0.4347826,0.17391305,52.300003,51.9,51.600002,51.9,51.9,52.300003,51.600002,52.9,51.600002,53.600002,51.300003,50.600002,3645161,-1300354,1075200,1075200,1075200,1075200,1075200,1075200,652800,1401600,803,28,38,881,38,51,513,51,81,246,60,70,146,20,58,298,56,84,108,45,79,23,24,73,753970,35561,73900,722942,56259,96445,509714,99451,243662,267322,136747,487343,133462,41924,612262,274245,112726,472889,139330,137435,625568,24449,65817,682261,103.45317041800644,0.46034726688102895
1660914770715,42.525,0.073033705,0.0952381,0.13043478,0.13636364,0.08695652,0.045454547,0.13043478,0.045454547,0.04347826,52.300003,52.300003,51.600002,51.9,51.9,52.300003,51.9,52.9,52.300003,53.9,51.600002,51.300003,3635819,-1258851,1075200,1075200,1075200,1075200,1075200,1075200,652800,1401600,787,53,65,985,42,61,336,78,81,223,49,68,122,38,63,128,34,71,82,24,65,46,19,66,660879,90492,134532,734927,53815,96104,337928,182204,385644,243484,116470,573312,156371,108193,663477,141759,82400,616138,132953,64483,648339,68460,51810,775697,105.97724092409241,0.5021254125412541
1660914771727,42.525,0.19672132,0.0952381,0.09090909,0.16666667,0.125,0.04761905,0.2,0.52,0.33333334,51.9,51.9,51.600002,51.9,51.600002,51.600002,51.300003,51.9,51.9,51.9,51.300003,50.9,3646524,-1160279,1075200,1075200,1075200,1075200,1075200,1075200,652800,1401600,831,32,37,956,33,49,449,62,81,398,69,108,169,51,74,141,30,59,79,35,72,32,20,61,762937,61450,74266,766869,42257,101685,423752,129653,342064,380768,140309,374191,198946,149710,530880,147279,62775,608868,121700,97429,684999,46337,60736,731067,102.68981132075473,0.416
1660914772730,42.506,0.16853933,0.20833333,0.13636364,0.0952381,0.09090909,0.08695652,0.13636364,0.47826087,0.09090909,52.300003,51.9,51.300003,51.9,52.300003,51.9,52.300003,51.600002,52.600002,51.600002,51.300003,50.9,3643215,-1143189,1075200,1075200,1075200,1075200,1075200,1075200,652800,1401600,729,47,51,909,37,65,363,67,62,156,46,73,369,53,70,101,16,70,65,39,56,24,22,66,701535,88999,101832,714539,57798,126447,378450,155947,366815,176990,106316,652275,314654,110544,474141,94333,42175,694053,111644,118392,574183,38012,67251,796217,102.95430065359477,0.40094117647058825
1660914773733,42.506,0.08415841,0.16,0.083333336,0.083333336,0.0,0.074074075,0.07692308,0.03846154,0.16,52.300003,51.9,51.600002,51.9,51.9,51.9,51.600002,51.9,51.600002,52.600002,51.300003,50.9,3637960,-1160889,1075200,1075200,1075200,1075200,1075200,1075200,652800,1401600,683,51,56,770,50,89,460,87,68,337,79,80,110,19,69,157,46,72,59,34,69,21,23,57,681093,91589,123167,678947,78790,178680,476770,178418,229266,353416,144562,417499,133165,37210,750907,149425,123009,547341,104616,105884,655841,29445,66012,802248,101.88043349753694,0.45546141215106734
1660914774732,42.506,0.19428572,0.14285715,0.18181819,0.15,0.09090909,0.09090909,0.13636364,0.47826087,0.3043478,52.300003,52.300003,51.600002,51.9,51.600002,51.600002,51.300003,51.600002,51.600002,51.9,51.300003,50.9,3636403,-1268616,1075200,1075200,1075200,1075200,1075200,1075200,652800,1401600,915,27,38,980,29,53,558,74,71,310,68,97,164,31,70,116,26,68,90,39,75,14,17,56,759866,39293,59928,762088,39367,93016,486260,164002,221538,290972,126137,478970,184449,76026,643399,128684,60309,627755,135163,122808,693248,22232,47620,694166,101.50111897106109,0.45016077170418006
1660914775761,42.509003,0.2,0.18181819,0.16,0.2,0.15384616,0.16,0.083333336,0.41666666,0.32,52.600002,52.300003,51.9,51.9,51.9,51.9,51.600002,51.600002,51.9,51.9,50.9,50.600002,3654698,-1125489,1075200,1075200,1075200,1075200,1075200,1075200,652800,1401600,791,40,71,826,57,73,575,64,76,321,74,95,217,32,60,59,15,38,47,31,64,19,22,58,727092,56088,127036,664308,77533,132517,487553,131643,272420,342814,150722,434862,196954,77080,524871,60361,32117,399046,66227,96555,649348,28348,67158,837630,101.90896732026144,0.45511111111111113
1660914776771,42.506,0.14285715,0.16,0.083333336,0.125,0.14814815,0.12,0.20833333,0.30769232,0.0,51.9,51.9,51.600002,51.600002,51.9,51.300003,51.300003,51.300003,51.600002,51.9,50.9,50.600002,3651390,-1117859,1075200,1075200,1075200,1075200,1075200,1075200,652800,1401600,892,33,45,764,44,82,343,96,79,215,57,98,312,31,72,180,31,79,68,38,68,18,17,58,719101,40450,99124,669214,80005,175349,358670,204384,336363,249586,104421,577443,322316,51090,433127,166424,70230,702118,116290,115045,627843,29384,59063,789086,100.7393795379538,0.49557755775577556
1660914777788,42.498,0.21243523,0.28,0.08695652,0.22222222,0.045454547,0.08695652,0.08695652,0.61538464,0.16666667,51.9,51.9,51.300003,51.600002,51.600002,51.300003,51.300003,51.600002,51.300003,51.600002,50.9,50.600002,3663068,-1002503,1075200,1075200,1075200,1075200,1075200,1075200,652800,1401600,869,31,42,947,37,50,599,53,64,147,40,84,151,37,65,318,46,81,58,27,74,30,23,65,766468,47654,71070,796092,43291,66391,573517,98133,230081,140738,94504,689170,183852,79331,555942,242999,96938,549016,82478,86467,683959,48319,70344,728185,104.37209917355372,0.4519669421487604
1660914778791,42.494003,0.109195404,0.17391305,0.13043478,0.04761905,0.0,0.04761905,0.09090909,0.3478261,0.045454547,51.9,51.9,51.300003,51.600002,51.600002,51.9,51.300003,51.300003,51.600002,51.600002,51.300003,50.9,3651000,-1113282,1075200,1075200,1075200,1075200,1075200,1075200,652800,1401600,785,41,50,875,43,67,291,71,74,338,55,98,153,19,67,343,60,86,75,27,59,28,22,65,724213,50338,99266,726948,54175,125971,328601,166518,417320,364438,97251,463831,145503,43104,701823,360318,113602,380940,124377,80600,607113,41171,64918,848762,103.66916375198728,0.48895389507154213
1660914779806,42.487003,0.23195876,0.13636364,0.34615386,0.2,0.08695652,0.12,0.12,0.46153846,0.375,51.9,51.9,51.600002,51.600002,51.300003,51.600002,50.9,50.9,51.300003,51.600002,50.9,50.600002,3654504,-1066590,1075200,1075200,1075200,1075200,1075200,1075200,652800,1401600,788,38,49,1083,26,46,405,77,76,209,45,67,397,64,78,140,44,70,74,35,87,19,17,68,757815,52389,94298,780313,30078,73831,435311,161549,295774,208886,95537,523145,343231,106382,407155,160836,137927,523743,124117,121816,661936,28010,54744,728017,101.71341639344263,0.4710295081967213
1660914780819,42.483,0.14772727,0.14285715,0.09090909,0.14285715,0.0,0.13043478,0.09090909,0.3478261,0.0952381,51.9,51.9,51.600002,51.9,51.600002,51.600002,50.9,51.600002,51.300003,51.9,50.9,50.600002,3642631,-1158753,1075200,1075200,1075200,1075200,1075200,1075200,652800,1401600,829,36,43,831,40,80,506,47,82,257,61,76,172,39,68,125,33,56,58,34,67,13,23,64,723349,61288,76190,688600,58396,143393,509759,73456,293557,256997,129816,547702,163691,73765,644719,142799,71280,650486,98409,91720,671061,18452,67741,808740,102.94454573643411,0.49185736434108523
1660914781823,42.468002,0.1641791,0.2,0.115384616,0.08695652,0.041666668,0.041666668,0.115384616,0.24,0.3846154,51.600002,51.600002,51.300003,51.600002,51.300003,51.300003,50.9,51.600002,51.9,51.600002,50.9,50.600002,3651584,-1120606,1075200,1075200,1075200,1075200,1075200,1075200,652800,1401600,856,29,35,806,43,55,467,60,76,345,66,95,156,33,73,425,62,79,58,30,73,33,27,66,786027,50769,54284,760173,71930,101324,481285,115177,296406,374232,124878,411475,167130,83310,624660,403374,92902,361306,87368,97868,618910,51469,74914,765369,104.4083076923077,0.4311282051282051
1660914782845,42.468002,0.13829787,0.17391305,0.09090909,0.13043478,0.115384616,0.083333336,0.045454547,0.32,0.16666667,51.600002,51.600002,51.600002,51.600002,51.300003,51.600002,50.600002,50.9,51.300003,51.300003,50.9,50.600002,3659564,-1016236,1075200,1075200,1075200,1075200,1075200,1075200,652800,1401600,869,44,54,820,61,84,458,73,60,387,68,88,125,35,85,95,22,52,72,37,64,20,25,56,675767,71173,114538,677805,103449,162693,483796,163583,273538,349596,139980,436596,161942,92777,701641,111543,47286,691796,114744,124338,646680,35087,80498,785218,104.98459212598425,0.4457826771653543
1660914783873,42.464,0.2020202,0.2,0.125,0.16666667,0.083333336,0.28,0.1923077,0.1923077,0.42307693,51.9,51.9,51.300003,51.600002,51.600002,51.600002,50.9,51.300003,51.300003,51.300003,50.9,50.600002,3657423,-1042786,1075200,1075200,1075200,1075200,1075200,1075200,652800,1401600,988,32,39,902,38,63,397,59,75,255,64,101,146,32,86,230,34,70,67,35,65,28,25,66,797656,35769,56899,766897,49030,111353,411478,125473,391662,298088,136471,497831,145335,78553,672626,233679,58791,546405,102706,115186,658985,38245,74394,754363,105.04460487804877,0.4671479674796748
1660914784877,42.475002,0.13114753,0.04761905,0.0952381,0.16666667,0.04347826,0.08695652,0.0,0.375,0.08695652,51.600002,51.300003,50.9,51.600002,51.300003,50.9,50.300003,50.9,50.9,51.300003,50.600002,50.300003,3660538,-1016541,1075200,1075200,1075200,1075200,1075200,1075200,652800,1401600,763,44,59,796,34,90,472,80,79,284,53,88,316,47,63,91,36,63,67,32,65,21,22,52,738887,61858,110716,708377,47847,167654,500706,151208,215422,318720,108670,486695,278509,85456,499199,80860,111103,661795,101850,104941,642242,23204,83544,772481,103.2511382636656,0.4825209003215434
1660914785912,42.472,0.1590909,0.18181819,0.0952381,0.13636364,0.08695652,0.09090909,0.09090909,0.3181818,0.29166666,51.600002,51.600002,51.300003,51.300003,51.300003,51.300003,50.600002,50.9,50.9,51.300003,50.600002,50.600002,3662289,-1053772,1075200,1075200,1075200,1075200,1075200,1075200,652800,1401600,886,31,47,1006,44,38,501,68,70,419,78,105,151,31,79,259,77,91,74,38,72,25,14,63,781994,45832,114983,814696,62698,58496,495267,125018,304898,403176,147996,390407,159636,69899,617320,278657,154800,470474,114703,132229,651185,32766,43700,771232,104.59642996742672,0.3990618892508143
1660914786962,42.464,0.12568305,0.13043478,0.20833333,0.17391305,0.12,0.0,0.08695652,0.29166666,0.13043478,51.300003,51.300003,50.9,50.9,50.9,50.9,50.600002,51.9,51.600002,52.600002,50.9,50.600002,3644383,-1117554,1075200,1075200,1075200,1075200,1075200,1075200,652800,1401600,812,45,55,818,56,72,385,68,92,382,65,84,232,50,83,176,47,69,60,36,66,25,23,64,741590,67318,112790,712497,99863,143869,434156,135523,357976,382411,127932,459503,244022,91039,567656,159172,131633,603836,93298,114943,654843,42860,73099,840744,104.96109983633389,0.49246481178396073
1660914787966,42.460003,0.1436464,0.26086956,0.09090909,0.13636364,0.04347826,0.04347826,0.09090909,0.29166666,0.09090909,51.300003,51.300003,50.600002,50.9,50.9,51.300003,50.9,51.300003,51.600002,51.300003,50.600002,50.600002,3651390,-1053772,1075200,1075200,1075200,1075200,1075200,1075200,652800,1401600,711,51,67,806,47,76,489,76,83,453,57,82,152,25,50,118,20,57,66,35,50,46,20,65,703099,79703,131061,674002,65294,181194,501947,146289,235223,432435,109293,366388,132328,52333,733651,127183,52542,651600,105984,100029,603649,54599,64100,814630,103.66780952380952,0.4624499178981938
1660914788967,42.468002,0.10606061,0.16,0.083333336,0.16,0.083333336,0.08,0.16666667,0.07692308,0.08,51.600002,51.300003,50.9,50.9,50.9,51.300003,50.9,50.9,51.9,50.9,50.300003,50.300003,3661121,-1015015,1075200,1075200,1075200,1075200,1075200,1075200,652800,1401600,821,28,46,901,35,54,443,75,70,317,77,104,322,49,90,114,42,58,76,35,64,25,12,62,737358,39417,83587,750970,49383,113092,437043,160567,282088,316311,155274,435685,310271,82405,480764,134803,111921,584858,117289,96233,618557,38887,40215,762441,104.20159489633174,0.43207655502392345
1660914789998,42.475002,0.11764706,0.16666667,0.115384616,0.04347826,0.04,0.115384616,0.16,0.14814815,0.14814815,51.600002,51.9,51.300003,51.600002,51.9,51.600002,50.9,50.9,50.9,51.300003,50.600002,50.600002,3660343,-1001587,1075200,1075200,1075200,1075200,1075200,1075200,652800,1401600,767,43,55,898,50,74,446,78,77,245,63,92,89,21,66,273,41,66,54,32,64,41,28,71,714597,67841,118156,719486,74245,127706,483854,169478,246572,271933,128742,539753,111578,46733,707109,272654,69758,518470,90703,101632,690207,61319,76354,773865,104.40519480519481,0.4628051948051948
1660914791004,42.487003,0.08196721,0.17391305,0.13043478,0.16666667,0.0,0.08695652,0.08695652,0.04347826,0.041666668,51.600002,51.300003,50.9,50.9,50.9,50.9,50.600002,50.9,50.9,51.300003,50.600002,50.300003,3655866,-983887,1075200,1075200,1075200,1075200,1075200,1075200,652800,1401600,889,36,34,954,36,56,473,62,71,490,63,85,125,26,66,171,40,76,70,37,80,77,17,59,768073,59860,58740,766493,55966,89042,488718,119341,291611,453331,125204,340018,127755,61631,633211,201188,91777,580361,93010,119273,667351,79835,55831,659548,103.58694539781591,0.4832948517940717
1660914792015,42.483,0.13333334,0.25,0.14285715,0.22727273,0.045454547,0.09090909,0.09090909,0.12,0.13043478,51.300003,51.600002,50.9,51.300003,50.9,50.600002,50.600002,50.9,50.9,50.9,50.600002,50.300003,3658397,-1021424,1075200,1075200,1075200,1075200,1075200,1075200,652800,1401600,868,48,42,822,62,85,304,52,77,306,51,104,146,28,48,144,22,61,53,36,65,22,26,58,715501,71179,72071,644305,95956,172510,367696,94974,445703,321702,94911,507478,152452,55637,626606,160350,49469,723334,82561,114849,686302,39105,78535,771994,103.1596339869281,0.4754509803921569
1660914793056,42.491,0.08,0.0952381,0.0,0.13636364,0.04347826,0.0952381,0.04761905,0.08695652,0.045454547,51.600002,51.600002,50.600002,50.9,50.9,50.600002,50.600002,50.600002,50.600002,50.9,50.600002,50.600002,3665014,-1021118,1075200,1075200,1075200,1075200,1075200,1075200,652800,1401600,876,32,40,1041,34,52,358,69,87,582,95,92,264,45,85,185,23,76,70,27,68,27,33,75,764256,55677,85430,804367,41247,100186,403155,160477,350889,507463,193396,255005,271494,85652,514872,146921,44070,719488,103453,91581,708467,42792,100783,748025,101.71341639344263,0.4426491803278688
1660914794097,42.498,0.10194175,0.1923077,0.08,0.15384616,0.0,0.115384616,0.115384616,0.14285715,0.037037037,51.300003,50.9,50.600002,50.9,50.9,50.9,50.600002,50.600002,50.600002,50.600002,50.600002,50.300003,3640879,-1076966,1075200,1075200,1075200,1075200,1075200,1075200,652800,1401600,722,45,74,938,52,84,329,65,79,461,73,108,213,50,86,257,56,68,79,46,69,24,22,52,716283,65283,155586,704886,77375,138795,374434,153469,399451,440831,136909,358201,215540,113194,593729,264047,105583,505820,114984,153243,637537,38196,79703,760257,105.62863157894736,0.5028421052631579
1660914795099,42.509003,0.11518325,0.2,0.20833333,0.09090909,0.041666668,0.16,0.23076923,0.041666668,0.0,51.300003,51.300003,50.9,50.9,50.9,50.600002,50.600002,50.600002,50.9,50.9,50.600002,50.300003,3646913,-1181336,1075200,1075200,1075200,1075200,1075200,1075200,652800,1401600,884,31,32,969,34,50,418,58,73,485,80,98,108,19,55,171,43,67,65,31,72,16,21,56,759501,46742,63638,748137,49385,74139,419913,119356,343209,440516,141073,314888,114687,33771,678928,179654,105810,615436,100496,95944,667997,24342,53243,749990,105.97380858085808,0.35226402640264026
1660914796118,42.498,0.0855615,0.09090909,0.13043478,0.1923077,0.045454547,0.045454547,0.045454547,0.08,0.0,51.9,51.600002,50.9,51.300003,51.300003,50.9,50.600002,50.9,50.9,50.9,50.600002,50.300003,3657813,-1017456,1075200,1075200,1075200,1075200,1075200,1075200,652800,1401600,800,42,59,894,51,71,277,67,80,443,72,97,135,32,71,228,54,81,63,24,64,51,31,72,754920,54818,95203,724742,58162,115546,335641,166875,413561,385313,139504,376213,140283,79723,611038,251106,128217,480936,92797,74720,719213,69400,97063,723897,101.7502208,0.2545152
1660914797132,42.506,0.09770115,0.18181819,0.04761905,0.13636364,0.13043478,0.13636364,0.0,0.125,0.0,51.600002,51.600002,50.600002,51.300003,51.300003,50.300003,50.600002,50.9,50.9,51.300003,50.600002,50.300003,3662484,-1015625,1075200,1075200,1075200,1075200,1075200,1075200,652800,1401600,791,40,43,1017,35,52,302,73,75,625,69,92,138,41,68,238,47,94,81,31,76,21,12,65,759695,63515,76173,749278,56107,99671,358768,164421,386982,532901,121544,236336,133691,118947,584500,261848,101967,548290,129529,116297,673407,34381,49321,699988,104.66461538461539,0.29425641025641025
1660914798164,42.509003,0.084269665,0.1,0.2173913,0.13636364,0.041666668,0.045454547,0.125,0.125,0.04347826,52.300003,51.9,51.300003,51.600002,51.600002,51.600002,50.9,52.300003,51.300003,53.300003,50.9,50.9,3631731,-1223145,1075200,1075200,1075200,1075200,1075200,1075200,652800,1401600,844,43,55,1039,36,60,361,61,83,452,78,114,271,35,66,194,37,76,87,32,70,27,25,61,722108,66137,100315,746352,53007,114256,404153,124405,378436,423134,141266,344248,261705,77601,552320,176191,69941,587133,130324,109753,667982,35274,67328,757635,102.76742945736433,0.28284031007751936
1660914799168,42.521004,0.09042553,0.17391305,0.13636364,0.13043478,0.041666668,0.083333336,0.083333336,0.0,0.08,51.600002,51.600002,50.9,50.9,50.9,50.600002,50.600002,50.9,50.600002,51.300003,50.600002,50.300003,3657229,-990906,1075200,1075200,1075200,1075200,1075200,1075200,652800,1401600,847,43,45,1083,37,53,296,59,78,359,77,115,373,75,84,105,32,65,87,32,72,32,13,54,743339,73818,77959,756221,58920,85714,307579,132731,474547,345882,135684,439068,351491,167102,333555,129147,78217,628278,124158,92018,701580,55126,44672,746439,105.74096596434359,0.2898670988654781
1660914800167,42.528004,0.09803922,0.16,0.08,0.18518518,0.04,0.08,0.14814815,0.11111111,0.0,51.9,51.9,51.600002,51.9,51.9,51.600002,50.9,52.300003,51.600002,53.300003,50.9,50.600002,3657618,-1000366,1075200,1075200,1075200,1075200,1075200,1075200,652800,1401600,856,29,40,865,40,76,467,64,77,219,59,96,278,65,88,263,63,62,76,32,68,23,23,56,751234,30687,76122,700017,51723,137850,482943,125016,263013,194449,149988,561454,300367,120793,431174,243044,116768,447586,121535,105558,633979,29331,71499,719014,102.06678947368421,0.3041052631578947
1660914801217,42.528004,0.10769231,0.09090909,0.125,0.13043478,0.04,0.12,0.04347826,0.08,0.16,51.300003,51.300003,50.600002,50.9,50.9,50.600002,50.600002,50.600002,50.600002,50.9,50.600002,50.300003,3653725,-1152344,1075200,1075200,1075200,1075200,1075200,1075200,652800,1401600,852,40,51,1026,35,62,370,54,74,290,58,94,295,52,104,145,37,74,89,31,66,22,31,53,762682,67261,86660,784793,43989,97521,406865,120176,408502,266945,141521,562463,332297,100817,466490,154308,106378,664964,126186,91962,702409,36215,93412,763344,101.80127102803739,0.29258566978193146
1660914802232,42.528004,0.10614525,0.17391305,0.13636364,0.13636364,0.045454547,0.17391305,0.09090909,0.045454547,0.04347826,51.9,51.9,51.300003,51.600002,51.9,51.9,51.300003,51.600002,51.600002,52.300003,50.9,50.9,3642631,-1221009,1075200,1075200,1075200,1075200,1075200,1075200,652800,1401600,741,37,58,989,38,71,347,57,76,331,56,92,225,33,64,352,70,107,72,37,72,28,19,58,742867,59178,112899,753037,45412,137269,409956,114133,388342,341477,117436,484108,239458,60570,527320,368385,111207,397341,107160,110950,648636,39640,62503,741017,102.15808414239483,0.29276375404530747
1660914803274,42.536003,0.101123594,0.14285715,0.13043478,0.13043478,0.13043478,0.09090909,0.045454547,0.16666667,0.0,51.300003,51.300003,50.9,51.300003,51.300003,50.9,50.300003,50.600002,50.600002,51.300003,50.600002,50.300003,3646134,-1107178,1075200,1075200,1075200,1075200,1075200,1075200,652800,1401600,814,45,55,1063,40,57,260,68,82,281,62,106,106,19,60,280,60,88,75,37,70,19,23,48,725538,81179,113496,770389,58800,91666,305216,158966,477791,278491,120605,554801,110551,36709,706720,289653,146695,467664,127961,113292,748173,31620,66436,787192,101.64805144694535,0.30230225080385853
1660914804321,42.551003,0.1734694,0.16666667,0.16,0.23076923,0.041666668,0.125,0.083333336,0.42307693,0.16,51.600002,50.9,50.600002,51.300003,50.9,50.600002,50.600002,50.600002,50.9,50.9,50.300003,49.9,3660148,-943909,1075200,1075200,1075200,1075200,1075200,1075200,652800,1401600,771,45,61,941,49,79,415,63,81,366,51,96,146,55,78,258,40,78,79,29,70,28,16,57,744387,66529,117607,728815,51727,150543,420302,132928,364333,359110,96054,477872,155320,144434,631852,261333,66880,386799,130583,92520,709699,35853,52079,770648,103.65823400936037,0.3022776911076443
1660914805341,42.536003,0.09770115,0.14285715,0.0952381,0.13636364,0.0952381,0.13636364,0.045454547,0.13636364,0.045454547,52.300003,51.9,51.600002,51.9,52.300003,51.9,51.600002,52.300003,51.9,52.300003,50.9,50.600002,3646134,-1206971,1075200,1075200,1075200,1075200,1075200,1075200,652800,1401600,841,37,41,969,36,53,305,57,70,427,57,79,368,77,111,124,28,64,68,33,65,28,24,71,759858,53442,64705,782232,42692,87601,362875,137938,400369,375331,127207,417116,360956,155605,380108,131184,73398,635597,116389,95528,570670,44144,75137,730471,102.94148031496063,0.30236220472440944
1660914806389,42.536003,0.15934066,0.18181819,0.13636364,0.20833333,0.12,0.13043478,0.04761905,0.16666667,0.375,51.300003,51.300003,50.600002,50.9,50.9,50.600002,50.300003,50.600002,50.600002,50.600002,50.600002,49.9,3661900,-945435,1075200,1075200,1075200,1075200,1075200,1075200,652800,1401600,762,58,66,923,58,86,402,73,79,360,76,110,225,40,68,221,30,64,74,32,53,19,20,51,725104,94311,131791,719525,81197,167019,417662,182318,329178,372616,148697,419704,203731,91419,588824,211682,54435,677082,131401,92697,660666,35479,70034,913567,102.05456814449919,0.301504105090312
1660914807385,42.543003,0.086021505,0.16666667,0.16666667,0.09090909,0.04347826,0.083333336,0.083333336,0.0,0.04347826,52.300003,51.600002,51.300003,51.9,51.9,51.9,51.600002,51.9,52.300003,52.300003,51.300003,50.9,3641074,-1195069,1075200,1075200,1075200,1075200,1075200,1075200,652800,1401600,826,28,42,912,31,48,454,68,71,253,51,92,223,36,72,361,80,91,68,38,63,21,44,67,737673,45934,76471,785488,29883,66754,428178,142474,300849,245929,118601,551766,222782,75620,495152,355942,162098,366826,98002,123723,582555,26947,122451,624849,104.36360439560438,0.3329607535321821
1660914808387,42.547,0.15816326,0.125,0.04347826,0.1923077,0.12,0.04347826,0.12,0.041666668,0.45833334,51.600002,51.300003,50.9,50.9,50.9,50.9,50.300003,50.9,50.600002,51.300003,50.600002,50.600002,3651584,-1089478,1075200,1075200,1075200,1075200,1075200,1075200,652800,1401600,699,47,71,955,46,80,316,68,70,370,61,96,144,28,71,117,35,65,73,33,61,23,23,52,641723,81360,148029,680659,66142,114364,369124,154508,335517,371478,109252,417524,131874,54869,695072,90780,91121,644350,117351,105368,681443,34497,73101,833188,102.40901628664496,0.31353745928338767
1660914809389,42.555,0.08866995,0.1923077,0.16,0.12,0.041666668,0.07692308,0.0,0.115384616,0.0,52.300003,52.300003,51.600002,52.600002,52.300003,52.300003,51.600002,52.600002,51.9,53.600002,51.300003,51.300003,3628812,-1285096,1075200,1075200,1075200,1075200,1075200,1075200,652800,1401600,823,33,52,1045,29,44,342,64,75,467,92,93,483,64,86,100,22,75,80,28,81,32,33,65,712967,41854,88248,753715,43398,82665,379922,126732,359417,477062,170716,238708,412019,132273,307939,130367,49902,635130,115910,91195,624205,49631,89272,584343,103.60972056514913,0.27262794348508634
1660914810413,42.558002,0.20670392,0.17391305,0.20833333,0.1,0.17391305,0.13636364,0.13043478,0.2857143,0.41666666,51.300003,51.300003,50.9,51.300003,51.300003,50.9,50.600002,50.9,50.600002,50.9,50.600002,50.300003,3665793,-945740,1075200,1075200,1075200,1075200,1075200,1075200,652800,1401600,796,46,66,871,58,101,323,56,79,431,81,94,162,49,82,115,21,63,74,35,54,19,19,49,705210,78578,133634,650972,89636,179974,356196,108503,471212,437304,148485,342027,202965,104837,590848,86259,56925,759495,118628,100729,696796,33038,55492,904948,103.58694539781591,0.33038377535101404
1660914811461,42.558002,0.09550562,0.17391305,0.13636364,0.2173913,0.09090909,0.04761905,0.045454547,0.04347826,0.083333336,51.9,51.9,51.300003,51.600002,51.600002,51.300003,50.9,50.9,51.300003,51.300003,50.9,50.9,3659759,-1011048,1075200,1075200,1075200,1075200,1075200,1075200,652800,1401600,892,37,43,982,37,58,358,60,81,480,68,88,201,44,99,388,65,99,76,28,71,34,32,69,801987,70820,64150,777515,46438,120710,414908,141605,358115,407267,129731,388433,217125,83534,580177,361532,127622,432919,117609,87777,634436,43638,85140,687937,105.97724092409241,0.30051485148514856
1660914812482,42.562,0.081871346,0.14285715,0.14285715,0.18181819,0.0,0.09090909,0.045454547,0.125,0.04761905,51.600002,51.600002,51.300003,51.600002,51.600002,50.9,51.300003,51.300003,51.9,51.600002,50.9,50.600002,3654115,-970459,1075200,1075200,1075200,1075200,1075200,1075200,652800,1401600,662,78,88,950,62,88,379,75,64,275,69,112,68,10,55,250,38,83,71,32,57,26,14,52,629972,104052,185785,716807,65383,143932,383664,174449,348783,294922,130239,508225,63848,35326,746642,267640,65653,620864,120437,96695,703771,39823,44584,873016,101.11786996904024,0.3335727554179566
1660914813480,42.562,0.17058824,0.1,0.13636364,0.15,0.0952381,0.20833333,0.05,0.0952381,0.5217391,51.300003,51.600002,50.9,51.300003,51.300003,50.600002,50.600002,50.9,51.300003,50.9,50.600002,50.300003,3654893,-1074829,1075200,1075200,1075200,1075200,1075200,1075200,652800,1401600,778,44,62,961,37,66,480,56,78,214,55,74,40,16,58,193,47,90,68,33,65,32,27,60,658239,82363,115900,679587,40844,112045,473072,104866,305255,233099,107507,584409,43442,66758,729518,211442,100389,603787,115925,99278,685818,48597,70954,739416,104.497152,0.3139584
1660914814487,42.558002,0.08,0.0952381,0.09090909,0.0952381,0.0,0.04761905,0.09090909,0.125,0.0,51.9,51.9,51.300003,51.600002,51.600002,51.300003,50.9,51.600002,51.600002,51.300003,51.300003,50.600002,3655282,-959168,1075200,1075200,1075200,1075200,1075200,1075200,652800,1401600,851,30,28,962,26,40,430,62,88,350,65,99,73,27,58,194,45,70,95,28,67,35,17,57,779081,47740,37193,761863,35174,87861,468061,119676,285286,335148,132515,439556,82852,72845,571731,217612,106160,526115,138183,85410,691056,44663,47734,625607,103.51430065359477,0.3203660130718954
1660914815497,42.543003,0.08717949,0.045454547,0.13043478,0.125,0.08,0.0,0.115384616,0.08,0.041666668,51.300003,51.300003,50.9,50.9,50.9,51.300003,50.9,50.9,51.600002,51.300003,50.600002,50.300003,3661511,-923462,1075200,1075200,1075200,1075200,1075200,1075200,652800,1401600,678,59,86,797,63,111,335,85,65,349,81,101,227,48,77,245,40,73,60,31,57,22,26,54,659281,75222,199671,626297,99262,223809,377715,210344,337302,360352,138882,416162,230194,101847,567045,240799,89454,529592,88806,105238,699230,36408,80863,835342,103.119,0.34826315789473683
1660914816503,42.54,0.14285715,0.08695652,0.16666667,0.16,0.07692308,0.04347826,0.04,0.08,0.44444445,51.300003,51.600002,50.9,51.300003,51.300003,51.300003,50.600002,51.300003,51.300003,51.9,50.600002,50.300003,3657229,-946655,1075200,1075200,1075200,1075200,1075200,1075200,652800,1401600,693,48,61,864,53,90,488,63,58,238,62,90,218,54,91,75,18,53,77,38,64,20,19,55,679836,78062,133497,639049,63722,176655,452513,130989,285260,254951,126415,519692,211004,118353,570588,86808,43198,680459,124305,108165,641807,28610,54191,756747,102.35289719626168,0.32682866043613706
1660914817525,42.54,0.09195402,0.1,0.14285715,0.0952381,0.045454547,0.04761905,0.13043478,0.13043478,0.0,51.600002,51.600002,50.9,51.300003,51.300003,51.300003,51.300003,51.300003,51.300003,51.300003,50.600002,50.300003,3659175,-977783,1075200,1075200,1075200,1075200,1075200,1075200,652800,1401600,766,33,48,994,31,57,332,56,79,313,66,111,303,50,100,117,35,83,89,32,71,38,35,67,704722,59480,109527,724228,42569,116185,383987,125127,394380,337991,116808,464957,330546,90232,445312,110921,96093,701049,140471,94855,673103,48133,93932,602693,101.68136434108527,0.314691472868217
1660914818552,42.532,0.15920398,0.18518518,0.125,0.2,0.04347826,0.083333336,0.08,0.08,0.36,51.600002,51.600002,51.300003,51.300003,51.300003,51.300003,51.300003,50.9,51.9,51.300003,50.9,50.600002,3638544,-1333619,1075200,1075200,1075200,1075200,1075200,1075200,652800,1401600,666,71,87,895,69,93,329,52,71,249,59,96,384,69,96,47,25,62,65,26,56,38,23,60,621808,132712,171194,673958,94882,155633,360526,111113,466639,295297,129959,527081,361228,148883,431392,54846,83842,745887,105789,82981,662070,51088,67704,865884,102.28662560777958,0.3058411669367909
1660914819555,42.506,0.09944751,0.13043478,0.0952381,0.2,0.045454547,0.13043478,0.13043478,0.083333336,0.083333336,51.600002,51.600002,50.9,51.600002,51.600002,50.9,50.600002,51.300003,50.9,51.600002,50.9,50.300003,3657423,-994568,1075200,1075200,1075200,1075200,1075200,1075200,652800,1401600,780,36,38,1023,33,50,433,57,68,348,75,91,339,52,78,129,26,72,84,26,74,26,21,60,726049,65678,81288,769933,47789,69573,460122,108522,293372,348283,143354,396257,291396,106050,392671,158739,67773,656481,131232,69819,653123,39919,64225,674729,104.4701919504644,0.370328173374613
1660914820555,42.491,0.15730338,0.13636364,0.13636364,0.18181819,0.09090909,0.13043478,0.0,0.0,0.39130434,51.9,51.600002,50.9,51.300003,51.9,51.300003,51.600002,51.300003,52.300003,51.300003,50.600002,50.600002,3642436,-1209107,1075200,1075200,1075200,1075200,1075200,1075200,652800,1401600,783,58,68,829,62,101,452,76,85,584,57,81,47,16,52,138,28,73,62,33,59,17,27,62,674317,75419,140044,638092,81265,204356,455002,172034,258519,563368,87927,256450,65404,43930,730637,169259,42184,728914,99996,94512,622538,26558,89077,837984,103.51386370839937,0.36922979397781297
1660914821569,42.457,0.09045226,0.16,0.125,0.08695652,0.04,0.115384616,0.0,0.15384616,0.03846154,51.600002,51.9,50.9,51.300003,51.300003,50.9,50.600002,50.9,51.300003,51.300003,50.600002,50.300003,3662484,-1010437,1075200,1075200,1075200,1075200,1075200,1075200,652800,1401600,674,26,37,964,28,42,661,71,69,428,57,84,351,57,83,144,39,69,67,30,79,30,18,56,722677,35037,70712,750151,44982,85680,555838,122906,154997,332932,104415,453006,331094,101923,388336,229173,78781,529927,100226,84874,705214,33801,44899,719415,104.00742105263159,0.3362631578947369
1660914822577,42.460003,0.14942528,0.18181819,0.13636364,0.14285715,0.13636364,0.0952381,0.1,0.09090909,0.2857143,51.600002,51.300003,51.300003,51.300003,51.600002,51.300003,50.9,51.9,51.600002,52.600002,50.9,50.600002,3645940,-1203003,1075200,1075200,1075200,1075200,1075200,1075200,652800,1401600,774,53,73,912,46,77,320,70,67,410,82,89,61,18,48,140,38,84,75,29,63,26,26,59,674746,65255,152858,712356,47667,146791,314530,166292,438846,396495,155243,354972,62719,46352,761935,144764,87058,668296,120001,79560,635821,46747,87441,796631,102.56353821138212,0.329209756097561
1660914823591,42.449,0.12222222,0.18181819,0.13636364,0.0952381,0.083333336,0.13043478,0.04347826,0.3478261,0.0,51.600002,51.600002,50.9,51.300003,50.9,50.9,50.600002,50.9,50.9,51.9,50.9,50.300003,3649443,-1064453,1075200,1075200,1075200,1075200,1075200,1075200,652800,1401600,803,27,37,971,33,40,337,62,78,305,68,91,277,67,83,170,27,64,74,38,79,18,11,55,781056,35374,67825,782945,46623,59884,369567,134016,396990,311209,125856,468168,259310,159894,467133,154893,76804,589983,106167,122174,694124,24845,38880,710158,104.56131472868216,0.35552248062015507
1660914824613,42.434002,0.1,0.18181819,0.13636364,0.14285715,0.04761905,0.04761905,0.13636364,0.0,0.13636364,51.600002,51.9,51.300003,51.600002,51.600002,51.600002,51.600002,51.600002,51.600002,51.600002,50.9,50.9,3650611,-1197815,1075200,1075200,1075200,1075200,1075200,1075200,652800,1401600,803,52,61,968,46,73,291,69,73,461,66,82,241,46,75,110,27,77,72,34,56,21,30,59,718531,80501,102464,757480,65839,103760,330793,151539,459041,383941,92004,456607,210037,89804,594998,79910,92439,725237,110383,97869,630831,33075,96506,783502,104.95761119751165,0.27097978227060654
1660914825617,42.442,0.1452514,0.18181819,0.0952381,0.2173913,0.08695652,0.08695652,0.17391305,0.4090909,0.04347826,51.600002,51.600002,50.9,50.9,51.300003,50.9,50.600002,50.9,50.9,50.9,50.9,50.300003,3658591,-997620,1075200,1075200,1075200,1075200,1075200,1075200,652800,1401600,839,26,35,959,32,54,264,78,70,516,87,104,247,45,91,232,45,71,80,35,61,30,25,57,767396,36312,73773,753851,36335,119156,310468,193151,385261,480161,157381,233806,248452,85243,568968,239882,81137,486330,120682,95130,642463,39835,67678,711289,103.66780952380952,0.3007492063492063
1660914826622,42.445004,0.13636364,0.17391305,0.0952381,0.0952381,0.17391305,0.13043478,0.09090909,0.125,0.23809524,51.9,51.9,51.600002,51.9,51.600002,51.600002,51.300003,52.300003,51.600002,52.600002,51.300003,50.600002,3643410,-1139832,1075200,1075200,1075200,1075200,1075200,1075200,652800,1401600,801,41,51,933,48,80,340,65,70,447,87,115,220,47,71,87,16,47,58,27,70,18,23,57,755109,58095,79911,717443,59496,120784,364836,157589,370835,421190,158725,304240,209104,98846,581386,94885,41261,688751,102243,69054,676676,30762,68044,784695,101.17303896103896,0.32025974025974024
1660914827623,42.449,0.1442786,0.125,0.125,0.16,0.15384616,0.07692308,0.12,0.30769232,0.04,51.9,51.600002,50.9,51.300003,50.9,51.300003,50.600002,50.9,50.9,50.9,50.600002,50.600002,3664041,-948487,1075200,1075200,1075200,1075200,1075200,1075200,652800,1401600,811,31,37,1024,30,53,331,64,73,604,86,77,226,43,93,187,42,86,82,35,70,22,17,55,756749,42743,76026,751695,44618,99960,403255,135434,364930,512929,177782,191858,205946,111260,596471,189331,79395,564314,122532,107963,711428,34926,62887,667444,102.32365640194489,0.330839546191248
1660914828626,42.460003,0.11931818,0.2173913,0.0952381,0.13636364,0.04761905,0.13636364,0.0,0.29166666,0.045454547,51.9,51.9,51.600002,51.600002,51.600002,51.600002,50.9,52.300003,51.600002,53.300003,51.300003,50.9,3635819,-1305237,1075200,1075200,1075200,1075200,1075200,1075200,652800,1401600,845,26,49,829,64,79,511,77,78,198,58,85,199,25,52,114,31,59,77,25,65,29,18,65,734343,33251,95734,687418,92779,127179,512080,150655,218782,212376,130245,560461,185151,41997,691415,109942,98502,635782,128986,80979,645929,40277,54847,785500,103.67052229299364,0.36438216560509556
1660914829627,42.445004,0.23295455,0.3181818,0.1904762,0.23809524,0.18181819,0.23809524,0.22727273,0.36363637,0.045454547,51.9,51.9,51.600002,51.600002,51.600002,51.600002,51.300003,52.300003,51.300003,53.300003,50.9,50.600002,3650806,-1226197,1075200,1075200,1075200,1075200,1075200,1075200,652800,1401600,785,40,45,1017,44,50,388,60,62,326,52,100,128,37,72,306,44,80,73,32,57,31,22,60,761339,63002,70504,731640,62348,97848,441873,134656,320181,322380,107731,493594,136873,95719,610767,262599,88286,531163,115224,88214,630292,48563,66360,770982,102.62632457496136,0.32865533230293664
1660914830631,42.472,0.14009662,0.2,0.12,0.16,0.07692308,0.12,0.115384616,0.14285715,0.1923077,51.9,51.9,51.600002,51.9,51.600002,51.9,51.600002,51.9,51.600002,52.600002,50.9,50.9,3639906,-1239930,1075200,1075200,1075200,1075200,1075200,1075200,652800,1401600,764,40,43,903,47,77,430,56,64,333,53,90,97,16,63,233,59,92,86,30,55,32,24,67,696087,62365,83894,681094,67193,127175,443810,104134,299273,312116,107731,473252,82298,30562,688518,227133,136715,484911,120778,84622,598912,47014,73896,802274,101.45028571428571,0.3431055900621118
1660914831658,42.483,0.14619882,0.22727273,0.0952381,0.13636364,0.04761905,0.0,0.13636364,0.4090909,0.09090909,51.9,51.600002,51.300003,51.300003,51.300003,51.300003,50.9,51.9,51.300003,52.9,50.9,50.300003,3647692,-948487,1075200,1075200,1075200,1075200,1075200,1075200,652800,1401600,1007,12,16,1006,24,44,466,65,76,292,64,104,219,47,60,390,47,80,97,36,64,42,34,73,808324,14814,34199,795771,30827,68442,447870,139908,293820,308210,150207,431191,206404,103973,490518,300137,101405,501827,143937,111018,607626,60002,105883,641175,102.14194736842104,0.32084210526315793
1660914832666,42.468002,0.13872832,0.05263158,0.24,0.22727273,0.09090909,0.04761905,0.17391305,0.0,0.3478261,52.600002,52.300003,51.9,51.9,52.300003,52.300003,51.9,52.600002,52.600002,53.300003,50.9,50.600002,3649443,-1146241,1075200,1075200,1075200,1075200,1075200,1075200,652800,1401600,742,49,49,901,40,80,317,66,73,294,48,74,247,57,88,171,41,79,74,38,61,24,27,63,700025,66664,80663,708534,65206,141360,353349,160913,395493,258471,93040,577489,276177,127735,519385,173642,107741,550669,118506,134320,570022,33557,86983,777114,103.83262321144674,0.3390779014308426
1660914833680,42.468002,0.11,0.17391305,0.15384616,0.25,0.07692308,0.041666668,0.08,0.11111111,0.08,51.9,52.300003,51.600002,51.600002,51.9,52.300003,51.9,51.9,52.300003,52.300003,51.300003,50.9,3645356,-1213684,1075200,1075200,1075200,1075200,1075200,1075200,652800,1401600,810,40,44,974,37,55,385,76,72,416,67,87,221,55,64,96,25,68,77,36,63,26,25,51,727928,58773,81551,741445,57016,90242,348481,176529,374551,406650,134520,375269,194363,145259,562907,108835,66612,663353,121624,105283,684664,48161,76624,714235,102.94454573643411,0.32907906976744183
1660914834700,42.460003,0.16483517,0.2173913,0.13636364,0.14285715,0.16666667,0.16666667,0.04761905,0.045454547,0.36363637,51.9,51.9,50.9,51.300003,51.600002,51.300003,50.9,52.600002,51.300003,53.600002,50.600002,50.600002,3654504,-1042481,1075200,1075200,1075200,1075200,1075200,1075200,652800,1401600,868,33,48,1186,28,60,398,52,69,218,58,87,494,74,92,162,47,77,84,46,68,33,12,59,721254,48788,88132,797663,30712,79108,397824,108718,402917,219166,131172,586257,457442,147120,289314,140040,116386,629583,130499,132736,663597,44045,40920,718173,102.01174384236454,0.35389162561576354
1660914835739,42.438004,0.1827957,0.18181819,0.13636364,0.20833333,0.083333336,0.09090909,0.045454547,0.09090909,0.5416667,52.300003,51.9,51.300003,51.9,51.9,51.9,51.600002,52.9,51.600002,53.600002,50.9,50.9,3635624,-1200257,1075200,1075200,1075200,1075200,1075200,1075200,652800,1401600,954,45,49,995,40,68,385,73,78,219,49,87,126,55,73,140,30,74,92,33,68,20,15,56,763550,54094,80203,753421,50373,124721,411634,153084,383385,231013,118529,627350,148640,130656,613585,117559,73305,775654,142064,91182,734994,33045,40124,796265,101.69468852459016,0.357455737704918
1660914836741,42.442,0.09039548,0.13636364,0.13043478,0.1,0.0,0.04761905,0.09090909,0.20833333,0.0,52.300003,51.9,51.600002,52.300003,52.300003,51.9,51.300003,51.9,51.600002,52.300003,51.300003,50.9,3651974,-1062622,1075200,1075200,1075200,1075200,1075200,1075200,652800,1401600,765,31,51,1000,34,57,424,69,77,131,41,82,89,21,66,242,53,83,87,41,69,35,19,59,673843,52971,79653,738751,37519,84734,398174,149388,323667,145541,100778,657344,97183,62356,636327,258733,95425,499633,143678,138104,674237,43443,51265,716629,102.89357259380098,0.3427601957585645
1660914837779,42.43,0.21311475,0.17391305,0.14285715,0.20833333,0.08695652,0.23076923,0.08695652,0.4090909,0.375,51.9,51.9,51.300003,51.600002,51.600002,51.300003,51.300003,51.600002,51.600002,51.600002,50.9,50.600002,3646134,-1139527,1075200,1075200,1075200,1075200,1075200,1075200,652800,1401600,821,34,49,959,36,58,546,69,68,355,80,111,132,27,61,377,58,94,95,38,78,24,20,57,776291,49128,95519,756563,46104,111706,485538,145466,253151,315493,149924,441424,130997,62007,597212,374100,110454,402952,142269,103751,638590,39258,58992,704057,104.93824836601308,0.3340653594771242
1660914838818,42.442,0.14124294,0.14285715,0.13636364,0.13043478,0.04761905,0.04761905,0.04347826,0.45454547,0.08695652,51.9,51.9,50.9,51.600002,51.600002,51.300003,50.9,51.300003,51.300003,51.300003,50.9,50.600002,3643604,-1217041,1075200,1075200,1075200,1075200,1075200,1075200,652800,1401600,829,34,53,955,40,69,261,75,88,462,97,126,64,14,63,183,40,78,84,31,59,27,29,58,759176,51201,100987,719698,59288,142118,293652,180208,478378,506299,155280,269534,65117,31964,790600,182295,86522,688912,134225,97335,665812,40565,91851,768296,102.94454573643411,0.3443596899224806
1660914839833,42.438004,0.25714287,0.42857143,0.18181819,0.18181819,0.05,0.2173913,0.13043478,0.47826087,0.45454547,51.9,51.600002,50.9,51.600002,51.600002,50.9,50.600002,50.9,51.300003,51.300003,50.9,50.300003,3655282,-1189576,1075200,1075200,1075200,1075200,1075200,1075200,652800,1401600,806,32,54,1007,32,44,310,59,75,415,86,94,144,37,74,510,55,92,58,22,55,32,25,70,731531,61089,102567,788247,42255,80431,391294,134057,384800,437576,132087,342595,144405,107188,594620,467398,81249,388264,87307,66044,620813,46800,64161,791947,102.35546229508198,0.367527868852459
1660914840872,42.442,0.15517241,0.15,0.13636364,0.13636364,0.045454547,0.13636364,0.13043478,0.45454547,0.09090909,51.600002,51.600002,51.300003,51.300003,51.300003,50.9,50.9,50.9,50.9,51.300003,50.9,50.600002,3655282,-986023,1075200,1075200,1075200,1075200,1075200,1075200,652800,1401600,759,38,54,901,50,89,483,78,87,358,91,103,132,21,88,226,39,80,76,34,58,26,19,56,680165,59269,128970,722336,66143,156209,491081,141816,279730,403373,163533,349633,158113,41836,637148,244895,68009,611928,132214,99837,672977,37365,47634,837665,104.53813938411669,0.37331604538087526
1660914841894,42.442,0.17326732,0.16,0.125,0.22222222,0.07692308,0.115384616,0.12,0.34615386,0.30769232,51.600002,51.600002,51.300003,50.9,51.300003,50.9,50.600002,50.9,50.9,51.300003,50.600002,50.300003,3648470,-1149903,1075200,1075200,1075200,1075200,1075200,1075200,652800,1401600,809,34,50,975,42,57,455,71,63,194,41,101,144,36,57,322,61,112,83,41,70,27,15,58,742826,49480,87848,748118,72042,101438,447017,147553,308844,199612,101673,654322,131257,88026,632548,311726,124932,497815,115995,159277,612259,33109,53318,736699,101.04633663366337,0.38442244224422445
1660914842946,42.449,0.12307692,0.16666667,0.16,0.125,0.0,0.041666668,0.12,0.07692308,0.2,51.600002,51.300003,50.9,50.9,50.9,50.600002,50.600002,50.600002,50.9,51.600002,50.600002,50.300003,3658786,-979309,1075200,1075200,1075200,1075200,1075200,1075200,652800,1401600,670,55,69,1020,41,66,309,60,82,235,60,94,102,8,63,502,71,84,61,27,58,26,21,62,721571,89500,140453,765140,52826,125346,364709,134220,453408,235957,132620,602512,80696,25980,785707,434725,129193,196538,103375,76713,674333,35545,61818,852449,102.99796273291925,0.35075776397515523
1660914843958,42.483,0.18079096,0.18181819,0.17391305,0.36363637,0.13043478,0.0,0.13043478,0.22727273,0.3043478,51.9,51.300003,50.600002,50.9,51.300003,50.9,51.300003,50.9,51.9,51.300003,50.9,50.600002,3650806,-1167908,1075200,1075200,1075200,1075200,1075200,1075200,652800,1401600,949,20,33,1020,35,51,354,67,79,237,50,102,369,57,95,160,24,65,78,36,70,30,15,62,797554,29360,50718,785052,38317,81830,394911,147931,359538,239149,107237,588928,323035,124249,450552,158099,36758,646995,135627,107410,641565,44429,40068,745181,106.193,0.3464736842105263
1660914844992,42.487003,0.14356436,0.16,0.16,0.15384616,0.04,0.115384616,0.12,0.26923078,0.1923077,51.9,51.600002,51.300003,51.300003,51.300003,51.300003,50.9,50.9,51.300003,51.300003,50.600002,50.600002,3656061,-1008606,1075200,1075200,1075200,1075200,1075200,1075200,652800,1401600,893,46,48,930,39,71,269,60,68,304,87,107,190,41,65,82,20,47,64,32,56,26,30,58,751110,65868,73720,710919,51886,157787,334927,142461,436847,290317,173964,471544,191244,101375,656686,94141,49803,726791,99189,94762,685183,34984,95169,750047,102.38479207920793,0.3461386138613861
1660914846014,42.498,0.10752688,0.20833333,0.13636364,0.13043478,0.0,0.045454547,0.041666668,0.083333336,0.13043478,51.600002,51.600002,50.9,51.300003,51.300003,50.9,50.600002,50.9,50.9,51.600002,50.9,50.300003,3658202,-1080933,1075200,1075200,1075200,1075200,1075200,1075200,652800,1401600,774,50,62,930,43,65,362,71,82,180,54,105,109,24,64,179,48,88,75,37,75,17,17,49,731672,77906,121290,735535,62507,93981,378203,153868,399027,217658,126241,616137,116365,46579,705712,185913,117816,610699,117696,112048,693669,29803,46710,801719,100.99793170731706,0.34684878048780493
1660914847030,42.525,0.103960395,0.125,0.12,0.125,0.08,0.04,0.12,0.041666668,0.08,51.600002,51.600002,50.9,51.300003,50.9,50.600002,50.300003,50.9,50.9,50.9,50.600002,50.600002,3659954,-985413,1075200,1075200,1075200,1075200,1075200,1075200,652800,1401600,855,38,49,1014,38,49,321,69,72,144,31,90,109,22,63,155,36,75,83,29,54,26,25,55,720353,59521,89876,760085,37010,72208,330874,150134,437864,139942,72674,734960,99806,56020,699886,149873,96325,710742,131750,97060,663974,41618,86775,751931,103.43012658227848,0.366379746835443
1660914848042,42.528004,0.074285716,0.18181819,0.13636364,0.18181819,0.0,0.0,0.045454547,0.08695652,0.08695652,51.600002,51.300003,50.9,50.9,51.300003,50.9,50.600002,50.9,50.9,51.300003,50.600002,50.300003,3657813,-1011353,1075200,1075200,1075200,1075200,1075200,1075200,652800,1401600,926,29,31,1004,35,56,283,66,77,310,79,94,263,48,98,202,31,76,88,42,81,27,16,59,776897,47986,61814,751491,50459,109587,336436,156486,400581,297903,155485,467019,289627,90018,482837,190499,65062,595824,140398,122120,626517,35370,47362,700589,103.75154765751212,0.379140549273021
1660914849074,42.513,0.07602339,0.14285715,0.14285715,0.17391305,0.0952381,0.04761905,0.045454547,0.0,0.0,51.600002,51.300003,50.9,50.9,50.9,51.300003,50.600002,50.9,50.9,51.300003,50.9,50.300003,3654893,-1093445,1075200,1075200,1075200,1075200,1075200,1075200,652800,1401600,799,50,60,854,40,75,334,71,77,254,61,98,297,63,87,67,21,48,82,37,73,25,27,55,721338,77382,118768,668093,57920,162095,399936,168526,371221,245818,127297,587915,282571,156643,517940,74541,55913,750499,127648,115401,708420,41671,89079,736789,102.45960991735538,0.3783404958677686
1660914850126,42.525,0.07650273,0.13636364,0.13636364,0.0952381,0.041666668,0.08695652,0.0,0.083333336,0.04347826,51.600002,51.600002,50.600002,50.9,51.300003,50.600002,50.300003,50.9,50.600002,51.300003,50.600002,50.300003,3651000,-1020508,1075200,1075200,1075200,1075200,1075200,1075200,652800,1401600,777,33,54,1075,30,45,389,73,76,634,92,96,95,20,61,204,30,93,83,42,77,29,19,56,796881,56337,106065,828594,41253,66767,420660,167188,355553,547047,183240,199217,113642,31120,766967,186660,66004,724122,121629,132324,702536,36896,58582,732660,104.40130817610063,0.37132075471698117
1660914851122,42.528004,0.08045977,0.13636364,0.1904762,0.05,0.0,0.13043478,0.04347826,0.08695652,0.08695652,51.600002,51.9,50.9,50.9,50.9,50.9,50.600002,50.600002,50.9,50.600002,50.600002,50.300003,3642631,-1162110,1075200,1075200,1075200,1075200,1075200,1075200,652800,1401600,895,30,45,980,44,62,498,71,57,218,56,89,117,13,48,126,14,76,89,32,62,28,24,55,752734,46932,87237,748696,53199,88671,519452,139386,239994,245641,106533,584702,107041,24195,705328,136408,20302,733919,129574,91533,645844,34891,75976,739378,103.14093890675241,0.33245016077170414
1660914852127,42.525,0.07960199,0.16,0.08695652,0.12,0.11111111,0.115384616,0.115384616,0.0,0.03846154,51.600002,51.600002,50.600002,51.300003,50.9,50.9,50.300003,50.9,50.600002,50.9,50.600002,50.300003,3651000,-1060791,1075200,1075200,1075200,1075200,1075200,1075200,652800,1401600,769,33,37,979,27,31,391,63,70,345,57,96,116,22,60,216,47,99,78,37,68,27,8,60,730447,52427,84095,722047,39639,56112,400990,138860,353468,343282,108937,432108,133656,50292,686962,185300,107230,559901,105097,122717,678144,49590,19134,746266,102.85152755905511,0.3972535433070866
1660914853149,42.521004,0.07602339,0.0952381,0.13636364,0.05,0.04761905,0.045454547,0.0952381,0.08695652,0.045454547,51.9,51.300003,50.9,51.300003,50.9,51.300003,51.600002,50.9,51.9,51.600002,50.9,50.600002,3658786,-979004,1075200,1075200,1075200,1075200,1075200,1075200,652800,1401600,859,46,49,958,51,62,368,65,79,327,61,108,368,43,94,131,28,62,73,30,65,37,29,68,741511,75490,83482,757490,63421,96738,373930,139446,415399,310194,123241,490355,328327,64177,532936,151249,48399,644549,108298,84206,656974,45825,86857,729480,102.92020512820514,0.37523076923076926
1660914854188,42.525,0.11386139,0.08695652,0.18518518,0.16,0.115384616,0.0,0.08,0.04,0.16,51.600002,50.9,50.600002,50.9,50.600002,50.9,50.300003,50.9,50.9,50.600002,50.9,50.300003,3652557,-1063843,1075200,1075200,1075200,1075200,1075200,1075200,652800,1401600,801,31,50,954,36,70,296,74,80,512,99,78,420,57,79,135,29,59,85,37,70,32,33,57,753953,48090,107687,773859,45258,138822,348714,167456,433813,465273,217167,261944,393485,108167,438504,99775,83332,698853,141105,99772,681481,44734,110151,737600,104.04331162790697,0.38087441860465115
1660914855224,42.525,0.071794875,0.16666667,0.125,0.083333336,0.04,0.041666668,0.15384616,0.12,0.04,51.9,51.9,51.300003,51.600002,51.9,51.600002,51.300003,52.300003,51.600002,52.300003,51.300003,50.600002,3634262,-1302185,1075200,1075200,1075200,1075200,1075200,1075200,652800,1401600,918,38,36,961,41,73,311,78,85,328,73,114,242,37,61,153,36,66,79,34,73,27,27,56,790690,58269,46619,731654,51595,123035,366293,188603,362870,343071,146068,416168,194792,89798,633456,154727,74222,612512,124603,114890,649675,39924,76285,676936,103.10439751552795,0.3548322981366459
1660914856240,42.525,0.11494253,0.1,0.0952381,0.13636364,0.045454547,0.13043478,0.09090909,0.09090909,0.13636364,51.600002,50.9,50.600002,51.300003,51.300003,50.9,50.300003,50.9,50.600002,50.9,50.600002,50.600002,3663262,-962525,1075200,1075200,1075200,1075200,1075200,1075200,652800,1401600,861,36,45,895,44,76,270,70,73,170,47,85,344,59,85,260,51,71,71,32,58,23,21,53,763357,54896,87323,700446,63684,163305,308455,154655,470908,156520,120591,684496,349008,86904,475044,267425,107530,467595,97256,90667,665434,33752,74792,813621,102.92683410852712,0.40191007751937985
1660914857248,42.525,0.12290503,0.16666667,0.04761905,0.09090909,0.045454547,0.13636364,0.04761905,0.18181819,0.20833333,52.300003,52.300003,51.600002,51.9,51.9,51.300003,51.300003,51.9,51.600002,52.300003,51.300003,50.9,3640101,-1361084,1075200,1075200,1075200,1075200,1075200,1075200,652800,1401600,773,42,44,999,33,43,304,75,81,196,44,90,152,53,80,486,75,99,83,30,73,28,17,57,724339,66813,77962,754678,48235,82993,360986,179524,355444,188715,113441,620494,153054,130263,558992,426146,138665,303403,124463,87222,676149,35272,43525,677669,90.56490701468189,0.4732267536704731
1660914858266,42.536003,0.36263737,0.2857143,0.33333334,0.2857143,0.47826087,0.36363637,0.45454547,0.2173913,0.45833334,51.300003,50.9,50.600002,51.300003,50.9,50.9,50.300003,50.9,50.9,50.9,50.300003,49.9,3718734,-211181,1075200,1075200,1075200,1075200,1075200,1075200,652800,1401600,805,23,26,1068,17,27,341,44,88,327,54,100,186,11,54,344,57,98,80,16,54,125,19,67,749265,51393,84661,784987,28460,90431,299245,95974,526035,318049,111048,477688,136387,27229,593262,363783,101341,383845,116334,41519,459414,72405,42551,543676,-1.0,-1.0
1660914859301,42.558002,0.030487806,0.0952381,0.0,0.04761905,0.0,0.04761905,0.0,0.0,0.05,54.300003,54.300003,53.9,54.600002,54.600002,54.9,54.300003,54.300003,54.9,55.600002,51.9,51.9,3614798,-1202698,1075200,1075200,1075200,1075200,1075200,1075200,652800,1401600,1505,1,6,1965,1,6,641,2,5,755,3,10,464,0,5,588,0,5,419,0,16,440,0,8,594383,4320,46540,638728,840,57445,590525,4245,51074,544886,1413,51003,576536,0,135583,567248,0,46965,697612,0,275531,494073,0,201229,-1.0,-1.0
1660914860291,42.551003,0.14375,0.1904762,0.1,0.1904762,0.1904762,0.1,0.10526316,0.1,0.21052632,50.9,50.9,50.600002,50.600002,50.300003,50.300003,50.300003,50.600002,50.600002,50.600002,49.9,49.9,3718734,-208740,1075200,1075200,1075200,1075200,1075200,1075200,652800,1401600,601,6,17,549,8,19,178,28,62,164,18,55,196,26,64,160,28,67,54,28,82,52,7,73,618136,13204,126987,632862,16854,109815,135025,67525,550465,127036,32864,532451,127191,72439,541328,132219,45763,550980,61810,63257,774280,46461,13650,764764,-1.0,-1.0
