1658352918456,31.982002,0.4730539,0.3,0.39130434,0.11764706,0.52380955,0.36363637,0.71428573,0.27272728,1.0,42.600002,42.9,42.600002,43.600002,44.300003,44.600002,43.9,43.600002,44.300003,45.300003,39.300003,39.9,3787830,-638123,1075200,1075200,1075200,1075200,1075200,1075200,652800,1401600,7704295,187616,786473,8282372,163330,716441,4160711,275406,787419,4027123,279346,812424,3057488,217795,784775,2830654,205806,774931,2947942,441151,904027,1652291,163675,593792,4795825648,413082294,10419830742,5039475916,364064501,10522895873,2849432459,585247978,12460157899,2766252293,595519176,12457606607,2163427810,458410079,12512339755,2058874624,443779476,12365021881,2198280903,885300119,13786756654,1030581620,476213854,12319116221,-1.0,-1.0
1658352919486,32.017002,0.8756219,0.9230769,0.9166667,1.0,0.9166667,0.6666667,0.7916667,0.84615386,1.0,42.600002,42.9,41.9,41.9,42.9,42.9,42.600002,43.600002,42.600002,44.300003,39.9,39.9,3774789,-623474,1075200,1075200,1075200,1075200,1075200,1075200,652800,1401600,774,5,7,444,3,1,500,17,20,538,20,19,408,10,15,332,8,22,471,10,33,26,0,3,266363,3059,7801,275773,4317,3526,307871,32609,104502,351744,32764,71674,275244,33399,50101,174757,15219,100197,388744,18339,210256,4059,0,3001,0.02833830845771144,0.02483582089552239
1658352920519,32.033,0.40487805,0.2857143,0.5925926,0.24,0.23076923,0.16666667,0.6666667,0.0,0.96153843,42.600002,43.300003,42.9,42.9,42.600002,42.9,42.9,44.600002,43.300003,44.600002,40.300003,40.300003,3789777,-621643,1075200,1075200,1075200,1075200,1075200,1075200,652800,1401600,522,0,0,312,0,0,179,7,14,219,5,7,512,11,23,291,6,18,400,13,52,15,0,0,272049,0,0,131533,0,0,150195,6219,21459,126648,7263,23930,253920,26891,48774,195005,6198,22384,308024,32211,141067,768,0,0,-1.0,-1.0
1658352921652,32.052002,0.78740156,0.8125,0.8787879,0.67741936,0.7096774,0.71875,0.7419355,0.7096774,1.0,42.300003,42.600002,41.9,42.9,42.600002,42.9,42.300003,44.300003,43.300003,44.300003,40.300003,39.9,3791334,-645752,1075200,1075200,1075200,1075200,1075200,1075200,652800,1401600,924,0,0,304,0,0,547,14,49,478,38,32,341,24,47,242,21,18,537,44,95,46,4,12,410272,0,0,201646,0,0,207834,26884,167700,258185,73565,97272,195712,36922,197202,142721,32314,48892,344429,121770,384832,15279,2852,12101,0.050530232558139536,0.06623255813953488
1658352922885,32.087,0.72772276,0.75,0.7037037,0.5652174,0.625,0.76,0.88461536,0.52,1.0,42.300003,42.300003,41.9,42.9,42.9,42.600002,42.600002,44.300003,42.600002,44.300003,39.9,40.300003,3796783,-445251,1075200,1075200,1075200,1075200,1075200,1075200,652800,1401600,929,0,0,709,0,0,467,34,45,562,30,41,377,19,33,107,6,15,607,37,86,46,0,5,424857,0,0,410994,0,0,282144,65677,159049,235875,57736,97503,221355,30309,120054,81635,12087,49062,299677,91833,406949,6255,0,7137,-1.0,-1.0
1658352924018,32.106003,0.3446602,0.22222222,0.07692308,0.08,0.96,0.12,0.30769232,0.0,1.0,42.600002,43.300003,42.300003,42.9,43.300003,43.300003,43.300003,44.600002,43.300003,44.600002,40.300003,40.300003,3804374,-460815,1075200,1075200,1075200,1075200,1075200,1075200,652800,1401600,800,0,0,645,0,0,609,32,36,524,26,51,385,22,45,290,15,18,522,28,84,25,0,5,380658,0,0,367109,0,0,304051,64358,83512,292268,45397,160249,181939,40681,135060,169693,27504,61511,319118,39044,367820,2033,0,2716,6.009389671361502E-4,6.009389671361502E-4
1658352925107,32.122,0.39320388,0.7307692,0.29166666,0.26923078,0.23076923,0.32142857,0.24,0.115384616,1.0,41.600002,41.600002,40.9,42.300003,41.9,41.9,41.600002,43.9,42.300003,44.300003,39.600002,39.9,3811965,-326233,1075200,1075200,1075200,1075200,1075200,1075200,652800,1401600,908,3,5,832,4,6,285,25,66,167,24,27,604,28,70,245,14,40,615,54,114,74,0,0,569828,11491,35304,554664,15185,29039,261437,33056,413426,115785,45190,85863,257986,62297,352267,187906,25489,323778,345317,121960,399235,7778,0,0,-1.0,-1.0
1658352926181,32.16,0.32642487,0.16666667,0.15384616,0.9583333,0.125,0.16666667,0.16,0.0,1.0,41.600002,41.9,41.600002,42.600002,42.600002,42.600002,42.600002,43.300003,43.300003,43.600002,39.9,39.9,3780434,-640869,1075200,1075200,1075200,1075200,1075200,1075200,652800,1401600,877,19,28,563,14,25,468,28,47,559,39,50,161,20,29,292,16,33,425,77,123,11,0,0,358652,43115,189091,342773,36217,238007,264917,47786,419621,246254,99017,293120,136402,36555,235811,163195,39236,343811,249342,214662,418605,287,0,0,-1.0,-1.0
1658352927247,32.185,0.57360405,0.29166666,0.13043478,0.7692308,0.92,0.625,0.7777778,0.04,1.0,41.600002,41.600002,41.600002,41.600002,41.9,42.300003,41.9,43.600002,41.9,43.600002,39.300003,39.300003,3793669,-572815,1075200,1075200,1075200,1075200,1075200,1075200,652800,1401600,451,41,46,208,8,25,279,30,55,234,48,66,263,37,61,128,18,65,249,27,99,20,0,0,335399,100194,208432,155471,19247,322153,220293,89589,322346,241599,111508,348924,192939,90174,499452,132232,46023,611011,179969,86107,702323,5568,0,0,-1.0,-1.0
1658352928351,32.211002,0.4247312,0.15,0.33333334,0.18181819,0.875,0.2,0.26086956,0.36,1.0,40.9,40.600002,40.300003,41.300003,41.600002,41.300003,40.600002,43.300003,41.300003,43.300003,39.300003,39.300003,3809435,-355530,1075200,1075200,1075200,1075200,1075200,1075200,652800,1401600,632,46,19,463,26,36,243,5,27,272,34,41,310,19,23,106,30,26,223,31,102,39,1,8,506388,98408,49729,488850,59607,139028,140615,3898,240225,168301,89909,131677,168419,44840,131602,99969,70502,126353,148545,76199,678721,6552,411,9800,-1.0,-1.0
1658352929389,32.233,0.4039409,0.17391305,0.25925925,0.52,0.16666667,0.28,0.6923077,0.14814815,1.0,40.300003,40.600002,40.600002,41.600002,41.300003,41.600002,41.300003,42.600002,41.300003,42.9,38.9,38.600002,3802817,-411682,1075200,1075200,1075200,1075200,1075200,1075200,652800,1401600,641,20,44,526,18,32,316,60,122,29,1,3,152,28,76,124,37,43,14,9,62,23,0,1,554646,49204,268992,542264,55723,286566,273259,117731,475997,14599,3981,13175,159804,51692,639671,145249,86717,543867,20874,17289,855514,3643,0,6075,-1.0,-1.0
1658352930472,32.262,0.5978836,0.5416667,0.77272725,0.45833334,0.375,0.7826087,0.5833333,0.29166666,1.0,40.600002,40.600002,40.300003,40.600002,41.300003,41.300003,40.600002,42.9,41.300003,43.300003,38.9,39.300003,3807294,-378113,1075200,1075200,1075200,1075200,1075200,1075200,652800,1401600,456,22,38,450,50,54,177,36,53,385,119,86,78,13,39,49,7,45,39,10,62,2,0,1,437592,54475,124652,400995,118895,272458,175928,87017,397843,343764,260905,270015,84461,31388,433388,53236,21766,594161,45390,19948,951667,30,0,0,-1.0,-1.0
1658352931531,32.284,0.7867299,0.7083333,0.8076923,0.8148148,0.7037037,0.962963,0.96428573,0.26923078,1.0,41.600002,41.600002,41.300003,41.300003,41.9,41.9,41.9,43.300003,42.9,43.600002,38.9,38.9,3798535,-572815,1075200,1075200,1075200,1075200,1075200,1075200,652800,1401600,387,26,48,283,11,33,203,23,47,388,85,101,99,11,19,143,46,62,104,11,51,13,1,2,434282,70853,262241,346519,33633,348380,124728,57134,543126,290902,196910,334909,75108,26289,129659,135751,111094,441929,64014,14043,792359,2114,838,1605,-1.0,-1.0
1658352932627,32.303,0.50980395,0.46153846,0.36,0.46153846,0.3846154,1.0,0.36,0.04,1.0,41.9,41.9,40.9,42.300003,41.9,42.300003,41.600002,43.300003,41.9,43.300003,39.300003,39.600002,3774400,-830383,1075200,1075200,1075200,1075200,1075200,1075200,652800,1401600,283,10,15,364,8,29,353,47,77,322,27,54,42,9,29,115,31,52,413,23,56,3,0,0,218330,14740,57130,282073,20537,269788,246268,96967,318897,221598,67514,473735,79169,20667,528087,147077,73825,384300,236692,33823,698644,500,0,0,17.4431488,0.36047359999999995
1658352933735,32.344,0.39303482,0.5555556,0.25,0.24,0.12,0.041666668,0.7307692,0.16666667,1.0,41.600002,41.600002,40.9,41.600002,41.9,41.600002,40.9,43.600002,41.600002,43.300003,40.600002,39.9,3771870,-927124,1075200,1075200,1075200,1075200,1075200,1075200,652800,1401600,1086,33,44,744,18,44,493,50,67,609,53,76,177,7,23,185,22,42,313,31,101,1,0,0,521918,55876,70269,381321,26682,100754,324720,79731,135989,363777,85400,181904,70932,12605,104199,119823,31535,276369,183339,84630,623252,28,0,0,22.195270998415214,0.09990491283676703
1658352934825,32.370003,0.44334975,0.36,0.26923078,0.33333334,1.0,0.22222222,0.26923078,0.115384616,1.0,42.300003,42.300003,41.600002,41.9,42.600002,42.9,41.9,44.300003,42.9,44.600002,40.9,40.600002,3747151,-1099854,1075200,1075200,1075200,1075200,1075200,1075200,652800,1401600,625,24,50,496,30,85,623,31,48,497,29,77,316,19,68,228,12,42,1280,43,36,0,0,0,324209,23341,85554,285737,33747,259079,289619,26685,85227,248337,36581,342246,187064,21511,294984,130922,16993,212514,669466,68740,67589,0,0,0,20.346018691588785,0.06669158878504673
1658352935934,32.414,0.475,0.56,0.26086956,0.84,0.32,0.30769232,0.30769232,0.16666667,1.0,42.9,42.9,42.300003,42.600002,42.600002,42.600002,42.300003,44.600002,42.9,44.9,40.9,40.600002,3744426,-1126404,1075200,1075200,1075200,1075200,1075200,1075200,652800,1401600,1185,48,71,1015,41,106,530,55,107,552,34,69,373,26,54,577,45,91,772,69,133,2,0,0,566976,58609,110628,533813,46845,197430,341738,91301,310217,308357,42719,93762,206844,45747,215703,321637,73266,227061,576713,120460,220789,99,0,0,20.537962264150945,0.06872955974842766
1658352937016,32.484,0.407767,0.4,0.20833333,1.0,0.18518518,0.115384616,0.12,0.27586207,1.0,43.300003,43.300003,42.9,43.300003,43.600002,43.300003,43.300003,45.300003,43.600002,45.300003,41.9,41.600002,3713284,-1442872,1075200,1075200,1075200,1075200,1075200,1075200,652800,1401600,1068,19,36,1138,24,59,742,28,49,787,56,88,453,50,91,164,12,39,797,74,105,2,0,0,517962,25303,57919,549431,28353,157536,382135,30714,161660,418505,91037,244147,236655,95451,370547,92768,14104,171863,536699,142090,201882,30,0,0,21.204779220779223,0.08690909090909091
1658352938103,32.554,0.46192893,0.41666666,0.45833334,0.4,0.24,0.2173913,0.7037037,0.26923078,1.0,43.9,44.300003,43.9,43.9,43.9,43.600002,42.9,45.600002,43.600002,45.600002,41.600002,41.600002,3727687,-1304932,1075200,1075200,1075200,1075200,1075200,1075200,652800,1401600,948,18,38,1093,33,60,390,16,41,768,30,92,215,11,60,256,11,45,732,85,93,0,0,0,502317,21734,46327,521611,41469,141151,200332,17899,136722,386462,34121,304711,124914,7354,291840,129598,13778,374689,450261,153542,170227,0,0,0,20.4096,0.0827
1658352939172,32.63,0.51707315,0.3846154,0.4642857,0.23076923,0.26923078,0.76,0.72,0.3846154,1.0,44.300003,44.300003,43.600002,43.9,43.9,43.9,42.9,45.600002,43.9,45.600002,41.9,41.600002,3721654,-1328736,1075200,1075200,1075200,1075200,1075200,1075200,652800,1401600,815,18,43,1357,12,38,580,65,101,366,30,65,725,23,79,252,28,80,479,101,99,5,0,2,429679,28204,54285,600700,16476,75357,349296,94111,235176,199973,29513,206258,345038,37042,389943,161044,32572,454227,379120,204942,256423,2081,0,976,20.57030551181102,0.08481259842519685
1658352940236,32.723003,0.43548387,0.3181818,0.26086956,0.36,0.27272728,0.18181819,0.9583333,0.16,1.0,44.300003,44.300003,43.600002,44.600002,44.300003,44.600002,43.9,46.300003,44.300003,45.9,42.300003,41.9,3732553,-1200562,1075200,1075200,1075200,1075200,1075200,1075200,652800,1401600,960,24,49,1132,39,64,329,16,47,732,38,113,276,17,56,193,25,65,1323,41,19,0,0,0,546478,18689,92505,550934,58726,151596,169507,22474,115756,360597,38232,289625,144144,21233,469590,132197,47692,443626,675025,74260,23631,0,0,0,20.833429027113237,0.0772695374800638
1658352941283,32.799,0.42713568,0.28,0.25,0.29166666,0.17391305,0.96153843,0.30769232,0.08,1.0,44.300003,44.300003,43.9,43.600002,43.600002,43.9,43.300003,45.9,44.300003,46.300003,42.300003,41.9,3740533,-1176758,1075200,1075200,1075200,1075200,1075200,1075200,652800,1401600,1151,24,36,1138,33,45,920,46,83,476,59,89,419,38,89,208,8,11,346,47,80,1,0,0,577639,24047,59231,560331,33325,85915,462592,56967,127418,276902,83266,306383,247903,57608,400900,109088,9899,34725,222055,117299,554016,34,0,0,20.733561904761903,0.08096507936507936
1658352942349,32.885002,0.41262135,0.5555556,0.36,0.46153846,0.20833333,0.53846157,0.115384616,0.0,1.0,44.300003,44.300003,43.600002,44.300003,44.600002,44.300003,43.300003,46.300003,44.300003,46.600002,42.600002,41.9,3729439,-1309205,1075200,1075200,1075200,1075200,1075200,1075200,652800,1401600,1203,20,42,1051,37,45,822,56,95,446,21,45,247,28,52,652,45,106,899,67,90,0,0,1,603766,19168,71522,566245,51166,144081,436328,73899,188950,225740,22032,90290,167652,59116,305142,386374,54893,267318,469996,136120,268080,0,0,491,21.273850162866452,0.0974071661237785
1658352943408,32.964,0.40206185,0.46153846,0.1923077,0.08695652,0.125,1.0,0.13043478,0.08695652,1.0,44.600002,44.600002,43.300003,44.300003,44.600002,44.600002,43.600002,46.600002,44.300003,46.600002,42.9,42.300003,3730412,-1196900,1075200,1075200,1075200,1075200,1075200,1075200,652800,1401600,1215,22,46,1080,26,42,655,55,90,1281,25,66,145,10,26,255,35,72,68,75,99,2,0,0,565581,23131,69989,540440,33947,148845,383975,85086,178074,565229,32346,111880,77459,14801,73006,169946,62603,499260,97359,167980,689591,64,0,0,21.98138775510204,0.09685400313971741
1658352944480,33.053,0.445,0.33333334,0.3846154,0.96,0.39130434,0.22727273,0.22222222,0.0,1.0,45.300003,45.300003,44.300003,44.9,44.9,44.9,43.9,46.9,44.600002,46.9,42.600002,42.300003,3729634,-1207886,1075200,1075200,1075200,1075200,1075200,1075200,652800,1401600,770,21,41,1026,25,52,785,63,93,711,56,108,145,8,27,556,33,81,598,105,93,0,1,0,469275,23732,52392,550535,32604,146022,443849,89038,209151,413647,86267,225259,80209,12502,58346,354378,47348,364767,429113,173449,185314,0,341,0,20.96652327447833,0.096
1658352945510,33.139,0.5858586,0.44,0.52,0.7407407,0.4,0.61538464,0.7307692,0.2173913,1.0,44.9,45.300003,44.600002,45.300003,45.600002,45.300003,44.300003,47.300003,44.9,47.300003,43.600002,43.300003,3712895,-1355591,1075200,1075200,1075200,1075200,1075200,1075200,652800,1401600,1058,19,37,1118,12,22,406,37,93,578,58,89,546,35,55,270,19,54,356,58,90,0,0,0,548913,21290,73219,561433,11442,51283,238894,66592,299849,349205,76332,260690,272121,55313,145341,154750,18334,367446,198103,118679,537681,0,0,0,20.36279876160991,0.10863157894736841
1658352946597,33.228,0.41884816,0.33333334,0.20833333,0.22727273,1.0,0.3478261,0.2,0.04347826,1.0,45.9,45.9,45.300003,45.600002,45.9,45.9,45.600002,47.9,45.9,47.600002,43.9,43.600002,3695572,-1417542,1075200,1075200,1075200,1075200,1075200,1075200,652800,1401600,1165,17,24,1041,12,35,466,32,64,548,30,59,259,8,11,496,27,57,806,51,84,0,1,1,471680,21022,42190,452393,13155,63613,226932,40296,286316,254395,33924,274115,118363,10555,16622,224682,34818,181695,465235,89430,165112,0,582,443,20.866044728434503,0.09620447284345048
1658352947659,33.308002,0.40555555,0.45833334,0.36363637,1.0,0.14285715,0.045454547,0.17391305,0.04347826,1.0,45.9,45.9,44.9,45.9,45.9,45.600002,45.300003,47.600002,45.9,47.600002,43.600002,43.300003,3738782,-1100769,1075200,1075200,1075200,1075200,1075200,1075200,652800,1401600,870,30,43,836,33,58,704,29,40,276,19,33,575,19,58,365,16,54,779,73,107,1,0,0,482811,29973,63456,419529,39643,171282,350067,36304,78403,130668,29664,91274,310895,21683,133227,179600,32455,248227,511707,129242,227223,20,0,0,21.01859807073955,0.09810932475884244
1658352948685,33.387,0.4293478,0.3478261,0.23809524,0.3478261,0.3043478,0.7826087,0.375,0.0,1.0,45.9,45.9,45.9,45.9,45.9,45.300003,44.9,47.600002,45.600002,47.9,43.600002,43.300003,3735084,-1119385,1075200,1075200,1075200,1075200,1075200,1075200,652800,1401600,1190,25,42,1195,24,38,737,24,17,419,32,68,411,46,110,273,47,42,450,52,123,0,1,0,587035,27171,79976,583439,31392,61280,328565,36603,21452,230514,63138,327831,257150,76047,429506,180335,76388,183495,371569,151904,330235,0,373,0,22.041520249221183,0.09819314641744548
1658352949701,33.464,0.5,0.36,0.2173913,0.7692308,0.5,0.5217391,0.44,0.2,1.0,45.9,45.600002,44.9,45.9,45.600002,45.300003,44.9,47.600002,45.300003,47.9,43.9,43.300003,3737225,-1106873,1075200,1075200,1075200,1075200,1075200,1075200,652800,1401600,1287,19,36,1212,23,35,324,38,58,482,60,102,338,13,35,551,53,93,437,38,112,1,0,1,623888,22721,50248,588365,38123,60247,190821,71399,292322,299322,87457,212343,180351,9653,78069,342917,92750,298962,323507,101659,450520,33,0,885,20.346018691588785,0.08503426791277259
1658352950768,33.546,0.41919193,0.33333334,0.20833333,0.4,1.0,0.20833333,0.15384616,0.04,1.0,45.9,45.9,45.9,46.300003,46.300003,46.300003,45.9,47.9,45.9,48.300003,43.9,43.600002,3730023,-1170960,1075200,1075200,1075200,1075200,1075200,1075200,652800,1401600,1322,13,26,1271,21,27,590,43,53,283,35,49,346,35,57,781,27,46,108,96,187,0,0,1,617406,16776,38992,590946,30809,112839,276556,63246,229276,185065,59062,209855,211874,53608,168697,377537,40881,115745,126992,253942,501952,0,0,494,21.41335081967213,0.0963672131147541
1658352951779,33.616,0.51,0.4,0.37037036,0.26923078,0.29166666,0.48,0.96153843,0.3043478,1.0,46.300003,45.9,45.300003,45.600002,45.600002,45.600002,44.9,47.600002,45.600002,47.9,44.300003,43.600002,3736641,-1082154,1075200,1075200,1075200,1075200,1075200,1075200,652800,1401600,1070,34,65,1015,43,65,510,31,53,326,20,29,1075,41,69,317,33,67,150,39,97,0,1,0,543655,42773,101989,514308,60955,167602,278102,38313,95930,173944,30198,47153,528901,67751,112951,209850,63398,456039,95308,106045,750936,0,384,0,20.3150233281493,0.08530015552099533
1658352952841,33.702003,0.3206522,0.45454547,0.6086956,0.045454547,0.13043478,0.045454547,0.13043478,0.0,1.0,46.600002,46.600002,45.600002,45.9,46.300003,46.9,45.9,48.600002,46.600002,48.600002,44.300003,43.9,3736446,-1101685,1075200,1075200,1075200,1075200,1075200,1075200,652800,1401600,1204,8,19,1325,6,10,862,38,61,740,48,95,350,17,39,265,20,26,523,62,75,0,0,0,612488,5795,30204,645798,3641,13936,427757,46234,149574,412846,66386,219720,191526,15640,153441,142972,34516,43896,309744,117094,396170,0,0,0,3.4138509316770187,0.035751552795031054
1658352953875,33.772003,0.3872549,0.64,0.12,0.26923078,0.08,0.15384616,0.7307692,0.0,1.0,45.300003,45.300003,44.300003,44.9,45.300003,45.300003,44.600002,47.600002,45.300003,47.600002,43.600002,43.300003,3755910,-920715,1075200,1075200,1075200,1075200,1075200,1075200,652800,1401600,829,26,50,953,19,31,496,58,120,268,52,104,362,43,76,93,11,27,245,39,111,0,0,0,668788,39900,90289,635135,31146,96444,379182,90841,448123,244758,108646,553787,258984,77612,338035,75891,28270,228241,220277,116977,552337,0,0,0,-1.0,-1.0
1658352954963,33.842003,0.51648355,0.2857143,0.4090909,0.95454544,0.59090906,0.3181818,0.39130434,0.17391305,0.9130435,44.600002,44.300003,43.600002,44.300003,44.600002,44.9,44.300003,46.9,44.9,46.9,42.9,42.600002,3794837,-433349,1075200,1075200,1075200,1075200,1075200,1075200,652800,1401600,356,15,24,571,34,54,246,31,72,243,31,86,195,35,61,137,17,51,209,70,120,0,0,0,267487,27377,138887,426942,71371,294396,230662,59647,443282,216105,63391,475847,165223,70721,439236,113980,43481,343653,164856,183920,560948,0,0,0,1.0488062015503876,0.0256
1658352956004,33.903,0.53977275,0.6956522,0.45454547,0.54545456,0.59090906,0.41666666,0.33333334,0.3181818,1.0,44.600002,44.600002,44.600002,44.600002,44.9,44.600002,44.300003,46.9,44.9,47.300003,42.9,42.600002,3805542,-302124,1075200,1075200,1075200,1075200,1075200,1075200,652800,1401600,562,33,49,455,18,49,340,12,26,307,14,59,258,36,66,284,18,60,296,81,145,21,0,9,462028,63969,146267,392016,44023,203606,179104,19990,68336,173832,26533,287556,170737,73866,340583,134291,36868,440535,215418,175009,403558,7031,0,9323,0.006478688524590164,0.01299672131147541
1658352957048,33.938,0.56,0.54545456,0.36363637,0.3478261,0.39130434,0.47619048,1.0,0.36842105,1.0,46.300003,45.600002,45.300003,45.600002,45.9,46.300003,45.600002,47.600002,46.300003,47.9,43.600002,43.300003,3703163,-1501160,1075200,1075200,1075200,1075200,1075200,1075200,652800,1401600,684,29,36,748,12,30,553,11,33,324,22,61,315,23,48,530,18,51,258,63,105,1,0,2,371124,73100,138637,368729,18547,246176,205195,15821,47418,187766,36310,378669,154323,44680,378212,193843,21337,381521,167347,114970,527633,63,0,1055,213.11663949843262,1.7495673981191222
1658352958054,33.982002,0.5458937,0.5555556,0.41666666,0.28,0.5,0.88461536,0.5,0.23076923,1.0,46.9,46.300003,45.9,46.600002,46.600002,46.9,45.9,48.300003,46.9,48.600002,44.600002,44.300003,3721070,-1336670,1075200,1075200,1075200,1075200,1075200,1075200,652800,1401600,971,12,32,1340,23,30,836,45,93,669,42,74,372,32,52,288,17,36,546,157,68,3,0,0,464181,12500,42299,565994,16889,43323,409016,40237,186669,358265,57249,208274,195501,50502,249813,136767,20109,112235,378495,158981,79485,62,0,0,202.17773374613003,1.3205201238390094
1658352959164,34.039,0.51741296,0.44,0.5,0.34615386,0.34615386,1.0,0.30769232,0.1923077,1.0,47.300003,47.300003,46.9,46.9,46.9,46.600002,46.600002,48.9,46.9,49.300003,45.300003,44.600002,3724184,-1331788,1075200,1075200,1075200,1075200,1075200,1075200,652800,1401600,1117,13,38,1141,23,42,823,21,80,810,36,90,463,30,56,278,21,33,493,152,91,3,0,0,504894,13358,43920,494774,28581,70469,343320,20998,229886,391062,50187,238034,221908,37085,143937,143897,33655,115476,362395,199249,129999,80,0,0,202.7861863354037,1.4609689440993787
1658352960222,34.093002,0.4924623,0.36,0.375,0.33333334,0.32,0.4,1.0,0.16,1.0,48.300003,47.9,47.300003,47.9,47.9,47.600002,46.9,49.600002,47.600002,49.600002,45.9,45.300003,3710559,-1475220,1075200,1075200,1075200,1075200,1075200,1075200,652800,1401600,1255,19,32,1246,15,31,830,37,73,807,39,78,106,9,23,553,46,89,691,134,77,2,0,0,522278,18764,34752,543640,14839,37930,371914,46146,168390,402855,47395,143381,64138,16281,78718,271837,74753,291076,419349,162815,115630,55,0,0,209.06203278688525,1.2648918032786887
1658352961238,34.147003,0.4494382,0.5217391,0.33333334,0.14285715,0.1904762,0.09090909,1.0,0.18181819,1.0,47.9,47.9,47.9,47.600002,47.600002,47.600002,47.600002,49.9,48.300003,49.9,46.300003,45.600002,3700827,-1497803,1075200,1075200,1075200,1075200,1075200,1075200,652800,1401600,1199,15,47,1293,21,38,845,37,54,363,14,30,468,38,71,455,29,57,487,110,122,5,0,0,560735,12608,57463,542463,16448,62949,424375,43063,100233,168194,16916,77795,260585,49434,324030,217416,34065,226058,359868,133257,173506,142,0,0,211.224099378882,1.327055900621118
1658352962277,34.217003,0.56084657,0.7826087,0.48,0.41666666,0.65217394,0.68,0.2173913,0.29166666,1.0,48.600002,48.600002,47.300003,47.9,48.300003,48.600002,47.9,50.600002,48.600002,50.300003,46.600002,45.9,3697129,-1554261,1075200,1075200,1075200,1075200,1075200,1075200,652800,1401600,940,15,32,1430,13,35,693,42,79,787,44,91,318,21,46,80,9,16,416,132,111,1,0,0,459540,17861,38193,586766,14399,46764,336251,61309,264335,371023,64486,267815,137408,24865,266549,44478,10386,52477,306409,164143,177465,18,0,0,208.3285465838509,1.2253913043478262
1658352963323,34.281002,0.48019803,0.53846157,0.33333334,0.28,0.2,0.6923077,0.5,0.24,1.0,48.9,48.600002,47.9,48.9,48.600002,48.300003,47.600002,50.9,48.600002,50.600002,46.600002,46.300003,3696156,-1624146,1075200,1075200,1075200,1075200,1075200,1075200,652800,1401600,1044,11,23,1341,24,50,820,32,80,751,37,69,348,26,66,228,12,46,460,134,113,0,0,0,436989,12437,22948,528598,25432,62352,388657,32634,229502,335390,52250,145039,189425,28401,306308,110022,13706,166966,350539,172205,194172,0,0,0,204.49686133768353,1.3974551386623166
1658352964347,34.351,0.50980395,0.5555556,0.42307693,0.34615386,0.34615386,0.42307693,0.6923077,0.3846154,1.0,49.600002,49.300003,47.9,48.600002,48.600002,48.600002,47.9,50.9,48.600002,50.9,47.300003,46.300003,3704526,-1443482,1075200,1075200,1075200,1075200,1075200,1075200,652800,1401600,883,12,34,1102,30,44,892,44,92,967,41,78,212,5,22,465,32,72,620,118,90,2,0,0,456884,16819,48725,509680,36380,88692,442539,61188,172739,452096,51002,222665,67018,7992,92214,230594,58561,271153,449072,133997,106689,50,0,0,205.62075247524754,1.3049240924092411
1658352965378,34.424,0.48066297,0.5217391,0.3478261,0.625,0.3478261,0.6818182,0.3181818,0.08695652,1.0,49.600002,49.300003,48.600002,48.9,49.600002,49.300003,48.9,51.300003,49.300003,51.600002,47.9,46.9,3683894,-1502991,1075200,1075200,1075200,1075200,1075200,1075200,652800,1401600,1075,6,26,1279,8,35,829,38,86,973,40,65,255,23,61,121,8,11,507,112,82,3,0,0,487414,6641,28432,513162,5212,73369,361645,46953,261515,476675,50756,159086,150476,50727,410238,67774,8660,16799,329362,144483,117235,79,0,0,209.45497339593112,1.3382910798122065
1658352966409,34.5,0.47668394,0.5,0.36,0.29166666,0.25,0.20833333,1.0,0.2173913,1.0,49.9,49.9,48.9,49.600002,49.9,49.9,48.600002,51.300003,49.300003,51.600002,47.600002,46.9,3684673,-1439515,1075200,1075200,1075200,1075200,1075200,1075200,652800,1401600,998,13,27,1155,34,57,530,30,59,771,53,84,454,29,67,478,19,43,337,129,153,1,0,0,467356,15538,35487,499592,33204,98249,236210,32473,151743,347035,92817,228298,235070,43598,261954,212864,28784,151357,284874,206104,294703,29,0,0,206.73679256965943,1.4765077399380806
1658352967444,34.570004,0.54347825,0.5217391,0.42857143,0.42857143,0.73913044,0.27272728,0.52,0.3478261,1.0,49.9,49.9,48.9,49.300003,49.600002,49.9,49.300003,51.600002,49.9,51.600002,47.9,47.300003,3684867,-1456605,1075200,1075200,1075200,1075200,1075200,1075200,652800,1401600,1139,12,26,1300,14,31,836,42,77,624,50,87,578,43,82,123,7,20,423,154,94,1,0,0,497440,11801,35576,554546,15474,34655,367554,51897,213064,328175,61672,292795,276412,59251,263387,60948,3997,64912,332043,197684,141739,24,0,0,206.4954968553459,1.2390943396226415
1658352968472,34.640003,0.5082873,0.47826087,0.33333334,0.2857143,0.625,0.26086956,0.77272725,0.26086956,1.0,50.300003,50.300003,49.300003,50.300003,50.600002,50.9,49.9,51.9,50.600002,51.9,48.300003,47.9,3698103,-1506959,1075200,1075200,1075200,1075200,1075200,1075200,652800,1401600,1082,12,28,1120,17,35,860,18,72,592,24,56,601,26,46,332,24,44,554,160,82,4,0,0,484933,10592,25287,484464,25548,51154,405082,9801,142613,271091,25558,151624,274257,47570,158781,160020,41319,132046,358342,203697,115013,108,0,0,207.2951873015873,1.517561904761905
1658352969499,34.707,0.53266335,0.5555556,0.3478261,0.32,0.24,0.44,1.0,0.33333334,1.0,50.300003,50.300003,49.9,50.300003,50.300003,50.300003,49.9,51.9,50.600002,52.300003,48.300003,47.600002,3698103,-1552125,1075200,1075200,1075200,1075200,1075200,1075200,652800,1401600,1068,16,27,1205,26,62,766,42,90,485,28,56,427,18,58,277,14,62,447,147,103,1,0,0,518054,14950,26165,527440,28203,107606,381466,61149,291309,237098,45870,141751,184571,17198,256676,128058,21731,384971,352204,193765,149168,28,0,0,204.14298205546493,1.3306884176182707
1658352970548,34.79,0.5920398,0.4347826,0.5,0.29166666,0.5,0.72,0.61538464,0.5185185,1.0,50.600002,50.600002,49.9,50.300003,50.300003,50.600002,49.9,52.600002,50.600002,52.300003,48.600002,47.9,3708029,-1382142,1075200,1075200,1075200,1075200,1075200,1075200,652800,1401600,1276,7,35,1334,28,37,875,42,74,818,39,82,460,44,81,0,0,0,535,140,130,1,0,0,545790,8408,41440,570859,26298,62078,405354,52511,207608,413061,44500,249923,269517,64824,244948,0,0,0,360624,180711,147144,25,0,0,201.8516129032258,1.186683870967742
1658352971590,34.857002,0.49222797,0.5,0.36,0.18181819,0.32,1.0,0.36,0.17391305,1.0,51.300003,51.300003,49.9,50.600002,50.9,50.600002,50.600002,52.9,51.300003,52.9,48.600002,48.300003,3705499,-1501771,1075200,1075200,1075200,1075200,1075200,1075200,652800,1401600,1162,10,30,1136,11,25,895,47,82,703,51,75,543,36,74,134,7,11,542,136,70,0,0,0,540808,9432,47869,506176,13038,52348,427024,56213,186578,372704,71173,210172,263654,39605,210004,74558,10441,27191,348933,179983,104841,0,0,0,208.00379571663922,1.3617133443163099
1658352972623,34.923,0.48066297,0.47826087,0.39130434,0.7083333,0.36,0.22727273,0.5,0.16666667,1.0,51.600002,50.9,50.600002,50.9,51.300003,50.9,50.300003,52.600002,50.9,52.9,48.9,48.600002,3683115,-1696778,1075200,1075200,1075200,1075200,1075200,1075200,652800,1401600,1148,23,45,1121,35,56,919,48,81,600,44,77,92,5,9,677,30,72,555,121,153,3,1,2,488685,24072,56498,517935,33768,113790,451636,74714,166576,342212,64935,257102,31249,9812,25440,309270,40848,258928,367707,184563,268638,1309,353,1330,208.5849968051118,1.2970223642172525
1658352973684,34.99,0.53608245,0.52,0.44,0.4,0.3846154,0.4,1.0,0.13636364,1.0,51.600002,51.300003,50.600002,51.300003,51.600002,51.600002,50.9,53.300003,51.300003,53.300003,49.300003,48.600002,3688760,-1653748,1075200,1075200,1075200,1075200,1075200,1075200,652800,1401600,1135,10,19,1314,15,26,764,23,41,808,27,54,585,32,74,207,21,27,478,75,181,1,0,1,474134,12995,28116,523745,20543,36607,325907,34495,107613,389174,28810,127167,279942,45278,262597,85536,34274,107614,318186,116994,283205,39,0,848,203.74854290171606,1.4411482059282372
1658352974729,35.067,0.5268817,0.47826087,0.39130434,0.39130434,0.75,0.5833333,0.26086956,0.3043478,1.0,51.600002,51.600002,50.600002,50.9,50.9,51.300003,50.9,53.300003,51.600002,53.600002,49.600002,48.300003,3690317,-1644898,1075200,1075200,1075200,1075200,1075200,1075200,652800,1401600,1175,15,32,1340,15,30,959,40,72,804,58,82,515,27,80,0,0,0,518,125,141,0,0,0,559887,10942,31177,551607,10984,37154,425070,48182,199395,398947,93435,189235,279026,35364,337015,0,0,0,373045,159861,203571,0,0,0,206.3050110584518,1.421649289099526
1658352975737,35.148003,0.6988636,0.77272725,0.5714286,0.6363636,0.73913044,0.73913044,0.6666667,0.47619048,1.0,51.600002,51.9,50.9,51.300003,51.600002,51.600002,51.300003,53.600002,51.9,53.600002,49.600002,48.9,3692263,-1570740,1075200,1075200,1075200,1075200,1075200,1075200,652800,1401600,1048,8,30,1106,19,38,856,49,79,615,34,68,373,22,42,360,28,72,546,124,113,1,1,1,470190,6121,38164,525488,19294,54303,397097,64481,205894,277133,42447,239335,189626,26387,111583,167020,45426,327169,391827,169382,162672,26,412,383,203.09969529983792,1.2324927066450568
1658352976751,35.209003,0.3715847,0.2857143,0.05,0.16666667,0.7826087,0.09090909,0.20833333,0.23809524,1.0,51.9,51.9,51.300003,51.9,52.300003,51.9,51.300003,53.9,51.9,53.9,49.9,49.300003,3683310,-1593629,1075200,1075200,1075200,1075200,1075200,1075200,652800,1401600,1022,14,21,1246,20,37,741,36,85,579,21,58,436,26,65,183,5,25,551,126,80,3,0,2,443498,14541,23525,506747,24084,56064,332974,43477,233779,251609,22597,184986,209552,38298,297474,82359,4264,120133,353794,148611,113791,84,0,946,8.820453074433656,0.07782524271844661
1658352977758,35.284,0.40860215,1.0,0.26923078,0.13636364,0.26086956,0.18181819,0.36363637,0.041666668,1.0,50.300003,49.600002,48.9,49.300003,49.600002,49.9,49.600002,52.300003,49.9,52.300003,47.9,47.600002,3781407,-408935,1075200,1075200,1075200,1075200,1075200,1075200,652800,1401600,531,3,3,949,0,2,334,70,72,189,22,41,461,46,96,167,51,76,170,43,101,0,0,0,537086,6716,14673,770334,1960,24835,303518,151567,242738,163209,34025,182289,302618,90196,359633,148297,119037,481367,122881,129865,491654,0,0,0,-1.0,-1.0
1658352978761,35.348003,0.6611111,0.71428573,0.5,0.5217391,0.54545456,0.6363636,0.875,0.42857143,0.95652175,48.9,48.600002,47.600002,48.300003,48.300003,48.300003,47.9,50.9,48.9,51.300003,46.9,46.600002,3790360,-373535,1075200,1075200,1075200,1075200,1075200,1075200,652800,1401600,0,0,0,318,44,71,285,39,91,160,16,76,172,25,73,171,40,85,9,20,106,0,0,0,0,0,0,315483,124369,450503,220456,94677,582794,148999,38401,702159,140766,65925,581078,170490,105828,553454,15914,82187,860037,0,0,0,-1.0,-1.0
1658352979776,35.395,0.4514563,0.28,0.23076923,0.9230769,0.26923078,0.3846154,0.37037036,0.1923077,1.0,48.9,48.9,47.9,49.600002,49.300003,49.300003,48.9,50.600002,49.9,51.300003,46.600002,46.600002,3770702,-581360,1075200,1075200,1075200,1075200,1075200,1075200,652800,1401600,318,13,36,459,30,49,323,24,71,194,16,70,174,17,54,92,8,22,153,50,114,5,0,3,321103,42507,300276,409188,60525,287182,183396,32777,446355,145058,26922,546615,103223,38119,558750,56482,15468,179297,80313,108102,650673,156,0,1544,-1.0,-1.0
1658352980827,35.422,0.70430106,0.9166667,0.6086956,0.54545456,0.6956522,0.47826087,0.875,0.47826087,1.0,48.9,48.600002,47.9,48.600002,48.9,48.9,48.600002,50.300003,49.300003,50.600002,46.300003,45.9,3725352,-1245423,1075200,1075200,1075200,1075200,1075200,1075200,652800,1401600,232,19,55,453,34,58,161,7,26,249,10,45,186,31,67,148,7,27,212,51,144,31,1,2,230206,42818,322755,329155,91932,405597,90334,11278,238932,89435,18523,710783,145618,75080,590373,63288,19526,684856,143827,153764,623788,8050,14,3447,256.51491135303263,2.9460155520995333
1658352981865,35.442,0.5837563,0.625,0.44,0.45833334,0.46153846,0.5833333,0.75,0.42307693,1.0,49.9,49.600002,48.600002,49.300003,49.300003,49.300003,48.9,51.300003,49.9,51.300003,47.300003,47.300003,3713090,-1340943,1075200,1075200,1075200,1075200,1075200,1075200,652800,1401600,568,3,5,1064,6,14,872,17,44,662,20,32,663,42,58,190,22,34,377,60,134,2,0,2,273793,3281,5632,437046,9667,12701,408289,24149,102045,373116,23689,64922,279931,47646,137526,107613,38651,78321,223125,95397,405525,27,0,871,314.5260903225806,1.3625290322580645
1658352982908,35.483,0.6390244,0.5416667,0.48,0.4814815,0.53846157,0.61538464,1.0,0.5,1.0,50.300003,50.300003,49.300003,49.9,49.9,50.600002,49.9,52.300003,50.300003,51.9,47.9,47.600002,3691290,-1670228,1075200,1075200,1075200,1075200,1075200,1075200,652800,1401600,573,11,29,1159,15,27,867,29,60,785,26,33,386,31,71,156,15,31,698,100,75,0,0,0,297123,13309,37901,487447,13214,39877,400083,29312,145100,487946,33291,57490,191152,42514,270314,63941,25339,102513,420314,107064,88412,0,0,0,308.48781102362204,1.5917858267716536
1658352983984,35.524002,0.52459013,1.0,0.47826087,0.36842105,0.4347826,0.22727273,0.2173913,0.3043478,1.0,50.9,50.9,50.300003,50.9,50.9,50.600002,50.300003,52.600002,50.9,52.600002,48.9,48.600002,3693626,-1586610,1075200,1075200,1075200,1075200,1075200,1075200,652800,1401600,1017,11,22,1132,14,31,950,28,48,762,27,44,449,20,68,24,1,6,544,99,112,0,0,0,440348,11379,23545,478323,21642,45144,459000,33358,107843,453210,32815,95905,208489,15980,326947,13351,383,4669,387254,122068,143281,0,0,0,307.54084772370487,1.567120879120879
1658352985040,35.567,0.7336683,0.68,0.61538464,0.4347826,0.64,0.92,0.9583333,0.56,1.0,51.600002,50.9,50.300003,50.9,50.9,50.600002,50.600002,52.9,51.300003,52.9,49.300003,48.9,3694210,-1577454,1075200,1075200,1075200,1075200,1075200,1075200,652800,1401600,474,2,13,1199,13,24,897,25,57,824,24,33,386,25,81,438,40,83,373,81,153,0,0,0,204204,1580,8223,456306,8505,29196,407389,36306,112091,472011,41328,69436,201322,31487,295893,211906,50058,302176,308429,117408,207760,0,0,0,312.6712546583851,1.5956273291925465
1658352986088,35.622,0.6130653,0.48,0.47826087,0.48,0.41666666,1.0,0.42307693,0.5833333,1.0,51.600002,51.600002,50.600002,51.600002,51.9,51.9,51.300003,53.600002,51.9,53.300003,49.300003,48.600002,3714841,-1325074,1075200,1075200,1075200,1075200,1075200,1075200,652800,1401600,883,7,20,1166,23,31,847,37,67,725,34,34,72,2,14,220,18,53,457,127,108,0,0,0,413877,4265,25078,452208,24276,31312,419973,52116,176019,456822,62771,76309,24542,533,29835,122309,14133,222643,313473,168493,141061,0,0,0,309.84845,1.37455
1658352987143,35.686,0.56435645,0.5769231,0.39130434,0.36,0.46153846,0.88,0.44,0.375,1.0,51.9,51.600002,50.9,51.300003,51.9,51.600002,51.300003,53.300003,51.9,53.9,49.9,48.9,3679807,-1515198,1075200,1075200,1075200,1075200,1075200,1075200,652800,1401600,863,10,33,1105,18,40,701,37,74,791,29,46,263,18,58,294,18,41,458,155,84,0,0,0,422588,6272,31715,526068,24464,47990,353417,48950,220743,533030,54141,102433,114635,35092,346188,140782,25261,132688,334226,152864,120831,0,0,0,312.217337704918,1.6218754098360657
1658352988160,35.743,0.6243094,0.95652175,0.5714286,0.47826087,0.5416667,0.3809524,0.54545456,0.5833333,1.0,51.9,51.600002,51.300003,51.600002,51.9,51.9,51.300003,53.9,51.9,53.9,49.9,49.300003,3681364,-1464234,1075200,1075200,1075200,1075200,1075200,1075200,652800,1401600,896,11,19,1118,22,29,659,34,80,734,37,63,230,17,35,260,10,50,412,110,98,0,0,0,416909,8410,21376,525103,22378,44142,363427,55813,210909,434412,59079,180634,124046,17355,103860,127145,8327,290310,321354,123071,119708,0,0,0,308.7793146417446,1.5561370716510905
1658352989191,35.804,0.60679615,0.962963,0.52,0.53846157,0.47826087,0.4,0.36,0.5,1.0,52.600002,52.300003,51.300003,51.600002,51.9,51.600002,51.300003,53.9,51.9,53.9,50.300003,49.600002,3705499,-1508790,1075200,1075200,1075200,1075200,1075200,1075200,652800,1401600,704,9,18,1026,19,41,676,41,71,703,34,48,437,26,81,169,15,20,368,98,135,0,0,0,312637,7078,20277,468682,22750,59397,340393,63275,228571,457324,81842,98457,207174,30840,386195,83045,14846,46837,278713,125616,188618,0,0,0,309.831144654088,1.6290817610062893
1658352990230,35.882,0.6666667,0.6818182,0.84,0.52380955,0.5416667,0.45454547,0.9166667,0.36363637,1.0,52.600002,51.9,51.300003,51.600002,51.9,52.300003,51.300003,54.300003,52.300003,54.300003,49.9,49.600002,3698297,-1535035,1075200,1075200,1075200,1075200,1075200,1075200,652800,1401600,550,18,24,1061,31,37,659,29,86,742,32,50,269,9,21,402,26,83,425,133,83,0,0,0,293684,22776,38214,504604,26611,55702,353680,40018,279256,498954,54687,149765,123232,12655,50716,177349,34408,404541,349602,133183,115370,0,0,0,309.2489339477726,1.592331797235023
1658352991295,35.946003,0.60335195,0.6086956,0.47619048,0.59090906,0.45454547,0.3478261,0.9166667,0.41666666,1.0,52.9,52.600002,51.600002,51.9,52.300003,52.600002,51.9,54.600002,52.600002,54.600002,50.9,49.600002,3693820,-1525880,1075200,1075200,1075200,1075200,1075200,1075200,652800,1401600,829,6,18,1139,9,25,665,35,60,587,32,42,233,14,32,351,15,34,559,140,66,0,0,0,417254,6790,23260,482442,12204,46840,383639,48296,151844,403326,73646,144875,108878,16530,180123,154631,16115,122967,359694,132108,73338,0,0,0,312.60839751552794,1.6770186335403725
1658352992328,36.0,0.5989848,0.76,0.47826087,0.53846157,0.56,0.36,0.65217394,0.375,1.0,52.9,52.600002,51.9,52.300003,52.600002,52.9,51.9,54.600002,52.600002,54.600002,50.600002,49.9,3689538,-1638184,1075200,1075200,1075200,1075200,1075200,1075200,652800,1401600,1039,14,31,1185,14,38,647,32,60,766,26,48,408,17,39,130,6,37,464,106,100,0,0,0,440983,13488,40275,508519,17743,51443,331612,42390,232486,524124,35239,95339,176354,17704,134601,67793,6685,220703,356893,111266,113405,0,0,0,308.15161165048545,1.6037799352750808
1658352993340,36.064003,0.55675673,0.45833334,0.42857143,0.625,0.5652174,0.33333334,0.8181818,0.22727273,1.0,52.9,52.9,52.300003,52.600002,52.9,52.300003,51.600002,54.600002,52.300003,54.600002,50.600002,49.9,3688176,-1604920,1075200,1075200,1075200,1075200,1075200,1075200,652800,1401600,901,10,38,1027,21,34,568,45,71,658,36,58,265,13,39,335,24,62,454,157,47,0,0,0,414097,7627,42989,438238,22769,41820,347961,71994,264501,417520,56070,154486,140262,10179,109631,154893,35717,333801,323527,173905,60741,0,0,0,309.4562274881517,1.5949447077409162
1658352994347,36.132,0.5492228,1.0,0.47826087,0.4347826,0.5,0.27272728,0.26086956,0.3478261,1.0,53.300003,53.300003,52.600002,52.9,52.9,53.300003,52.300003,54.9,52.9,54.9,51.300003,50.600002,3693042,-1553651,1075200,1075200,1075200,1075200,1075200,1075200,652800,1401600,615,9,19,1273,14,27,728,34,70,690,34,41,291,12,55,282,26,64,544,130,66,0,0,0,303352,9334,17637,527670,16284,44942,356757,47888,169589,442213,54867,79317,141667,16277,246719,148295,34469,267673,365582,126883,75397,0,0,0,312.25436573311373,1.718668863261944
1658352995361,36.182003,0.7584541,0.8148148,0.7777778,0.71428573,0.7083333,0.8888889,0.8,0.37037036,1.0,53.9,53.300003,52.600002,52.9,52.9,52.9,52.300003,55.300003,52.9,54.9,51.600002,50.600002,3680391,-1546937,1075200,1075200,1075200,1075200,1075200,1075200,652800,1401600,149,0,0,779,20,23,638,18,55,544,18,42,356,22,65,254,21,63,496,100,68,0,0,0,53906,0,0,340322,21388,29826,296516,26540,129051,297328,39082,138442,156154,27028,241603,130414,30594,225767,323890,116986,87924,0,0,0,311.3008049535604,1.535108359133127
1658352996405,36.25,0.53807104,0.60714287,0.3478261,0.4,0.4347826,0.96,0.23076923,0.34615386,1.0,53.600002,53.600002,53.300003,53.300003,53.300003,53.300003,52.600002,55.300003,53.600002,55.600002,51.9,50.9,3680196,-1468201,1075200,1075200,1075200,1075200,1075200,1075200,652800,1401600,347,1,4,945,20,27,694,20,50,759,22,31,459,27,56,346,18,48,531,103,64,0,0,0,166191,459,6832,413467,23734,41153,325896,26652,169985,450807,41156,60786,195862,33659,219456,179959,17434,183885,365854,120576,84521,0,0,0,309.90120132013203,1.532145214521452
1658352997412,36.318,0.5430108,0.5416667,0.4347826,0.33333334,0.45833334,1.0,0.23809524,0.3043478,1.0,53.9,53.600002,53.300003,53.300003,52.9,52.9,52.600002,55.600002,53.300003,55.600002,51.300003,50.600002,3685451,-1502686,1075200,1075200,1075200,1075200,1075200,1075200,652800,1401600,984,10,28,1169,15,28,660,38,65,691,27,41,88,4,17,422,35,74,671,126,48,0,0,0,466693,9260,32655,497650,17144,41800,333444,46750,195356,487032,35175,79631,45113,6668,47743,213383,36420,348828,406615,131331,48549,0,0,0,309.4496848673947,1.5130858034321373
1658352998442,36.395,0.5425532,0.625,0.39130434,0.33333334,0.39130434,1.0,0.20833333,0.23809524,1.0,53.9,53.300003,52.9,53.300003,53.600002,53.300003,52.9,55.600002,53.600002,55.600002,51.600002,50.9,3703942,-1415406,1075200,1075200,1075200,1075200,1075200,1075200,652800,1401600,1058,9,32,992,18,34,664,39,78,626,33,53,51,6,7,542,43,87,428,138,70,0,0,0,527175,12338,35800,505484,13815,54106,348085,66165,278207,436671,60718,150238,24023,6416,15288,272090,62798,280621,318740,170633,111512,0,0,0,306.726896124031,1.5821891472868217
1658352999520,36.463,0.67027026,0.75,0.56,0.56,0.6956522,1.0,0.5416667,0.36363637,1.0,53.9,53.300003,52.600002,52.9,53.600002,53.300003,52.600002,55.600002,53.600002,55.600002,51.600002,50.9,3706667,-1363831,1075200,1075200,1075200,1075200,1075200,1075200,652800,1401600,862,11,31,1063,23,35,707,31,61,667,40,49,178,12,20,418,31,76,445,139,113,0,0,0,423511,15808,37392,497370,27978,57375,331058,45120,153769,465900,72295,126452,82260,16982,43961,216156,54935,380796,307821,160728,150744,0,0,0,312.40768102073366,1.535030303030303
1658353000598,36.517002,0.2990196,0.07692308,0.03846154,0.04,1.0,0.14814815,0.0,0.03846154,1.0,53.9,53.600002,52.9,53.600002,53.600002,53.600002,53.300003,55.9,53.9,55.600002,51.9,51.300003,3702190,-1471253,1075200,1075200,1075200,1075200,1075200,1075200,652800,1401600,406,5,12,900,12,18,584,26,35,571,19,31,115,7,16,323,19,50,432,131,76,0,0,0,184748,6604,12512,385608,13487,35876,322180,46236,85732,417355,26502,85849,49709,8176,27664,156142,32644,184110,267397,171433,110012,0,0,0,85.14831530139104,0.43676043276661514
1658353001815,36.598003,0.33170733,0.115384616,0.07692308,0.041666668,1.0,0.30769232,0.0,0.0,1.0,51.600002,51.9,51.300003,51.9,51.9,52.300003,51.600002,54.300003,51.9,54.300003,49.600002,49.300003,3760776,-527344,1075200,1075200,1075200,1075200,1075200,1075200,652800,1401600,311,11,25,535,7,30,340,39,78,161,11,21,222,38,50,252,19,67,411,61,89,0,0,0,401115,33833,141100,439754,10528,234458,266788,74123,351457,90661,20436,93304,195892,55359,305140,178662,41592,378535,216342,98086,463838,0,0,0,-1.0,-1.0
1658353002821,36.639,0.35609755,0.16,0.15384616,0.08,1.0,0.12,0.16,0.12,1.0,50.9,50.9,50.600002,51.300003,50.600002,50.9,50.600002,52.9,51.300003,53.300003,48.9,48.600002,3761554,-996704,1075200,1075200,1075200,1075200,1075200,1075200,652800,1401600,576,23,58,457,21,44,345,67,110,2,0,0,154,27,78,265,31,91,22,49,103,0,0,0,538963,53666,279353,464723,58804,331862,310130,127119,374686,277,0,0,153520,60855,558362,235147,77522,558477,26349,150286,691347,0,0,0,-1.0,-1.0
1658353003845,36.686,0.2777778,0.04347826,0.041666668,0.0,0.04347826,0.08695652,1.0,0.0,1.0,50.9,50.9,50.300003,50.9,51.300003,50.9,50.9,51.9,51.9,52.9,48.300003,48.300003,3763111,-1018982,1075200,1075200,1075200,1075200,1075200,1075200,652800,1401600,292,71,90,257,24,65,224,17,75,73,1,5,148,7,66,203,30,90,88,15,89,3,0,2,278329,165909,346655,220734,71379,566801,181193,27009,670114,30317,1244,5631,91075,14796,698722,173046,61089,571305,36094,40978,796758,2055,0,1738,-1.0,-1.0
1658353004878,36.703003,0.6825397,0.5833333,0.625,0.52,0.45454547,0.5652174,1.0,0.6956522,1.0,49.600002,48.9,48.600002,49.300003,49.600002,49.9,48.9,50.600002,49.600002,51.9,47.9,47.600002,3779655,-473022,1075200,1075200,1075200,1075200,1075200,1075200,652800,1401600,538,33,90,198,13,36,276,47,126,229,20,57,122,24,52,33,1,3,112,23,83,5,1,0,438698,42842,424763,257233,29655,571130,215746,91116,539293,131252,55970,719493,93924,68814,593708,13533,506,6630,78965,60386,832886,105,249,0,134.9243095975232,2.2336222910216716
1658353005982,36.723003,0.6166667,0.6818182,0.59090906,0.41666666,0.5217391,0.39130434,1.0,0.3,1.0,52.600002,52.300003,51.300003,52.300003,51.9,52.300003,51.600002,53.9,52.300003,53.9,49.9,49.300003,3678250,-1774903,1075200,1075200,1075200,1075200,1075200,1075200,652800,1401600,1201,4,8,1085,8,11,856,31,68,792,37,55,586,43,71,177,6,3,556,72,148,9,0,0,477822,3896,10282,477765,5585,18000,397011,38584,154848,383598,57485,111490,282855,46105,144884,68170,8018,2224,316671,99495,235753,280,0,0,502.9816149068323,3.358360248447205
1658353006984,36.743,0.56,1.0,0.5,0.44,0.47619048,0.47619048,0.36363637,0.23809524,1.0,52.600002,52.9,51.600002,52.300003,52.600002,52.600002,51.9,54.300003,52.600002,54.600002,50.600002,49.600002,3685062,-1613465,1075200,1075200,1075200,1075200,1075200,1075200,652800,1401600,847,8,34,986,25,37,964,25,61,890,29,48,487,17,66,49,5,13,456,87,133,1,0,0,380705,6806,35667,467140,26569,52317,399917,36907,126969,490823,49727,139660,205273,14657,296245,29689,9330,60578,348755,84687,155484,21,0,0,415.2507912772586,2.9558629283489095
1658353008004,36.77,0.6195122,0.60714287,0.6296296,0.5555556,0.4,0.4,0.76,0.59090906,1.0,53.9,53.600002,52.600002,53.300003,52.9,53.300003,52.600002,54.9,52.9,54.9,50.9,50.600002,3682921,-1636964,1075200,1075200,1075200,1075200,1075200,1075200,652800,1401600,677,2,3,1070,11,24,938,35,66,895,31,60,574,42,71,262,25,53,451,104,116,1,0,0,235361,1810,3984,492431,7820,28683,395440,36962,140943,442213,48577,141005,290725,58191,116583,138913,37854,180988,328674,131172,142426,31,0,0,412.858368,2.9425664
1658353009037,36.818,0.7192118,0.5833333,0.76,0.84,0.61538464,0.88,0.6923077,0.33333334,1.0,54.600002,53.9,52.9,53.9,53.600002,53.300003,53.300003,55.600002,53.9,55.600002,51.9,50.9,3675914,-1646729,1075200,1075200,1075200,1075200,1075200,1075200,652800,1401600,867,5,15,1162,6,12,778,21,48,876,39,68,362,29,60,381,24,52,468,132,50,1,0,0,400302,2977,11199,513144,6631,17612,346387,20192,96345,481968,58011,142849,181076,31163,259402,152320,24272,244172,303287,136135,75964,26,0,0,414.76240522875815,2.616418300653595
1658353010047,36.868,0.58,0.73913044,0.39130434,0.48,0.44,0.88,0.30769232,0.375,1.0,54.600002,54.9,53.600002,54.600002,54.300003,54.300003,53.600002,55.9,54.300003,56.300003,52.300003,51.600002,3678444,-1753236,1075200,1075200,1075200,1075200,1075200,1075200,652800,1401600,935,16,33,1113,16,32,644,28,64,717,32,59,334,17,55,201,3,18,460,100,92,2,0,0,361385,20440,50050,446544,9472,38860,298653,40636,153007,388219,43373,136008,151312,16400,244837,53080,3697,60814,326437,125812,151516,43,0,0,411.2791055900621,2.9822608695652173
1658353011144,36.933002,0.5505618,0.5,0.42857143,0.2857143,0.45833334,1.0,0.27272728,0.36363637,1.0,54.600002,54.600002,53.9,54.300003,54.600002,54.600002,53.9,56.300003,54.600002,56.300003,52.300003,51.9,3685840,-1643067,1075200,1075200,1075200,1075200,1075200,1075200,652800,1401600,901,6,16,1291,18,24,751,23,54,826,28,53,376,19,48,159,14,38,534,93,117,3,0,0,382768,4958,16984,532745,19367,30261,376290,32413,134109,446593,50702,157912,157639,29340,186741,68782,16159,200836,363227,104004,145412,82,0,0,412.39215483870964,3.0379870967741933
1658353012228,37.004,0.55135137,0.5652174,0.5,0.36363637,0.4090909,0.73913044,0.5833333,0.22727273,1.0,54.600002,54.600002,53.9,54.300003,54.600002,54.600002,53.9,56.600002,54.600002,56.600002,52.300003,51.9,3653141,-1664429,1075200,1075200,1075200,1075200,1075200,1075200,652800,1401600,910,6,18,978,12,22,924,27,67,697,41,71,234,13,29,354,20,36,466,103,73,1,0,0,363346,5334,20914,504414,15792,37320,392850,31570,206806,387502,71773,168435,93569,16722,118658,136373,23409,178254,320414,100457,96637,24,0,0,411.9472272024729,2.9118021638330758
1658353013241,37.061,0.622549,0.6923077,0.53571427,0.45833334,0.44,0.53846157,0.7692308,0.52,1.0,55.300003,55.300003,54.600002,54.9,54.9,54.300003,53.9,56.9,54.600002,56.9,52.600002,52.300003,3677082,-1577759,1075200,1075200,1075200,1075200,1075200,1075200,652800,1401600,892,9,27,1167,13,24,894,32,63,635,39,67,163,12,17,547,38,59,380,87,109,8,0,0,383678,10009,30939,515232,13640,27745,357136,40617,200746,361613,73967,204153,80114,20813,43876,256139,60179,264462,298937,105092,163574,753,0,0,415.7028422764228,2.705118699186992
1658353014251,37.108,0.530303,0.92,0.33333334,0.4347826,0.375,0.42307693,0.30769232,0.36,1.0,55.600002,55.600002,54.600002,55.300003,55.300003,55.300003,54.9,57.300003,55.600002,57.600002,52.9,52.300003,3670075,-1642457,1075200,1075200,1075200,1075200,1075200,1075200,652800,1401600,994,9,21,1134,11,19,731,35,81,881,29,63,317,21,39,257,15,39,370,79,158,2,0,0,419539,14024,28081,509223,10759,24698,351206,54951,179791,453110,44429,134593,153115,28220,122709,115729,21651,173570,294535,112673,234326,45,0,0,413.6613125972006,2.9252379471228616
1658353015300,37.179,0.66842103,0.64,0.54545456,0.875,0.5,0.47619048,0.6086956,0.5217391,1.0,55.600002,55.9,54.9,55.600002,55.9,55.600002,54.600002,57.300003,55.300003,57.600002,53.600002,52.300003,3687981,-1698609,1075200,1075200,1075200,1075200,1075200,1075200,652800,1401600,836,8,16,1231,21,36,931,33,50,837,43,62,366,22,61,327,26,60,368,103,137,3,0,0,352359,9365,20846,534657,25420,53096,382605,41944,94937,492577,76595,171633,187405,26762,293743,149906,41105,169743,260460,126443,193014,76,0,0,412.2020864,2.635008
1658353016304,37.24,0.6381909,0.6,0.5925926,0.59090906,0.47826087,0.375,1.0,0.42307693,1.0,56.300003,56.300003,54.9,55.9,55.600002,55.9,55.300003,57.9,55.9,57.9,53.300003,52.600002,3674941,-1685181,1075200,1075200,1075200,1075200,1075200,1075200,652800,1401600,957,10,23,1097,16,28,590,20,57,776,23,52,296,12,30,367,28,67,421,123,90,0,0,0,393626,11133,22203,473613,22792,36320,270971,30518,151901,413973,35253,131373,116508,14967,122433,185698,33428,351480,303640,154607,128625,0,0,0,412.87065346534655,2.964118811881188
1658353017311,37.301003,0.57,0.47826087,0.5,0.6,0.5,0.20833333,0.9230769,0.25,1.0,56.600002,56.600002,55.9,56.300003,56.300003,56.300003,55.600002,57.9,55.9,57.600002,53.600002,53.300003,3680974,-1717835,1075200,1075200,1075200,1075200,1075200,1075200,652800,1401600,1033,19,39,1153,7,28,848,37,62,853,28,72,439,24,72,0,0,0,301,99,140,1,0,0,455533,23440,47173,501074,6000,43436,379594,40506,155191,417508,51331,183960,211774,32801,338766,0,0,0,256825,161395,241138,18,0,0,413.0808655737705,2.691881967213115
1658353018309,37.362003,0.6089386,0.56,0.5217391,0.3809524,0.47826087,0.72727275,0.6956522,0.54545456,1.0,56.600002,56.600002,55.600002,55.9,55.9,55.9,54.9,57.9,56.300003,57.9,53.600002,52.9,3687787,-1735841,1075200,1075200,1075200,1075200,1075200,1075200,652800,1401600,989,9,26,1223,8,16,764,33,59,847,30,58,622,38,75,44,3,9,311,95,135,1,0,0,404030,8073,27402,513446,8840,18537,359068,46286,150270,446753,51271,127087,270720,55966,329591,23207,3586,28440,268158,141149,198202,20,0,0,411.83126813880125,2.769716088328076
1658353019347,37.429,0.6243655,0.5833333,0.5416667,0.5416667,0.44,0.46153846,0.7916667,0.61538464,1.0,56.600002,56.300003,55.600002,56.300003,56.600002,56.9,55.9,58.300003,56.9,58.300003,53.9,53.600002,3665987,-1819154,1075200,1075200,1075200,1075200,1075200,1075200,652800,1401600,830,6,20,1286,19,31,793,40,88,632,42,74,592,42,64,276,20,49,554,137,90,3,0,0,362581,9410,25511,547859,22227,34461,372017,52074,202004,357785,56679,264046,295517,49376,81249,129226,37882,204173,356438,156281,98855,73,0,0,411.9997464342314,2.9116957210776544
1658353020365,37.49,0.55307263,0.52,0.5,0.39130434,0.42857143,0.1904762,0.9166667,0.4347826,1.0,57.300003,56.9,55.9,56.600002,56.9,56.9,55.9,58.600002,56.9,58.600002,54.300003,53.600002,3669880,-1660157,1075200,1075200,1075200,1075200,1075200,1075200,652800,1401600,1030,20,33,1232,21,20,810,41,56,851,40,57,226,30,50,176,9,32,438,118,100,0,0,0,450811,22581,39107,516207,18932,33610,391129,59859,106658,435300,65745,136582,138475,45235,254592,74174,5458,135968,356397,137391,136633,0,0,0,413.9744864864865,2.9753386327503977
1658353021375,37.554,0.5980392,0.5,0.56,0.56,0.45833334,0.46153846,0.65384614,0.56,1.0,57.300003,56.600002,55.600002,56.600002,56.9,56.9,55.9,58.600002,56.600002,58.9,54.300003,53.300003,3665209,-1578370,1075200,1075200,1075200,1075200,1075200,1075200,652800,1401600,958,13,23,1021,16,23,925,37,79,678,48,77,393,38,76,37,0,4,375,126,90,1,0,0,446831,10659,34232,481761,20626,29971,426314,54091,188944,371098,86829,224129,214156,56561,376626,16891,0,6099,289168,140945,111969,18,0,0,408.52899378881983,3.052869565217391
1658353022402,37.619003,0.55263156,0.41666666,0.46153846,0.375,0.42857143,0.28,1.0,0.41666666,1.0,56.9,56.9,56.600002,56.300003,56.600002,56.300003,55.600002,58.300003,56.300003,58.600002,54.600002,53.600002,3673578,-1600648,1075200,1075200,1075200,1075200,1075200,1075200,652800,1401600,929,9,32,1229,22,31,497,34,46,699,49,79,320,21,37,421,32,71,425,98,125,1,0,0,450522,9817,30295,550042,24844,42289,230639,52920,119769,380879,88920,228155,140580,26161,215586,183520,46879,327068,313424,115875,157414,11,0,0,413.7014658385093,2.9744596273291926
1658353023409,37.649002,0.725,0.68,0.6666667,0.8,0.5833333,0.7692308,0.8076923,0.4347826,1.0,57.300003,56.600002,55.9,56.300003,56.9,56.600002,55.9,58.600002,56.600002,58.600002,54.300003,53.600002,3672800,-1605530,1075200,1075200,1075200,1075200,1075200,1075200,652800,1401600,938,11,24,1187,13,23,799,45,97,681,29,68,275,18,43,276,18,41,427,125,77,8,0,0,450458,14870,30760,491816,17813,34226,393174,62158,223910,399910,35865,176523,138582,27426,217941,128994,20641,141427,310662,159969,84502,205,0,0,410.3232405063291,3.0421265822784807
1658353024439,37.706,0.4848485,0.52,0.30769232,0.4347826,0.30769232,0.8076923,0.16666667,0.3043478,1.0,57.300003,56.9,56.600002,56.9,57.300003,56.9,56.300003,58.9,56.9,59.300003,54.9,53.9,3678055,-1726380,1075200,1075200,1075200,1075200,1075200,1075200,652800,1401600,1014,10,28,1037,21,28,691,24,66,604,31,52,189,18,39,245,13,28,449,107,107,9,0,0,423339,7868,37772,460952,19300,34400,338269,27131,152999,360117,53685,171442,124370,24517,162523,115671,13050,148849,336800,108041,138216,1876,0,0,413.9695403726708,2.9083229813664597
1658353025476,37.771,0.4127907,0.13636364,0.15789473,0.18181819,0.95454544,0.22727273,0.27272728,0.39130434,1.0,56.300003,56.300003,55.600002,56.300003,56.600002,56.300003,55.600002,58.600002,56.600002,58.600002,54.300003,53.600002,3721848,-1181031,1075200,1075200,1075200,1075200,1075200,1075200,652800,1401600,866,12,29,1180,16,24,710,15,48,509,25,50,178,16,30,221,21,41,574,90,79,0,0,0,399586,14158,39398,437689,22112,54340,298812,20087,170712,261372,36649,195809,93843,23756,114034,109028,34678,212665,352768,106366,115606,0,0,0,-1.0,-1.0
1658353026482,37.825,0.2826087,0.0,0.083333336,0.04347826,1.0,0.04347826,0.09090909,0.0,1.0,53.9,53.9,53.300003,54.300003,54.300003,54.300003,53.600002,56.9,54.600002,56.600002,51.9,51.600002,3783159,-379638,1075200,1075200,1075200,1075200,1075200,1075200,652800,1401600,719,22,29,645,22,28,216,34,79,167,20,70,169,33,38,108,15,67,9,27,111,0,0,0,680628,63088,151101,634759,44456,159383,183179,73546,449322,150300,44254,406413,171594,81574,166514,130023,25437,562270,15470,120027,685348,0,0,0,-1.0,-1.0
1658353027487,37.862003,0.3084577,0.115384616,0.08,0.115384616,0.28,0.88,0.041666668,0.0,1.0,52.600002,52.600002,51.9,52.9,52.9,52.9,52.600002,55.600002,52.9,55.600002,50.9,50.300003,3786273,-441284,1075200,1075200,1075200,1075200,1075200,1075200,652800,1401600,306,28,67,346,46,65,110,8,48,69,6,39,167,16,74,158,6,58,96,122,149,0,0,0,257639,57732,537359,362377,98836,428307,74592,15949,440332,72758,11000,318801,119751,41505,736460,109123,10478,640681,112073,338162,473849,0,0,0,-1.0,-1.0
1658353028507,37.886,0.75490195,0.68,0.73913044,0.7407407,0.7407407,0.5833333,0.96153843,0.5833333,1.0,52.300003,51.9,51.300003,51.9,52.600002,52.300003,51.9,54.9,52.300003,54.9,50.300003,49.9,3777514,-592651,1075200,1075200,1075200,1075200,1075200,1075200,652800,1401600,468,27,64,422,20,48,270,61,79,147,18,46,106,16,37,278,20,55,164,56,125,6,0,0,418559,61537,339239,388732,43255,349973,206009,168779,430439,99088,33037,281861,73799,37286,304499,185606,37796,541793,116987,129167,632475,166,0,0,0.0042578512396694215,0.00711404958677686
1658353029566,37.916,0.65346533,0.875,0.5833333,0.5416667,0.41666666,0.6923077,0.56,0.56,1.0,53.9,54.300003,53.600002,54.600002,54.600002,54.600002,53.600002,55.600002,54.300003,55.9,51.600002,51.300003,3653141,-2042848,1075200,1075200,1075200,1075200,1075200,1075200,652800,1401600,657,39,54,610,2,28,417,13,49,307,14,36,295,3,11,159,2,28,292,47,72,2,0,0,319963,93297,135454,238889,4796,353905,178663,23433,392337,119995,36058,415466,70347,6643,27075,70256,762,416222,158412,68184,511554,38,0,0,540.2145940902022,5.253424572317263
1658353030609,37.906002,0.64942527,0.6363636,0.54545456,0.59090906,0.61904764,0.77272725,0.55,0.45454547,1.0,55.300003,55.600002,54.600002,55.300003,55.600002,55.300003,54.600002,56.600002,55.300003,56.9,52.9,52.300003,3666182,-1679383,1075200,1075200,1075200,1075200,1075200,1075200,652800,1401600,476,2,9,923,13,23,621,15,24,1039,30,58,190,17,40,543,21,72,411,75,96,0,0,0,188168,2581,7906,439894,16260,42722,440565,31951,71531,446386,32671,103763,88299,21835,107399,226574,10873,241119,274732,76863,97959,0,0,0,518.6087471819645,3.2471497584541065
1658353031654,37.943,0.5989305,0.4347826,0.42857143,0.47826087,0.41666666,0.45454547,1.0,0.47826087,1.0,56.300003,55.9,55.300003,55.9,55.600002,55.300003,54.9,57.300003,55.600002,57.300003,53.300003,52.9,3667350,-1731263,1075200,1075200,1075200,1075200,1075200,1075200,652800,1401600,975,12,22,1110,14,23,666,21,26,700,29,54,349,25,56,535,17,38,447,86,173,2,0,0,360750,12220,22988,458344,23099,36036,483902,38868,62326,341575,37251,109306,162653,40936,194483,197253,21755,89980,307312,90476,178707,53,0,0,517.0793459119496,3.4376855345911945
1658353032683,37.977,0.6089109,0.5769231,0.5416667,0.5185185,0.44,0.3846154,1.0,0.4347826,1.0,56.300003,55.9,55.600002,55.9,55.9,55.9,55.300003,58.300003,55.9,58.300003,53.9,53.300003,3677666,-1660462,1075200,1075200,1075200,1075200,1075200,1075200,652800,1401600,718,4,19,1102,14,16,692,27,38,929,29,52,441,27,61,95,9,16,376,97,136,0,0,0,340215,1531,20845,498604,14407,24332,442722,55230,102028,364763,42526,115824,176752,32790,214162,43167,13349,51264,262974,115995,160757,0,0,0,516.3909477020602,3.254009508716323
1658353033698,38.024002,0.5872093,0.6666667,0.5714286,0.5,0.9130435,0.4090909,0.2,0.35,1.0,56.9,56.600002,56.300003,56.600002,56.300003,56.600002,55.9,58.300003,56.600002,58.600002,54.300003,53.300003,3667155,-1661683,1075200,1075200,1075200,1075200,1075200,1075200,652800,1401600,815,7,18,1118,17,33,727,31,39,776,38,75,538,29,63,253,12,22,360,130,106,1,0,0,353501,5861,22028,510368,16098,29550,475855,59296,116615,369573,48696,168983,234026,34712,204257,91006,10820,49173,277234,172039,146191,29,0,0,513.6234303405573,3.5076656346749227
1658353034721,38.061,0.56,0.96153843,0.65384614,0.48,0.33333334,0.44,0.2173913,0.36,1.0,57.300003,56.9,56.300003,56.9,56.9,56.9,55.600002,58.9,56.9,58.9,54.600002,53.600002,3676692,-1597596,1075200,1075200,1075200,1075200,1075200,1075200,652800,1401600,841,3,17,957,9,17,647,27,24,619,20,30,182,8,28,278,13,36,522,121,67,0,0,0,314401,913,21226,382301,12388,22197,416599,53249,85598,257550,34637,67710,71628,6778,99892,114494,26141,174368,326780,127646,64932,0,0,0,516.6924361370716,3.141981308411215
1658353035745,38.112003,0.609375,0.56,0.5652174,0.5833333,0.5,1.0,0.3043478,0.4,1.0,57.300003,57.300003,56.600002,56.600002,57.300003,56.9,55.9,58.9,56.9,58.9,54.9,53.9,3679223,-1610108,1075200,1075200,1075200,1075200,1075200,1075200,652800,1401600,755,4,17,977,14,24,733,22,39,882,47,73,292,15,50,376,18,55,444,136,74,0,0,0,307704,2648,12771,456014,11999,31409,492988,31016,103976,384400,66358,149449,125549,20443,130647,171333,23452,281446,302308,184027,91462,0,0,0,519.9809905956113,3.4724514106583073
1658353036756,38.163002,0.5829146,0.54545456,0.47826087,0.48,0.48,1.0,0.3043478,0.33333334,1.0,57.600002,57.300003,56.600002,57.300003,57.300003,57.600002,56.600002,59.300003,57.300003,59.300003,55.300003,54.300003,3670853,-1659241,1075200,1075200,1075200,1075200,1075200,1075200,652800,1401600,1085,7,33,1096,8,21,878,17,25,622,34,69,78,8,8,356,27,72,504,144,73,1,0,0,431465,5953,36934,470973,7760,23133,541706,35334,53954,337123,42976,109312,38233,10347,19424,167738,38087,307891,334697,142671,90403,18,0,0,515.4496296296296,3.4920493827160493
1658353037820,38.22,0.59302324,0.6666667,0.47368422,0.5,0.5,0.22727273,1.0,0.3809524,1.0,57.9,57.300003,56.600002,57.300003,57.300003,57.600002,56.600002,59.600002,57.300003,59.600002,54.9,54.300003,3682337,-1641236,1075200,1075200,1075200,1075200,1075200,1075200,652800,1401600,944,14,27,1189,12,32,712,25,40,906,34,61,13,1,4,542,29,55,418,130,106,1,0,0,403403,15382,27686,480605,14459,52245,528293,32376,101238,414322,39642,102269,6065,394,11897,229596,40103,228973,312068,138125,128521,30,0,0,518.3842260596546,3.249230769230769
1658353038823,38.274002,0.61170214,0.6086956,0.5,0.54545456,0.4347826,0.6666667,0.6956522,0.36363637,1.0,57.9,57.600002,56.9,57.600002,57.600002,57.600002,56.600002,59.9,57.300003,59.9,55.300003,54.600002,3683115,-1690675,1075200,1075200,1075200,1075200,1075200,1075200,652800,1401600,763,7,16,1104,10,16,700,27,28,881,35,70,419,34,53,45,2,8,388,100,112,2,0,0,338893,5692,12688,484250,11637,29606,464733,52844,80821,383462,52889,145789,196147,45262,292147,20374,1512,11036,280256,121831,140507,46,0,0,517.4636391912908,3.355371695178849
1658353039862,38.342003,0.6,0.72,0.52,0.53846157,0.48,0.42307693,0.84,0.32,1.0,58.300003,57.9,56.9,57.9,57.9,57.9,56.9,59.9,58.300003,59.9,55.600002,54.600002,3677471,-1686402,1075200,1075200,1075200,1075200,1075200,1075200,652800,1401600,1137,7,25,1044,9,24,635,29,31,946,37,46,104,12,25,311,14,42,447,107,131,2,0,0,459753,7376,29598,492700,10283,29099,473244,59668,95704,396641,48020,107884,53824,16409,96245,132731,17340,147702,313575,121802,143559,48,0,0,515.8936724960255,3.2447694753577108
1658353040896,38.392002,0.5755814,0.55,0.42857143,0.5,0.42857143,0.36363637,1.0,0.3181818,1.0,58.600002,58.600002,57.600002,57.9,58.300003,58.300003,57.9,59.9,58.600002,60.300003,55.9,55.300003,3657229,-1785889,1075200,1075200,1075200,1075200,1075200,1075200,652800,1401600,665,7,15,1141,15,29,694,29,42,810,24,49,444,21,46,134,7,28,425,123,89,2,0,0,303919,11020,17384,484167,15718,42749,431628,62144,135736,385363,28639,103572,195230,26219,134237,58406,5200,155988,297394,132265,100104,47,0,0,518.6708606811145,3.303678018575851
1658353041899,38.453003,0.5862069,0.59090906,0.5652174,0.5652174,0.5,1.0,0.23809524,0.3478261,1.0,58.600002,58.300003,57.600002,57.9,57.9,58.300003,57.300003,60.300003,57.9,59.9,55.9,55.300003,3671827,-1674805,1075200,1075200,1075200,1075200,1075200,1075200,652800,1401600,797,13,33,1092,19,34,894,16,28,829,40,67,567,33,57,83,6,15,400,72,156,0,0,0,354265,12303,43495,482406,24141,35337,540807,21738,69114,357706,51784,137293,226350,51954,199190,44229,8527,26494,321559,84132,208957,0,0,0,520.0510511627906,3.2219782945736433
1658353042895,38.494003,0.605,0.56,0.5833333,0.5185185,0.47826087,0.7307692,0.5,0.46153846,0.962963,58.600002,58.9,57.9,58.600002,58.600002,58.300003,57.600002,60.300003,58.600002,60.600002,55.9,54.9,3671048,-1655579,1075200,1075200,1075200,1075200,1075200,1075200,652800,1401600,946,4,19,967,13,24,697,26,23,983,32,70,150,9,24,266,14,49,424,68,132,0,0,0,373729,1593,13104,411896,18296,32877,446578,61343,61948,416132,47833,136251,77824,13114,109022,117278,28244,224130,312412,82659,140540,0,0,0,516.227054773083,3.2328012519561815
1658353043932,38.545002,0.5714286,0.82608694,0.5217391,0.47826087,0.6956522,0.45833334,0.18181819,0.2857143,1.0,58.9,58.9,57.9,58.600002,58.600002,59.300003,58.300003,60.600002,58.9,60.9,56.300003,55.600002,3656450,-1770936,1075200,1075200,1075200,1075200,1075200,1075200,652800,1401600,733,3,9,919,9,13,653,20,34,749,29,52,373,17,37,238,10,33,586,131,52,3,0,0,308477,5346,8264,371944,10334,17714,436868,38179,79820,344984,33046,98352,153783,23122,73191,110682,12579,148726,313379,131610,60864,73,0,0,518.9964590163935,3.119527868852459
1658353044978,38.599003,0.6395349,0.54545456,0.47368422,0.59090906,0.47619048,1.0,0.6086956,0.39130434,1.0,58.600002,58.600002,57.9,58.600002,58.600002,58.300003,57.600002,60.9,58.300003,60.9,56.600002,55.600002,3680585,-1645814,1075200,1075200,1075200,1075200,1075200,1075200,652800,1401600,373,3,17,1117,20,43,701,22,38,727,28,62,433,22,78,415,17,79,532,111,84,1,0,0,175340,3622,21252,486490,20736,49794,463194,45608,122424,346302,30663,103965,195627,25511,271733,172620,14012,430397,356772,122685,101295,80,0,0,517.0507540983607,3.3333508196721313
1658353045988,38.632,0.6963351,0.64,0.68,0.625,0.6956522,0.54545456,0.875,0.5416667,1.0,59.300003,58.9,57.9,58.600002,58.600002,58.600002,57.600002,60.600002,58.300003,60.9,56.600002,55.600002,3687981,-1625672,1075200,1075200,1075200,1075200,1075200,1075200,652800,1401600,804,3,22,950,18,23,647,19,31,931,30,46,63,8,16,526,33,70,467,130,73,0,0,0,327815,2192,20172,463591,19892,23158,476118,35843,103225,440706,46999,105130,33310,9746,59824,217695,38469,271416,307410,147925,99281,0,0,0,516.8807361963189,3.139631901840491
1658353047032,38.690002,0.62222224,0.9130435,0.56,0.68,0.6956522,0.3809524,0.48,0.3478261,1.0,59.600002,59.600002,58.600002,59.300003,59.300003,59.300003,58.600002,60.9,58.9,61.300003,56.9,55.9,3676109,-1751710,1075200,1075200,1075200,1075200,1075200,1075200,652800,1401600,716,2,6,1178,3,8,705,16,40,807,33,58,426,24,65,311,15,42,434,118,60,0,0,0,292695,1091,6475,503139,1978,8008,479029,33175,103816,344389,44926,111756,192268,31034,232186,138809,11379,157193,277944,135155,70681,0,0,0,518.3055815485997,3.019861614497529
1658353048043,38.730003,0.695,0.6,0.5833333,0.68,0.5,0.7916667,0.7916667,0.53846157,1.0,59.300003,58.9,57.9,58.600002,58.600002,58.9,57.9,60.600002,58.600002,60.9,56.600002,55.600002,3676498,-1616517,1075200,1075200,1075200,1075200,1075200,1075200,652800,1401600,831,5,15,1113,15,36,730,23,35,521,22,53,406,26,52,322,23,61,428,132,129,3,0,0,323182,3460,18798,459896,20125,42321,459180,45687,112256,254855,26372,142406,166196,32204,158438,139010,19808,247915,322017,150328,181793,101,0,0,517.0941519379845,3.1185860465116275
1658353049122,38.778004,0.42713568,0.34615386,0.16666667,0.4,0.16,0.2,1.0,0.12,1.0,59.600002,60.300003,59.300003,59.9,59.600002,59.600002,58.9,61.300003,59.9,61.600002,56.9,56.300003,3664625,-1793214,1075200,1075200,1075200,1075200,1075200,1075200,652800,1401600,1074,6,11,1153,8,6,704,24,40,782,28,53,255,15,24,326,12,39,484,124,68,1,0,0,437689,5374,11706,494379,7792,9404,450040,43773,104707,408461,40723,95822,128736,18558,74356,132740,18144,206977,300649,137177,81087,27,0,0,165.47589743589745,1.0847692307692307
1658353050366,38.832,0.41954023,0.36363637,0.14285715,0.33333334,0.4,0.18181819,0.8695652,0.0,1.0,56.600002,56.600002,55.600002,56.9,56.9,56.600002,56.300003,59.300003,57.300003,59.300003,54.300003,53.9,3778877,-423584,1075200,1075200,1075200,1075200,1075200,1075200,652800,1401600,795,13,31,930,18,27,471,44,65,451,31,67,498,26,84,246,8,19,312,66,140,0,0,0,653942,15035,79493,764903,31214,88821,509556,87181,268417,343879,68159,331484,363947,29822,445331,171565,13507,68887,193224,145065,531130,0,0,0,-1.0,-1.0
1658353051370,38.862003,0.6818182,0.68421054,0.52380955,0.47619048,0.6363636,0.6363636,1.0,0.5,1.0,54.9,54.600002,54.300003,54.600002,54.9,55.300003,54.9,57.600002,55.300003,57.600002,52.600002,52.600002,3765642,-512085,1075200,1075200,1075200,1075200,1075200,1075200,652800,1401600,270,42,73,411,13,22,205,31,85,177,28,79,163,31,74,214,67,103,58,49,135,0,0,0,213444,94919,277079,344574,23164,194315,192496,80185,575280,187969,51236,620604,146788,82607,576721,202358,123564,276948,61055,124349,702821,0,0,0,-1.0,-1.0
1658353052365,38.876003,0.5485437,0.41666666,0.44444445,0.34615386,0.3846154,0.5,1.0,0.24,1.0,54.600002,54.300003,53.9,54.600002,55.300003,55.600002,54.9,57.300003,55.300003,57.300003,52.300003,52.300003,3780434,-468139,1075200,1075200,1075200,1075200,1075200,1075200,652800,1401600,427,53,81,437,16,48,396,59,95,232,48,90,167,27,51,0,0,0,123,16,84,7,0,0,408735,99711,246358,328155,45439,427853,264388,103486,422182,199760,96090,481709,123561,58733,524092,0,0,0,62416,30077,736259,320,0,0,-1.0,-1.0
1658353053430,38.889004,0.6077348,0.61904764,0.5833333,0.45454547,0.7916667,0.41666666,0.47826087,0.42857143,1.0,54.600002,54.600002,54.300003,54.600002,54.9,55.300003,54.9,55.9,55.600002,56.9,52.300003,51.9,3711532,-1346436,1075200,1075200,1075200,1075200,1075200,1075200,652800,1401600,314,37,69,398,6,46,171,35,68,236,18,47,124,6,40,2,0,0,194,14,45,3,0,0,261901,115305,384755,257866,9053,533345,113202,114406,574043,108674,48741,694928,44091,18350,686325,1376,0,0,95056,22892,820988,475,0,0,355.20627596899226,3.5796837209302326
1658353054461,38.879,0.7821782,0.7307692,0.75,0.6086956,0.75,1.0,0.76,0.625,1.0,56.600002,56.300003,55.9,56.300003,56.300003,55.600002,54.9,57.9,55.9,58.300003,53.600002,52.9,3675525,-1726990,1075200,1075200,1075200,1075200,1075200,1075200,652800,1401600,886,9,12,1152,14,23,1023,30,45,700,35,47,572,35,74,228,11,36,609,66,144,4,0,0,403565,9388,15336,469039,19503,28395,422093,41877,119413,267131,47224,149819,233510,43265,201546,102850,12642,115959,335764,70768,169242,109,0,0,839.8885705426356,4.9829209302325586
1658353055535,38.886,0.57954544,0.5652174,0.54545456,0.39130434,0.39130434,0.2857143,1.0,0.4,1.0,58.300003,57.9,57.300003,57.9,57.9,57.600002,56.600002,59.300003,57.600002,59.300003,54.9,54.600002,3640490,-2121278,1075200,1075200,1075200,1075200,1075200,1075200,652800,1401600,900,5,10,924,6,8,1128,19,32,572,20,42,273,14,33,270,9,25,488,97,74,4,0,0,325053,5426,10250,396736,4815,9010,403465,20907,51722,222866,19418,77119,127377,18823,119198,113319,7901,41363,285364,103947,73913,132,0,0,616.7913322834645,4.211502362204724
1658353056542,38.920002,0.6363636,0.54545456,0.52,0.45454547,0.5,0.45454547,0.9583333,0.6086956,1.0,57.9,58.300003,57.600002,57.600002,57.600002,58.300003,57.300003,59.9,57.9,59.9,55.600002,54.9,3686230,-1673280,1075200,1075200,1075200,1075200,1075200,1075200,652800,1401600,826,4,10,971,4,13,734,41,47,411,24,38,420,22,39,174,5,5,591,63,74,0,0,0,350770,4357,13998,400640,4669,16982,376378,54344,84939,190609,27233,111695,178335,42677,154387,69788,8362,51702,332376,56776,91912,0,0,0,618.2354811165845,4.082495894909688
1658353057581,38.936,0.69154227,0.6666667,0.65384614,0.5185185,0.88461536,0.4,1.0,0.41666666,1.0,58.9,58.600002,57.600002,58.300003,58.600002,58.600002,57.9,59.9,58.9,60.600002,56.300003,55.600002,3674162,-1753236,1075200,1075200,1075200,1075200,1075200,1075200,652800,1401600,1179,10,32,1089,20,21,1105,23,54,216,15,25,282,14,70,290,20,44,479,124,81,1,0,0,464684,8799,35835,526178,27504,21193,447873,29767,93359,111773,17390,74508,146156,17373,388957,135481,26712,210105,305836,124725,93030,22,0,0,622.8908819875777,3.959950310559006
1658353058623,38.967003,0.65841585,0.6923077,0.5217391,0.5,0.4814815,0.72,0.7083333,0.6666667,1.0,59.300003,59.300003,58.300003,58.600002,58.600002,58.600002,57.9,60.300003,58.600002,60.600002,56.600002,55.600002,3658980,-1767274,1075200,1075200,1075200,1075200,1075200,1075200,652800,1401600,1001,9,23,1015,4,17,1055,21,48,666,20,45,426,22,59,176,9,25,485,129,102,3,0,0,403628,9264,22393,427285,1738,16019,450074,31597,76341,241319,25282,113817,178330,20967,189830,69537,8575,65841,320736,147704,135332,61,0,0,621.2943448275862,3.9692539184952977
1658353059652,39.004,0.58536583,0.5416667,0.48,0.5555556,0.29166666,0.5555556,0.8076923,0.42307693,1.0,59.600002,59.600002,58.600002,59.300003,58.9,59.300003,58.300003,60.9,58.9,61.300003,56.600002,55.9,3657618,-1785584,1075200,1075200,1075200,1075200,1075200,1075200,652800,1401600,972,9,19,1153,8,19,1080,38,56,558,40,73,372,16,66,177,8,9,566,90,96,0,0,0,400477,8640,24777,479727,10989,20809,471957,51124,77943,278998,48411,232279,166198,13912,376845,60285,8924,12835,339382,92372,117794,0,0,0,620.6786687402799,4.198867807153965
1658353060676,39.045002,0.6482412,0.64,0.5833333,0.45833334,0.5,0.76,0.6,0.5769231,1.0,59.300003,59.600002,58.600002,58.9,59.300003,59.600002,58.300003,60.9,59.300003,61.300003,56.600002,55.9,3648081,-1866761,1075200,1075200,1075200,1075200,1075200,1075200,652800,1401600,979,8,10,1234,7,16,949,25,49,602,29,55,444,18,44,526,11,16,629,72,147,5,0,0,382006,5424,12835,503984,6712,12460,448285,24004,75069,298671,38962,138184,224133,18932,178105,176607,14415,44354,345639,78996,175997,236,0,0,623.9735327102804,3.896772585669782
1658353061692,39.072002,0.6497462,0.72,0.5555556,0.6,0.48,0.56,0.75,0.5769231,1.0,59.9,59.600002,58.9,59.300003,59.300003,59.600002,58.600002,61.600002,59.600002,61.600002,56.9,56.600002,3668323,-1788636,1075200,1075200,1075200,1075200,1075200,1075200,652800,1401600,1066,6,19,1249,8,28,984,24,46,649,45,74,342,20,33,144,24,40,446,80,132,6,0,0,427854,6208,25203,517226,8215,36659,440846,28744,78125,254149,61445,309502,144715,31330,73098,96220,42779,183547,272668,82801,168287,528,0,0,621.3793684210526,4.391298245614035
1658353062706,39.105003,0.58522725,0.6363636,0.5,0.42857143,0.95454544,0.3809524,0.39130434,0.3809524,1.0,60.600002,60.300003,59.300003,59.600002,59.600002,59.9,58.9,61.600002,59.9,61.9,57.600002,56.600002,3662289,-1757508,1075200,1075200,1075200,1075200,1075200,1075200,652800,1401600,823,6,26,1091,12,20,781,27,48,495,18,28,455,33,80,439,29,54,567,95,84,2,0,0,333286,5751,28795,507457,12777,25308,370340,38779,86765,173599,18204,53725,231293,30828,276405,203141,45424,188991,335682,100357,104108,50,0,0,620.876353488372,4.503913178294574
1658353063709,39.132,0.6476684,0.625,0.52,0.5769231,0.52,0.4347826,0.9230769,0.5652174,1.0,60.300003,60.600002,59.300003,60.300003,60.300003,60.300003,59.300003,61.9,59.9,62.300003,57.300003,56.600002,3665598,-1767579,1075200,1075200,1075200,1075200,1075200,1075200,652800,1401600,676,5,12,1051,6,19,1006,29,51,504,21,46,209,19,45,483,36,75,445,68,143,2,0,0,282400,3506,9771,443119,7615,19602,432286,38376,87724,202672,21479,130205,91603,22003,265579,238489,44827,224667,289991,73027,174564,38,0,0,617.9013632,4.592332799999999
1658353064714,39.156002,0.6453202,0.5,0.6296296,0.5,0.48,0.68,0.84615386,0.5,1.0,60.300003,60.300003,59.300003,59.600002,59.9,60.300003,59.300003,61.9,60.300003,62.300003,57.600002,56.9,3667739,-1678773,1075200,1075200,1075200,1075200,1075200,1075200,652800,1401600,978,5,23,1067,10,18,901,31,56,257,17,28,535,24,63,193,11,36,427,78,101,2,0,0,417065,4959,22963,466586,9599,26064,398876,44568,110436,105878,15235,73322,225631,22868,249873,81900,11050,117426,282998,89001,137320,48,0,0,617.2324968944099,4.2666832298136645
1658353065758,39.2,0.6,0.5714286,0.55,0.54545456,0.3,0.31578946,1.0,0.4,1.0,60.600002,60.600002,59.9,59.9,60.300003,60.300003,59.600002,62.300003,60.600002,62.300003,57.600002,57.300003,3664625,-1730347,1075200,1075200,1075200,1075200,1075200,1075200,652800,1401600,1182,2,18,1272,16,23,865,35,59,710,41,90,292,26,45,262,20,33,501,75,143,1,0,0,438161,1758,24748,534977,15859,24505,404926,43220,78951,322918,53881,290750,144338,35534,138455,126736,30921,94426,330448,86103,178806,28,0,0,618.5007238095238,4.208
1658353066769,39.224003,0.62051284,0.64,0.6,0.44,0.84,0.48,0.5416667,0.4090909,1.0,60.9,60.9,60.300003,59.9,60.600002,60.600002,59.9,62.300003,60.600002,62.600002,57.9,57.300003,3668323,-1881715,1075200,1075200,1075200,1075200,1075200,1075200,652800,1401600,1027,6,16,1111,11,14,883,25,49,511,21,57,583,34,64,188,10,26,398,144,83,0,0,0,409680,4177,19080,468893,11962,10931,378446,35138,78854,215414,27828,148583,237252,53940,213380,90441,13071,88430,249847,193681,110462,0,0,0,617.7525095541401,4.2074904458598725
1658353067783,39.257,0.6717949,0.5,0.5833333,0.5217391,0.5833333,0.56,1.0,0.6,1.0,61.300003,60.9,59.9,60.600002,60.300003,60.300003,59.600002,62.300003,60.300003,62.600002,58.300003,57.300003,3669491,-1819459,1075200,1075200,1075200,1075200,1075200,1075200,652800,1401600,858,7,19,1108,11,19,898,38,67,391,31,55,520,27,73,257,6,26,576,108,78,1,0,0,386312,9476,21527,478967,11075,28375,413571,66994,112358,205542,35190,172782,250558,40084,254424,100609,4662,77047,347779,112423,99542,23,0,0,615.6445350318471,4.238318471337579
1658353068795,39.301003,0.74019605,0.75,0.68,0.6923077,0.56,0.625,1.0,0.56,1.0,61.300003,60.600002,59.9,60.600002,60.600002,61.300003,59.9,62.600002,61.300003,62.600002,58.300003,57.300003,3668518,-1741639,1075200,1075200,1075200,1075200,1075200,1075200,652800,1401600,676,1,5,1028,25,35,886,41,61,788,40,62,409,25,70,222,14,48,619,107,79,6,0,0,271677,792,9175,488637,34435,47936,415287,61157,108048,339799,47593,77939,206202,42324,291782,118607,8429,202300,349171,105351,72481,1737,0,0,616.1573042121685,4.415500780031201
1658353069823,39.332,0.63212436,0.5416667,0.5416667,0.5652174,0.59090906,0.5,0.96,0.3181818,1.0,60.9,60.9,60.300003,60.9,60.9,60.9,59.9,63.300003,60.600002,62.9,58.600002,57.9,3658591,-1781312,1075200,1075200,1075200,1075200,1075200,1075200,652800,1401600,903,10,33,1233,11,24,887,33,53,691,46,78,259,9,15,141,12,44,398,92,113,0,0,0,418169,5862,39381,484587,13892,39400,418606,42891,96485,312524,65702,184760,122688,14896,22203,68766,24456,269778,241599,101255,188625,0,0,0,619.3179656786272,4.65622464898596
1658353070848,39.383003,0.6519608,0.64285713,0.5769231,0.625,0.5,1.0,0.5185185,0.41666666,1.0,61.600002,60.9,59.9,60.600002,60.600002,60.600002,59.9,62.9,60.600002,62.9,58.600002,57.600002,3671048,-1755677,1075200,1075200,1075200,1075200,1075200,1075200,652800,1401600,930,12,19,1243,8,16,1036,28,39,696,35,58,329,20,45,482,19,42,300,64,188,1,0,0,393490,12024,19523,503800,4966,19516,459245,24829,65065,283258,38249,171644,157333,22254,118087,197311,31559,99696,250417,88389,288914,23,0,0,621.8468217054264,4.193190697674418
1658353071885,39.406002,0.6262626,0.5,0.6,0.48,0.625,0.96153843,0.4,0.3043478,1.0,61.300003,60.9,60.300003,61.300003,61.300003,61.300003,60.300003,62.600002,61.600002,63.300003,58.600002,57.9,3675525,-1778870,1075200,1075200,1075200,1075200,1075200,1075200,652800,1401600,940,8,17,1002,8,17,914,35,52,443,23,50,341,16,31,665,31,71,650,95,60,1,0,0,420895,5519,22818,470407,5899,25644,417902,48007,85724,216056,18732,117825,136758,20733,79797,247858,30845,225686,356236,96365,79763,23,0,0,620.524188006483,4.401529983792544
1658353072878,39.447002,0.45348838,0.33333334,0.3043478,0.8181818,0.4090909,0.2857143,0.27272728,0.15789473,1.0,61.600002,61.600002,60.9,61.600002,61.600002,60.9,60.600002,63.600002,61.600002,63.600002,58.9,57.9,3660927,-1818848,1075200,1075200,1075200,1075200,1075200,1075200,652800,1401600,1156,8,26,969,11,23,1107,22,46,298,15,30,214,17,34,477,27,59,444,79,125,1,0,0,395301,7423,25118,414443,15242,25124,455165,32769,63724,127063,17812,62251,112057,16282,90039,209800,31393,226673,310169,85164,170237,24,0,0,619.7472204472843,4.386977635782747
1658353073895,39.480003,0.29608938,0.0,0.09090909,1.0,0.04347826,0.045454547,0.13043478,0.04347826,1.0,60.300003,60.300003,59.9,60.300003,59.9,60.300003,59.600002,62.600002,60.300003,62.300003,57.9,57.300003,3763501,-513611,1075200,1075200,1075200,1075200,1075200,1075200,652800,1401600,1072,17,29,990,12,24,745,19,37,232,23,43,365,21,48,309,26,63,384,79,93,1,0,0,505993,24973,52769,517837,12398,28651,366233,27736,66339,109623,33671,116200,155057,38604,227047,189960,28444,296621,246546,118049,179729,22,0,0,-1.0,-1.0
1658353074908,39.524002,0.33146068,0.09090909,0.05,0.13636364,0.95652175,0.17391305,0.14285715,0.083333336,1.0,57.600002,57.300003,56.9,57.600002,56.9,57.300003,56.9,60.300003,57.600002,60.300003,55.300003,54.9,3777709,-449524,1075200,1075200,1075200,1075200,1075200,1075200,652800,1401600,679,38,38,593,26,34,116,20,35,125,21,63,157,37,96,170,23,66,14,36,113,0,0,0,699155,68701,124175,617281,55262,209822,100981,43971,167429,123731,45150,421814,186897,95357,613292,139414,56218,625979,23286,111424,702081,0,0,0,-1.0,-1.0
1658353075957,39.562,0.2967033,0.3043478,0.04761905,0.73913044,0.0,0.13043478,0.08695652,0.0,1.0,55.9,55.9,55.9,56.300003,55.9,55.9,55.600002,58.600002,55.9,58.600002,53.9,53.600002,3784327,-337219,1075200,1075200,1075200,1075200,1075200,1075200,652800,1401600,473,77,93,372,75,93,164,18,77,10,2,5,193,17,70,158,13,67,11,21,108,0,0,0,414403,165764,334345,341797,177369,384575,152618,39876,559407,9243,4225,24185,146535,45600,740398,147964,24435,658950,16190,80680,909457,0,0,0,-1.0,-1.0
1658353076990,39.575,0.53367877,0.5,0.5652174,0.5416667,0.4347826,0.5,0.47826087,0.29166666,1.0,55.300003,55.300003,55.300003,54.9,55.300003,55.300003,54.9,58.300003,55.300003,57.9,53.300003,53.300003,3776736,-344543,1075200,1075200,1075200,1075200,1075200,1075200,652800,1401600,661,20,33,584,43,40,180,15,29,214,26,53,307,22,35,437,19,38,97,22,101,12,0,3,489244,26601,144543,472166,97557,98352,130620,23258,139614,188179,65682,402257,162473,66657,275229,234682,44965,315953,67173,57101,591564,1046,0,3795,0.010831973898858076,0.0200326264274062
1658353078022,39.575,0.7064677,0.625,0.625,0.76,0.72,0.56,0.88461536,0.44,1.0,56.600002,56.9,56.9,56.9,56.9,56.600002,56.300003,58.9,56.9,58.9,54.600002,53.9,3675914,-1712952,1075200,1075200,1075200,1075200,1075200,1075200,652800,1401600,751,12,41,710,34,36,343,8,25,533,24,50,342,30,49,363,25,59,490,58,113,21,2,7,323743,24981,224993,360632,72280,104252,118518,10530,58710,303688,28365,311925,153111,64029,303674,165239,48977,281509,277073,74214,530195,8521,1206,5300,510.2680127795527,3.9513865814696487
1658353079046,39.589,0.6302083,0.5,0.65384614,0.5833333,0.5833333,0.45833334,0.8695652,0.36363637,1.0,58.9,58.600002,58.300003,58.600002,58.600002,58.600002,57.9,59.9,58.300003,60.300003,56.300003,55.300003,3679807,-1821290,1075200,1075200,1075200,1075200,1075200,1075200,652800,1401600,869,7,21,1064,11,17,366,12,29,832,15,32,529,29,63,470,21,52,652,100,102,1,0,1,341558,5894,29280,432048,14311,19449,138465,11568,36040,454455,16796,59776,213700,48602,184774,195016,10362,88078,340178,102862,118157,294,0,531,689.2702062193126,4.413224222585925
1658353080074,39.599003,0.60465115,0.6,0.52380955,0.5,0.5416667,0.36363637,1.0,0.4,1.0,59.300003,59.600002,58.600002,58.9,58.9,59.600002,58.300003,60.9,59.600002,61.300003,56.600002,56.300003,3669102,-1778870,1075200,1075200,1075200,1075200,1075200,1075200,652800,1401600,964,6,21,948,14,21,732,43,67,862,22,33,537,31,70,86,3,8,479,126,82,0,1,0,379593,4846,24917,443597,16499,25009,310724,49974,129457,503936,37472,52480,228155,32970,239883,34798,4467,16597,301003,130651,82206,0,333,0,600.3061350078493,4.020496075353218
1658353081072,39.626003,0.61764705,0.6,0.5,0.36,0.5,1.0,0.44,0.5,1.0,59.9,59.600002,58.9,59.600002,59.600002,59.600002,58.9,61.600002,59.300003,61.300003,57.300003,56.300003,3680780,-1789857,1075200,1075200,1075200,1075200,1075200,1075200,652800,1401600,1031,6,22,1105,14,24,667,34,64,780,19,42,552,27,79,4,0,2,566,128,59,1,1,0,430805,4883,25702,483302,16764,28551,269515,38986,145199,448503,18590,69845,226125,34877,267238,3308,0,1378,314293,135043,70300,18,469,0,623.2733416149068,4.200248447204969
1658353082098,39.656002,0.6137566,0.7083333,0.52380955,0.45833334,0.5,0.72,0.75,0.2173913,1.0,60.300003,59.9,59.300003,59.9,59.300003,59.600002,59.300003,61.9,59.600002,61.9,57.300003,56.600002,3658007,-1780091,1075200,1075200,1075200,1075200,1075200,1075200,652800,1401600,613,5,21,1177,6,22,639,36,81,889,14,28,563,23,50,326,24,41,376,120,100,1,0,1,265440,3731,22284,505961,4600,31569,277046,37822,222723,456896,21662,51623,231280,17575,101212,150526,32888,163340,259389,148375,159182,25,0,482,646.8247512355848,4.492283360790775
1658353083120,39.693,0.60335195,0.68421054,0.5,1.0,0.47826087,0.23809524,0.54545456,0.3478261,1.0,60.600002,60.300003,59.600002,59.9,60.300003,59.9,59.300003,61.600002,59.9,62.300003,57.9,56.9,3676303,-1632996,1075200,1075200,1075200,1075200,1075200,1075200,652800,1401600,415,5,7,1146,5,18,652,30,59,1031,21,26,439,24,53,218,11,34,527,99,103,1,0,1,169530,2949,7624,428586,3197,20623,280549,30153,118247,481413,38026,42395,181243,27927,163917,93765,15842,117927,307842,104132,124015,30,0,421,655.3187788161993,4.515439252336448
1658353084132,39.727,0.6,0.9583333,0.54545456,0.4090909,0.5217391,0.68,0.36363637,0.375,1.0,60.9,60.600002,60.300003,60.300003,60.600002,59.600002,59.300003,62.300003,60.300003,62.300003,57.9,57.300003,3678639,-1706239,1075200,1075200,1075200,1075200,1075200,1075200,652800,1401600,859,10,22,1125,13,21,469,20,48,908,13,36,446,19,61,235,8,35,685,98,108,1,0,0,325975,8580,26564,487902,17032,26090,186157,21859,105958,475307,23205,61908,193683,22918,236731,99594,15528,115032,382688,113320,135432,30,0,0,667.88075,4.16295
1658353085130,39.758003,0.6075269,0.59090906,0.4090909,0.5,0.5416667,0.41666666,1.0,0.3181818,1.0,60.9,61.300003,59.9,60.600002,60.600002,60.9,59.600002,62.600002,60.600002,62.600002,58.300003,57.300003,3680196,-1762086,1075200,1075200,1075200,1075200,1075200,1075200,652800,1401600,444,5,16,1123,9,14,400,21,42,992,14,32,469,24,57,620,24,68,483,128,91,0,0,1,187923,2875,17967,510632,6784,14528,143298,24892,112303,474095,18054,54266,191406,36031,186943,236081,26445,203055,309873,147471,122477,0,0,469,694.5267080745342,4.336149068322982
1658353086142,39.818,0.62376237,0.64,0.48,0.5555556,0.5,0.84,0.61538464,0.3181818,1.0,61.300003,60.600002,60.300003,60.300003,60.600002,60.9,59.9,62.9,60.600002,62.9,58.600002,57.300003,3682726,-1704713,1075200,1075200,1075200,1075200,1075200,1075200,652800,1401600,872,11,20,1103,5,19,737,22,54,1091,11,23,513,23,68,85,8,16,487,130,96,1,0,0,366776,11026,18674,482348,5668,16813,293767,25555,120233,506329,11671,52205,200135,34745,252805,41266,11654,54515,311262,159959,118879,27,0,0,685.9560318979267,4.57809250398724
1658353087164,39.845,0.6666667,0.5833333,0.5,0.9130435,0.5217391,0.7083333,0.6956522,0.36363637,1.0,61.300003,61.300003,60.600002,60.9,61.300003,61.300003,59.9,62.9,60.9,62.9,58.600002,57.600002,3647886,-1778870,1075200,1075200,1075200,1075200,1075200,1075200,652800,1401600,875,5,15,854,12,19,558,20,47,735,17,28,359,12,43,88,6,18,550,96,111,0,0,0,302380,4311,15055,386072,20656,28324,231413,28618,159732,417663,26002,51111,141999,17056,190308,43906,5782,68194,348578,96507,136322,0,0,0,737.9286058732612,5.017817619783616
1658353088207,39.879,0.6818182,0.5714286,0.61904764,0.5416667,0.5714286,0.90909094,0.7826087,0.41666666,1.0,61.600002,61.300003,60.9,60.9,60.9,60.600002,60.300003,62.9,60.9,63.300003,58.600002,57.600002,3670269,-1742249,1075200,1075200,1075200,1075200,1075200,1075200,652800,1401600,878,5,27,923,14,21,461,12,26,864,8,30,207,10,32,339,13,50,564,116,103,8,1,2,321972,2247,33360,482401,15151,20653,144103,16782,56878,482006,9339,69827,89060,7752,69058,154093,15165,176252,338844,125068,121436,1319,506,1377,695.4869085271318,4.19711007751938
1658353089260,39.943,0.63316584,0.7083333,0.52,0.64,0.56,0.88,0.375,0.3043478,1.0,61.9,61.600002,60.9,61.300003,61.600002,61.9,61.600002,63.300003,61.9,63.600002,58.9,58.600002,3661121,-1886292,1075200,1075200,1075200,1075200,1075200,1075200,652800,1401600,765,5,18,740,8,7,554,13,35,728,11,26,560,14,32,175,12,26,736,96,71,2,0,0,276131,3952,19165,394449,6891,6402,181442,15497,32266,409779,25036,54746,176288,13221,60181,66060,15537,64311,353214,112132,93526,72,0,0,703.8888475120385,4.307056179775281
1658353090312,39.991,0.6340206,0.7083333,0.52,0.64,0.52,0.7916667,0.36,0.5217391,1.0,61.600002,61.9,60.600002,61.300003,61.600002,61.300003,60.600002,62.9,61.300003,63.600002,58.9,58.300003,3666571,-1741944,1075200,1075200,1075200,1075200,1075200,1075200,652800,1401600,625,4,17,1067,10,21,562,28,41,750,14,29,351,15,41,239,14,35,720,101,106,1,0,0,227458,5341,16615,475908,10362,25711,204743,46764,73316,457165,23452,62296,146617,25409,126615,106778,13685,118475,417347,92523,124967,26,0,0,696.6007725856698,3.71185046728972
1658353091343,40.035004,0.5804598,0.61904764,0.54545456,0.6086956,0.47619048,0.6666667,0.2,0.4347826,1.0,62.600002,62.300003,61.600002,61.9,62.300003,62.300003,61.600002,63.9,62.300003,64.3,59.600002,58.600002,3663652,-1841737,1075200,1075200,1075200,1075200,1075200,1075200,652800,1401600,1053,8,17,1184,8,10,405,26,40,999,18,41,295,17,42,395,15,28,767,75,74,8,0,2,393364,4544,19465,509690,8090,10248,202696,27586,95234,496689,23944,63653,136605,20689,100952,145440,20905,114218,380906,73363,80505,2291,0,551,711.6771428571429,4.298337662337663
1658353092364,40.08,0.57843137,0.60714287,0.5,0.3043478,0.45833334,0.68,0.6,0.3846154,1.0,62.300003,61.9,61.600002,62.300003,61.600002,61.600002,60.9,63.9,61.9,64.3,59.600002,58.600002,3661705,-1732484,1075200,1075200,1075200,1075200,1075200,1075200,652800,1401600,525,5,21,889,13,31,334,13,26,876,15,22,343,12,39,247,16,41,583,135,86,3,0,0,220915,4987,23490,450637,16005,37853,171086,8066,106053,488047,27853,50111,139745,18655,158705,131959,32086,242043,348497,143863,98257,70,0,0,716.9646635658916,4.129686821705426
1658353093396,40.144,0.75,0.6956522,0.6818182,0.7083333,0.65217394,0.73913044,0.95454544,0.65,1.0,62.600002,62.300003,61.300003,61.9,62.300003,61.9,60.9,63.9,61.600002,64.3,59.600002,58.9,3668323,-1769410,1075200,1075200,1075200,1075200,1075200,1075200,652800,1401600,888,8,20,1049,13,22,585,26,71,910,21,48,405,17,50,196,5,20,430,91,132,0,0,0,346639,6288,29190,503910,17477,29200,235456,22632,243013,495266,23120,95748,159112,12745,221513,68964,6741,93000,297733,108814,184172,0,0,0,727.7309611197511,4.343489891135303
1658353094440,40.197002,0.6594595,0.7916667,0.65217394,0.26086956,0.54545456,1.0,0.47826087,0.41666666,1.0,62.9,62.9,61.9,62.600002,62.9,62.600002,62.300003,64.600006,63.300003,64.600006,59.9,59.600002,3650222,-1891786,1075200,1075200,1075200,1075200,1075200,1075200,652800,1401600,875,1,4,1117,2,4,373,27,43,771,14,25,283,16,47,180,13,20,529,135,58,1,0,0,322670,311,4209,462536,3037,3224,175161,30594,75510,422316,26081,53901,143496,14602,122468,79800,23680,80722,314750,144759,72240,22,0,0,741.8901897356143,4.347122861586314
1658353095487,40.254,0.60215056,0.6363636,0.45454547,0.6,0.4347826,0.2857143,0.9130435,0.3809524,1.0,63.300003,62.600002,61.9,62.300003,62.300003,62.300003,61.300003,64.600006,62.300003,64.600006,60.300003,59.300003,3649443,-1783753,1075200,1075200,1075200,1075200,1075200,1075200,652800,1401600,542,5,14,948,12,20,647,27,69,750,16,33,53,1,6,430,18,53,622,106,103,3,0,0,233530,4697,16967,411128,16631,21423,232594,36874,138740,429470,33802,92016,18583,894,27973,165655,28474,175684,370323,112605,127570,77,0,0,750.3287433070866,4.080277165354331
1658353096514,40.31,0.8366337,0.88461536,0.76,0.75,0.92,0.76,0.96153843,0.625,1.0,63.300003,62.600002,61.9,62.600002,62.600002,62.600002,61.9,64.600006,62.9,64.9,60.300003,59.300003,3651390,-1861268,1075200,1075200,1075200,1075200,1075200,1075200,652800,1401600,703,8,15,1051,14,29,419,17,45,783,31,37,324,17,46,487,24,42,573,97,109,10,0,0,283083,6172,14181,461283,14857,30056,168329,18533,94643,432481,57796,75222,134097,20059,187620,171193,34058,112885,330375,101018,130928,1476,0,0,754.1356391912908,4.18901399688958
1658353097588,40.386,0.45177665,0.36,0.29166666,0.33333334,0.39130434,0.88,0.09090909,0.2,1.0,63.600002,63.600002,62.600002,63.300003,63.600002,63.300003,62.300003,65.3,63.300003,65.600006,60.600002,59.9,3665209,-1820680,1075200,1075200,1075200,1075200,1075200,1075200,652800,1401600,745,3,4,942,4,7,435,11,26,780,17,21,341,4,5,319,9,22,440,109,69,1,0,0,264132,4459,8266,356320,3458,7946,170340,7156,65974,330924,34194,32343,119120,8605,4023,119875,13917,60869,263769,125504,98267,24,0,0,89.60329950900164,0.6400654664484452
1658353098612,40.439003,0.5898876,0.31578946,0.4347826,0.6666667,0.6666667,1.0,0.45454547,0.09090909,1.0,60.300003,60.300003,59.600002,60.600002,60.9,60.600002,60.300003,62.9,60.9,63.300003,57.9,57.600002,3754158,-707397,1075200,1075200,1075200,1075200,1075200,1075200,652800,1401600,709,15,29,632,7,20,324,47,93,612,59,54,204,20,27,286,30,70,173,34,96,0,0,0,620649,21276,78311,550604,6827,53587,258543,87753,342262,419365,106536,166432,139864,42613,73382,228153,48100,422953,121626,76393,497684,0,0,0,-1.0,-1.0
1658353099609,40.480003,0.65174127,0.61538464,0.53846157,0.5555556,0.47826087,0.64,0.9230769,0.4,1.0,59.300003,58.600002,57.9,58.600002,58.600002,58.9,58.300003,61.600002,58.9,61.600002,55.9,55.600002,3775568,-405884,1075200,1075200,1075200,1075200,1075200,1075200,652800,1401600,538,30,64,318,10,49,181,24,66,314,76,101,67,1,4,226,37,80,92,39,98,0,0,0,410294,57411,344673,342971,20691,407947,201276,55631,482598,266490,166090,271419,51911,849,10813,183500,80578,466116,145378,94901,697384,0,0,0,-1.0,-1.0
1658353100625,40.510002,0.5929648,0.34615386,0.34615386,0.45833334,0.84,0.53846157,1.0,0.20833333,1.0,58.9,58.9,58.300003,58.9,59.9,60.300003,59.300003,61.600002,60.300003,61.600002,56.300003,55.9,3740728,-973206,1075200,1075200,1075200,1075200,1075200,1075200,652800,1401600,1293,33,71,1363,0,0,655,0,0,581,40,69,185,2,0,231,25,54,693,28,87,5,0,0,465706,54757,149123,716634,0,0,699414,0,0,374287,77329,255460,123587,3667,0,158436,66183,338293,330161,79822,399718,138,0,0,-1.0,-1.0
1658353101681,40.518,0.46305418,0.4074074,0.29166666,0.29166666,0.8076923,0.4,0.26923078,0.20833333,1.0,58.600002,58.300003,57.600002,57.9,58.600002,58.600002,58.300003,60.600002,58.600002,61.300003,55.600002,55.300003,3766809,-565491,1075200,1075200,1075200,1075200,1075200,1075200,652800,1401600,679,0,0,862,0,0,627,0,0,277,14,25,267,16,28,180,10,7,612,102,41,4,0,0,353449,0,0,452893,0,0,486065,0,0,207112,15779,100937,250744,22965,85320,147555,17177,16322,482743,207993,81444,193,0,0,-1.0,-1.0
