1658345225558,33.174,0.48850575,0.52380955,0.3181818,0.2857143,0.61904764,0.3043478,0.5714286,0.27272728,1.0,41.9,42.300003,41.9,42.600002,43.300003,43.300003,42.600002,42.9,43.600002,44.300003,38.9,38.9,3973125,-854187,1075200,1075200,1075200,1075200,1075200,1075200,652800,1401600,5776252,121774,473127,6219613,110145,473558,3122781,184880,538421,3018619,189362,555418,2331072,153104,523195,2156585,143070,510576,2061823,278220,575199,1252471,101840,369840,3384641715,267390161,5942002162,3578510043,253391591,5945541013,2058939860,388692942,7286259186,2003529639,399050635,7300025623,1609681238,320279961,7318359200,1527001146,307346992,7237747414,1562501466,543236894,8326372600,797524382,294651303,7314403339,-1.0,-1.0
1658345226617,33.184002,0.74222225,1.0,0.9259259,0.8214286,0.5,0.71428573,0.86206895,0.03846154,1.0,41.300003,41.600002,41.300003,41.9,42.300003,42.600002,42.300003,43.300003,42.9,43.600002,39.600002,39.300003,4006797,-726929,1075200,1075200,1075200,1075200,1075200,1075200,652800,1401600,785,0,0,709,0,1,558,3,10,433,5,17,422,11,18,351,0,6,436,18,36,81,0,0,443908,0,0,327983,0,323,396056,3427,46406,242517,12168,51484,388412,28678,31820,295237,0,21383,497824,43057,113636,23612,0,0,-1.0,-1.0
1658345227786,33.184002,0.58715594,0.8214286,0.5862069,0.6296296,0.4642857,0.5714286,0.53571427,0.14814815,0.9655172,42.600002,42.600002,42.300003,43.300003,42.9,43.300003,42.600002,43.9,43.300003,44.300003,39.300003,39.300003,4012831,-614929,1075200,1075200,1075200,1075200,1075200,1075200,652800,1401600,249,0,0,200,0,0,113,7,10,140,18,23,287,7,9,305,6,10,793,108,54,4,0,0,83200,0,0,88168,0,0,64280,16061,49216,101314,26247,56462,99169,16746,27612,97535,21597,19021,538144,204397,115629,23,0,0,-1.0,-1.0
1658345229047,33.203003,0.6893204,0.72,0.5769231,0.75,0.6296296,0.84615386,0.68,0.33333334,0.96428573,42.300003,42.300003,41.300003,42.300003,42.600002,42.300003,41.9,43.9,42.600002,43.9,39.600002,39.300003,4027623,-451965,1075200,1075200,1075200,1075200,1075200,1075200,652800,1401600,591,0,0,825,0,0,384,19,51,505,27,50,433,19,50,155,20,22,620,146,125,35,1,1,460075,0,0,527442,0,0,243595,29927,172502,254244,56594,161442,203217,35954,199451,96899,41486,48661,394105,276307,259570,7463,570,2519,-1.0,-1.0
1658345230170,33.209003,0.5215311,0.89285713,0.2,0.32,0.42307693,0.76,0.46153846,0.07692308,1.0,42.600002,42.600002,41.9,42.9,43.300003,43.300003,42.9,44.300003,43.300003,44.300003,39.600002,39.600002,4010884,-605774,1075200,1075200,1075200,1075200,1075200,1075200,652800,1401600,647,0,0,584,0,0,631,36,33,634,33,56,369,29,44,489,23,21,660,46,88,35,0,1,381679,0,0,367903,0,0,324870,69897,85979,269215,67696,161502,186938,46644,135684,232845,35048,63280,369298,104935,349837,3085,0,5339,-1.0,-1.0
1658345231276,33.219,0.75141245,0.875,0.72727275,0.8181818,0.77272725,0.77272725,0.77272725,0.3181818,1.0,41.9,42.600002,41.600002,41.9,42.600002,42.9,42.300003,43.600002,42.9,44.300003,39.600002,39.600002,4021395,-485535,1075200,1075200,1075200,1075200,1075200,1075200,652800,1401600,469,0,0,901,0,0,642,36,55,670,38,51,201,12,29,378,28,44,750,79,95,23,0,2,243890,0,0,535839,0,0,340094,58598,140707,369895,67194,134814,105273,27272,145100,250381,45092,161233,371040,142601,340359,3441,0,615,-1.0,-1.0
1658345232369,33.238003,0.4,0.074074075,0.3846154,0.5,0.04,0.115384616,1.0,0.035714287,1.0,41.600002,41.9,41.600002,41.9,42.300003,42.300003,42.9,43.600002,43.300003,44.300003,39.600002,39.300003,4029180,-420227,1075200,1075200,1075200,1075200,1075200,1075200,652800,1401600,401,13,23,856,17,23,218,16,43,272,21,22,288,18,44,349,35,54,417,36,70,3,1,2,342919,34461,189596,568761,62783,90719,130954,22288,391958,163365,32780,74855,163757,43452,339323,247113,84237,330233,209819,78642,606308,59,412,910,-1.0,-1.0
1658345233463,33.247,0.60189575,1.0,0.2413793,1.0,0.28,0.2962963,1.0,0.074074075,1.0,40.300003,40.300003,39.600002,40.600002,40.9,40.9,40.600002,42.9,40.9,42.600002,38.9,38.9,4032294,-362854,1075200,1075200,1075200,1075200,1075200,1075200,652800,1401600,390,22,49,665,24,38,148,21,41,260,43,88,173,32,46,197,29,36,318,28,104,4,0,3,361480,43788,286322,568407,49239,210290,121660,31053,503476,190109,117625,538487,124041,81893,448622,150635,61994,169106,143449,57847,845111,98,0,1738,-1.0,-1.0
1658345234563,33.267002,0.3220339,0.04347826,0.0,1.0,0.13043478,0.14285715,0.09090909,0.04761905,1.0,41.9,41.9,41.600002,41.600002,41.9,41.9,41.600002,43.600002,41.9,43.600002,39.300003,39.600002,4032294,-394592,1075200,1075200,1075200,1075200,1075200,1075200,652800,1401600,207,5,7,892,7,8,353,13,21,531,46,42,490,18,37,111,5,6,299,43,117,52,0,1,150615,12134,35902,564479,16078,9049,203190,36969,108967,411749,91557,109254,345706,24112,184440,64274,11121,14759,234831,119316,514722,18339,0,745,-1.0,-1.0
1658345235612,33.282,0.3443396,0.074074075,0.04,0.14814815,0.04,0.33333334,1.0,0.07692308,1.0,40.300003,40.300003,40.300003,40.600002,40.600002,40.600002,40.300003,42.9,40.600002,42.600002,38.9,38.600002,4036966,-315857,1075200,1075200,1075200,1075200,1075200,1075200,652800,1401600,304,19,39,503,24,69,28,11,6,134,37,49,128,22,60,357,100,109,37,1,37,0,0,1,434433,44118,320939,495821,47712,350424,16977,15409,18439,119487,99057,616357,140632,52542,591446,337708,203779,289202,15438,5965,947267,0,0,789,-1.0,-1.0
1658345236746,33.298,0.2920792,0.34615386,0.12,0.07692308,0.0,0.68,0.12,0.0,1.0,39.9,39.9,39.300003,40.300003,40.300003,40.300003,40.300003,42.300003,40.600002,42.300003,38.300003,38.300003,4034241,-317077,1075200,1075200,1075200,1075200,1075200,1075200,652800,1401600,437,22,44,655,50,63,341,89,100,301,41,84,118,20,51,40,10,11,85,35,87,34,6,9,528751,51988,414557,549453,124426,267828,277869,213054,452168,266491,72296,663853,103656,51282,544463,34142,10514,28196,53695,75518,906994,10775,6380,16639,-1.0,-1.0
1658345237872,33.33,0.56565654,0.29166666,0.30769232,0.96,0.34615386,0.84615386,0.7307692,0.083333336,1.0,40.9,40.600002,39.9,40.9,41.600002,41.300003,41.300003,41.600002,41.9,42.9,38.600002,38.9,4024898,-508423,1075200,1075200,1075200,1075200,1075200,1075200,652800,1401600,155,0,12,613,60,60,255,44,64,233,34,90,69,21,35,123,34,50,162,87,71,11,2,0,172977,0,163780,569778,140075,129932,181828,90287,521218,178966,52744,657923,63942,64859,392386,99061,84653,481121,111320,189823,630392,3699,1267,0,-1.0,-1.0
1658345238953,33.352,0.53588516,0.3043478,0.37037036,0.53846157,0.44444445,0.8518519,0.64,0.14285715,1.0,40.9,40.600002,40.600002,41.300003,41.600002,41.600002,40.600002,41.9,41.300003,42.9,38.9,38.9,4020032,-618286,1075200,1075200,1075200,1075200,1075200,1075200,652800,1401600,377,33,42,360,25,27,117,28,66,229,31,73,102,11,47,94,15,43,286,28,109,5,0,0,380914,58515,368925,234307,46003,92053,103487,65483,429223,152492,97326,540916,45499,30295,427428,63392,30393,573809,145920,76966,754618,5,0,0,6.017443234836703,0.1507185069984448
1658345240095,33.378002,0.6086956,0.47619048,0.52380955,0.4090909,0.75,1.0,0.5,0.17391305,1.0,41.300003,41.300003,40.9,41.300003,41.300003,41.600002,40.600002,43.600002,41.300003,43.300003,39.600002,39.9,4024898,-429992,1075200,1075200,1075200,1075200,1075200,1075200,652800,1401600,629,19,14,754,26,34,472,33,30,442,42,77,113,19,18,431,23,61,292,47,125,2,0,1,489449,37321,47763,508435,50968,92644,257347,48146,76852,245724,79774,269162,75961,38969,65953,246010,39993,179570,161165,89067,663016,1452,0,509,0.24834782608695652,0.008347826086956523
1658345241157,33.384003,0.6780488,0.5925926,0.75,0.8333333,0.60714287,0.5416667,0.68,0.46153846,1.0,42.300003,41.9,41.600002,42.300003,42.600002,42.300003,41.600002,43.600002,41.9,43.9,40.600002,40.300003,3962614,-1223450,1075200,1075200,1075200,1075200,1075200,1075200,652800,1401600,586,33,60,940,50,42,419,33,89,227,6,14,168,20,57,338,29,80,318,40,119,0,0,0,422489,62382,216545,490347,94330,108710,247719,53642,444975,109310,6213,30456,116787,36568,397762,161251,51221,494146,228885,87624,642425,0,0,0,161.37442038216562,1.0215541401273884
1658345242241,33.429,0.5603865,0.36,0.44,0.46153846,0.42307693,0.32,1.0,0.46153846,1.0,43.600002,43.600002,43.300003,43.300003,42.9,43.300003,42.9,44.9,43.600002,44.9,42.300003,41.300003,3946070,-1420899,1075200,1075200,1075200,1075200,1075200,1075200,652800,1401600,807,11,23,1016,6,22,211,11,20,663,13,38,526,27,59,337,11,45,562,74,106,0,0,0,354388,18123,32705,375939,6645,20989,85959,12419,19988,284167,20640,78581,237290,31363,131410,147363,12519,186886,365293,87068,130882,0,0,0,122.81682051282051,0.7831282051282051
1658345243333,33.473003,0.6165803,0.68,0.45833334,0.6666667,0.39130434,0.45454547,0.7826087,0.3809524,1.0,44.300003,43.9,43.600002,44.300003,44.300003,44.600002,44.300003,45.9,44.600002,46.300003,42.600002,42.300003,3951325,-1347046,1075200,1075200,1075200,1075200,1075200,1075200,652800,1401600,1377,21,24,1352,17,47,710,53,75,654,32,77,313,25,66,74,7,24,903,58,83,0,0,0,620077,25707,31360,602831,21982,68556,379747,85258,165396,334130,57923,330483,174810,49714,389485,53101,6262,101720,508213,80418,123578,0,0,0,102.1194,0.6963
1658345244412,33.543003,0.49489796,0.7083333,0.5416667,0.48,0.26086956,0.41666666,0.1923077,0.36,1.0,44.600002,44.600002,44.300003,44.600002,43.9,43.9,43.600002,45.9,44.600002,46.300003,42.9,42.600002,3950547,-1242066,1075200,1075200,1075200,1075200,1075200,1075200,652800,1401600,844,17,31,1504,13,19,851,34,62,635,39,76,370,36,65,114,2,10,804,54,77,0,0,0,476569,18758,103979,618604,16629,28492,384473,37704,128426,348668,52983,306960,219049,46706,232483,52036,433,28128,442605,108183,183942,0,0,0,101.73009345794392,0.6664672897196262
1658345245495,33.613003,0.44252872,0.45454547,0.3809524,0.45,0.625,0.13636364,0.13636364,0.36363637,1.0,45.300003,44.9,44.300003,44.9,44.600002,44.9,44.300003,46.600002,44.9,46.600002,42.9,42.300003,3964950,-1068116,1075200,1075200,1075200,1075200,1075200,1075200,652800,1401600,705,10,22,1351,16,22,709,54,89,734,45,87,265,28,46,490,24,71,958,49,35,0,0,0,433899,14012,58059,606165,24036,38188,350100,70978,257022,368008,62024,267855,140985,41451,142138,227784,36491,248761,561452,83127,52299,0,0,0,101.57317573872473,0.7212192846034214
1658345246533,33.702003,0.5,0.45454547,0.45454547,0.45454547,0.25,0.3043478,0.9166667,0.17391305,1.0,45.300003,44.600002,44.300003,44.300003,44.9,44.300003,44.600002,46.9,44.9,46.9,42.9,42.600002,3958138,-1078186,1075200,1075200,1075200,1075200,1075200,1075200,652800,1401600,750,15,31,1521,9,33,430,40,95,360,21,47,486,48,91,277,26,73,976,53,18,0,0,0,461660,23336,131382,624993,7241,44209,274304,40025,345609,199536,34893,154856,267788,79363,283278,164685,38368,560905,541444,83915,24006,0,0,0,102.69046540880503,0.7152704402515723
1658345247568,33.775,0.5240642,0.8,0.45833334,0.36363637,0.48,0.2173913,0.39130434,0.5217391,1.0,45.300003,44.9,44.9,45.300003,44.9,45.300003,44.9,46.9,44.9,47.300003,43.300003,42.9,3963393,-1084290,1075200,1075200,1075200,1075200,1075200,1075200,652800,1401600,969,16,18,1302,15,24,789,58,103,565,38,83,218,19,33,260,17,61,762,38,63,0,0,0,548575,23728,63926,633535,13138,44422,409488,71957,225151,341609,57681,331202,117146,27850,133360,138002,25574,267174,508525,62132,169404,0,0,0,101.45943925233644,0.7305669781931464
1658345248650,33.861,0.52,0.36842105,0.4,0.72727275,0.33333334,0.27272728,0.5416667,0.45454547,1.0,45.9,45.9,45.300003,45.9,45.600002,46.300003,45.600002,47.600002,46.300003,47.600002,44.300003,43.600002,3947627,-1186524,1075200,1075200,1075200,1075200,1075200,1075200,652800,1401600,773,22,35,1325,10,47,963,65,76,585,45,90,209,14,47,273,25,43,1160,35,56,0,0,0,409710,33525,52654,629246,13080,76884,470955,92949,121948,374384,84620,361118,142943,22183,243199,157634,41479,111613,604663,38735,75234,0,0,0,105.47819195046439,0.740359133126935
1658345249740,33.953003,0.45405406,0.3043478,0.39130434,0.44444445,0.27272728,0.73913044,0.2,0.29166666,1.0,45.600002,45.600002,44.9,45.300003,45.600002,45.9,45.600002,47.9,46.300003,47.9,43.9,43.300003,3963393,-1045227,1075200,1075200,1075200,1075200,1075200,1075200,652800,1401600,923,41,54,1145,24,49,494,43,78,325,23,49,685,66,88,345,19,44,833,57,69,0,0,1,507523,54787,160915,568212,26913,66515,258175,62068,320056,186878,25635,213749,394096,94650,185091,204131,24811,159142,522268,92247,108196,0,0,514,102.52925588697018,0.6683830455259027
1658345250791,34.046,0.51707315,0.34615386,0.4,0.28,0.48,1.0,0.33333334,0.26923078,1.0,45.9,45.9,45.300003,45.600002,45.9,45.9,45.600002,47.9,45.9,47.9,43.9,43.600002,3970010,-1043701,1075200,1075200,1075200,1075200,1075200,1075200,652800,1401600,827,24,21,1187,17,39,788,59,112,671,40,77,218,10,41,398,42,82,945,52,71,0,0,0,472777,38383,56602,585310,23433,55139,430419,76240,198481,361449,61151,209279,105200,18773,248451,233147,79809,421873,539860,80610,120239,0,0,0,101.25693023255813,0.6775565891472869
1658345251856,34.135002,0.52020204,0.5,0.3181818,0.29166666,0.5,0.7916667,0.28,0.37037036,1.0,46.300003,46.300003,45.9,45.9,46.600002,46.300003,45.600002,48.300003,46.300003,47.9,44.300003,43.9,3949379,-1179505,1075200,1075200,1075200,1075200,1075200,1075200,652800,1401600,685,16,26,1146,21,35,708,49,84,849,48,94,113,20,38,522,38,70,925,56,98,0,0,0,386280,24802,62306,532004,24693,48753,351225,71656,181168,447760,62623,175438,66463,27980,328508,259123,64354,369072,579460,75368,161427,0,0,0,101.25822015503876,0.7478077519379845
1658345252905,34.224003,0.42131978,0.2,0.4814815,0.20833333,0.17391305,0.12,1.0,0.20833333,1.0,46.600002,45.9,45.600002,45.9,46.300003,46.300003,45.600002,48.600002,46.9,48.600002,44.600002,44.300003,3962420,-1090699,1075200,1075200,1075200,1075200,1075200,1075200,652800,1401600,737,21,36,1384,19,30,585,52,90,763,52,88,200,14,18,437,39,86,736,52,87,0,0,0,481537,32018,142598,650628,23635,44371,357775,74532,216729,404157,82889,231275,96134,21442,80321,257560,55535,418381,489140,87174,136383,0,0,0,101.43254658385094,0.6958509316770186
1658345253961,34.316,0.43523315,0.4,0.3478261,0.16666667,0.2173913,0.16,1.0,0.16666667,1.0,46.9,46.600002,45.9,46.300003,46.600002,46.600002,46.300003,48.600002,46.600002,48.600002,44.9,44.300003,3941593,-1308594,1075200,1075200,1075200,1075200,1075200,1075200,652800,1401600,816,38,59,1309,16,35,594,46,83,822,47,75,442,40,74,68,3,22,898,51,78,0,0,0,483487,47882,172058,586136,13799,42202,325014,73431,160625,425860,82508,245814,255671,51824,359054,32010,2058,214036,561480,88005,121656,0,0,0,101.54152076677316,0.696332268370607
1658345255012,34.396,0.42,0.32,0.32,0.24,0.16,0.9259259,0.041666668,0.17391305,1.0,46.9,46.600002,45.9,46.600002,46.9,46.9,46.300003,48.9,46.9,48.9,44.600002,44.600002,3956775,-1128846,1075200,1075200,1075200,1075200,1075200,1075200,652800,1401600,808,20,43,1338,21,42,576,54,118,667,27,76,311,29,77,115,10,26,580,84,83,0,0,0,453126,25584,122358,603945,24668,70639,345569,68301,311827,345191,50836,382021,199353,45359,454687,60504,10103,105354,392505,165552,179790,0,0,0,103.91123219814241,0.7955913312693498
1658345256090,34.488003,0.45945945,0.26086956,0.4090909,0.3478261,0.9166667,0.17391305,0.3043478,0.2173913,1.0,46.9,46.9,46.300003,46.600002,46.9,47.300003,46.600002,49.300003,47.600002,49.300003,45.300003,44.600002,3946459,-1202698,1075200,1075200,1075200,1075200,1075200,1075200,652800,1401600,808,12,30,1161,17,43,785,61,98,692,33,65,329,18,56,217,18,47,794,52,53,0,0,0,467916,13018,178363,580477,14952,71431,415471,90492,202159,371638,63924,344114,161818,22635,351418,132188,18535,228848,503034,89751,88470,0,0,0,101.416099378882,0.7224347826086956
1658345257129,34.570004,0.48514852,0.5833333,0.375,0.5833333,0.52,0.32,0.20833333,0.22222222,1.0,47.300003,47.300003,46.600002,46.9,47.300003,47.9,47.300003,49.300003,47.9,49.300003,45.9,45.300003,3941009,-1278077,1075200,1075200,1075200,1075200,1075200,1075200,652800,1401600,1101,24,48,1130,21,50,715,62,84,526,28,68,319,29,65,283,30,59,917,53,69,0,0,0,562687,36727,155291,556666,19541,66384,399897,75281,163478,275961,36679,278851,188083,39737,370680,159410,63270,135210,532567,85342,112790,0,0,0,100.96158268933539,0.7197774343122102
1658345258203,34.656002,0.51741296,0.56,0.4347826,0.45833334,0.26923078,0.4,0.65384614,0.32,1.0,47.300003,47.300003,46.9,47.600002,47.300003,47.600002,47.300003,49.600002,47.9,49.600002,45.9,45.300003,3942177,-1361084,1075200,1075200,1075200,1075200,1075200,1075200,652800,1401600,1062,17,27,1268,12,40,882,51,75,668,40,65,443,34,80,273,22,36,317,58,123,0,0,0,498127,24516,56762,565319,9694,62271,432732,57558,130762,332719,57385,215790,242733,44561,416068,155017,25067,67882,234936,135581,533536,0,0,0,101.41480745341616,0.7103105590062111
1658345259292,34.736,0.36734694,0.125,0.16,0.125,0.2173913,0.16,1.0,0.125,1.0,47.9,47.9,46.9,47.300003,47.600002,47.600002,46.9,49.600002,47.300003,49.9,45.600002,45.300003,3950157,-1205750,1075200,1075200,1075200,1075200,1075200,1075200,652800,1401600,825,27,49,1255,27,42,800,46,78,661,51,71,272,17,34,277,21,39,828,64,99,0,0,0,437779,44124,140738,537033,39733,52314,395413,55345,152241,381795,91408,226155,171845,31398,202767,162916,33716,131841,532423,111189,199025,0,0,0,35.13547096774194,0.29686451612903225
1658345260333,34.815002,0.3263158,0.29166666,0.083333336,0.45833334,0.041666668,0.6086956,0.12,0.041666668,1.0,46.9,46.600002,45.9,46.600002,46.9,46.9,46.9,49.300003,47.600002,49.300003,45.300003,44.600002,4019837,-352478,1075200,1075200,1075200,1075200,1075200,1075200,652800,1401600,973,8,16,1039,11,17,555,61,92,443,53,71,295,41,89,0,0,0,256,51,125,0,0,0,778663,10769,65434,741017,21734,57800,329343,128446,340021,326191,115080,359928,212668,100753,407527,0,0,0,187440,139954,406921,0,0,0,-1.0,-1.0
1658345261381,34.898003,0.37980768,0.88,0.21428572,0.16,0.2962963,0.083333336,0.28,0.041666668,0.962963,45.600002,45.600002,44.600002,45.600002,45.9,45.9,45.300003,48.300003,45.9,48.300003,43.9,43.600002,4021005,-307007,1075200,1075200,1075200,1075200,1075200,1075200,652800,1401600,394,22,49,526,52,73,240,47,87,115,24,79,148,21,65,88,13,32,36,43,113,0,0,0,486142,39446,342463,537312,107237,292580,206112,92709,420506,136327,53486,697948,119580,45402,464046,74146,33661,264762,22286,149127,824571,0,0,0,-1.0,-1.0
1658345262469,34.952003,0.7522124,0.79310346,0.61538464,0.75,0.7692308,0.6785714,0.96666664,0.44827586,1.0,45.9,45.300003,44.600002,45.600002,45.300003,45.300003,44.9,47.600002,45.600002,47.9,43.600002,43.300003,4025677,-285644,1075200,1075200,1075200,1075200,1075200,1075200,652800,1401600,360,15,34,474,44,69,216,32,82,105,14,23,164,17,57,181,19,61,154,49,108,52,0,5,237747,35330,261396,390779,91888,287247,170069,70108,556947,62348,32631,208519,118785,38821,541822,131938,37593,558375,87368,118233,665487,15797,0,10469,0.0026956521739130435,0.005925465838509316
1658345263561,34.997,0.51707315,0.33333334,0.41666666,0.32,0.56,0.20833333,0.7407407,0.4,1.0,46.600002,46.600002,46.300003,46.600002,47.300003,46.9,46.300003,48.300003,46.9,48.600002,44.600002,44.300003,3945097,-1340332,1075200,1075200,1075200,1075200,1075200,1075200,652800,1401600,338,1,6,741,27,41,392,22,63,246,14,60,221,26,38,74,24,34,413,43,74,1,0,0,126328,447,10303,350596,73962,142627,183173,46656,407938,118718,19059,523863,95329,66857,438821,51856,64616,389008,221507,68098,538314,28,0,0,232.06047204968945,1.8083975155279504
1658345264608,35.04,0.5555556,0.47619048,0.45,0.45454547,0.4090909,0.2857143,0.95,0.47826087,1.0,47.600002,47.300003,46.9,46.9,47.9,47.600002,47.300003,49.600002,48.300003,49.300003,45.300003,44.9,3947822,-1251526,1075200,1075200,1075200,1075200,1075200,1075200,652800,1401600,1162,14,33,1632,8,26,1052,43,62,617,29,64,472,36,84,200,14,22,516,137,78,1,0,1,504784,16399,59620,604137,6303,33314,557648,68011,102402,281548,37074,212226,229621,50482,367945,95055,16389,56751,313638,166404,117277,26,0,458,206.9068403100775,1.0858666666666668
1658345265640,35.088,0.505,0.41666666,0.375,0.34615386,0.20833333,0.48,0.8148148,0.3043478,1.0,48.600002,48.300003,47.600002,48.300003,47.600002,47.9,47.300003,49.9,47.9,49.9,46.300003,45.600002,3926412,-1304932,1075200,1075200,1075200,1075200,1075200,1075200,652800,1401600,876,18,42,1428,19,51,1240,26,51,621,47,82,316,19,40,238,22,67,501,134,73,0,0,1,389797,22868,95348,576496,15347,67692,560743,39361,74861,334806,58007,188335,168152,27893,106161,143484,26044,364216,327999,180290,109962,0,0,513,203.42454828660433,1.1612710280373832
1658345266688,35.152,0.5445545,0.4814815,0.53846157,0.51724136,0.34615386,0.29166666,0.84,0.375,1.0,48.600002,48.9,47.9,48.600002,48.600002,48.600002,47.9,50.600002,48.300003,50.300003,46.600002,45.9,3926606,-1336060,1075200,1075200,1075200,1075200,1075200,1075200,652800,1401600,1127,20,33,1424,12,37,707,42,58,810,47,92,577,35,69,111,4,27,446,160,84,0,0,0,534211,28604,65571,590862,14000,39307,456330,53723,203181,373948,66475,189061,267206,43052,281110,64002,3110,112459,364163,207899,109254,0,0,0,211.2143602484472,1.1660124223602484
1658345267733,35.219,0.48969072,0.45833334,0.375,0.36,0.7916667,0.44,0.2,0.33333334,1.0,49.300003,49.300003,48.300003,48.600002,48.9,49.300003,48.600002,50.9,49.300003,50.9,46.9,46.300003,3937701,-1271668,1075200,1075200,1075200,1075200,1075200,1075200,652800,1401600,1291,11,34,1323,10,27,899,30,49,650,56,87,542,43,94,61,1,11,475,146,93,1,0,0,533423,12773,59577,554820,10789,34930,494062,46393,161538,333849,72414,244208,271125,56632,321302,36717,409,53964,316604,198743,145801,978,0,722,203.5897235772358,0.9666081300813009
1658345268743,35.287003,0.5183246,0.4347826,0.48,0.39130434,0.20833333,1.0,0.29166666,0.33333334,1.0,49.300003,49.600002,49.300003,49.600002,48.9,48.9,48.600002,50.9,49.300003,51.300003,47.600002,46.600002,3936922,-1268921,1075200,1075200,1075200,1075200,1075200,1075200,652800,1401600,1218,26,38,1450,6,28,995,32,72,112,9,34,286,14,37,304,20,65,421,156,64,2,0,1,527076,27969,79582,559823,6640,35990,465373,41081,148696,51153,18199,228531,149258,13708,171604,156133,25273,314892,324352,203687,95911,0,0,0,205.8615263157895,1.1553684210526316
1658345269753,35.361,0.5095238,0.36,0.45833334,0.44,0.24,0.25,1.0,0.3448276,1.0,49.600002,49.300003,48.600002,48.9,49.600002,49.300003,48.300003,51.300003,49.300003,51.300003,47.300003,46.9,3946265,-1181946,1075200,1075200,1075200,1075200,1075200,1075200,652800,1401600,1109,25,40,1233,13,30,1141,32,58,587,28,55,224,13,37,425,34,64,484,145,98,0,0,0,490443,22803,59016,514270,14247,40544,513903,43342,125698,260093,37984,161158,117842,9924,146500,208783,50920,375509,374643,171651,146927,0,0,0,211.76558255451712,1.0360623052959501
1658345270800,35.446003,0.49444443,0.33333334,0.47619048,0.3478261,0.20833333,0.22727273,1.0,0.3181818,1.0,49.600002,49.600002,48.600002,49.600002,49.600002,49.9,48.9,51.600002,49.9,51.600002,47.600002,47.300003,3934197,-1294251,1075200,1075200,1075200,1075200,1075200,1075200,652800,1401600,1216,23,49,1489,15,46,701,40,50,907,55,92,565,30,84,71,7,12,389,170,82,2,1,1,510008,26727,62719,589738,11181,48977,465005,58603,126520,428740,78004,156516,258606,44186,339730,29516,10940,54182,311050,267858,146447,51,335,466,208.71058970358814,1.0714258970358814
1658345271830,35.527,0.48258707,0.33333334,0.41666666,0.4,0.34615386,0.84615386,0.1923077,0.28,1.0,50.300003,49.9,49.300003,49.300003,49.600002,49.300003,49.300003,51.9,50.300003,52.300003,47.600002,46.9,3935560,-1342164,1075200,1075200,1075200,1075200,1075200,1075200,652800,1401600,1469,20,41,1137,10,26,572,46,71,775,37,103,433,29,65,88,5,10,527,133,81,0,0,1,607678,17959,46611,504958,13705,28939,393145,76524,208050,353082,54728,325567,200997,43657,377803,39138,9235,33674,348397,174233,116207,0,0,401,203.8456286644951,1.1788403908794787
1658345272877,35.598003,0.5369458,0.45833334,0.52,0.48,0.6,0.3846154,0.52,0.33333334,1.0,50.300003,49.9,49.300003,49.600002,49.9,49.9,49.300003,51.9,50.300003,52.300003,48.300003,47.600002,3943345,-1158142,1075200,1075200,1075200,1075200,1075200,1075200,652800,1401600,1271,23,44,1210,7,34,698,46,62,787,59,81,190,9,42,295,24,56,385,162,95,1,0,1,543350,25879,74080,506771,6512,32625,436994,79578,154616,363025,77750,226295,98374,10369,310401,159002,33972,221584,282197,240489,133372,23,0,432,206.63321518987343,1.3454683544303798
1658345273926,35.693,0.54679805,0.44,0.5,0.5769231,0.33333334,0.34615386,0.92,0.24,1.0,50.600002,50.600002,49.9,50.300003,50.600002,50.9,49.9,52.600002,50.9,52.600002,48.9,48.300003,3918626,-1521912,1075200,1075200,1075200,1075200,1075200,1075200,652800,1401600,1361,19,43,1200,9,28,802,37,58,618,32,83,138,4,20,392,24,69,419,143,79,1,1,0,546237,17688,73135,511071,6804,34350,467054,46453,158610,322411,41277,259937,81564,3295,83882,224008,32149,333337,273213,193878,144615,27,300,0,206.66102060221868,1.2421172741679873
1658345274983,35.753002,0.5314286,0.2631579,0.5714286,0.5,0.3181818,1.0,0.22727273,0.25,1.0,50.9,50.600002,50.300003,50.600002,50.9,51.300003,50.600002,52.600002,51.300003,52.600002,48.600002,48.300003,3928747,-1494141,1075200,1075200,1075200,1075200,1075200,1075200,652800,1401600,1262,11,25,1370,7,30,820,39,57,968,54,95,404,27,82,28,4,9,602,152,115,0,0,2,488988,13873,43060,548330,5702,28528,469863,47592,109603,455244,66223,209198,227963,45751,413831,15758,4258,30885,384711,160214,154696,0,0,957,208.89152411575563,1.4013118971061094
1658345276003,35.824,0.4864865,0.3181818,0.5263158,0.45833334,0.82608694,0.22727273,0.16666667,0.27272728,1.0,50.9,50.9,49.9,50.300003,50.9,50.9,49.9,52.600002,50.600002,52.9,48.9,48.300003,3935365,-1339417,1075200,1075200,1075200,1075200,1075200,1075200,652800,1401600,1535,25,50,909,18,32,724,39,66,759,67,105,2,1,2,477,31,79,435,167,92,2,0,1,577965,29283,87907,458035,13222,34940,392294,63186,249770,397645,88398,207401,0,4160,3077,200545,52081,459183,303423,217478,137454,20,0,411,208.61556549520768,1.3329073482428113
1658345277020,35.909,0.49222797,0.41666666,0.625,0.26086956,0.625,0.24,0.3181818,0.4,1.0,50.9,51.300003,50.600002,51.600002,51.300003,51.300003,50.300003,53.300003,51.300003,53.300003,49.300003,48.300003,3932835,-1332703,1075200,1075200,1075200,1075200,1075200,1075200,652800,1401600,1393,26,34,1137,9,22,591,43,70,583,38,72,183,7,25,472,44,77,462,151,89,0,0,0,580653,20537,51131,501743,6022,26523,384609,59190,220827,256152,50889,198855,76606,8139,125901,241844,79719,418801,311767,202651,113134,0,0,0,208.63320127795527,1.556191693290735
1658345278026,35.99,0.4874372,0.33333334,0.52,0.42307693,0.8,0.4814815,0.16,0.2,1.0,51.9,52.300003,50.9,51.600002,51.600002,51.600002,50.9,53.600002,52.300003,53.300003,49.300003,48.9,3919210,-1493836,1075200,1075200,1075200,1075200,1075200,1075200,652800,1401600,1263,19,16,747,5,22,871,39,73,474,32,52,535,30,89,482,26,78,349,146,78,1,2,0,521257,26604,21925,346448,3376,29978,456256,56280,211105,205707,37203,102355,245148,36001,392973,189506,24301,352951,274043,205762,115791,20,673,0,203.77165678627145,1.438003120124805
1658345279130,36.081,0.59375,0.52,0.45454547,0.45454547,0.5,0.41666666,0.92,0.53846157,1.0,51.9,51.9,51.300003,51.9,52.300003,51.9,51.300003,53.600002,52.300003,53.9,49.300003,48.600002,3926606,-1357422,1075200,1075200,1075200,1075200,1075200,1075200,652800,1401600,1281,19,44,1060,14,33,822,23,71,600,26,68,319,21,57,310,24,59,430,121,140,1,0,1,520546,26039,68498,424347,16058,31596,411824,35636,226001,248450,25502,202037,141790,19850,306939,157017,30072,311444,330668,175654,235555,31,0,449,209.16619474497682,1.4656692426584235
1658345280200,36.152,0.54679805,0.4,0.48,0.64,0.29166666,0.36,0.61538464,0.45833334,1.0,51.9,51.9,51.600002,51.9,51.9,52.300003,51.300003,53.9,52.300003,53.9,49.9,49.300003,3930110,-1329346,1075200,1075200,1075200,1075200,1075200,1075200,652800,1401600,1343,7,25,1292,2,15,838,32,57,501,34,65,468,40,69,414,19,41,468,144,60,0,1,0,574329,5014,37422,562363,792,20842,442377,40304,169720,238591,40656,139433,213105,54343,293307,192098,18161,187002,302764,192978,117232,0,331,0,205.52690968801315,1.3138916256157636
1658345281220,36.223003,0.51,0.36,0.56,0.33333334,0.24,0.26923078,1.0,0.37037036,1.0,51.9,51.9,51.300003,51.9,51.9,51.9,51.600002,53.9,52.300003,53.9,50.300003,49.600002,3920962,-1381531,1075200,1075200,1075200,1075200,1075200,1075200,652800,1401600,1159,15,31,1319,12,29,871,31,54,740,42,95,474,33,80,101,4,16,615,114,77,1,0,0,540421,19347,63656,542723,13246,47315,473042,47470,112911,335357,56865,282224,264515,50164,328438,44675,5322,55129,385842,156796,127453,29,0,0,207.93905732484075,1.1498598726114648
1658345282263,36.297,0.6564103,0.65384614,0.65217394,0.5217391,0.47826087,0.65384614,0.8888889,0.33333334,1.0,51.9,51.9,51.300003,51.9,51.9,51.9,51.600002,53.9,52.600002,54.300003,49.9,49.600002,3914150,-1413575,1075200,1075200,1075200,1075200,1075200,1075200,652800,1401600,1314,25,49,1004,11,37,861,36,74,704,57,92,437,19,68,93,6,15,589,148,99,4,0,0,520258,24939,66500,464671,9472,41426,437323,51359,216882,348048,78288,158035,171608,32910,458596,47987,8781,63210,391045,162984,117208,43,0,0,207.06422857142857,1.242311111111111
1658345283290,36.365,0.38219896,0.17391305,0.13043478,0.16,0.16,0.20833333,1.0,0.2173913,1.0,52.600002,52.9,51.600002,52.300003,51.9,52.300003,52.300003,54.300003,52.300003,54.600002,50.300003,49.300003,3927580,-1297913,1075200,1075200,1075200,1075200,1075200,1075200,652800,1401600,1237,12,39,1041,12,20,733,37,59,685,20,70,250,5,21,418,25,65,834,130,54,2,0,0,515546,10284,58956,407506,8539,26027,421813,60901,198187,276551,26904,292313,92917,4851,75943,192896,41800,315152,427639,139659,60647,41,0,0,16.966195956454122,0.11646656298600311
1658345284339,36.453003,0.42105263,0.23076923,0.16,0.15384616,0.48,0.18518518,1.0,0.14285715,1.0,50.600002,50.600002,49.9,50.600002,50.600002,51.300003,50.9,53.300003,50.9,53.300003,48.600002,47.9,4003877,-533752,1075200,1075200,1075200,1075200,1075200,1075200,652800,1401600,1051,9,14,765,7,13,354,42,85,347,52,93,464,37,86,3,2,2,221,41,94,0,0,0,770003,18569,29926,715745,9026,32424,312416,99300,431255,260269,107997,432696,327765,56321,340541,2223,4906,6975,156093,79500,540731,0,0,0,-1.0,-1.0
1658345285394,36.510002,0.6631016,0.54545456,0.7826087,0.5833333,0.5833333,0.82608694,0.625,0.36363637,0.9583333,49.300003,48.9,48.300003,49.300003,49.600002,49.9,48.9,51.9,49.600002,51.600002,47.300003,47.300003,3994535,-438537,1075200,1075200,1075200,1075200,1075200,1075200,652800,1401600,299,52,65,387,50,103,266,39,100,197,26,100,141,9,67,3,0,1,38,28,103,0,0,0,358336,131771,458692,374862,128487,473500,245897,92844,631297,162906,61726,690118,114726,20884,685851,4046,1529,15196,30692,79597,930698,0,0,0,-1.0,-1.0
1658345286441,36.558002,0.66341466,0.5652174,0.8518519,0.5416667,0.5769231,0.7692308,0.7692308,0.29166666,0.9259259,49.300003,49.300003,48.600002,48.9,48.9,48.9,48.9,51.600002,49.300003,51.600002,46.9,46.9,4007381,-335388,1075200,1075200,1075200,1075200,1075200,1075200,652800,1401600,398,12,44,321,29,52,121,4,18,232,42,73,226,15,75,167,6,49,199,46,109,26,1,1,355300,26896,404117,247121,78970,319132,59598,3958,142587,164466,109174,502093,161496,35263,503242,116325,11483,571641,92848,132999,617322,5645,307,3820,-1.0,-1.0
1658345287490,36.588,0.62566847,0.54545456,0.59090906,0.52380955,0.4347826,1.0,0.5416667,0.36,1.0,49.300003,49.600002,48.600002,49.600002,49.9,50.300003,49.9,50.600002,50.600002,51.9,47.600002,46.9,3944708,-1193848,1075200,1075200,1075200,1075200,1075200,1075200,652800,1401600,540,80,87,255,1,3,351,18,63,451,29,71,138,9,39,150,9,37,196,17,71,14,3,6,390296,173335,179902,109880,1195,3627,150594,42262,633330,202000,63995,534715,67490,33093,588113,59016,17446,613811,122254,31086,743281,4045,1153,13619,334.1783390357698,2.5078942457231728
1658345288525,36.608,0.5523256,0.5217391,0.5217391,0.3809524,0.3181818,0.2857143,1.0,0.36363637,1.0,50.600002,50.9,50.300003,50.600002,50.9,50.600002,50.300003,52.600002,50.600002,52.600002,48.600002,47.9,3908894,-1292115,1075200,1075200,1075200,1075200,1075200,1075200,652800,1401600,1244,10,20,1340,6,21,910,31,59,1001,37,50,205,19,39,287,19,38,705,96,130,1,0,0,493421,9568,25170,507496,6456,21149,518623,42056,112012,377140,45990,106161,95655,27946,150093,125659,17416,146949,376831,102841,146973,25,0,0,312.30688357256776,1.6484848484848484
1658345289533,36.652,0.5464481,0.45833334,0.6666667,0.36363637,0.23809524,0.36,0.95652175,0.3043478,1.0,51.9,51.300003,50.9,51.300003,51.600002,51.600002,51.300003,53.300003,51.9,53.300003,49.300003,48.600002,3913566,-1496583,1075200,1075200,1075200,1075200,1075200,1075200,652800,1401600,1313,18,37,1100,6,23,876,28,41,734,32,60,657,38,82,133,9,21,369,119,117,0,0,0,501448,29261,48301,453797,5641,25711,467221,43446,92936,333089,34094,182784,288678,54524,271901,65324,15502,80180,325806,158604,167986,0,0,0,313.8297948717949,1.3987179487179489
1658345290545,36.686,0.5572139,0.48,0.72,0.41666666,0.26086956,0.75,0.28,0.42307693,1.0,51.9,51.9,50.9,51.300003,51.600002,51.9,51.300003,53.600002,51.9,53.600002,49.600002,48.9,3931862,-1350708,1075200,1075200,1075200,1075200,1075200,1075200,652800,1401600,1305,11,30,1084,17,26,901,28,57,740,39,73,460,35,77,228,8,23,464,121,92,7,0,5,538653,7941,32157,449435,15133,25568,474114,30413,116313,309982,51685,190803,235517,58314,291296,101295,7895,46641,339236,145281,135480,5501,0,3768,312.50877018633537,1.481142857142857
1658345291585,36.743,0.67980295,0.48,0.64285713,0.5416667,0.26086956,0.88461536,1.0,0.56,1.0,52.9,52.600002,51.9,52.300003,52.600002,52.600002,51.9,54.300003,53.300003,54.300003,50.300003,49.9,3919210,-1486207,1075200,1075200,1075200,1075200,1075200,1075200,652800,1401600,1154,13,21,1226,9,30,884,26,45,953,57,80,261,11,61,501,22,32,415,121,133,1,0,1,472105,17098,29281,494104,7401,30782,459101,34863,126858,417115,65365,143179,147480,11024,305685,211920,29150,67258,300826,164452,192010,22,0,893,305.37838139534887,1.4157891472868216
1658345292655,36.794003,0.53960395,0.4074074,0.4,0.56,0.34615386,0.4,0.88461536,0.3846154,1.0,52.9,52.9,52.300003,52.600002,52.600002,53.300003,52.300003,54.9,52.600002,54.600002,50.600002,49.9,3907921,-1466675,1075200,1075200,1075200,1075200,1075200,1075200,652800,1401600,1259,18,43,1201,9,33,838,38,53,1004,43,97,72,3,8,169,12,47,525,141,68,0,0,0,520344,18242,66411,481366,9679,41957,445276,70329,151150,396311,51576,217147,35400,3137,17602,87029,13833,289450,342431,183866,102644,0,0,0,307.93037636080874,1.5779035769828926
1658345293690,36.852,0.57281554,0.46153846,0.6296296,0.5555556,0.72,0.33333334,0.36,0.5,1.0,53.300003,53.600002,52.600002,53.300003,53.300003,52.9,52.300003,54.600002,53.300003,54.9,50.9,50.300003,3904807,-1475220,1075200,1075200,1075200,1075200,1075200,1075200,652800,1401600,1209,18,42,1340,8,37,684,42,54,785,41,72,157,8,29,484,26,57,491,133,87,1,0,0,507000,18954,40128,506617,6739,40667,368967,76072,140170,374836,48261,99095,72874,8721,177487,210293,34663,202985,333410,165074,125692,9,0,0,306.76115692307695,1.4087876923076923
1658345294737,36.926003,0.51666665,0.5,0.45454547,0.3809524,0.45454547,0.27272728,0.6956522,0.2857143,1.0,52.9,52.9,52.300003,52.9,52.9,52.9,52.300003,54.9,52.9,54.9,50.9,50.300003,3922908,-1331177,1075200,1075200,1075200,1075200,1075200,1075200,652800,1401600,1442,12,46,1213,4,23,983,19,54,841,48,82,290,17,33,405,23,64,680,131,71,0,0,1,578591,9338,49587,484442,4071,29034,532399,19524,74910,376922,53412,114490,135569,13584,64558,191099,32462,372017,405736,163104,109612,0,0,361,312.49868322981365,1.58872049689441
1658345295770,36.99,0.54228854,0.45833334,0.5,0.4,0.1923077,0.6666667,0.64,0.5,1.0,53.600002,53.600002,52.600002,53.300003,53.300003,53.300003,52.300003,54.9,53.300003,55.300003,51.300003,50.600002,3920573,-1307984,1075200,1075200,1075200,1075200,1075200,1075200,652800,1401600,1173,11,27,1247,10,27,943,35,55,360,24,49,461,20,52,337,20,49,461,146,82,0,0,0,467621,17516,40684,507195,8167,29701,492860,59044,120551,160671,42053,156511,173648,17453,211540,176453,27916,318703,305972,193184,110496,0,0,0,305.3016645962733,1.4455652173913043
1658345296806,37.044003,0.5369458,0.3478261,0.5555556,0.44444445,0.17391305,0.30769232,0.96153843,0.4074074,1.0,53.600002,53.600002,52.9,53.600002,53.300003,53.300003,52.9,55.600002,53.600002,55.600002,51.600002,50.9,3920767,-1510010,1075200,1075200,1075200,1075200,1075200,1075200,652800,1401600,1075,16,37,1396,4,25,947,32,60,424,36,67,567,31,65,174,9,38,594,122,71,0,0,0,436380,20669,59476,550083,2485,29759,498392,53475,187295,226619,55816,220615,231414,45135,286546,88476,9003,332650,381594,147283,101424,0,0,0,312.48645962732917,1.4021863354037267
1658345297847,37.112003,0.625,0.39130434,0.47826087,0.375,1.0,0.39130434,1.0,0.37037036,1.0,53.9,53.9,52.9,53.300003,53.600002,53.9,53.300003,55.600002,53.9,55.9,51.600002,50.600002,3916096,-1491089,1075200,1075200,1075200,1075200,1075200,1075200,652800,1401600,1577,14,45,1311,11,40,758,30,64,946,46,95,429,18,66,22,3,13,706,125,85,1,0,2,594948,14296,63988,524412,6164,52884,441510,46251,192124,432261,45914,176897,186857,17698,359442,11652,7492,139158,414530,140590,124625,24,0,782,312.4785093167702,1.4630062111801243
1658345298928,37.176003,0.52272725,0.42857143,0.5652174,0.33333334,0.27272728,0.22727273,1.0,0.3478261,1.0,54.600002,54.300003,53.600002,54.300003,54.300003,54.300003,53.300003,56.300003,53.9,55.9,52.300003,51.300003,3915317,-1439515,1075200,1075200,1075200,1075200,1075200,1075200,652800,1401600,1445,10,22,1511,8,23,931,41,49,639,34,62,379,21,56,120,12,13,454,167,71,1,0,0,509479,8524,27417,533658,9340,22207,505114,62275,114266,259291,33127,142633,174236,28897,199617,57401,17246,35561,321821,195578,106327,17,0,0,311.652911627907,1.537091472868217
1658345299938,37.25,0.8210526,0.84,0.84,0.875,0.82608694,0.875,0.95652175,0.375,1.0,54.600002,54.600002,53.600002,53.9,54.300003,53.9,53.600002,55.9,54.300003,56.300003,51.9,51.300003,3913371,-1558533,1075200,1075200,1075200,1075200,1075200,1075200,652800,1401600,1089,15,21,1176,5,11,832,30,63,549,35,70,413,28,77,343,34,55,380,164,84,1,0,0,430125,22455,44751,464183,4009,10142,451339,53799,146193,238224,54993,234560,193109,33446,390655,166348,44820,140852,270206,220384,123579,25,0,0,312.5095652173913,1.4221614906832298
1658345300950,37.308002,0.568306,0.5217391,0.5652174,0.5416667,0.3043478,0.9583333,0.56,0.0952381,1.0,55.300003,55.300003,54.300003,54.9,54.600002,54.300003,53.9,56.600002,54.600002,56.600002,52.600002,51.600002,3897995,-1604615,1075200,1075200,1075200,1075200,1075200,1075200,652800,1401600,1003,12,24,1184,15,27,719,27,50,610,42,76,340,14,22,207,11,39,528,124,70,1,0,2,412861,13649,27781,426444,16361,30400,371152,44307,105230,285265,54146,125920,137438,16406,40370,98403,15237,209234,388762,163646,96059,1474,0,1115,308.1659534883721,1.5839255813953488
1658345301963,37.369003,0.5159575,0.5,0.47826087,0.44,0.29166666,0.8695652,0.17391305,0.3478261,1.0,55.300003,55.300003,53.9,54.600002,54.9,54.600002,53.9,56.9,54.300003,56.600002,52.300003,51.600002,3927385,-1554871,1075200,1075200,1075200,1075200,1075200,1075200,652800,1401600,1205,11,20,1031,2,12,1024,28,54,665,38,90,118,8,22,578,30,79,488,156,61,1,2,0,499447,13828,30905,417791,2964,11177,521637,41307,118348,294866,71352,347385,44423,8982,80255,235663,35621,326978,407310,179352,88375,26,814,0,311.7896918032787,1.5315409836065574
1658345302981,37.426003,0.5177665,0.4,0.59090906,0.41666666,0.4,0.7692308,0.16,0.4074074,1.0,54.9,54.600002,54.300003,54.600002,54.9,54.600002,53.600002,56.9,54.300003,56.600002,52.300003,51.9,3912787,-1409913,1075200,1075200,1075200,1075200,1075200,1075200,652800,1401600,1206,14,33,1410,8,23,876,33,46,804,46,81,284,11,26,225,12,44,391,132,88,2,0,3,499258,14219,41117,522606,7396,22967,469289,60553,106937,318801,53523,260561,129862,15993,50835,102239,21430,400512,318256,177202,122074,37,0,1375,312.732677316294,1.5120255591054312
1658345303993,37.487003,0.53731346,0.46153846,0.53846157,0.46153846,0.3043478,0.4074074,1.0,0.08695652,1.0,55.300003,54.9,53.9,54.300003,54.300003,54.300003,53.9,56.300003,54.600002,56.600002,52.9,51.9,3913566,-1348267,1075200,1075200,1075200,1075200,1075200,1075200,652800,1401600,1378,9,34,986,13,36,857,34,53,559,36,93,72,7,22,738,28,77,435,134,75,2,1,0,507037,7757,41255,410609,15240,43924,511192,53328,121543,265902,53689,352194,36866,9662,88220,273393,39511,436269,305722,159605,114764,37,360,0,308.8497665615142,1.5208075709779179
1658345305036,37.554,0.51,0.4347826,0.7083333,0.39130434,0.20833333,0.8518519,0.24,0.25925925,1.0,55.600002,55.300003,54.600002,54.600002,54.9,55.600002,54.600002,56.9,55.300003,56.9,52.9,52.300003,3917458,-1373902,1075200,1075200,1075200,1075200,1075200,1075200,652800,1401600,1338,8,18,1357,1,14,800,44,39,1015,39,47,123,5,19,343,14,35,467,93,93,1,0,0,483240,11826,15737,541214,1662,13201,463497,69706,110756,416784,49145,78888,88169,6664,117550,176421,19900,113555,412431,129199,139142,24,0,0,312.2570717703349,1.5080829346092504
1658345306055,37.608,0.54497355,0.4,0.45454547,0.39130434,0.7826087,0.45833334,0.5,0.4074074,1.0,55.300003,55.300003,54.600002,55.300003,54.9,54.9,53.9,56.9,54.600002,56.9,52.9,51.9,3914539,-1391602,1075200,1075200,1075200,1075200,1075200,1075200,652800,1401600,1303,17,30,780,6,15,972,35,53,1114,46,55,384,21,64,371,24,61,473,104,164,5,1,1,510757,18567,38665,325036,7244,14226,446368,42112,133407,468768,44634,86896,191266,28325,270206,166684,29814,319267,357237,139254,230286,981,1983,444,310.76377358490566,1.6436729559748426
1658345307061,37.683002,0.40983605,0.13636364,0.13636364,0.2,0.13636364,1.0,0.3478261,0.23809524,1.0,55.600002,55.600002,54.9,55.300003,55.300003,54.9,54.300003,57.300003,54.9,57.600002,52.9,52.300003,3921157,-1396180,1075200,1075200,1075200,1075200,1075200,1075200,652800,1401600,1374,14,32,1132,11,26,685,37,59,674,25,48,595,21,77,111,2,12,411,142,79,0,0,0,495545,11735,44884,466847,9874,36552,414619,50634,163152,254236,30832,168147,265930,19063,264632,58384,3836,114817,278800,198865,126373,0,0,0,215.70938699690402,1.1019195046439627
1658345308080,37.744003,0.31073445,0.125,0.125,0.04761905,0.045454547,1.0,0.13636364,0.08695652,1.0,54.300003,53.9,53.300003,53.600002,54.300003,54.300003,53.600002,56.600002,54.300003,56.9,52.300003,51.600002,3992199,-363159,1075200,1075200,1075200,1075200,1075200,1075200,652800,1401600,1213,9,13,967,4,11,549,50,92,311,44,52,168,5,15,406,33,75,406,111,70,1,0,0,640326,11047,32988,639738,4796,27351,347749,96445,302727,235121,91264,219933,62620,4424,105254,195869,52698,352287,260329,181188,212099,22,0,0,-1.0,-1.0
1658345309110,37.804,0.30555555,0.08695652,0.08695652,0.08695652,0.125,1.0,0.13043478,0.0,1.0,51.9,52.300003,51.300003,51.9,52.600002,52.600002,52.300003,54.9,52.600002,55.300003,50.300003,49.9,4002709,-290222,1075200,1075200,1075200,1075200,1075200,1075200,652800,1401600,530,19,32,433,27,51,176,32,81,248,51,98,54,7,24,93,11,41,81,86,151,0,0,0,541993,43445,352693,534318,86136,313309,188711,72585,408586,260817,111817,543598,60175,10438,95493,94640,20884,570490,94885,229813,543927,0,0,0,-1.0,-1.0
1658345310150,37.838,0.3068182,0.16666667,0.04761905,1.0,0.08695652,0.0,0.0952381,0.08695652,1.0,51.300003,50.9,50.300003,50.9,51.9,51.600002,51.300003,54.300003,51.9,54.300003,49.300003,48.9,3984219,-490112,1075200,1075200,1075200,1075200,1075200,1075200,652800,1401600,417,22,49,513,29,58,324,26,79,197,20,72,0,0,0,360,24,52,48,45,131,0,0,0,350458,47561,340814,442433,73834,326235,300862,66599,482192,187844,48896,514681,0,0,0,227673,67613,435613,45898,151902,694006,0,0,0,-1.0,-1.0
1658345311163,37.872,0.6089109,0.5,0.5833333,0.48,0.53846157,0.56,0.96,0.2173913,1.0,50.9,51.300003,50.300003,50.600002,50.600002,50.9,50.600002,53.600002,51.300003,53.600002,49.300003,48.9,3997260,-419617,1075200,1075200,1075200,1075200,1075200,1075200,652800,1401600,484,42,49,427,28,54,109,14,33,113,19,67,235,15,51,266,19,53,101,21,80,12,0,0,406168,108253,248684,355769,68066,232599,75979,39294,179883,79259,66180,520657,151351,30830,502615,133038,39622,502906,58456,52721,715745,1030,0,0,54.935367441860464,0.8880868217054263
1658345312206,37.879,0.5794872,0.5,0.52,0.375,0.4,0.76,0.7307692,0.2857143,1.0,53.300003,52.9,52.9,52.9,52.9,52.600002,52.600002,54.600002,53.300003,54.9,50.9,50.600002,3911814,-1463013,1075200,1075200,1075200,1075200,1075200,1075200,652800,1401600,1056,22,12,1006,1,10,737,39,75,821,15,54,432,23,51,389,8,26,516,55,131,7,0,2,415981,52592,66848,404922,543,9368,363820,54110,204861,367248,17484,209144,148985,28711,266391,158025,11579,167158,294951,80594,347833,1244,0,908,410.84988819875775,2.917366459627329
1658345313255,37.896,0.61764705,0.47368422,0.54545456,0.54545456,0.5,1.0,0.52380955,0.3,1.0,53.600002,53.9,52.9,53.600002,53.600002,53.9,52.9,55.600002,53.600002,55.600002,51.600002,51.300003,3910062,-1448365,1075200,1075200,1075200,1075200,1075200,1075200,652800,1401600,1138,11,31,1773,6,23,734,28,43,907,33,64,163,9,14,256,26,50,608,122,67,1,0,0,451319,12822,46945,541192,6852,27846,448768,50390,88383,475747,51803,111389,74681,6116,17589,126591,33908,164573,403252,136480,88030,15,0,0,404.99235782747604,2.9326517571884985
1658345314251,37.93,0.5879397,0.44,0.45833334,0.52,0.48,0.64,0.84,0.33333334,1.0,54.600002,54.300003,53.600002,54.300003,54.600002,54.300003,53.600002,56.300003,54.600002,56.600002,52.300003,51.9,3896632,-1530762,1075200,1075200,1075200,1075200,1075200,1075200,652800,1401600,1142,9,25,1444,7,12,946,29,55,934,31,50,146,6,30,320,30,45,537,113,64,0,0,0,481114,7244,28607,516948,4460,22322,457252,46323,91543,474484,45597,108211,70970,2898,76979,156971,41317,117913,339980,125084,78127,0,0,0,412.0308074534161,2.9186583850931673
1658345315303,37.973003,0.59,0.5217391,0.5,0.52,0.44,0.36,1.0,0.27272728,1.0,54.9,54.600002,53.9,54.300003,54.9,55.300003,53.9,56.600002,54.600002,56.9,52.600002,51.600002,3899163,-1458741,1075200,1075200,1075200,1075200,1075200,1075200,652800,1401600,1394,22,32,1392,7,28,655,40,66,757,40,62,235,16,53,109,7,27,545,138,59,1,0,0,536493,22520,38944,528793,5328,36476,358643,73766,182260,459963,56816,157922,129454,17277,171643,58369,1314,124071,356757,165063,88472,23,0,0,416.2478974358974,3.0604102564102567
1658345316319,38.021,0.6699029,0.65384614,0.53846157,0.6,0.5925926,0.8076923,0.7407407,0.4,1.0,55.600002,55.300003,54.300003,54.9,55.300003,55.300003,54.600002,57.300003,54.9,57.300003,52.9,52.300003,3912009,-1431885,1075200,1075200,1075200,1075200,1075200,1075200,652800,1401600,1142,15,32,1342,8,26,790,39,67,831,32,60,559,36,49,140,9,14,487,150,79,0,0,0,501215,14588,36766,500530,10482,33836,429421,53697,167025,473584,50134,134932,264028,43262,99046,55855,7806,40365,340077,190372,102252,0,0,0,429.02330542635656,3.044117829457364
1658345317373,38.068,0.62801933,0.53846157,0.5714286,0.56,0.5769231,0.4814815,1.0,0.34615386,1.0,55.9,56.300003,55.300003,55.600002,55.9,55.9,55.600002,57.600002,56.600002,57.9,53.600002,52.9,3899746,-1694031,1075200,1075200,1075200,1075200,1075200,1075200,652800,1401600,1014,6,21,1275,3,8,925,18,45,1012,18,38,233,16,49,88,6,10,459,119,86,0,0,0,390451,5219,22249,462180,4690,6060,444517,16898,101005,483789,25456,84960,105716,16999,136294,40994,8553,22632,318564,125887,125064,0,0,0,434.9288947368421,2.9372105263157895
1658345318378,38.125,0.5978836,0.4090909,0.42857143,0.5,0.45833334,0.4347826,0.9130435,0.5769231,1.0,56.300003,55.9,55.600002,55.600002,55.600002,55.9,54.9,57.600002,55.600002,57.9,53.600002,52.9,3909089,-1528321,1075200,1075200,1075200,1075200,1075200,1075200,652800,1401600,1109,15,19,1394,3,26,800,27,56,753,26,54,385,18,51,49,3,8,605,98,101,0,0,0,513835,14453,22022,493362,1830,40887,416935,53384,115475,408516,58835,146434,162052,21113,109959,20174,2191,7750,405824,104793,125887,0,0,0,439.30720785597384,3.1079803600654667
1658345319379,38.186,0.5464481,0.5,0.41666666,0.4,0.36363637,0.3043478,1.0,0.3181818,1.0,56.600002,56.600002,55.9,56.600002,56.600002,56.600002,56.300003,58.300003,56.9,58.300003,53.9,53.300003,3897022,-1589661,1075200,1075200,1075200,1075200,1075200,1075200,652800,1401600,1135,8,13,1501,5,13,851,26,51,654,34,53,334,21,41,48,9,12,396,115,71,6,0,3,467183,4856,17684,508994,5272,10136,399418,38657,97643,408276,52327,111328,166951,25747,147001,24511,13639,53972,284552,127005,96954,1182,0,1733,412.3494778325123,2.8796847290640395
1658345320413,38.247,0.53977275,0.5,0.3809524,0.45,0.4090909,0.2173913,1.0,0.27272728,1.0,56.9,56.300003,55.300003,55.9,55.9,56.300003,54.9,58.300003,55.9,58.300003,53.9,53.300003,3893323,-1510010,1075200,1075200,1075200,1075200,1075200,1075200,652800,1401600,1184,12,33,1536,9,34,806,37,70,702,42,69,208,18,61,14,3,4,606,102,80,0,0,0,459861,10413,46419,493249,9657,37510,450245,54298,153883,385475,76821,243088,116310,30567,456711,8258,3280,7334,444464,112346,101063,0,0,0,413.671715210356,2.8467572815533977
1658345321433,38.305,0.705314,0.68,0.56,0.6296296,0.65384614,0.96153843,0.68,0.42307693,1.0,56.9,56.300003,55.600002,56.300003,56.300003,56.300003,55.600002,57.9,55.9,58.600002,53.9,53.300003,3903250,-1459046,1075200,1075200,1075200,1075200,1075200,1075200,652800,1401600,1218,8,25,1583,14,42,802,28,56,679,39,64,323,22,67,25,2,4,425,141,92,0,0,0,492582,7104,22825,521247,16306,52187,406938,37326,170044,454379,67363,153395,178375,30771,348182,11898,1467,11675,336449,149824,148139,0,0,0,415.8721488372093,3.1533643410852714
1658345322473,38.362003,0.5369458,0.44,0.5185185,0.33333334,0.36,0.6923077,0.64,0.29166666,1.0,57.300003,56.9,56.600002,56.9,57.600002,57.300003,56.600002,58.600002,57.300003,58.9,54.600002,53.600002,3896438,-1656800,1075200,1075200,1075200,1075200,1075200,1075200,652800,1401600,1021,8,11,1458,9,13,916,24,65,697,21,40,304,10,46,234,15,36,615,123,57,3,0,1,410131,6542,9662,499204,9307,19498,442994,30106,134905,370527,24756,103724,121710,4966,179111,102356,5726,92535,399861,137383,71473,199,0,428,414.30270606531883,2.9546998444790042
1658345323526,38.423,0.5837563,0.3181818,0.52,0.4,0.6,0.53846157,1.0,0.28,1.0,56.9,56.9,56.300003,56.600002,57.300003,57.300003,56.300003,58.600002,57.300003,58.9,54.600002,53.9,3901304,-1531067,1075200,1075200,1075200,1075200,1075200,1075200,652800,1401600,1403,20,56,1363,7,42,992,42,65,604,31,74,238,16,56,74,5,21,485,119,91,1,0,3,565964,20239,74656,527874,6770,48308,504887,71138,164248,376790,47706,260738,124002,18140,290072,34329,2138,119117,375338,149682,106032,1282,0,2830,413.4696609642302,2.8918942457231727
1658345324569,38.484,0.6492891,0.6296296,0.6,0.41666666,0.4814815,0.92,0.61538464,0.53571427,1.0,57.300003,57.300003,56.600002,56.9,57.300003,56.9,56.300003,58.9,57.300003,58.9,54.9,54.300003,3908894,-1478272,1075200,1075200,1075200,1075200,1075200,1075200,652800,1401600,1203,19,38,1482,10,27,987,33,63,638,29,61,252,20,55,311,8,35,269,114,139,1,0,0,464575,17430,37588,548468,5470,35248,519445,41857,111737,336933,56535,205649,128566,20995,184432,114589,13428,159546,234388,177389,247730,23,0,0,409.5273086419753,2.783506172839506
1658345325638,38.541,0.60555553,0.42857143,0.5217391,0.45454547,0.45833334,0.7083333,0.77272725,0.47826087,1.0,57.300003,57.300003,56.600002,57.300003,56.9,57.300003,56.600002,59.300003,57.300003,59.600002,54.9,54.300003,3897995,-1520081,1075200,1075200,1075200,1075200,1075200,1075200,652800,1401600,1201,9,9,1568,7,24,1025,38,40,768,42,52,250,12,29,296,21,40,447,78,137,1,0,0,491906,12296,15116,558719,4307,30330,557787,51204,82023,424145,80175,141883,114015,12488,46800,122295,24965,189706,284534,98086,173588,20,0,0,414.2100902021773,2.9518631415241057
1658345326665,38.602,0.56632656,0.46153846,0.47619048,0.48,0.44,1.0,0.4,0.33333334,1.0,57.600002,57.600002,56.9,57.600002,57.600002,57.600002,57.300003,59.300003,57.9,59.600002,55.300003,54.600002,3886511,-1551209,1075200,1075200,1075200,1075200,1075200,1075200,652800,1401600,1173,13,21,1645,6,33,948,32,56,580,36,59,287,17,38,196,12,43,433,104,121,0,1,1,477311,11909,20651,549997,4115,32706,511854,52837,123777,346589,71845,190395,155593,11745,88964,90102,13129,183926,339578,140763,131261,0,265,462,414.50013063763606,2.8614867807153965
1658345327720,38.666,0.6359223,0.48,0.6,0.53846157,0.5,0.88,0.68,0.37037036,1.0,57.600002,57.600002,57.300003,57.300003,57.600002,57.600002,56.600002,59.600002,57.300003,59.600002,54.9,54.600002,3896827,-1463929,1075200,1075200,1075200,1075200,1075200,1075200,652800,1401600,1238,7,15,1528,4,19,852,36,63,776,36,59,203,11,33,252,18,43,427,121,87,0,0,1,514788,9209,19368,577877,5163,20999,463851,58122,125293,442132,47580,146722,85841,12082,170492,143552,25006,145209,312481,152354,123303,0,0,463,414.04378812199036,2.7477881219903693
1658345328740,38.727,0.6782178,0.68,0.5416667,0.53846157,0.5416667,0.7916667,0.8076923,0.52,1.0,57.9,57.9,57.300003,57.600002,57.9,57.9,57.600002,59.9,58.600002,59.9,55.600002,54.9,3886706,-1609193,1075200,1075200,1075200,1075200,1075200,1075200,652800,1401600,1291,13,29,1232,10,21,992,19,49,825,20,42,99,8,20,316,17,54,356,98,85,1,0,1,479651,11044,35627,428217,8886,31842,457279,35007,98188,426952,37844,72540,47105,11820,68181,155139,18020,154291,275993,147340,310780,21,0,431,412.7434210526316,2.8781052631578947
1658345329774,38.778004,0.58947366,0.53846157,0.48,0.44,0.36363637,1.0,0.56,0.42307693,1.0,58.300003,58.300003,57.600002,57.9,58.300003,58.300003,57.600002,59.9,58.600002,60.300003,55.600002,54.9,3896632,-1574097,1075200,1075200,1075200,1075200,1075200,1075200,652800,1401600,1104,16,33,1342,11,34,680,40,60,788,30,46,265,10,36,184,10,33,498,104,122,0,0,0,435917,12451,44958,493366,10945,35260,392102,77964,156283,444437,52697,145902,109170,11355,79660,82204,11409,157254,342110,122819,157877,0,0,0,413.0134539579968,2.70107915993538
1658345330809,38.832,0.65363127,0.5217391,0.5652174,0.59090906,0.5652174,0.4090909,1.0,0.54545456,1.0,58.300003,58.300003,57.600002,57.9,58.300003,57.9,57.600002,60.300003,58.300003,59.9,55.600002,54.9,3896632,-1587830,1075200,1075200,1075200,1075200,1075200,1075200,652800,1401600,1367,9,24,1619,11,17,781,29,49,599,35,55,176,15,14,223,20,37,415,96,135,0,0,0,496304,12662,29401,565026,11259,18207,443530,52067,124043,390684,83906,156503,88722,24503,21401,123473,30012,168541,292498,122410,160476,0,0,0,416.2085925925926,2.919901234567901
1658345331821,38.893,0.3529412,0.13043478,0.27272728,0.16666667,0.8181818,0.08695652,0.09090909,0.25,1.0,57.9,58.300003,57.300003,57.600002,57.9,58.300003,57.600002,60.300003,58.300003,60.300003,55.600002,54.9,3908505,-1305237,1075200,1075200,1075200,1075200,1075200,1075200,652800,1401600,1153,18,23,998,4,23,765,31,55,647,33,67,241,13,14,415,25,46,514,135,68,0,0,0,496872,25491,26585,441148,3794,26886,389384,42801,156317,358055,57068,204650,105933,18819,37777,187770,35285,61023,327037,177154,99019,0,0,0,0.015276315789473685,0.006171052631578948
1658345332863,38.964,0.29381442,0.125,0.9583333,0.083333336,0.0,0.08695652,0.041666668,0.08,1.0,54.9,54.9,54.300003,55.600002,54.9,55.300003,54.600002,57.9,55.300003,57.9,53.300003,52.9,3992978,-319214,1075200,1075200,1075200,1075200,1075200,1075200,652800,1401600,713,20,28,698,20,35,259,26,56,120,25,47,342,69,115,179,35,86,30,42,112,0,0,0,675598,42059,159964,599917,55188,181796,219562,54700,245876,137285,44875,310108,317043,135045,349266,197473,71274,574704,30430,144296,640023,0,0,0,-1.0,-1.0
1658345333892,39.007,0.37430167,0.59090906,0.18181819,0.13636364,0.25,0.14285715,0.5,0.045454547,1.0,53.600002,53.600002,53.300003,54.300003,53.9,53.9,53.600002,56.600002,53.9,56.600002,51.600002,51.600002,3984414,-448303,1075200,1075200,1075200,1075200,1075200,1075200,652800,1401600,415,80,96,227,28,68,79,5,33,119,8,83,239,52,100,190,21,68,30,39,110,0,0,0,417939,154185,304709,210003,59511,385597,67231,10407,257866,142587,19643,649569,201072,102083,545008,156353,45964,659028,34768,138123,796958,0,0,0,-1.0,-1.0
1658345334893,39.038002,0.60096157,0.52,0.4814815,0.8214286,0.5416667,0.5185185,0.60714287,0.34615386,1.0,53.300003,53.600002,52.600002,53.300003,53.600002,53.300003,53.300003,55.9,53.9,55.9,51.300003,51.300003,3994535,-441894,1075200,1075200,1075200,1075200,1075200,1075200,652800,1401600,291,36,57,464,15,32,237,42,76,174,19,33,198,43,63,290,25,62,122,33,104,12,0,1,337763,78604,219996,399003,41012,221723,187579,88435,518543,122267,46892,172859,134727,109659,497375,195450,63789,385186,72490,76572,709582,1012,0,384,7.418856259659969E-4,0.0024853168469860898
1658345335931,39.048,0.6242775,0.45,0.64,0.4090909,0.54545456,1.0,0.59090906,0.3809524,1.0,53.9,53.9,53.600002,54.300003,53.9,54.300003,53.9,55.9,54.300003,56.300003,51.600002,51.300003,3936144,-1169434,1075200,1075200,1075200,1075200,1075200,1075200,652800,1401600,852,45,60,444,0,1,228,21,50,432,16,52,463,9,41,192,14,47,207,34,90,4,0,0,386854,130124,190301,188314,0,378,119098,35879,492907,205591,39998,464876,196259,19608,539315,109002,40483,514484,132144,68853,634767,107,0,0,462.5904548286604,3.461283489096573
1658345336948,39.065002,0.6183575,0.5555556,0.52,0.4814815,0.48,0.96,0.5185185,0.48,1.0,55.9,55.9,55.300003,55.9,55.9,55.9,55.300003,57.600002,55.9,57.600002,53.300003,52.9,3904028,-1531678,1075200,1075200,1075200,1075200,1075200,1075200,652800,1401600,1358,20,17,1192,8,20,794,28,49,787,19,36,340,19,38,259,14,29,396,111,97,1,0,0,496048,20483,19129,440723,8230,21979,350077,30510,72515,409520,29219,76447,147023,20916,72550,103040,22490,84874,287643,134479,143464,24,0,0,602.7213437013996,3.768335925349922
1658345338012,39.082,0.65238094,0.5769231,0.5925926,0.46153846,0.52,0.76,0.8,0.4814815,1.0,56.600002,56.600002,55.9,56.600002,56.600002,56.600002,55.600002,58.300003,56.600002,58.600002,54.300003,53.600002,3904028,-1508484,1075200,1075200,1075200,1075200,1075200,1075200,652800,1401600,1108,13,19,1771,6,25,890,24,49,740,40,46,385,14,35,95,4,28,381,128,118,0,0,0,470173,9312,18172,551632,6345,25031,399675,34258,66755,428678,72549,122698,170771,13108,87945,47847,2156,101360,258401,148668,148027,0,0,0,515.3846269592476,2.9993730407523507
1658345339078,39.116,0.6902174,0.6666667,0.56,0.5217391,0.5,0.72727275,1.0,0.5,1.0,57.300003,56.9,55.9,56.600002,57.300003,57.300003,56.300003,58.600002,56.9,59.300003,54.600002,54.300003,3886316,-1574097,1075200,1075200,1075200,1075200,1075200,1075200,652800,1401600,1210,12,21,1343,10,34,1035,26,62,910,30,24,313,23,49,45,3,14,519,86,142,0,0,0,485311,11162,27669,524948,9825,44113,446109,30154,98036,477769,51651,59366,146774,20682,126895,26144,5635,32728,348161,106523,164367,0,0,0,515.5284960254372,3.1112750397456277
1658345340100,39.156002,0.7574257,0.64,0.7777778,0.7407407,0.76,0.96,0.76,0.41666666,1.0,57.600002,57.600002,56.9,57.600002,57.600002,57.300003,56.600002,59.300003,57.600002,59.600002,55.300003,54.300003,3888068,-1611939,1075200,1075200,1075200,1075200,1075200,1075200,652800,1401600,876,13,17,1628,7,31,925,48,48,876,33,55,433,23,42,55,5,9,423,70,160,4,0,0,402284,16274,22596,545205,4204,33260,390634,69835,86528,457691,59546,111018,192270,28485,90168,33493,5436,37552,292461,74684,207338,606,0,0,517.5541085271318,2.7754170542635657
1658345341123,39.2,0.627451,0.47826087,0.61538464,0.45833334,0.53846157,0.48,1.0,0.4074074,1.0,57.9,57.9,57.9,57.9,57.9,58.300003,57.300003,59.9,57.600002,59.9,55.600002,54.9,3900330,-1527711,1075200,1075200,1075200,1075200,1075200,1075200,652800,1401600,912,3,6,1071,1,6,500,17,27,630,11,20,199,15,21,121,0,0,364,66,104,2,0,1,341928,982,3763,334654,2017,5749,269941,25308,39281,273499,13396,39541,108230,32198,78474,60387,0,0,260544,74852,117788,365,0,528,516.6249968847352,3.1242367601246106
1658345342163,39.257,0.61165047,0.45833334,0.53846157,0.5185185,0.52,0.92,0.5,0.42857143,1.0,58.300003,57.9,57.600002,57.9,58.300003,58.300003,57.300003,60.300003,57.9,59.9,55.600002,54.9,3898773,-1577454,1075200,1075200,1075200,1075200,1075200,1075200,652800,1401600,1298,15,23,1445,11,22,1010,27,42,838,39,42,413,17,45,297,14,26,430,63,160,0,0,0,478544,16839,30053,511619,8340,29655,445091,31417,63325,478590,51294,84812,177419,27507,145265,109573,20873,80584,313965,90043,196971,0,0,0,516.2128101265822,2.854632911392405
1658345343191,39.305,0.6217617,0.5,0.47826087,0.5416667,0.3478261,0.76,0.82608694,0.4347826,1.0,58.9,58.600002,57.600002,58.300003,58.600002,58.300003,57.300003,59.9,58.300003,60.600002,55.9,55.300003,3900525,-1491700,1075200,1075200,1075200,1075200,1075200,1075200,652800,1401600,1445,8,22,1613,4,19,850,32,51,762,29,49,239,18,29,210,13,42,368,80,167,1,0,0,475158,5680,17285,550608,3411,25481,382236,38876,82970,413247,49121,111213,109074,30172,46662,103890,18426,187790,302022,99023,210117,25,0,0,519.2596770186335,3.1890683229813663
1658345344211,39.362003,0.5870647,0.45454547,0.61538464,0.32,0.5769231,0.96153843,0.41666666,0.33333334,1.0,58.600002,58.600002,57.600002,58.600002,58.9,58.600002,57.9,60.300003,58.600002,60.9,56.300003,55.600002,3888847,-1473694,1075200,1075200,1075200,1075200,1075200,1075200,652800,1401600,1147,10,19,1560,6,20,1039,28,59,730,28,51,235,25,50,107,9,17,526,128,86,0,0,0,488334,9595,17184,559414,3767,24930,438870,28434,78344,403632,47828,120465,116555,41378,153686,62926,9775,47581,310436,163179,104799,0,0,0,516.9705669781931,2.8855825545171343
1658345345244,39.399002,0.58426964,0.6,0.54545456,0.39130434,0.3809524,0.3809524,0.95652175,0.36363637,1.0,58.600002,58.9,57.9,58.600002,58.600002,58.9,57.600002,60.600002,58.600002,60.600002,56.300003,55.300003,3895464,-1509705,1075200,1075200,1075200,1075200,1075200,1075200,652800,1401600,1089,16,19,1278,7,21,1224,28,68,860,21,55,215,10,42,222,19,37,439,128,72,0,0,0,432862,22253,24038,449248,6365,27208,525065,31612,104689,457086,26052,124817,101905,6253,140445,113903,29810,104355,310459,171301,103946,0,0,0,516.4758390092879,2.917547987616099
1658345346255,39.464,0.5970149,0.5555556,0.45833334,0.4814815,0.45833334,0.5416667,0.96,0.4074074,1.0,58.9,59.300003,57.9,58.9,58.9,58.600002,57.9,60.600002,58.600002,61.300003,56.600002,55.600002,3885149,-1571046,1075200,1075200,1075200,1075200,1075200,1075200,652800,1401600,1198,6,15,1370,1,15,1000,14,50,762,32,52,211,11,35,192,15,33,539,112,99,0,0,0,474950,7140,10757,486402,515,15679,403829,17796,93011,396487,58043,114005,92427,11472,118048,88829,28147,116099,315135,130238,123977,0,0,0,520.1976748768474,3.1185550082101807
1658345347259,39.524002,0.5792079,0.5833333,0.39130434,0.5555556,0.44,0.8076923,0.5,0.33333334,1.0,59.300003,59.300003,58.600002,58.9,58.9,58.300003,58.300003,60.9,58.600002,60.9,56.600002,55.600002,3892740,-1573792,1075200,1075200,1075200,1075200,1075200,1075200,652800,1401600,1029,17,26,1440,5,17,820,29,51,943,30,35,469,35,60,54,6,11,421,64,146,0,0,0,439964,19558,32352,521211,4777,25562,383341,42518,87778,442331,51597,99636,229587,42919,216943,23084,2560,30849,297540,76734,201501,0,0,0,513.5184821150856,2.67506065318818
1658345348299,39.565002,0.5882353,0.45833334,0.47619048,0.5217391,0.39130434,0.39130434,0.96,0.41666666,1.0,59.300003,59.600002,58.9,59.300003,59.300003,59.600002,58.300003,60.9,58.9,61.300003,56.9,55.9,3898384,-1546937,1075200,1075200,1075200,1075200,1075200,1075200,652800,1401600,1197,17,29,1368,7,21,844,28,66,765,35,53,226,12,30,181,16,45,457,88,152,0,0,0,449731,17880,37479,532403,8965,23937,364049,34248,128768,422653,54785,118040,102526,11743,93543,84306,36010,329577,307798,109487,159752,0,0,0,514.1837065390749,2.9899840510366826
1658345349331,39.622,0.5745856,0.39130434,0.5416667,0.5217391,0.4347826,0.3181818,1.0,0.36,1.0,59.600002,59.600002,58.9,59.600002,59.300003,59.300003,58.9,61.300003,59.300003,61.300003,57.300003,56.300003,3897800,-1538392,1075200,1075200,1075200,1075200,1075200,1075200,652800,1401600,1071,11,24,1602,6,23,739,19,49,770,34,51,318,18,63,248,19,26,430,96,90,0,0,0,439178,8425,36597,573713,6986,30067,285602,28751,99033,426715,50107,146287,138466,28718,370019,113123,19859,138485,302561,126992,101513,0,0,0,516.492346456693,2.99016062992126
1658345350343,39.687,0.57471263,0.47619048,0.5652174,0.3809524,0.54545456,0.95454544,0.3181818,0.33333334,1.0,59.600002,59.600002,59.600002,59.9,59.600002,59.600002,58.600002,61.300003,59.300003,61.600002,57.300003,56.600002,3896048,-1571656,1075200,1075200,1075200,1075200,1075200,1075200,652800,1401600,1080,17,26,1517,6,15,900,22,49,804,33,61,421,24,65,119,9,15,399,122,107,0,0,1,479950,18758,29884,533327,5959,16870,401561,31679,63749,415868,40892,143688,205352,23410,224341,64031,10051,71397,307717,150353,136523,0,0,418,518.8663656597774,2.985462639109698
1658345351343,39.737003,0.58536583,0.5,0.47826087,0.41666666,0.5,0.65384614,0.8148148,0.24,1.0,60.300003,60.300003,59.600002,59.600002,59.300003,59.600002,58.9,61.600002,59.9,61.9,57.300003,56.9,3892156,-1603394,1075200,1075200,1075200,1075200,1075200,1075200,652800,1401600,1175,11,26,1281,4,20,899,38,52,801,28,52,170,6,17,265,19,59,411,105,108,0,0,1,461757,7034,28273,485996,3332,18709,408170,47535,84143,389625,37758,119694,69005,9990,35835,139796,18385,298693,293046,109432,155632,0,0,475,516.7692879256965,2.7760743034055726
1658345352408,39.781002,0.5988372,0.6086956,0.6818182,0.4090909,0.4347826,0.33333334,1.0,0.33333334,1.0,59.9,59.9,59.300003,59.9,59.600002,59.9,58.9,61.9,59.9,61.600002,56.9,56.300003,3890015,-1513978,1075200,1075200,1075200,1075200,1075200,1075200,652800,1401600,1176,16,22,1555,7,24,1109,42,59,800,25,56,191,12,32,200,11,35,444,79,164,1,0,0,520801,15307,34592,531344,7106,27839,473251,46608,99802,427799,33749,126528,97231,16812,153933,87507,14608,150050,339693,115081,227399,22,0,0,518.2004118564743,3.1052480499219968
1658345353439,39.835003,0.6744186,0.61904764,0.5714286,0.55,0.73913044,0.5714286,1.0,0.3181818,1.0,59.600002,60.300003,59.300003,59.600002,59.600002,59.9,58.9,61.600002,60.300003,61.9,57.300003,56.600002,3905780,-1473694,1075200,1075200,1075200,1075200,1075200,1075200,652800,1401600,1222,10,22,1373,6,18,977,36,63,847,27,66,378,36,55,85,9,28,508,121,70,2,0,3,488590,12131,26827,505994,6573,16688,440025,52514,116806,429712,31887,172438,189826,51830,185297,53388,9193,112357,346231,151718,90377,45,0,1419,514.5378232558139,3.275658914728682
1658345354441,39.896004,0.6105263,0.45454547,0.5833333,0.4090909,0.5833333,0.45833334,1.0,0.36,1.0,60.300003,60.600002,59.9,59.9,60.300003,60.600002,59.9,61.9,60.600002,62.600002,57.9,56.9,3892545,-1585694,1075200,1075200,1075200,1075200,1075200,1075200,652800,1401600,1204,2,9,1458,2,10,911,22,61,779,27,45,325,18,49,113,9,18,599,137,74,0,0,0,440454,856,12761,527069,889,11092,410235,20639,92366,405899,33499,97205,150836,15245,147550,47292,6653,85933,367246,137817,88862,0,0,0,517.0912148377125,2.949984544049459
1658345355503,39.947002,0.4180791,0.3478261,0.0952381,0.27272728,0.36363637,1.0,0.14285715,0.09090909,1.0,60.300003,60.300003,59.300003,59.9,60.300003,60.300003,59.600002,61.9,60.600002,62.300003,57.600002,56.9,3893907,-1545106,1075200,1075200,1075200,1075200,1075200,1075200,652800,1401600,1282,19,32,1322,8,21,983,38,75,853,36,55,311,29,67,17,3,5,586,90,116,2,0,0,487309,21738,35985,485908,5826,26557,423592,54760,161863,458391,52401,130143,160395,49472,220004,16285,7734,16036,375478,98564,125329,55,0,0,223.55587017001545,1.4189428129829984
1658345356546,39.994003,0.29533678,0.04,0.08695652,1.0,0.115384616,0.08695652,0.041666668,0.041666668,1.0,58.300003,58.300003,57.600002,58.300003,58.600002,58.600002,58.300003,61.300003,59.300003,61.300003,56.300003,56.300003,3925828,-521850,1075200,1075200,1075200,1075200,1075200,1075200,652800,1401600,726,4,10,1163,8,15,471,35,84,532,35,68,176,25,35,153,17,40,335,60,71,1,0,0,539891,5901,62514,679457,22813,30985,289590,57867,358915,299198,67569,301161,117702,36484,159480,138058,37802,138969,199736,124337,325723,19,0,0,-1.0,-1.0
1658345357562,40.031002,0.37185928,0.04,0.04347826,0.16666667,0.08,0.92,0.6923077,0.0,1.0,56.600002,56.9,56.600002,56.600002,56.9,56.600002,55.9,58.9,56.600002,59.300003,54.600002,53.9,3970205,-517273,1075200,1075200,1075200,1075200,1075200,1075200,652800,1401600,328,19,26,545,38,77,139,25,58,162,34,83,125,22,66,160,27,80,2,10,89,0,0,0,402666,39997,267529,514672,68797,307515,135702,53792,344036,164833,75449,617398,119347,54568,644077,138688,58047,399488,4195,58306,853959,0,0,0,-1.0,-1.0
1658345358594,40.065002,0.29213482,0.045454547,0.08695652,0.0,0.0,0.09090909,1.0,0.0,1.0,55.600002,55.9,55.300003,56.300003,56.300003,56.300003,55.600002,57.300003,56.600002,58.600002,53.600002,53.300003,3945875,-863037,1075200,1075200,1075200,1075200,1075200,1075200,652800,1401600,402,36,72,375,50,45,259,32,86,240,26,74,104,8,50,110,12,27,60,30,95,1,0,0,307585,79516,294779,295572,102289,151246,240466,67587,510058,163347,45159,581443,103753,22469,466778,77769,25311,242150,22224,81318,819684,22,0,0,-1.0,-1.0
1658345359649,40.069,0.5989848,0.625,0.5833333,0.46153846,0.5416667,0.5416667,0.75,0.32,1.0,54.600002,54.600002,53.9,54.600002,54.600002,54.9,54.600002,57.600002,54.9,57.600002,52.600002,52.300003,3990642,-325622,1075200,1075200,1075200,1075200,1075200,1075200,652800,1401600,282,23,49,194,35,56,55,13,46,192,10,62,218,36,73,15,0,3,102,105,125,3,0,0,299176,65125,474547,257737,107080,414934,52694,38269,740795,99879,17095,746436,160865,87410,500134,3666,0,0,79614,280498,537473,802,0,0,205.14115170278637,1.8973003095975232
1658345360707,40.065002,0.6373057,0.54545456,0.5,0.5,0.41666666,0.48,1.0,0.5217391,1.0,57.600002,57.600002,57.300003,57.600002,57.600002,57.600002,57.300003,58.9,57.9,59.300003,54.9,54.600002,3880283,-1716004,1075200,1075200,1075200,1075200,1075200,1075200,652800,1401600,720,11,15,1015,3,14,594,23,24,430,13,35,857,17,38,191,9,28,568,71,130,58,0,2,275873,28488,67746,309839,1793,22459,278739,30000,129353,188210,18751,95266,249868,15554,122038,88778,5059,83017,336242,84592,199555,10961,0,4998,632.8831900311526,4.7128224299065415
1658345361762,40.065002,0.5693069,0.64,0.44,0.5,0.52,0.48,0.6,0.32,1.0,58.300003,58.600002,57.600002,58.300003,58.600002,58.600002,57.600002,59.9,58.600002,60.300003,56.300003,55.300003,3885343,-1716004,1075200,1075200,1075200,1075200,1075200,1075200,652800,1401600,1000,13,19,1571,5,22,862,26,46,960,32,46,479,17,44,69,6,3,417,81,109,0,0,0,408299,18131,22507,549141,5045,22235,370713,43702,108431,402714,61895,124490,216603,22083,64529,19347,10292,10406,303521,82043,136638,0,0,0,621.3480682170542,4.18306976744186
1658345362841,40.076,0.57575756,0.41666666,0.5,0.45833334,0.3043478,0.5769231,1.0,0.24,1.0,58.9,59.300003,57.9,58.9,58.600002,58.9,57.9,60.600002,58.9,60.300003,56.300003,55.9,3869188,-1665955,1075200,1075200,1075200,1075200,1075200,1075200,652800,1401600,1416,13,27,1128,4,33,908,31,52,1044,26,58,220,8,31,116,10,38,576,84,120,3,0,0,477365,15877,29990,445970,8296,35219,414399,44497,87729,432562,33806,128895,96951,8935,99952,66905,16326,151221,397240,84947,133664,63,0,0,620.4810944625408,4.206019543973941
1658345363856,40.107002,0.65,0.53846157,0.52,0.45833334,0.41666666,0.88,0.7307692,0.6,1.0,59.300003,59.600002,58.600002,59.300003,59.300003,59.300003,58.300003,60.9,58.600002,61.300003,56.600002,56.300003,3897605,-1593629,1075200,1075200,1075200,1075200,1075200,1075200,652800,1401600,1227,10,23,1658,7,12,895,34,50,632,30,68,554,28,65,0,0,0,239,133,108,0,0,0,492580,10096,21809,549101,6302,11665,439157,40380,88900,306997,37782,169640,248583,36550,178803,0,0,0,212405,215628,184627,0,0,0,620.272693498452,4.016792569659443
1658345364903,40.144,0.64044946,0.65,0.5,0.4347826,0.45454547,0.625,0.90909094,0.55,1.0,60.300003,60.300003,59.600002,59.9,60.300003,59.9,59.300003,61.600002,59.9,61.9,57.300003,56.600002,3887290,-1650086,1075200,1075200,1075200,1075200,1075200,1075200,652800,1401600,1225,2,7,1488,3,9,729,29,59,948,28,65,192,12,23,277,8,27,431,109,65,1,0,0,464386,1750,6206,523382,4027,11099,356471,41073,94292,415355,33952,110212,82962,21468,78428,108364,5545,40413,282284,133568,86702,19,0,0,616.950878274268,3.9902865947611708
1658345365930,40.193,0.61576355,0.47826087,0.52,0.44444445,0.5185185,0.6,1.0,0.4074074,1.0,60.600002,60.300003,59.600002,60.300003,59.9,59.9,59.600002,61.9,60.300003,61.9,57.600002,57.300003,3867242,-1673585,1075200,1075200,1075200,1075200,1075200,1075200,652800,1401600,1005,6,14,1559,5,18,837,30,51,722,33,47,222,19,29,85,3,9,397,106,73,2,0,0,389393,4346,15384,512078,5146,22811,383887,46656,93977,358766,45813,79522,110803,14575,74152,37625,2542,14230,305552,148404,122941,27,0,0,620.6159626749611,3.564839813374806
1658345366963,40.246002,0.5945946,0.5217391,0.5416667,0.48,0.44,0.4347826,1.0,0.3809524,1.0,60.9,60.9,59.9,60.300003,60.600002,60.600002,59.600002,62.300003,60.9,62.300003,57.9,57.300003,3867437,-1959535,1075200,1075200,1075200,1075200,1075200,1075200,652800,1401600,1108,16,29,1219,9,24,563,23,47,608,22,52,301,6,21,33,3,15,459,109,63,1,0,0,397081,18941,24302,389732,7563,29137,270193,46561,92658,250247,55058,119480,111087,4403,23735,15496,3942,137834,313658,138633,79275,35,0,0,619.8485865834633,4.165191887675507
1658345367981,40.284,0.6747573,0.6,0.6785714,0.5652174,0.52,0.8076923,0.7037037,0.53846157,1.0,60.600002,59.9,59.600002,59.9,60.300003,60.300003,59.9,62.300003,60.600002,62.600002,57.9,56.9,3882034,-1512452,1075200,1075200,1075200,1075200,1075200,1075200,652800,1401600,1280,21,27,1392,11,22,788,42,72,779,35,79,286,20,54,154,4,14,468,112,69,2,0,0,523770,21619,32173,542128,13900,25697,417206,61047,140361,402631,53058,189302,151430,17737,205200,64959,5344,47292,323188,149953,95027,43,0,0,746.0340736,4.6944767999999995
1658345368997,40.333,0.6699507,0.5652174,0.56,0.6666667,0.6,0.56,1.0,0.375,1.0,60.9,60.600002,60.300003,60.300003,60.9,60.9,59.9,62.600002,60.9,62.600002,58.300003,57.600002,3871329,-1752320,1075200,1075200,1075200,1075200,1075200,1075200,652800,1401600,1075,6,15,1385,4,6,871,24,40,678,21,41,361,12,32,266,9,22,385,71,129,3,0,0,442839,7731,11069,470934,2970,3972,366499,27914,58414,314424,28295,80339,153834,14505,99992,97744,14834,54292,274592,92883,185652,1024,0,0,620.0523229813664,3.8253913043478263
1658345370050,40.386,0.6666667,0.5652174,0.5925926,0.5833333,0.54545456,0.5833333,1.0,0.5,1.0,61.300003,60.9,60.600002,60.600002,61.300003,61.300003,60.600002,62.9,61.300003,62.9,58.300003,57.9,3884759,-1689454,1075200,1075200,1075200,1075200,1075200,1075200,652800,1401600,1180,12,28,1795,10,25,732,36,56,748,33,54,559,20,59,129,13,34,352,95,162,4,0,0,480517,9194,29450,562499,13262,22343,374120,62224,96956,346333,56783,112964,258902,17397,76380,68138,20197,172143,298908,117891,224594,586,0,0,616.8403091190108,3.7594806800618237
1658345371078,40.442,0.65,0.6666667,0.47826087,0.5833333,0.45833334,0.5862069,0.962963,0.44,1.0,61.600002,61.300003,60.600002,61.300003,61.300003,61.600002,60.600002,62.9,61.600002,63.300003,58.600002,57.9,3878726,-1734620,1075200,1075200,1075200,1075200,1075200,1075200,652800,1401600,1216,8,11,1372,12,31,1159,29,53,772,37,51,514,31,58,31,2,5,326,102,149,0,0,0,487581,5886,13943,505885,10834,36473,478342,38210,85491,380435,55265,108249,226535,25887,148475,12393,2322,4542,263246,124164,209599,0,0,0,622.8344536741214,3.4737380191693292
1658345372100,40.488003,0.67525774,0.59090906,0.47826087,0.64,0.6086956,0.625,1.0,0.42307693,1.0,61.300003,61.600002,60.9,61.300003,61.600002,61.600002,60.300003,62.9,61.600002,63.600002,58.9,57.9,3894686,-1578980,1075200,1075200,1075200,1075200,1075200,1075200,652800,1401600,1221,6,18,1566,5,11,1003,22,37,930,26,41,463,29,48,33,3,6,304,48,107,7,0,0,483252,2433,15979,526138,6153,12953,449711,27089,48802,403947,25376,83899,223436,30864,120635,7812,1121,19144,307276,68364,259865,131,0,0,617.6570824261275,3.8765287713841365
1658345373134,40.552002,0.67156863,0.61538464,0.5714286,0.61538464,0.56,0.45833334,0.96,0.6,1.0,61.600002,61.600002,61.300003,61.300003,61.300003,61.600002,60.600002,63.300003,61.600002,63.600002,58.9,58.300003,3890209,-1572571,1075200,1075200,1075200,1075200,1075200,1075200,652800,1401600,1306,7,17,1401,8,12,865,31,50,764,32,62,447,13,28,102,7,21,450,107,82,1,0,0,480161,6794,16378,447415,6155,12744,413004,38734,88307,390784,51474,123021,195262,10054,38197,35527,9138,72112,330876,127269,106502,22,0,0,621.0999021207177,4.083941272430669
1658345374147,40.601,0.705314,0.5769231,0.53846157,0.5925926,0.7692308,0.88461536,0.6923077,0.6296296,1.0,61.9,62.300003,61.300003,61.600002,61.9,62.300003,61.300003,63.600002,61.9,63.9,59.300003,58.600002,3883397,-1701051,1075200,1075200,1075200,1075200,1075200,1075200,652800,1401600,1184,7,20,1299,4,13,789,53,62,655,47,58,570,24,44,49,5,14,421,66,114,3,0,0,479223,6622,20023,483263,5077,14726,377735,94922,126426,299937,105174,163437,216480,25593,60570,23207,9504,106182,289068,78457,137693,121,0,0,624.4014681181959,3.9194276827371692
1658345375210,40.661003,0.61764705,0.6,0.53846157,0.41666666,0.6,0.68,0.7777778,0.32,1.0,62.9,62.600002,61.600002,62.300003,62.300003,62.300003,61.600002,64.3,62.9,64.3,59.300003,58.600002,3875222,-1710816,1075200,1075200,1075200,1075200,1075200,1075200,652800,1401600,1221,9,18,1356,6,20,991,26,58,833,23,47,207,19,40,291,12,23,388,102,130,5,0,0,472315,7822,15112,492034,5591,23596,400041,32887,81153,326205,26900,94769,116992,16658,192052,134592,9249,35799,305006,120981,185640,72,0,0,618.7443239875389,3.8239501557632396
1658345376258,40.725002,0.5647059,0.36842105,0.5714286,0.4,0.3,0.95454544,0.3809524,0.42857143,1.0,61.9,62.300003,61.300003,61.9,62.300003,61.9,61.300003,63.600002,61.9,64.3,59.600002,58.600002,3871135,-1697694,1075200,1075200,1075200,1075200,1075200,1075200,652800,1401600,1209,9,18,1364,7,21,1117,36,58,862,27,69,368,22,43,192,10,31,441,65,150,1,0,0,453854,11708,19777,498105,7005,25954,451267,46623,84063,362473,31830,123469,167146,27846,138083,101254,12027,85753,319552,84492,213190,22,0,0,617.6881261829653,3.833892744479495
1658345377299,40.789,0.60294116,0.48,0.53846157,0.5,0.5,0.96153843,0.5,0.25,1.0,62.600002,62.600002,61.9,62.300003,62.300003,62.300003,61.600002,63.9,62.300003,64.3,59.600002,58.600002,3878336,-1699830,1075200,1075200,1075200,1075200,1075200,1075200,652800,1401600,1194,13,27,1397,5,21,1116,38,68,663,38,85,276,20,36,244,22,28,448,120,97,2,0,0,470190,14796,26938,532779,6953,18228,457451,41199,90919,335308,51373,181551,156483,33849,81405,98712,20531,181754,320181,128995,104783,31,0,0,620.0801495327103,3.8485732087227413
1658345378342,40.846,0.74585634,0.7619048,0.73913044,0.7826087,0.6956522,0.6956522,0.82608694,0.42857143,1.0,62.600002,62.600002,62.300003,62.600002,62.300003,62.300003,61.300003,63.9,61.9,64.3,59.9,58.600002,3877169,-1687318,1075200,1075200,1075200,1075200,1075200,1075200,652800,1401600,1244,7,20,1533,5,22,809,30,46,864,37,55,393,17,36,127,6,28,462,89,144,4,0,1,488252,6043,20966,530435,6389,23088,386094,35116,74893,421779,58285,98446,159712,15194,42997,57792,6191,154218,340776,102319,172593,1186,0,595,617.4174556765163,3.6009704510108866
1658345379365,40.903004,0.64788735,0.33333334,0.44444445,0.6666667,0.5185185,1.0,0.6296296,0.5185185,1.0,62.600002,62.600002,61.9,61.9,62.300003,62.300003,61.600002,64.3,61.9,64.3,59.9,59.300003,3874444,-1672974,1075200,1075200,1075200,1075200,1075200,1075200,652800,1401600,999,10,24,985,4,16,596,24,36,710,34,43,692,26,47,105,4,14,382,91,124,0,0,0,394799,9241,31770,365674,4094,20349,240472,52763,76569,284205,58250,92823,252008,33183,77077,45815,8615,64742,308738,109598,173307,0,0,0,618.919392248062,3.5055627906976743
1658345380455,40.955,0.28795812,0.08,0.04347826,0.08,1.0,0.083333336,0.083333336,0.0,1.0,61.600002,62.300003,60.9,61.600002,61.600002,61.600002,60.9,63.9,61.9,64.3,58.9,58.600002,3960668,-670166,1075200,1075200,1075200,1075200,1075200,1075200,652800,1401600,882,13,22,622,4,10,566,22,40,446,33,50,124,5,5,169,8,21,389,102,90,3,0,0,424275,12478,33775,305467,3199,12098,264820,28361,107227,241891,71558,147369,54725,6080,8016,79750,17320,45587,252887,144501,148978,109,0,0,-1.0,-1.0
1658345381496,41.016003,0.33830845,0.11111111,0.041666668,0.04,1.0,0.3846154,0.12,0.04,1.0,59.300003,58.9,57.9,58.300003,58.600002,58.600002,58.300003,61.600002,59.300003,61.600002,56.600002,56.300003,3977796,-363769,1075200,1075200,1075200,1075200,1075200,1075200,652800,1401600,444,15,26,632,33,28,229,33,98,58,6,13,175,35,68,170,38,77,34,53,143,0,0,0,527586,57493,228935,674541,97538,165531,220806,60160,657517,40422,20021,56203,180868,72628,596893,193432,77632,584309,46549,178348,637000,0,0,0,-1.0,-1.0
1658345382513,41.057003,0.32972974,0.04347826,1.0,0.375,0.045454547,0.04347826,0.13043478,0.041666668,1.0,57.300003,57.300003,56.600002,57.600002,57.300003,57.600002,56.9,60.300003,57.9,60.300003,55.300003,55.300003,3978769,-343933,1075200,1075200,1075200,1075200,1075200,1075200,652800,1401600,228,12,37,407,76,91,147,14,75,73,15,34,180,20,59,188,19,75,14,36,91,0,0,0,230691,27668,387312,372734,202638,321773,133444,37071,671179,58738,27869,167383,153459,50408,626055,181121,46764,590688,22206,123150,808985,0,0,0,-1.0,-1.0
1658345383547,41.08,0.54679805,0.5217391,0.56,0.4,0.44444445,0.68,0.4,0.29166666,1.0,56.600002,56.9,56.300003,56.600002,56.300003,56.600002,56.300003,59.300003,56.9,58.9,54.600002,54.600002,3973125,-477905,1075200,1075200,1075200,1075200,1075200,1075200,652800,1401600,410,32,56,249,12,38,254,35,74,206,37,66,295,41,77,172,10,36,123,47,72,6,0,0,388432,72023,354753,170112,27301,220056,197552,75213,463938,161912,80657,272971,179950,113096,552577,93699,17229,567662,88491,81700,699649,146,0,0,0.008919254658385093,0.016571428571428574
1658345384585,41.099003,0.75438595,0.6,0.61904764,0.6666667,0.7826087,0.7619048,1.0,0.45454547,1.0,57.9,57.600002,57.300003,57.600002,57.9,57.9,56.9,59.600002,57.600002,59.9,55.600002,54.9,3914539,-1323243,1075200,1075200,1075200,1075200,1075200,1075200,652800,1401600,847,17,56,943,23,47,520,20,37,636,29,67,274,17,42,188,20,39,267,33,81,5,0,0,358675,40670,237777,348491,61716,251493,199413,29903,66907,309280,58718,339317,93858,37689,388804,90536,33065,403220,169280,70656,595618,183,0,0,653.3040624024961,4.5423525741029644
1658345385621,41.106003,0.7027027,0.5833333,0.6086956,0.625,0.68,0.73913044,0.95652175,0.45833334,1.0,59.600002,59.9,58.9,59.300003,59.600002,59.600002,58.9,61.300003,59.600002,61.300003,57.300003,56.600002,3895659,-1569520,1075200,1075200,1075200,1075200,1075200,1075200,652800,1401600,1059,10,15,1899,5,20,514,29,54,698,25,33,481,17,49,5,0,0,496,47,121,0,0,0,417110,12025,14655,547716,2187,21670,231961,26806,108717,389846,46259,62853,218452,16351,81933,0,0,0,274489,50295,140455,0,0,0,980.7440247678019,5.8323219814241485
1658345386644,41.129,0.6937799,0.5833333,0.625,0.96153843,0.52,0.71428573,0.75,0.25,1.0,60.600002,60.9,59.600002,60.300003,60.600002,60.600002,59.600002,62.300003,60.600002,62.300003,58.300003,57.300003,3880088,-1567383,1075200,1075200,1075200,1075200,1075200,1075200,652800,1401600,1289,13,15,1411,3,16,528,18,32,726,13,36,159,5,25,217,10,18,613,84,80,6,0,0,424595,9002,14830,467989,5823,17011,189309,20209,43967,381048,16637,52768,67004,1738,93246,85148,17420,24888,344970,104246,93163,137,0,0,722.9906086956521,4.978484472049689
1658345387672,41.148003,0.6344086,0.5833333,0.52,0.5416667,0.6086956,1.0,0.45454547,0.36363637,1.0,61.300003,61.300003,60.600002,60.9,60.600002,60.600002,60.300003,62.600002,60.9,62.600002,58.600002,57.600002,3868021,-1672974,1075200,1075200,1075200,1075200,1075200,1075200,652800,1401600,1241,8,11,1719,12,15,414,11,37,1072,15,34,307,31,63,243,7,14,395,80,146,1,0,0,489928,8544,12361,562186,7314,15086,191615,11039,81343,514723,24611,57537,151083,30434,185500,91085,5143,9643,280168,94535,219555,23,0,0,721.644883797054,4.903855973813421
1658345388682,41.197002,0.625,0.5416667,0.5833333,0.47826087,0.625,0.84,0.7307692,0.08695652,1.0,61.300003,61.600002,60.600002,61.300003,61.600002,60.9,60.600002,62.9,61.300003,63.300003,58.600002,57.9,3890404,-1551209,1075200,1075200,1075200,1075200,1075200,1075200,652800,1401600,1171,12,17,1412,5,12,878,24,50,857,21,27,177,10,39,249,21,46,394,119,107,0,0,0,458128,7261,18363,510330,3972,17590,291695,22688,68913,417513,38651,30970,82076,10358,143117,111933,20511,128569,269730,142163,151802,0,0,0,723.7916012461059,4.501433021806854
1658345389697,41.242,0.6906077,0.6086956,0.59090906,0.75,0.54545456,0.6363636,1.0,0.39130434,1.0,62.300003,61.300003,61.300003,61.600002,61.300003,60.9,60.300003,63.600002,60.9,63.300003,58.9,58.300003,3856732,-1778260,1075200,1075200,1075200,1075200,1075200,1075200,652800,1401600,1086,15,25,1374,7,22,700,18,43,791,22,32,144,5,15,119,8,32,345,94,119,1,0,0,420777,17795,21947,470202,9080,24222,232388,13195,96364,411383,32768,48935,47125,3035,34167,67178,11730,150820,232788,152612,214829,25,0,0,722.1758992125984,4.4026456692913385
1658345390701,41.291,0.70430106,0.6,0.65217394,0.6956522,0.56,0.6818182,0.9130435,0.5,1.0,62.300003,62.300003,61.300003,61.9,62.300003,62.300003,61.300003,63.9,61.9,63.9,59.300003,58.9,3877752,-1589966,1075200,1075200,1075200,1075200,1075200,1075200,652800,1401600,1407,6,17,1474,6,16,187,13,22,895,26,52,320,27,63,118,8,29,475,81,95,0,0,0,470906,9537,19752,470944,7606,21491,79049,16006,26008,459041,38627,93358,160229,22655,173751,61142,9738,172639,321110,78722,119869,0,0,0,720.9745093167702,4.4709068322981365
1658345391725,41.348003,0.65536726,0.5652174,0.47619048,0.5714286,0.5,0.6956522,1.0,0.42857143,1.0,62.300003,61.9,61.600002,62.300003,61.9,61.9,60.9,63.9,61.9,64.3,59.600002,58.9,3864517,-1627503,1075200,1075200,1075200,1075200,1075200,1075200,652800,1401600,1045,16,13,1198,2,13,628,21,48,942,16,30,201,8,37,226,18,30,528,123,90,5,0,0,414518,14183,13975,415015,2246,11614,245913,23499,69085,454522,24983,58753,107156,4222,90954,85136,21036,73743,352323,125856,114070,119,0,0,725.0581841269841,4.113828571428571
1658345392757,41.397003,0.6137566,0.5652174,0.47619048,0.875,0.5,0.41666666,0.76,0.33333334,1.0,62.600002,62.300003,61.9,61.9,62.300003,62.300003,61.600002,63.9,62.600002,64.600006,59.9,58.600002,3879504,-1547242,1075200,1075200,1075200,1075200,1075200,1075200,652800,1401600,1031,7,17,1203,4,14,201,8,32,954,12,29,258,14,33,77,6,12,513,93,82,0,0,0,396737,5730,20369,388876,4190,15945,86507,14509,66811,414703,26670,62503,114024,16813,54278,30628,2781,19710,295617,92410,95618,0,0,0,725.9857391304347,4.766658385093168
1658345393815,41.457,0.60194176,0.5555556,0.3846154,0.5769231,0.48,0.52,0.8076923,0.44,1.0,63.300003,62.9,61.9,62.600002,62.9,62.9,61.9,64.600006,62.600002,64.9,59.9,59.300003,3876585,-1672669,1075200,1075200,1075200,1075200,1075200,1075200,652800,1401600,1040,12,26,1657,3,20,455,14,28,739,23,39,214,13,45,137,10,24,404,73,157,2,0,0,386674,9945,25053,516323,3262,21672,160360,12715,26747,428709,35093,69768,99849,10861,169271,70181,16928,64209,275340,91841,221077,27,0,0,722.1991706539076,4.662405103668261
1658345394842,41.510002,0.6304348,0.5652174,0.5217391,0.65217394,0.5217391,0.4347826,1.0,0.36363637,1.0,62.9,62.600002,61.9,62.300003,62.9,62.9,62.300003,64.9,62.600002,64.600006,60.300003,59.300003,3868605,-1670228,1075200,1075200,1075200,1075200,1075200,1075200,652800,1401600,1140,6,16,1692,7,29,430,21,41,837,17,41,292,24,56,73,6,23,550,107,79,6,0,0,438107,6010,18822,550485,4652,32911,184536,24524,64637,425885,36374,75188,131928,24401,189076,34085,10976,80064,320468,113606,106476,261,0,0,723.7983751937984,4.551888372093023
1658345395871,41.559002,0.62068963,0.47826087,0.5185185,0.65384614,0.5,0.42307693,1.0,0.375,1.0,63.300003,62.9,62.300003,62.9,63.300003,63.300003,62.600002,64.9,63.600002,65.600006,60.600002,59.600002,3859846,-1799928,1075200,1075200,1075200,1075200,1075200,1075200,652800,1401600,1232,7,15,1537,7,19,810,18,61,964,17,31,329,18,57,23,0,2,392,81,143,0,0,0,464785,5234,10345,547091,5737,18974,292650,15596,71508,470997,23467,61861,159944,29495,240976,10799,0,4202,278756,89433,204001,0,0,0,723.8311138845553,4.619482059282371
1658345396938,41.615,0.6195122,0.46153846,0.4814815,0.65384614,0.5,0.84,0.5769231,0.5,1.0,63.300003,62.9,62.9,62.9,63.300003,63.300003,62.300003,64.9,63.300003,65.3,60.300003,59.600002,3871719,-1681824,1075200,1075200,1075200,1075200,1075200,1075200,652800,1401600,1270,9,25,1651,8,20,616,24,58,915,16,32,290,28,64,0,0,0,636,111,129,0,0,0,474154,6581,24060,545907,11031,22771,262734,22832,73774,463220,26298,60231,161054,29685,227088,0,0,0,393718,119813,148622,0,0,0,721.2228571428572,4.072228571428571
1658345397997,41.683002,0.66169155,0.6666667,0.5555556,0.65384614,0.56,0.5,0.84,0.6,1.0,63.300003,63.600002,62.9,63.300003,63.600002,63.300003,62.600002,65.3,62.9,65.3,60.600002,59.9,3882034,-1614381,1075200,1075200,1075200,1075200,1075200,1075200,652800,1401600,1089,14,20,1733,7,33,735,24,60,761,29,54,318,21,36,106,7,29,491,108,90,2,0,0,483401,12134,19391,555475,3495,30362,269792,13427,84559,443008,46560,100939,120070,37650,102673,65035,4512,128069,310883,112913,106243,31,0,0,719.5595447154471,4.327908943089431
1658345399017,41.732002,0.75,0.65217394,0.73913044,0.8636364,0.7083333,0.65217394,1.0,0.4347826,1.0,64.3,63.9,63.300003,63.600002,63.9,63.9,63.300003,65.600006,64.3,65.9,61.300003,60.300003,3850893,-1823731,1075200,1075200,1075200,1075200,1075200,1075200,652800,1401600,980,5,10,1595,2,9,625,16,31,720,28,40,376,18,52,117,5,25,576,78,65,2,0,0,388915,3224,7235,508632,1252,8780,228137,15255,57147,395772,43458,62694,167663,28413,165535,59596,1952,90274,306509,81016,70488,38,0,0,721.9548998410174,4.513831478537361
1658345400065,41.785004,0.6377551,0.5,0.5,0.5217391,0.5,0.64,1.0,0.4,1.0,63.600002,63.600002,62.9,63.600002,63.300003,63.300003,62.600002,65.600006,63.600002,65.600006,60.9,60.300003,3875222,-1781007,1075200,1075200,1075200,1075200,1075200,1075200,652800,1401600,1099,7,16,1366,6,25,535,19,39,710,20,19,427,11,48,52,3,11,507,118,123,0,0,0,439481,6762,16626,474337,5001,31772,190273,10891,36359,423452,37935,35212,161824,11569,242165,25692,502,33708,343462,141620,189393,0,0,0,725.468674015748,4.520264566929134
1658345401200,41.846,0.69430053,0.5416667,0.6,0.7083333,0.64,0.54545456,1.0,0.48,1.0,64.3,64.600006,62.9,63.300003,63.9,64.3,63.300003,65.600006,63.9,65.9,61.300003,60.600002,3849530,-1746217,1075200,1075200,1075200,1075200,1075200,1075200,652800,1401600,719,7,21,1168,4,18,455,16,33,628,14,31,214,13,27,127,4,21,543,88,133,42,0,7,371934,7881,17742,394233,2424,23455,137416,22877,89380,379339,27109,58977,87459,15183,27452,43983,6041,53780,347336,104726,162152,3483,0,6758,725.5265110410094,4.389905362776025
1658345402230,41.917004,0.66169155,0.5,0.52,0.6086956,0.6,0.5925926,0.96153843,0.5,1.0,64.3,64.3,63.600002,63.600002,63.9,63.9,62.9,65.600006,63.9,66.3,61.300003,60.300003,3873860,-1607972,1075200,1075200,1075200,1075200,1075200,1075200,652800,1401600,1203,6,11,1653,5,14,511,22,49,728,9,32,525,29,53,0,0,0,402,70,153,0,0,0,439097,5666,12419,527952,5011,13792,216466,15937,58150,441606,8909,49728,200227,39224,166726,0,0,0,274461,84823,184680,0,0,0,724.8380878048781,3.996617886178862
1658345403240,41.974003,0.7970297,0.7916667,0.72,0.56,0.9166667,0.9230769,0.88,0.625,1.0,64.3,64.3,63.600002,63.9,64.3,64.3,63.300003,65.9,64.3,66.3,61.600002,60.9,3832986,-1927796,1075200,1075200,1075200,1075200,1075200,1075200,652800,1401600,1272,18,24,1362,10,22,452,31,55,830,25,52,369,18,44,144,11,35,553,83,113,2,0,0,464703,19485,22219,488140,8101,26941,206110,31885,73839,404101,37006,89957,145861,19891,116855,77610,10556,119718,344060,87909,152425,42,0,0,723.8106163522012,3.8557987421383646
1658345404304,42.027,0.3678161,0.04761905,0.14285715,0.09090909,0.0952381,0.17391305,1.0,0.36363637,1.0,64.600006,64.600006,64.3,64.600006,64.600006,64.9,63.9,66.3,65.3,66.600006,61.9,60.9,3856148,-1808167,1075200,1075200,1075200,1075200,1075200,1075200,652800,1401600,954,4,14,1492,3,15,672,10,30,550,22,24,294,9,25,254,10,42,513,82,107,2,0,0,349231,2387,8948,494893,4263,14525,237434,12415,40096,348278,47111,50880,102915,10487,128503,120066,11488,143519,286117,96225,125570,644,0,0,0.016407224958949095,0.014870279146141216
1658345405304,42.083,0.60795456,0.6818182,0.73913044,0.8636364,0.47826087,0.55,0.42857143,0.125,1.0,61.300003,61.300003,60.600002,61.300003,61.9,62.300003,61.9,64.600006,62.300003,64.3,58.9,58.600002,3948016,-502930,1075200,1075200,1075200,1075200,1075200,1075200,652800,1401600,802,7,8,928,7,8,533,53,95,391,61,91,232,61,69,0,0,0,59,40,110,0,0,0,790024,15458,24193,793059,11018,20674,372283,97912,352726,301009,135057,341347,249656,163055,277493,0,0,0,63007,112010,526141,0,0,0,-1.0,-1.0
1658345406326,42.121002,0.37172773,0.68,0.4,0.21428572,0.04347826,0.09090909,0.5416667,0.04347826,1.0,59.9,60.600002,59.300003,59.9,60.300003,59.9,59.600002,62.600002,60.300003,62.600002,57.600002,56.9,3919794,-1116333,1075200,1075200,1075200,1075200,1075200,1075200,652800,1401600,354,18,38,403,32,64,181,11,27,392,65,89,222,11,62,200,26,54,45,12,101,1,0,0,330785,17514,435057,281296,71598,312477,138890,28145,144448,282861,159570,323976,177325,14513,573895,153624,54356,333326,135382,55368,785327,26,0,0,-1.0,-1.0
1658345407347,42.136,0.35449734,0.16666667,0.28,0.13043478,0.9130435,0.13636364,0.083333336,0.04347826,1.0,58.600002,58.9,57.9,58.300003,58.300003,58.600002,57.9,61.300003,58.600002,61.300003,56.300003,55.9,3934976,-780945,1075200,1075200,1075200,1075200,1075200,1075200,652800,1401600,422,39,70,595,0,0,548,0,0,298,34,92,345,49,98,179,16,56,72,59,120,0,0,0,334672,81549,245062,533078,0,0,876265,0,0,309378,68170,492396,355044,100364,385971,142925,26493,235150,64787,197575,696131,0,0,0,-1.0,-1.0
1658345408388,42.151,0.94358975,0.96,0.96,0.96,1.0,0.96153843,1.0,0.7083333,1.0,59.300003,59.300003,58.600002,59.600002,59.9,60.600002,59.600002,60.600002,60.300003,61.600002,56.600002,56.300003,3947822,-754700,1075200,1075200,1075200,1075200,1075200,1075200,652800,1401600,561,37,98,313,0,0,588,0,0,311,30,88,167,15,61,251,41,112,276,56,120,0,0,0,346481,97152,380955,213520,0,0,822932,0,0,186389,51757,404903,106429,28220,669679,184539,93517,526696,146732,174606,587866,0,0,0,-1.0,-1.0
1658345409387,42.159,0.48913044,0.32,0.375,0.61904764,0.41666666,0.45454547,0.5,0.26086956,1.0,59.600002,59.300003,59.300003,59.9,60.300003,60.300003,59.600002,61.300003,59.9,62.600002,57.600002,57.300003,3943734,-787964,1075200,1075200,1075200,1075200,1075200,1075200,652800,1401600,1084,0,0,1074,0,0,622,0,0,373,3,6,570,1,5,26,1,1,801,45,19,12,0,0,446287,0,0,476832,0,0,403223,0,0,386346,1099,18339,391370,337,6393,12548,1271,2479,498530,85408,29052,264,0,0,-1.0,-1.0
