1658347006206,35.253002,0.6294416,0.88461536,0.36,0.33333334,1.0,1.0,0.4,0.15384616,1.0,46.600002,46.9,46.300003,47.300003,47.300003,47.600002,46.9,47.9,47.600002,49.600002,42.9,43.300003,3935949,-533447,1075200,1075200,1075200,1075200,1075200,1075200,652800,1401600,6440292,137114,554770,6954346,125851,554449,3543379,211849,618603,3421043,216467,637536,2602754,174895,601405,2385464,162504,585363,2344702,322967,671867,1369062,115220,419571,3813805660,300868365,6952565710,4041968515,289280002,6947925154,2319855476,444392534,8484833401,2251501818,454493129,8498942583,1792043394,365137258,8529236086,1690352013,348559963,8416738606,1761554541,620747685,9589435729,859120349,327204024,8399907627,-1.0,-1.0
1658347007304,35.277,0.627907,1.0,0.22727273,0.65,0.22727273,0.6,0.95238096,0.3181818,1.0,45.9,45.9,45.300003,46.300003,46.300003,46.300003,45.600002,47.600002,45.9,47.600002,42.9,43.300003,3938479,-538635,1075200,1075200,1075200,1075200,1075200,1075200,652800,1401600,119,0,0,534,20,21,313,49,49,0,0,0,12,0,2,453,51,62,137,34,90,9,0,1,75962,0,0,418715,35597,52438,209648,86567,151689,0,0,0,14922,0,3584,258895,94626,186903,94701,77863,485770,2201,0,494,-1.0,-1.0
1658347008403,35.294003,0.7252252,0.96428573,0.9655172,1.0,1.0,0.33333334,0.34615386,0.115384616,1.0,46.600002,46.600002,46.600002,46.9,47.300003,47.600002,47.600002,47.600002,48.300003,49.300003,43.600002,43.600002,3906948,-843811,1075200,1075200,1075200,1075200,1075200,1075200,652800,1401600,207,0,0,464,0,0,279,4,13,279,8,6,176,0,0,572,6,6,656,24,32,11,0,1,60912,0,0,307310,0,0,156702,7064,30626,269380,9714,4306,154181,0,0,277488,15349,21058,672925,37281,131784,2861,0,1163,-1.0,-1.0
1658347009772,35.324,0.7511111,0.9655172,0.8214286,1.0,0.8148148,0.5185185,0.6896552,0.115384616,1.0,46.600002,46.9,46.600002,47.300003,47.300003,47.600002,46.9,47.600002,47.600002,48.9,43.600002,43.9,3921351,-665283,1075200,1075200,1075200,1075200,1075200,1075200,652800,1401600,93,0,0,36,0,0,23,0,0,214,4,7,113,11,16,167,19,28,1139,153,35,4,0,0,57417,0,0,13116,0,0,9154,0,0,95089,7728,13765,71372,23948,95696,104830,47986,115880,567681,261984,72391,75,0,0,-1.0,-1.0
1658347011117,35.348003,0.74369746,0.9375,0.6,0.6333333,0.93333334,1.0,0.6,0.20689656,1.0,46.300003,46.600002,46.300003,47.300003,46.9,46.9,46.300003,47.9,46.9,48.300003,43.600002,43.600002,3930110,-542297,1075200,1075200,1075200,1075200,1075200,1075200,652800,1401600,286,0,0,454,0,0,8,0,1,212,6,18,216,13,24,221,10,26,1035,171,58,3,0,0,63075,0,0,146250,0,0,3415,0,1233,106477,7149,70770,119523,27340,81962,139955,15401,78856,540742,249708,119569,79,0,0,-1.0,-1.0
1658347012520,35.371002,0.78061223,0.68,0.92,0.88,0.75,0.88,0.8518519,0.26923078,1.0,46.600002,46.9,46.600002,47.600002,47.300003,47.600002,46.9,47.9,47.300003,48.9,43.9,43.9,3931667,-630188,1075200,1075200,1075200,1075200,1075200,1075200,652800,1401600,60,0,0,219,0,0,198,23,41,29,8,7,97,22,15,192,22,33,834,121,67,1,0,0,30906,0,0,155998,0,0,130735,32431,163635,26844,14509,25065,79674,35367,47046,107474,45691,134473,470550,227113,159568,23,0,0,-1.0,-1.0
1658347013657,35.395,0.72596157,0.8148148,0.4074074,0.88,1.0,0.53846157,0.9230769,0.16,1.0,46.600002,46.600002,46.600002,47.300003,47.300003,46.9,46.600002,47.9,46.9,49.300003,43.600002,43.600002,3939647,-411987,1075200,1075200,1075200,1075200,1075200,1075200,652800,1401600,305,0,0,124,0,0,307,28,17,120,11,7,145,13,25,298,29,27,656,64,85,3,0,0,160961,0,0,108869,0,0,160025,51575,34562,66597,26620,11578,94744,22214,71245,191170,43939,56026,366828,162198,282453,94,0,0,-1.0,-1.0
1658347014722,35.412003,0.78431374,0.875,1.0,1.0,0.5925926,0.92,0.625,0.32,1.0,46.300003,46.600002,45.600002,46.300003,46.9,46.9,46.600002,47.9,47.300003,48.300003,43.300003,43.300003,3939647,-473327,1075200,1075200,1075200,1075200,1075200,1075200,652800,1401600,248,5,6,500,20,29,157,11,25,60,6,11,230,12,29,175,26,21,579,95,68,1,0,0,82016,11539,12688,346186,50139,125055,100147,18026,102579,36539,11618,25317,135933,16258,302777,104469,48381,80421,340535,188497,323268,26,0,0,-1.0,-1.0
1658347015833,35.442,0.6650718,1.0,0.115384616,1.0,1.0,0.1923077,1.0,0.0,1.0,46.9,46.9,46.600002,46.9,46.9,47.300003,46.300003,47.9,46.9,48.9,43.300003,43.300003,3919989,-685730,1075200,1075200,1075200,1075200,1075200,1075200,652800,1401600,109,10,37,72,2,2,49,4,10,190,16,30,152,6,45,91,2,7,309,88,112,36,0,0,137994,24202,382863,123101,2732,16962,26936,10238,34196,98946,61687,356386,86386,14143,478762,50876,8850,39288,300641,177173,480424,12982,0,0,-1.0,-1.0
1658347017107,35.459003,0.78341013,1.0,0.88,1.0,0.44,0.92,0.9259259,0.115384616,1.0,45.300003,45.300003,44.600002,45.600002,45.600002,45.300003,44.600002,46.9,45.300003,46.9,42.9,42.600002,3945291,-345764,1075200,1075200,1075200,1075200,1075200,1075200,652800,1401600,0,0,0,248,54,27,121,42,26,3,0,0,124,35,61,53,5,5,65,49,114,0,0,0,0,0,0,233602,121118,93400,124767,93416,71279,0,0,0,135024,76396,310957,34588,6393,11590,33206,114786,892348,0,0,0,-1.0,-1.0
1658347018239,35.483,0.8056872,0.65384614,1.0,1.0,1.0,0.962963,0.6666667,0.115384616,1.0,45.600002,45.600002,44.600002,45.300003,45.300003,45.300003,44.9,47.300003,45.300003,47.300003,42.600002,42.600002,3945875,-388489,1075200,1075200,1075200,1075200,1075200,1075200,652800,1401600,89,0,0,361,14,15,0,0,0,338,41,64,140,12,26,31,6,11,232,188,81,0,0,0,63573,0,0,219341,26617,35528,0,0,0,256007,63714,209747,77787,27737,114538,22978,18304,50657,189682,404177,331266,0,0,0,-1.0,-1.0
1658347019385,35.5,0.59090906,1.0,0.76,0.41666666,0.88461536,0.1923077,0.3478261,0.0,1.0,45.300003,45.300003,44.300003,44.9,45.600002,45.600002,44.600002,46.9,45.600002,47.300003,42.600002,42.600002,3941983,-409241,1075200,1075200,1075200,1075200,1075200,1075200,652800,1401600,138,5,6,217,1,1,59,0,1,65,21,39,93,15,37,96,12,28,300,141,111,0,0,3,155201,12186,45277,141734,1800,866,17118,0,1379,58187,57474,249890,66478,22685,348568,71051,25628,367342,235862,302132,483153,0,0,1820,-1.0,-1.0
1658347020493,35.534,0.8317308,1.0,0.8076923,1.0,0.8076923,0.88461536,1.0,0.23076923,1.0,44.600002,44.600002,44.600002,44.9,44.600002,44.9,44.300003,46.600002,44.9,46.9,42.300003,42.300003,3946654,-356140,1075200,1075200,1075200,1075200,1075200,1075200,652800,1401600,29,0,0,239,14,10,59,3,19,44,6,11,113,9,45,88,18,30,326,121,117,1,0,0,43795,0,0,193906,43463,39601,28032,10132,120399,35337,14878,57605,70762,19004,367196,77944,38756,312979,225343,285692,354215,24,0,0,0.007900621118012421,0.011453416149068321
1658347021607,35.547,0.7429907,0.4814815,0.72,1.0,1.0,0.96153843,0.5555556,0.22222222,1.0,45.9,45.9,45.600002,46.300003,46.300003,46.300003,45.600002,46.9,45.9,48.600002,43.600002,43.600002,3869772,-1441956,1075200,1075200,1075200,1075200,1075200,1075200,652800,1401600,111,3,6,315,13,32,87,1,2,79,8,11,190,3,7,68,7,29,687,116,107,1,0,0,80566,7589,12405,201316,27513,121978,30391,703,703,58395,10185,17647,68985,4187,184445,39670,18788,179476,457098,221449,333278,34,0,0,0.6356756756756756,0.021570747217806042
1658347022910,35.578003,0.8720379,1.0,0.92,0.9230769,1.0,0.962963,0.84615386,0.28,1.0,46.600002,46.600002,45.600002,46.600002,46.600002,46.600002,46.300003,47.600002,46.9,49.600002,44.300003,43.9,3881645,-1156922,1075200,1075200,1075200,1075200,1075200,1075200,652800,1401600,542,20,25,505,21,38,83,0,4,0,0,0,197,12,30,170,11,35,420,157,114,1,0,0,257690,24397,53362,254028,43134,71435,31714,0,9074,0,0,0,79132,15015,156690,81684,19990,159476,298752,290437,283732,22,0,0,159.7407244094488,1.6973102362204724
1658347024097,35.611,0.718894,1.0,0.7307692,0.4642857,0.962963,0.96428573,0.4,0.23076923,0.9310345,47.9,47.600002,47.300003,47.9,47.9,47.600002,46.9,49.300003,47.600002,50.300003,45.300003,44.600002,3866853,-1309815,1075200,1075200,1075200,1075200,1075200,1075200,652800,1401600,0,0,0,366,1,3,154,1,2,0,0,0,88,2,5,203,0,6,902,113,56,0,0,0,0,0,0,84754,1008,2942,52196,371,2850,0,0,0,23724,2989,4204,49745,0,9849,565229,120801,79059,0,0,0,109.48882115085536,0.6777231726283048
1658347025303,35.682003,0.8122271,1.0,0.7692308,0.6,1.0,0.7241379,1.0,0.39285713,1.0,48.600002,48.600002,47.600002,48.600002,48.600002,48.300003,47.9,49.9,48.600002,49.9,45.9,45.600002,3871719,-1311341,1075200,1075200,1075200,1075200,1075200,1075200,652800,1401600,2,0,0,752,3,8,545,11,34,68,0,1,490,4,14,604,21,39,709,93,32,153,0,0,1606,0,0,274149,3144,7308,203615,9381,58688,26546,0,402,171791,2393,24308,212962,22456,62782,490390,132032,47133,20171,0,0,120.97659813084113,0.8146043613707165
1658347026431,35.763,0.73170733,0.96,0.6,0.5714286,1.0,0.76,0.7037037,0.20833333,1.0,49.300003,49.600002,48.9,49.300003,49.300003,49.600002,48.600002,50.300003,49.300003,51.9,46.9,45.9,3854007,-1501465,1075200,1075200,1075200,1075200,1075200,1075200,652800,1401600,0,0,0,665,1,5,642,27,44,198,3,15,565,17,50,32,3,3,688,134,69,55,0,1,0,0,0,290127,881,5409,248147,46209,79563,82262,3638,32103,206509,11702,102713,10413,3794,2956,439250,186974,83957,12087,0,802,102.53708452950558,0.6665390749601275
1658347027557,35.845,0.7446808,0.8181818,0.6086956,0.72,1.0,0.52,1.0,0.375,1.0,49.9,49.9,49.600002,49.9,49.9,49.600002,49.300003,50.9,49.600002,51.9,46.600002,46.300003,3864128,-1357422,1075200,1075200,1075200,1075200,1075200,1075200,652800,1401600,25,0,3,853,7,21,1017,30,66,0,0,0,863,33,93,169,7,14,856,122,57,2,0,0,13568,0,1241,386841,6879,19207,397890,28698,123254,0,0,0,330015,26869,173068,62949,6323,19204,494649,158856,85266,45,0,0,103.4068802488336,0.6359191290824261
1658347028624,35.922,0.8817734,1.0,0.8076923,0.7037037,1.0,0.875,1.0,0.68,1.0,50.600002,50.300003,49.600002,50.300003,50.300003,50.300003,49.300003,50.9,49.9,52.600002,46.9,46.600002,3870551,-1265870,1075200,1075200,1075200,1075200,1075200,1075200,652800,1401600,374,3,3,923,6,23,655,24,55,0,0,0,600,15,57,433,12,40,1002,103,35,0,0,0,150487,1900,6204,419246,4663,21505,274239,28513,104520,0,0,0,225948,8654,100769,159093,11050,61441,540746,129793,47490,0,0,0,104.55900621118012,0.6582857142857144
1658347029814,36.037003,0.67021275,0.39130434,0.76,0.72727275,1.0,1.0,0.28,0.2173913,1.0,50.9,50.9,50.300003,50.9,50.9,50.9,49.9,51.9,50.9,53.300003,47.600002,47.300003,3864322,-1403199,1075200,1075200,1075200,1075200,1075200,1075200,652800,1401600,0,0,0,720,7,13,937,19,43,508,14,32,501,19,48,18,1,3,735,106,76,0,0,0,0,0,0,316269,6254,14014,337038,20035,66298,197556,17262,39496,176909,23592,80063,5454,367,2667,459690,146041,92260,0,0,0,105.28189408099689,0.630429906542056
1658347030905,36.139,0.67525774,1.0,0.5,0.44,1.0,0.33333334,1.0,0.16666667,1.0,50.600002,50.9,50.300003,50.600002,50.9,50.300003,49.600002,51.9,50.600002,52.9,47.9,46.9,3869772,-1238709,1075200,1075200,1075200,1075200,1075200,1075200,652800,1401600,796,23,42,743,7,22,915,25,57,254,5,19,216,7,21,327,11,31,947,117,61,0,0,0,339309,19799,40438,364019,7688,23443,353868,20027,109187,93391,5418,37721,64861,2884,43254,125622,12150,66253,493119,161454,102679,0,0,0,103.85104821150856,0.607353032659409
1658347032017,36.22,0.7019231,1.0,0.6923077,0.35714287,0.7692308,0.5769231,1.0,0.25,1.0,51.300003,50.9,49.9,50.9,50.9,50.9,49.9,52.300003,50.9,53.600002,47.9,47.300003,3866658,-1281739,1075200,1075200,1075200,1075200,1075200,1075200,652800,1401600,673,4,19,1124,19,22,1101,35,50,0,0,0,410,11,39,180,10,19,1051,79,74,0,0,0,241078,1910,16278,502131,17547,19752,425954,43139,77957,0,0,0,159010,7284,50027,77638,10006,41593,590484,83580,94491,0,0,0,102.411,0.605578947368421
1658347033074,36.321003,0.69154227,1.0,0.5833333,0.39285713,1.0,0.32,1.0,0.13636364,1.0,51.600002,51.300003,50.300003,51.300003,51.300003,51.600002,50.9,52.600002,51.600002,53.9,48.300003,47.9,3861208,-1323548,1075200,1075200,1075200,1075200,1075200,1075200,652800,1401600,0,0,0,972,6,17,1362,37,77,118,6,7,831,34,91,0,0,0,985,100,32,1,0,0,0,0,0,406969,2542,21468,497786,33684,109941,37355,4379,17981,336646,26414,164904,0,0,0,514491,123521,45297,21,0,0,104.79594221508827,0.6251043338683788
1658347034152,36.416,0.725,0.7083333,0.8,0.41666666,1.0,0.44,1.0,0.44,1.0,51.9,51.600002,50.9,51.600002,51.600002,51.600002,50.9,52.600002,51.600002,54.300003,48.600002,47.9,3858873,-1310425,1075200,1075200,1075200,1075200,1075200,1075200,652800,1401600,91,1,4,1064,5,24,1115,45,95,0,0,0,780,53,116,0,0,0,1038,100,55,0,0,0,46923,1171,6476,406398,5614,31846,421592,48954,176490,0,0,0,340596,49918,193708,0,0,0,561675,143644,69054,0,0,0,103.2647465007776,0.604914463452566
1658347035227,36.510002,0.7089947,0.5652174,0.6956522,0.6086956,1.0,0.56,1.0,0.18181819,1.0,51.600002,51.9,50.600002,51.600002,51.9,51.9,50.9,52.9,51.9,54.300003,48.600002,48.300003,3861208,-1243592,1075200,1075200,1075200,1075200,1075200,1075200,652800,1401600,545,4,6,895,3,5,930,22,55,0,0,0,876,30,93,1,0,0,776,113,57,0,0,0,265535,3616,11064,361236,3349,5772,364461,21509,87813,0,0,0,323674,23219,177441,48,0,0,458024,133318,79385,0,0,0,101.43254658385094,0.6061118012422361
1658347036283,36.595,0.74019605,0.68,0.6666667,0.5769231,0.76,0.96,1.0,0.29166666,1.0,51.9,51.9,50.9,51.300003,51.600002,51.9,51.300003,53.300003,51.600002,54.600002,48.600002,48.300003,3866658,-1228028,1075200,1075200,1075200,1075200,1075200,1075200,652800,1401600,1135,27,51,971,10,21,332,12,32,92,6,13,527,22,71,44,1,5,885,94,75,2,0,0,428869,25942,52108,420983,9266,19775,150553,10776,60930,60129,3761,31040,207069,20638,135756,15958,331,15281,515461,133675,112533,45,0,0,104.47093498452013,0.6470340557275541
1658347037391,36.689003,0.7584541,1.0,0.6923077,0.6086956,0.5555556,0.8,1.0,0.42307693,1.0,51.9,51.9,51.600002,52.300003,52.300003,52.300003,51.300003,53.300003,52.300003,54.9,48.9,48.600002,3871913,-1203308,1075200,1075200,1075200,1075200,1075200,1075200,652800,1401600,424,7,11,930,7,11,981,32,65,860,33,74,92,2,9,0,0,0,745,141,78,0,0,0,174379,4597,10076,412095,8680,8661,386261,26136,129373,325120,32732,133453,37886,975,14424,0,0,0,426302,212750,117765,0,0,0,103.55080373831775,0.5983302180685358
1658347038523,36.791,0.7626263,0.61538464,0.6666667,0.82608694,0.8333333,0.76,1.0,0.36363637,1.0,52.600002,52.600002,51.600002,52.300003,52.600002,52.9,51.9,53.600002,52.9,55.300003,49.300003,48.9,3847194,-1337281,1075200,1075200,1075200,1075200,1075200,1075200,652800,1401600,21,0,1,755,5,18,1216,38,76,1059,33,108,159,7,14,0,0,0,763,121,77,0,0,0,1251,0,0,382956,3757,20423,462610,36597,128883,400707,28021,200818,59209,5168,32417,0,0,0,462954,172506,93985,0,0,0,103.21206230529594,0.6066043613707165
1658347039591,36.868,0.6995074,0.7777778,0.625,0.5,0.5,0.9166667,1.0,0.26086956,1.0,52.300003,52.600002,52.300003,52.600002,52.9,52.9,51.9,53.9,52.600002,55.300003,49.600002,49.300003,3830650,-1639100,1075200,1075200,1075200,1075200,1075200,1075200,652800,1401600,363,4,7,868,11,28,867,29,65,102,3,5,753,32,91,1,0,0,1027,95,41,0,0,0,188255,4618,8078,375202,11721,31781,344908,24905,96004,37141,4119,6151,287443,27612,176007,143,0,0,533726,125821,52000,0,0,0,101.96008736349454,0.5389578783151325
1658347040661,36.960003,0.7067308,0.42307693,1.0,1.0,1.0,0.5,0.32,0.32,1.0,53.300003,52.600002,51.600002,52.9,52.600002,52.9,51.9,53.9,52.600002,55.300003,49.600002,49.300003,3858483,-1347352,1075200,1075200,1075200,1075200,1075200,1075200,652800,1401600,463,13,23,851,6,21,1083,31,70,248,13,21,461,16,51,0,0,0,978,96,43,0,0,0,209549,9667,38312,419461,2485,24905,420200,31210,119675,92509,11785,27594,159684,17262,99159,0,0,0,547297,121453,63233,0,0,0,103.3394322169059,0.5767655502392345
1658347041765,37.031002,0.56281406,0.04347826,0.36,1.0,1.0,0.68,0.23076923,0.083333336,1.0,52.9,52.9,52.600002,52.9,53.600002,52.600002,52.300003,54.300003,53.300003,55.600002,49.9,49.600002,3868410,-1154785,1075200,1075200,1075200,1075200,1075200,1075200,652800,1401600,484,0,0,535,4,13,413,13,34,174,6,20,667,24,49,244,16,30,1065,87,27,0,0,0,249455,0,0,231100,4896,9616,171303,14780,47867,83412,4777,41539,237750,23794,110278,99253,29316,66211,535948,117067,37473,0,0,0,-1.0,-1.0
1658347042818,37.125,0.5539216,0.18518518,0.08,1.0,1.0,0.15384616,0.96153843,0.041666668,1.0,51.300003,51.600002,51.300003,51.9,52.300003,51.600002,50.9,52.9,51.600002,54.600002,48.600002,47.9,3926022,-449524,1075200,1075200,1075200,1075200,1075200,1075200,652800,1401600,447,9,23,364,4,13,2,0,1,0,0,0,271,42,75,262,39,83,149,126,109,0,0,0,419446,14437,96919,462171,9128,86450,5997,0,9388,0,0,0,222175,64566,322484,239684,75637,414932,128283,323437,393799,0,0,0,-1.0,-1.0
1658347043916,37.186,0.539267,0.12,1.0,0.9166667,1.0,0.125,0.125,0.0,1.0,50.9,50.9,50.300003,51.300003,51.600002,50.9,50.600002,52.9,51.300003,52.9,47.600002,47.600002,3913566,-668030,1075200,1075200,1075200,1075200,1075200,1075200,652800,1401600,180,33,72,181,27,47,166,23,43,0,0,0,127,9,42,150,12,33,137,102,118,1,0,0,193105,82291,409614,234818,65348,414640,109476,56898,199636,0,0,0,88938,21363,300933,85926,23741,173136,116949,314993,474886,26,0,0,-1.0,-1.0
1658347044968,37.247,0.76585364,0.53846157,0.68,0.6,0.962963,0.9230769,1.0,0.4347826,1.0,49.9,50.600002,49.9,50.600002,49.9,49.9,49.600002,51.600002,50.300003,53.300003,47.300003,47.300003,3912009,-597534,1075200,1075200,1075200,1075200,1075200,1075200,652800,1401600,168,28,32,49,1,0,192,16,47,0,0,0,254,38,49,79,19,44,268,94,166,1,0,0,175823,83778,216598,108625,18,0,106832,34567,327025,0,0,0,138088,104330,405405,77143,44480,342258,188234,267226,488600,18,0,0,158.09478672985784,1.6089857819905213
1658347046181,37.291,0.7281553,0.96153843,0.5833333,0.48,0.56,1.0,0.7916667,0.4074074,1.0,52.300003,52.600002,51.600002,51.9,52.300003,52.300003,51.600002,53.300003,52.300003,54.9,49.300003,48.9,3846416,-1490174,1075200,1075200,1075200,1075200,1075200,1075200,652800,1401600,692,1,3,619,1,5,412,6,9,117,5,12,295,9,24,162,3,15,844,106,56,0,0,0,238740,1827,1504,255970,1088,5531,156770,2795,11552,53304,7530,24357,125389,7261,53921,48929,724,18077,442344,115010,48576,0,0,0,210.82001860465115,1.246610852713178
1658347047265,37.318,0.7535545,0.7692308,0.8214286,0.6,0.79310346,0.6896552,1.0,0.3043478,1.0,53.300003,52.9,52.300003,52.9,53.300003,53.300003,52.300003,53.9,52.9,55.300003,50.300003,49.600002,3836879,-1533814,1075200,1075200,1075200,1075200,1075200,1075200,652800,1401600,566,8,28,633,6,21,950,31,57,612,22,47,268,8,20,187,5,16,595,130,57,0,0,0,218158,4805,23323,270415,4072,22938,371266,29057,83807,225835,27298,83511,69839,9402,34947,59712,6618,34415,402693,163610,86908,0,0,0,204.7872597200622,1.3340964230171073
1658347048351,37.375,0.7703349,0.61538464,0.6923077,0.9285714,0.52,0.96153843,1.0,0.3043478,1.0,53.600002,53.300003,52.600002,52.9,52.9,53.300003,52.600002,54.300003,53.300003,55.600002,50.300003,49.9,3854980,-1330567,1075200,1075200,1075200,1075200,1075200,1075200,652800,1401600,902,10,19,669,3,13,797,15,40,598,15,41,224,7,14,74,1,8,625,139,39,2,0,0,341292,7029,19297,259850,1641,15764,269908,21654,58507,227188,14510,55253,82380,10922,15452,23153,445,17469,430454,179609,50560,46,0,0,207.56370111287757,1.2972464228934817
1658347049471,37.440002,0.913242,0.9259259,1.0,1.0,0.88,1.0,1.0,0.53571427,1.0,54.300003,53.9,53.300003,53.600002,53.600002,53.9,53.300003,55.300003,53.9,56.600002,51.300003,50.300003,3847000,-1484986,1075200,1075200,1075200,1075200,1075200,1075200,652800,1401600,951,10,18,722,2,6,532,6,27,627,17,45,295,8,16,11,1,2,646,144,60,0,0,0,301984,11054,18434,281093,1178,9335,178365,4299,46993,241355,12518,54855,98217,7271,18520,4637,199,2841,422694,166005,77795,0,0,0,210.13497054263564,1.360322480620155
1658347050601,37.507,0.754717,0.53846157,0.8076923,0.7083333,1.0,0.7777778,0.84,0.32,1.0,54.300003,54.300003,53.600002,54.300003,54.300003,54.300003,53.300003,55.600002,54.300003,56.9,51.600002,50.600002,3844470,-1493531,1075200,1075200,1075200,1075200,1075200,1075200,652800,1401600,718,2,9,390,0,2,276,2,11,266,10,19,445,14,32,0,0,0,786,117,37,0,0,0,242568,1360,11554,157386,0,623,111052,514,12117,108240,8841,25239,150773,14364,58087,0,0,0,472346,128071,52799,0,0,0,210.03555832037324,1.441692068429238
1658347051727,37.578003,0.7330097,0.53846157,0.84,0.7777778,1.0,1.0,0.375,0.36,1.0,54.600002,54.600002,53.600002,54.600002,54.300003,54.600002,53.600002,55.600002,54.600002,57.300003,51.300003,50.9,3828120,-1485291,1075200,1075200,1075200,1075200,1075200,1075200,652800,1401600,1133,13,28,635,5,25,475,11,25,2,0,0,537,21,57,88,1,7,746,155,50,0,0,0,382457,11996,33646,272701,4776,24211,197848,8200,27637,3481,948,0,211518,15886,93145,28117,1049,9214,454076,179817,60533,0,0,0,201.98137867078825,1.4870850077279754
1658347052838,37.649002,0.74594593,0.6,0.6956522,0.6666667,0.8636364,1.0,0.8181818,0.2857143,1.0,54.9,54.9,54.300003,54.9,54.9,54.9,53.9,56.300003,54.9,57.600002,52.300003,51.300003,3824033,-1521607,1075200,1075200,1075200,1075200,1075200,1075200,652800,1401600,866,4,13,434,1,9,576,11,40,576,13,18,9,0,1,542,19,60,660,138,50,0,0,0,310582,3277,12885,180637,877,9527,226330,11978,39466,198644,14730,28183,4910,0,1306,208146,17919,95034,424825,152964,66904,0,0,0,202.50820465116277,1.5796093023255815
1658347053927,37.723003,0.7268293,0.44,0.7407407,0.7037037,0.7692308,0.88,1.0,0.2173913,1.0,55.300003,55.600002,54.600002,54.600002,55.300003,54.9,54.600002,56.300003,55.300003,57.9,52.600002,51.9,3841745,-1499024,1075200,1075200,1075200,1075200,1075200,1075200,652800,1401600,657,7,16,247,0,2,977,20,46,718,22,39,69,2,8,405,9,29,675,114,49,0,0,0,276433,5289,21418,99658,0,2839,357957,11304,59215,253582,21014,61572,21855,483,10100,129766,6618,43480,437312,139217,69795,0,0,0,211.49611197511663,1.3679875583203733
1658347055040,37.804,0.90833336,1.0,1.0,1.0,1.0,1.0,0.9285714,0.3939394,1.0,55.300003,55.300003,54.600002,54.9,55.300003,54.9,54.300003,56.600002,55.300003,57.600002,52.300003,51.600002,3844080,-1460267,1075200,1075200,1075200,1075200,1075200,1075200,652800,1401600,1026,19,42,732,4,19,462,8,30,190,9,19,178,10,26,555,13,35,633,148,72,2,0,0,385178,12734,44638,304261,3513,13766,183887,4342,50041,88819,8964,25577,79121,5251,41311,181115,17564,59616,440109,193940,107066,52,0,0,206.9949724770642,1.3398409785932721
1658347056234,37.889,0.7363184,0.48,0.625,0.52,1.0,1.0,0.8333333,0.44,1.0,56.600002,56.600002,56.300003,56.600002,56.600002,56.300003,55.600002,57.300003,56.300003,58.600002,53.600002,53.300003,3805347,-1770020,1075200,1075200,1075200,1075200,1075200,1075200,652800,1401600,171,0,0,406,0,0,271,0,7,67,0,0,46,2,2,351,0,2,480,97,32,4,0,0,54836,0,0,118249,0,0,85827,0,7668,18939,0,0,11301,1447,1516,80791,0,1377,306465,119412,48854,321,0,0,210.17958320373248,1.3245909797822706
1658347057329,37.953003,0.7237569,0.59090906,0.7916667,0.75,0.6818182,1.0,0.5833333,0.3181818,1.0,56.600002,56.600002,55.300003,56.600002,56.600002,56.300003,56.300003,57.9,56.9,58.9,53.600002,52.9,3836684,-1532288,1075200,1075200,1075200,1075200,1075200,1075200,652800,1401600,1124,9,28,313,0,6,635,20,39,750,9,14,3,0,0,160,1,10,570,132,57,0,0,0,434572,8352,26237,150843,0,4246,328836,17417,58696,302805,10633,18323,2413,0,0,55364,253,24177,405109,180687,90093,0,0,0,211.95087323943662,1.162716744913928
1658347058395,38.021,0.75119615,0.61538464,0.8214286,0.5714286,0.68,1.0,0.92,0.36,1.0,56.9,56.9,55.9,56.9,56.9,56.600002,55.600002,57.9,56.600002,59.300003,53.9,53.300003,3835516,-1504822,1075200,1075200,1075200,1075200,1075200,1075200,652800,1401600,1002,11,22,363,1,10,948,18,56,553,18,31,0,0,0,309,11,34,545,122,76,0,0,0,378530,9232,22270,161371,1314,8037,336651,16050,93600,231549,18711,43550,0,0,0,118105,6657,62713,381187,157102,117154,0,0,0,203.249866251944,1.3890886469673405
1658347059493,38.095,0.7619048,0.5833333,0.95652175,1.0,0.6086956,0.5833333,1.0,0.33333334,1.0,56.600002,56.9,56.600002,56.9,56.9,56.9,56.300003,58.300003,56.9,59.9,53.9,53.300003,3839020,-1539918,1075200,1075200,1075200,1075200,1075200,1075200,652800,1401600,798,8,19,402,4,13,1152,29,62,833,23,56,87,3,7,65,7,11,576,137,74,0,0,0,290018,9084,21371,213701,2328,10550,415184,27320,69049,282782,18036,75924,32163,3712,16681,44026,4872,18822,388267,169575,110780,0,0,0,207.47250955414012,1.2953375796178344
1658347060529,38.163002,0.7920792,0.7307692,0.7692308,0.65384614,1.0,0.7692308,1.0,0.44,1.0,56.9,56.9,56.600002,57.300003,56.9,56.9,55.9,58.300003,56.9,59.600002,54.300003,53.300003,3838630,-1503907,1075200,1075200,1075200,1075200,1075200,1075200,652800,1401600,983,13,19,404,3,5,593,10,25,717,20,41,445,21,41,0,0,0,555,147,66,0,0,0,361960,12199,19739,201988,2932,5917,201430,7847,23067,263430,18937,58010,165733,24447,68186,0,0,0,374725,181741,102196,0,0,0,203.7454976599064,1.4711513260530422
1658347061598,38.244003,0.78571427,0.53846157,0.72,0.6666667,0.96428573,1.0,1.0,0.33333334,1.0,57.600002,57.300003,56.600002,57.300003,57.300003,57.600002,55.9,58.600002,56.9,59.9,53.9,53.600002,3833764,-1571961,1075200,1075200,1075200,1075200,1075200,1075200,652800,1401600,1120,15,26,697,2,10,689,19,50,61,1,2,503,16,40,79,2,11,549,120,80,1,0,0,390615,11386,27761,308309,412,11071,267507,26156,70192,23692,2853,1464,192928,19457,74453,37852,1832,19529,395468,166177,127099,22,0,0,210.25051321928458,1.4292006220839812
1658347062696,38.315002,0.72680414,0.68,0.96,0.4090909,1.0,0.45833334,1.0,0.32,1.0,57.300003,57.300003,56.600002,57.300003,57.300003,57.600002,56.600002,58.300003,56.9,59.9,54.300003,53.600002,3839409,-1417542,1075200,1075200,1075200,1075200,1075200,1075200,652800,1401600,1007,13,30,749,9,20,833,16,44,603,19,51,45,0,3,0,0,0,591,143,88,0,0,0,402487,9118,31544,309838,8392,16806,361065,16760,53996,217511,13561,80054,16913,0,3462,0,0,0,384061,187544,131878,0,0,0,202.45711717495988,1.2970529695024078
1658347063724,38.376003,0.7079208,0.8,0.7692308,0.8695652,0.34615386,0.56,1.0,0.32,1.0,57.9,57.600002,56.9,57.300003,57.600002,57.600002,56.600002,58.600002,56.9,60.300003,54.600002,53.9,3834543,-1492920,1075200,1075200,1075200,1075200,1075200,1075200,652800,1401600,725,8,19,372,0,2,689,16,50,456,21,31,419,16,44,0,0,0,594,140,36,1,0,0,314852,10171,23392,143634,0,1720,248204,20654,66245,192210,27850,44710,143347,13831,86447,0,0,0,378924,200163,51257,22,0,0,204.35642236024844,1.2725962732919254
1658347064780,38.457,0.65340906,0.3181818,0.3181818,0.95652175,0.39130434,0.9047619,1.0,0.3809524,1.0,57.600002,57.9,57.300003,57.600002,57.300003,57.600002,56.600002,58.600002,57.600002,60.300003,54.600002,53.9,3834543,-1359253,1075200,1075200,1075200,1075200,1075200,1075200,652800,1401600,1146,5,18,677,8,28,577,18,44,505,10,41,354,9,35,73,6,9,554,132,68,1,0,0,364041,2075,16730,314587,7458,22743,219156,18377,51449,189016,13259,71915,112626,6727,73045,29733,6768,13982,405154,175554,92380,19,0,0,162.22465838509316,1.2939627329192547
1658347065826,38.521004,0.56179774,0.13636364,1.0,1.0,1.0,0.13636364,0.13043478,0.04761905,1.0,57.300003,57.300003,55.9,56.9,57.300003,56.600002,56.300003,58.600002,56.9,59.9,53.600002,53.300003,3914150,-488891,1075200,1075200,1075200,1075200,1075200,1075200,652800,1401600,927,3,15,550,1,6,197,14,22,446,16,32,228,10,33,93,8,10,539,99,62,0,0,0,384088,5004,19942,331313,1047,4563,110997,19721,52678,211223,14912,64306,105028,13013,84003,58146,10147,16730,304934,176812,180603,0,0,0,-1.0,-1.0
1658347066835,38.575,0.5542857,0.15,0.13043478,0.875,1.0,1.0,0.18181819,0.13043478,1.0,54.9,55.600002,54.9,55.300003,55.300003,54.9,54.600002,57.300003,55.600002,58.300003,51.9,51.9,3908310,-458069,1075200,1075200,1075200,1075200,1075200,1075200,652800,1401600,731,39,39,0,0,0,2,1,2,0,0,0,253,41,78,380,60,118,90,90,93,0,0,0,600560,72307,163962,0,0,0,0,3540,0,0,0,0,220828,105243,427438,295290,101683,408287,96156,256386,509684,0,0,0,-1.0,-1.0
1658347067858,38.622,0.52910054,1.0,0.083333336,0.0,1.0,1.0,0.13043478,0.0,1.0,54.600002,53.9,53.9,54.300003,54.600002,54.600002,53.9,56.300003,54.300003,57.600002,51.300003,51.300003,3918432,-372925,1075200,1075200,1075200,1075200,1075200,1075200,652800,1401600,237,34,52,270,47,60,28,6,9,14,6,11,53,3,23,253,29,78,105,121,111,0,0,0,230753,94868,352724,256157,102686,240140,31576,17460,48260,19959,23944,59461,40206,2606,174041,214935,59332,483432,104933,331307,504495,0,0,0,-1.0,-1.0
1658347068870,38.656002,0.7365854,0.6666667,1.0,0.8,0.53846157,1.0,0.5416667,0.25,1.0,53.300003,53.600002,52.9,53.600002,53.9,53.9,52.9,55.600002,53.600002,55.600002,50.600002,50.600002,3923687,-384826,1075200,1075200,1075200,1075200,1075200,1075200,652800,1401600,85,4,4,152,16,25,193,22,63,142,26,29,14,0,1,170,23,49,142,53,79,3,0,0,73573,11805,6767,151228,37981,209481,131296,52089,436482,107288,52809,77426,17766,0,5921,97339,57186,369275,89956,120567,618939,85,0,0,12.447403726708075,0.24285714285714283
1658347069941,38.663002,0.79512197,0.56,0.8,1.0,0.7692308,0.96,0.96428573,0.26086956,1.0,55.300003,55.300003,54.300003,54.9,54.9,54.600002,54.300003,56.300003,54.9,56.600002,52.300003,51.9,3835905,-1548768,1075200,1075200,1075200,1075200,1075200,1075200,652800,1401600,663,27,26,79,0,0,219,8,22,413,8,19,58,5,17,409,14,44,371,59,146,3,0,0,256521,55780,55336,21819,0,0,66062,16953,33488,154138,10857,51252,25395,13585,189475,137384,23856,250587,240496,87256,419198,67,0,0,335.64002492211836,2.410467289719626
1658347071009,38.693,0.8109453,0.6,0.8,1.0,0.8333333,1.0,0.84615386,0.4,1.0,55.9,56.300003,55.600002,55.9,55.9,55.600002,54.9,57.600002,55.600002,57.600002,52.9,52.600002,3841355,-1468201,1075200,1075200,1075200,1075200,1075200,1075200,652800,1401600,1223,10,16,655,3,12,65,1,1,860,12,29,305,5,18,91,4,4,629,111,81,0,0,0,392057,11393,10920,254457,1369,13165,15073,2551,1453,365621,14703,44425,78975,3685,25574,23724,2340,8434,421813,115946,94619,0,0,0,310.3262954898911,1.828877138413686
1658347072084,38.717003,0.8252427,0.8518519,0.875,0.7692308,0.84615386,0.9310345,0.92,0.48,1.0,55.9,56.300003,55.9,56.600002,56.600002,56.300003,55.9,58.300003,56.600002,58.300003,53.600002,53.300003,3837073,-1528626,1075200,1075200,1075200,1075200,1075200,1075200,652800,1401600,858,4,14,407,2,4,51,5,8,567,12,26,274,3,17,211,2,10,615,121,37,0,0,0,280896,2939,10417,161765,2345,4317,22931,2402,10823,212204,14249,38730,80989,4473,12292,54484,1853,15100,388919,121987,35513,0,0,0,324.3611925465838,2.0540124223602483
1658347073229,38.788002,0.7902439,0.7407407,0.8148148,0.76,0.8,0.9285714,1.0,0.26923078,1.0,57.300003,56.9,56.600002,56.600002,56.9,57.300003,56.300003,58.300003,56.600002,58.600002,54.300003,53.600002,3834543,-1461793,1075200,1075200,1075200,1075200,1075200,1075200,652800,1401600,785,4,10,403,0,1,505,14,27,718,5,27,109,0,3,445,10,32,691,115,63,0,0,0,273856,2244,11695,138779,0,591,186813,13905,24256,295313,4906,48751,29439,0,2492,148770,7459,40661,447516,121356,65463,0,0,0,327.2919254658385,1.726310559006211
1658347074381,38.845,0.7536946,0.65217394,0.9166667,0.8148148,0.64,1.0,0.5416667,0.5185185,1.0,57.300003,57.300003,56.600002,56.600002,56.9,56.9,56.300003,58.600002,57.300003,58.600002,54.600002,53.9,3830261,-1557923,1075200,1075200,1075200,1075200,1075200,1075200,652800,1401600,865,10,21,645,4,14,411,6,24,753,14,34,68,2,5,0,0,1,756,156,88,0,0,0,287755,8952,20325,254361,6672,10378,145267,7052,19654,306771,12495,66925,29165,396,4737,0,0,3355,486640,174194,99280,0,0,0,308.80079750778816,1.7403115264797506
1658347075567,38.916,0.9728507,1.0,1.0,1.0,1.0,1.0,1.0,0.8,1.0,57.600002,57.9,57.300003,57.600002,57.9,57.9,57.300003,59.300003,57.600002,58.9,54.9,54.300003,3823838,-1577149,1075200,1075200,1075200,1075200,1075200,1075200,652800,1401600,1085,13,34,360,1,1,321,13,34,972,20,60,23,0,1,202,9,23,615,132,70,0,0,0,390155,16527,33873,149886,1067,928,147589,16532,31985,365321,33272,99691,7843,0,3307,67844,5353,34689,410402,169610,80278,0,0,0,309.2303041474654,1.4666912442396314
1658347076659,38.980003,0.74626863,0.6,0.5833333,1.0,0.4090909,0.9230769,1.0,0.3478261,1.0,58.300003,58.600002,57.9,58.600002,58.600002,58.300003,57.600002,59.600002,57.9,60.9,55.600002,54.600002,3795226,-1935426,1075200,1075200,1075200,1075200,1075200,1075200,652800,1401600,375,3,8,200,1,2,82,1,3,99,1,1,218,3,9,0,0,0,592,92,35,0,0,0,113715,1251,5397,87655,956,1540,26954,362,2385,42391,429,2886,73022,2375,10442,0,0,0,385571,103904,44500,0,0,0,306.24333956386295,1.5736822429906543
1658347077774,39.051003,0.7592593,0.48,0.6666667,1.0,0.6923077,1.0,0.75,0.37037036,1.0,57.9,58.300003,57.300003,57.600002,58.300003,58.300003,57.300003,59.300003,57.9,60.9,55.300003,54.600002,3836684,-1492310,1075200,1075200,1075200,1075200,1075200,1075200,652800,1401600,1024,3,11,1158,3,11,28,2,3,483,7,23,677,21,33,77,0,0,562,142,62,12,0,0,368420,2725,13920,397788,1890,8632,14145,979,1473,202649,6459,46371,268127,22623,41796,37731,0,0,364646,173735,83048,3001,0,0,311.8277267080745,1.659031055900621
1658347078844,39.112003,0.7175141,0.5,0.5714286,1.0,1.0,1.0,0.3478261,0.2857143,1.0,58.9,58.600002,57.9,58.600002,58.600002,58.600002,57.600002,59.600002,58.300003,61.300003,55.600002,54.600002,3824033,-1481019,1075200,1075200,1075200,1075200,1075200,1075200,652800,1401600,1082,8,8,867,5,6,65,4,5,370,12,23,259,6,12,784,24,69,552,142,62,0,0,0,385129,9670,9490,349616,4437,5587,22376,5490,10657,175907,13321,41046,91395,7153,10153,260929,17367,92528,381332,188872,91559,0,0,0,312.6197267080745,1.4905341614906833
1658347079905,39.166,0.7643979,0.54545456,0.72,1.0,0.625,0.9166667,1.0,0.3478261,1.0,58.600002,58.9,58.300003,58.9,58.600002,58.300003,57.600002,59.9,58.300003,61.300003,55.9,54.9,3827925,-1540528,1075200,1075200,1075200,1075200,1075200,1075200,652800,1401600,1126,8,22,758,6,14,8,0,1,210,1,14,468,9,33,535,29,47,585,141,45,1,0,2,393123,4104,26431,331916,2491,15062,3380,0,1988,88123,464,16364,147448,5934,42808,206261,32031,85149,349679,186680,60815,81,0,965,309.9572658227848,1.6145316455696201
1658347080965,39.247,0.75247526,0.8076923,0.875,0.65384614,0.56,0.8076923,1.0,0.26086956,1.0,58.9,59.300003,58.300003,59.300003,58.600002,59.300003,57.9,60.300003,58.9,61.600002,56.300003,55.300003,3831429,-1510621,1075200,1075200,1075200,1075200,1075200,1075200,652800,1401600,696,12,16,705,6,19,362,10,25,432,6,34,771,25,66,26,3,0,690,131,40,1,0,1,280286,17879,12768,265656,4133,19192,134638,9345,38519,172587,4107,57478,272145,25802,102168,11286,1924,0,428249,161328,56834,19,0,433,312.27037753510143,1.4253728549141966
1658347082048,39.295002,0.7894737,0.8214286,0.8214286,0.6923077,0.72,0.8148148,1.0,0.41666666,1.0,59.300003,59.300003,58.600002,58.600002,58.9,59.300003,58.300003,60.300003,59.300003,61.600002,55.9,55.300003,3837073,-1453553,1075200,1075200,1075200,1075200,1075200,1075200,652800,1401600,820,9,17,436,4,10,515,15,42,1005,22,59,348,18,36,0,0,0,557,130,76,0,0,0,314700,10307,20366,175392,2031,10694,195682,15717,39622,375946,18330,83127,129049,15177,45981,0,0,0,394279,163391,112949,0,0,0,311.8679751552795,1.6635527950310558
1658347083140,39.362003,0.7696629,0.6818182,0.85714287,0.72,1.0,1.0,0.625,0.3,1.0,59.600002,59.300003,58.9,59.300003,59.600002,59.9,58.9,60.600002,59.9,62.300003,56.300003,55.600002,3819945,-1607667,1075200,1075200,1075200,1075200,1075200,1075200,652800,1401600,1000,10,16,623,0,3,336,10,21,1004,23,57,338,5,17,0,0,0,520,138,53,0,0,0,358543,10831,15139,255172,0,1326,119870,11683,16418,380601,22507,87831,106901,3058,27105,0,0,0,364816,170330,73068,0,0,0,311.53867492260065,1.3442972136222908
1658347084182,39.433002,0.7692308,0.8,0.68,0.89285713,1.0,0.8,0.68,0.29166666,1.0,59.600002,59.600002,58.300003,59.300003,59.600002,58.600002,58.300003,60.300003,59.300003,61.9,56.300003,55.600002,3823254,-1498108,1075200,1075200,1075200,1075200,1075200,1075200,652800,1401600,985,16,24,446,0,11,251,6,18,743,18,52,141,7,27,465,17,47,591,136,62,0,0,0,354499,12777,34791,179767,0,12239,107010,6967,13654,270975,18001,95039,69174,3148,43059,165936,16421,88093,400484,196910,73823,0,0,0,310.7768152866242,1.5327898089171974
1658347085209,39.504,0.805,0.76,0.6666667,1.0,0.8,0.64,1.0,0.5217391,1.0,59.300003,59.9,59.300003,59.600002,59.9,59.600002,58.600002,60.9,59.600002,62.300003,56.600002,55.600002,3827536,-1488343,1075200,1075200,1075200,1075200,1075200,1075200,652800,1401600,822,10,30,310,9,18,143,3,5,549,16,31,492,26,58,503,13,37,488,127,88,2,0,0,305965,9028,32295,150802,10592,21600,59486,999,4357,211329,22193,35414,197770,21737,95476,164285,11385,48897,356296,159704,128679,39,0,0,310.4665381026438,1.4243732503888025
1658347086283,39.572002,0.74242425,0.52,0.68,1.0,0.6,0.9230769,0.96,0.1904762,1.0,60.300003,60.300003,59.600002,59.600002,59.9,59.9,59.300003,60.9,59.600002,62.600002,56.600002,56.300003,3826368,-1563416,1075200,1075200,1075200,1075200,1075200,1075200,652800,1401600,913,7,11,953,2,9,0,0,0,805,19,57,575,12,39,0,0,0,510,127,63,4,0,0,331028,7937,8880,382881,1720,8926,0,0,0,324060,13532,97180,184540,11894,65182,641,1410,0,360159,135801,87451,307,0,0,309.63616744186044,1.5662635658914728
1658347087344,39.643,0.7635468,0.56,0.7692308,1.0,0.6296296,1.0,0.7307692,0.46153846,1.0,59.9,59.9,59.300003,59.9,59.600002,60.300003,58.9,60.9,60.300003,62.600002,56.9,55.9,3808072,-1615906,1075200,1075200,1075200,1075200,1075200,1075200,652800,1401600,1190,10,44,911,6,16,0,0,0,659,23,53,105,2,5,307,10,29,518,142,93,1,0,0,422375,11341,42656,382436,7514,15756,0,0,0,271047,21509,80617,36152,1099,12740,102962,4735,53628,364079,193026,120401,20,0,0,308.6516137071651,1.5501557632398755
1658347088421,39.693,0.8638743,0.96,0.92,0.9259259,0.76,1.0,0.8695652,0.4347826,1.0,60.300003,60.600002,59.600002,59.9,60.600002,60.600002,59.300003,61.300003,60.300003,62.9,56.600002,56.300003,3812744,-1522523,1075200,1075200,1075200,1075200,1075200,1075200,652800,1401600,1341,5,13,884,1,9,10,3,1,811,24,52,55,2,8,307,7,13,578,111,52,1,0,0,452994,4824,11188,338449,1801,9042,8911,4379,695,332132,28846,86384,20442,759,9186,102738,3351,22022,395713,146462,73354,41,0,0,308.3380913385827,1.5424503937007874
1658347089460,39.744003,0.62643677,0.3809524,0.5,1.0,0.33333334,1.0,0.4090909,0.2857143,1.0,60.600002,60.9,59.9,59.9,60.300003,59.9,59.600002,61.300003,60.300003,62.9,57.300003,56.600002,3814301,-1631165,1075200,1075200,1075200,1075200,1075200,1075200,652800,1401600,725,10,23,806,10,19,126,4,8,799,16,41,22,1,0,258,10,34,627,114,77,1,0,0,274135,8621,26540,310033,10330,18720,34210,4937,7146,302305,13724,51053,8438,331,0,104506,3497,58071,405340,129482,98610,19,0,0,0.015210031347962382,0.017504702194357367
1658347090479,39.812,0.723301,0.3846154,0.92,1.0,0.6086956,1.0,0.6923077,0.15384616,1.0,57.9,58.600002,57.9,57.9,58.600002,58.600002,57.9,60.300003,58.300003,61.300003,55.300003,54.600002,3880477,-715637,1075200,1075200,1075200,1075200,1075200,1075200,652800,1401600,518,6,5,614,7,17,75,11,17,173,26,21,150,7,25,287,39,92,223,58,92,0,0,0,367251,12091,33154,582701,8225,48355,74772,20428,61064,125628,44724,65739,53531,10058,77927,211749,74740,349728,133885,175784,414958,0,0,0,-1.0,-1.0
1658347091523,39.866,0.86341465,1.0,0.8888889,0.9166667,0.7307692,0.76,1.0,0.6666667,1.0,57.300003,57.600002,56.9,57.300003,57.9,57.600002,56.600002,58.600002,57.300003,60.600002,53.9,53.600002,3910841,-421753,1075200,1075200,1075200,1075200,1075200,1075200,652800,1401600,483,76,68,123,22,41,0,0,0,247,37,75,1,0,1,108,6,26,52,72,112,0,0,0,407049,140443,210782,182296,45221,226555,0,0,0,206833,99022,454722,1779,0,2616,89664,16796,174815,43538,231617,685405,0,0,0,-1.0,-1.0
1658347092564,39.896004,0.8,1.0,1.0,1.0,0.64,0.65384614,0.7307692,0.4,1.0,56.9,56.600002,55.9,56.9,57.300003,57.600002,56.9,58.600002,57.300003,60.300003,53.600002,53.600002,3879893,-869141,1075200,1075200,1075200,1075200,1075200,1075200,652800,1401600,0,0,0,157,0,0,123,22,20,382,41,48,267,27,56,106,17,25,161,69,119,4,0,0,0,0,0,136644,0,0,98754,38106,80337,232818,79695,254006,179441,66822,322726,116595,41364,257498,106704,167490,450365,101,0,0,-1.0,-1.0
1658347093624,39.920002,0.8472222,0.6923077,0.8888889,0.84615386,0.9655172,1.0,1.0,0.42307693,1.0,56.600002,56.9,56.600002,56.9,57.300003,57.300003,56.600002,57.9,57.300003,59.600002,53.600002,53.300003,3833959,-1448670,1075200,1075200,1075200,1075200,1075200,1075200,652800,1401600,34,5,14,84,22,36,112,36,42,133,21,48,74,10,35,42,0,2,360,24,47,0,0,0,33074,15047,59278,73241,56933,147598,62845,114955,281898,93879,47778,225603,38742,28422,448435,16226,0,56951,151098,46664,694526,0,0,0,359.41224844720495,3.2216645962732917
1658347094719,39.933002,0.80382776,0.6923077,0.84,0.8076923,0.875,0.7037037,1.0,0.5555556,1.0,58.300003,58.300003,57.600002,57.9,57.9,57.9,56.9,59.300003,57.9,60.600002,55.300003,54.300003,3823059,-1616822,1075200,1075200,1075200,1075200,1075200,1075200,652800,1401600,726,3,12,247,2,3,697,6,24,304,4,7,141,8,15,215,5,18,869,108,47,0,0,0,242356,4943,10829,100770,1177,2187,319372,6538,36366,95741,4252,11586,61083,8221,29147,81658,5519,36056,422326,100890,60133,0,0,0,415.50948286604364,2.797358255451713
1658347095795,39.964,0.83168316,0.88,0.72,0.68,0.76,1.0,1.0,0.61538464,1.0,58.9,58.9,58.600002,58.9,58.9,58.9,58.300003,59.9,59.300003,61.300003,55.9,55.300003,3830456,-1626282,1075200,1075200,1075200,1075200,1075200,1075200,652800,1401600,695,3,13,433,2,12,674,9,26,765,16,39,195,4,14,48,1,4,650,114,55,0,0,0,250449,1920,8860,169569,1941,8734,345410,13165,45152,275890,13021,55073,73613,2310,11453,12347,20,9242,404335,121299,71814,0,0,0,413.301680620155,2.739150387596899
1658347096852,39.994003,0.84577113,0.85714287,0.8076923,0.8518519,0.96,0.84615386,1.0,0.3478261,1.0,59.300003,59.600002,58.9,59.600002,59.300003,59.600002,58.600002,60.300003,59.600002,61.9,56.300003,55.600002,3822281,-1582642,1075200,1075200,1075200,1075200,1075200,1075200,652800,1401600,589,4,16,480,2,9,745,11,23,640,14,40,279,9,17,0,0,0,606,134,58,0,0,0,216880,4218,15145,185266,3250,10559,353519,14990,24297,227492,14263,62732,109425,7530,21647,0,0,0,366668,154295,67438,0,0,0,414.3163726708074,2.7386832298136645
1658347097908,40.043003,0.85096157,0.9230769,0.8214286,0.8076923,0.84615386,0.84615386,0.96428573,0.5,1.0,59.9,59.9,59.9,60.300003,60.300003,59.9,59.300003,60.9,59.9,62.600002,56.9,56.600002,3786078,-1950379,1075200,1075200,1075200,1075200,1075200,1075200,652800,1401600,159,0,0,379,1,1,254,0,1,25,0,0,92,1,2,10,0,0,449,75,31,0,0,0,74165,0,0,130724,0,1202,150293,0,3585,17204,0,0,42462,720,5723,3885,0,0,266899,93113,37183,0,0,0,412.7048473520249,2.914841121495327
1658347098970,40.092003,0.8,0.875,0.7037037,0.7692308,0.7307692,0.84,1.0,0.48,1.0,60.600002,60.600002,59.600002,60.300003,60.600002,59.9,59.600002,61.600002,60.600002,62.600002,57.300003,56.9,3809824,-1537171,1075200,1075200,1075200,1075200,1075200,1075200,652800,1401600,414,4,12,360,1,3,394,9,14,446,9,23,260,7,11,187,6,20,622,140,61,0,0,0,160043,4265,11425,129475,1071,2540,228103,9930,30311,152287,11620,41281,97135,6509,9639,69668,2837,40266,375798,152971,79019,0,0,0,413.32834782608694,3.1970186335403725
1658347100031,40.141003,0.77884614,0.72,0.84615386,0.68,0.7407407,0.8,1.0,0.3846154,1.0,60.600002,60.600002,60.300003,60.300003,60.300003,60.600002,59.600002,61.600002,60.9,63.300003,57.600002,56.600002,3820529,-1594239,1075200,1075200,1075200,1075200,1075200,1075200,652800,1401600,603,6,18,429,0,4,659,10,28,657,13,34,157,4,9,243,4,23,621,141,73,0,0,0,245663,4864,17005,156521,0,2731,308624,11536,48276,247385,10270,55415,50864,5951,13536,78590,3441,41003,406582,150045,86830,0,0,0,413.72268322981364,2.822260869565217
1658347101084,40.193,0.7751196,0.72,0.7916667,0.7407407,0.5833333,0.96153843,0.962963,0.4074074,1.0,60.9,60.9,60.600002,60.9,60.600002,60.9,60.300003,61.9,60.9,63.300003,57.600002,56.9,3807488,-1547547,1075200,1075200,1075200,1075200,1075200,1075200,652800,1401600,686,3,11,741,1,11,636,9,31,521,14,29,217,7,16,0,0,0,590,145,56,0,0,0,221258,1549,15946,263532,391,11301,354070,7292,53539,185549,12558,48125,61124,8279,17350,0,0,0,383285,151843,73325,0,0,0,413.1004112149532,2.8702305295950157
1658347102135,40.250004,0.765,0.8148148,1.0,0.72,0.4090909,0.7777778,1.0,0.34615386,1.0,60.9,60.9,59.9,60.9,61.300003,60.600002,59.9,62.300003,60.9,63.600002,57.9,56.9,3812938,-1552430,1075200,1075200,1075200,1075200,1075200,1075200,652800,1401600,679,10,19,589,4,13,686,8,25,592,9,30,40,0,5,161,5,13,652,120,60,0,0,0,221732,11797,21219,238838,3099,13331,342045,9123,34353,214076,9799,45040,13594,0,10712,59268,4616,21407,395977,124686,76990,0,0,0,413.9046459627329,2.826981366459627
1658347103180,40.299004,0.76119405,0.8518519,0.7692308,0.6956522,0.65217394,0.8,1.0,0.26086956,1.0,61.300003,61.300003,59.9,60.600002,60.600002,60.9,59.9,62.300003,60.9,63.9,57.9,56.9,3815858,-1644593,1075200,1075200,1075200,1075200,1075200,1075200,652800,1401600,402,3,6,285,0,0,735,12,27,1059,17,51,286,6,29,7,0,1,607,111,51,0,0,0,151669,2103,3408,100372,0,0,350697,13844,50937,336178,20270,67053,124850,4850,40639,5228,0,398,396465,134350,59638,0,0,0,412.93693023255815,2.93248992248062
1658347104236,40.348003,0.74603176,0.6363636,0.8333333,0.8333333,0.7083333,0.59090906,1.0,0.36,1.0,61.600002,61.600002,60.600002,60.9,60.9,61.300003,60.300003,62.300003,60.9,63.9,57.9,57.300003,3826174,-1559754,1075200,1075200,1075200,1075200,1075200,1075200,652800,1401600,574,4,9,526,3,11,743,17,24,615,17,36,180,8,19,167,2,6,658,151,56,0,0,0,211086,6116,7638,215822,3200,10817,382908,27375,53939,212726,13931,48190,67042,6193,31960,38461,1773,8544,414069,160421,64863,0,0,0,412.6675130970724,2.819697996918336
1658347105316,40.401,0.89400923,0.8965517,0.9259259,0.9259259,1.0,0.9259259,1.0,0.5,1.0,61.300003,61.600002,60.9,61.9,61.300003,61.300003,60.300003,62.600002,60.9,63.9,57.9,57.300003,3815274,-1583863,1075200,1075200,1075200,1075200,1075200,1075200,652800,1401600,812,6,21,602,4,13,276,8,16,584,7,32,268,6,26,55,1,4,690,128,51,0,0,0,292069,5612,23651,216804,3276,7936,163267,11121,28961,196111,3827,39617,108885,8620,18994,17005,259,10718,413604,141055,65940,0,0,0,413.1637581395349,2.8466108527131784
1658347106417,40.446003,0.8186275,0.8333333,0.8076923,0.7307692,0.61538464,0.96,1.0,0.61538464,1.0,61.9,62.300003,61.600002,62.300003,62.300003,62.300003,61.600002,62.9,62.300003,64.600006,58.600002,57.9,3807683,-1706544,1075200,1075200,1075200,1075200,1075200,1075200,652800,1401600,510,1,7,574,0,4,457,9,12,356,6,15,199,9,25,0,0,0,687,118,38,0,0,0,193777,1997,4559,192228,0,3054,241798,11198,20691,120371,3282,18144,78166,7337,23202,0,0,0,389823,136405,53864,0,0,0,413.80180804953557,2.850922600619195
1658347107605,40.495003,0.7711443,0.5833333,0.88461536,0.8,0.875,0.64,1.0,0.44,1.0,61.9,62.300003,61.300003,62.300003,62.300003,61.9,61.300003,63.300003,61.9,64.600006,58.9,57.600002,3811576,-1653443,1075200,1075200,1075200,1075200,1075200,1075200,652800,1401600,884,2,9,531,2,3,536,13,31,688,15,38,164,8,18,0,0,0,612,120,70,0,0,0,287030,1829,11292,178494,2439,3102,310928,16869,58176,227448,11838,49289,80408,6190,15436,0,0,0,397753,147645,86396,0,0,0,411.7322732919254,2.884919254658385
1658347108689,40.556004,0.7790055,0.9130435,0.9166667,0.59090906,0.9166667,0.35,1.0,0.42857143,1.0,62.300003,62.300003,60.9,61.9,61.9,61.9,61.300003,62.9,61.9,64.600006,58.9,57.9,3800871,-1675416,1075200,1075200,1075200,1075200,1075200,1075200,652800,1401600,699,10,17,590,1,5,517,12,21,664,20,47,237,7,14,10,2,2,648,139,66,0,0,0,258967,11348,11107,201148,2697,5443,277043,14129,32291,264404,23469,71532,89332,5655,15567,3439,792,9016,399370,146928,91665,0,0,0,412.6622954898911,2.7437884914463453
1658347109731,40.612003,0.7703349,0.65384614,0.84,0.65384614,0.7037037,0.9259259,1.0,0.36,1.0,62.600002,62.300003,61.300003,62.300003,62.300003,62.300003,61.600002,63.300003,62.300003,64.9,59.300003,58.300003,3809630,-1692506,1075200,1075200,1075200,1075200,1075200,1075200,652800,1401600,309,2,8,608,0,6,668,8,26,432,14,29,753,14,44,0,0,0,659,121,54,0,0,0,112870,2097,12367,221261,0,2416,320294,11290,52941,171315,13193,41901,259319,14179,32083,0,0,0,411990,117716,63893,0,0,0,410.1992964169381,2.6476091205211727
1658347110771,40.669003,0.8186275,1.0,0.7307692,0.7692308,0.5,1.0,0.962963,0.6296296,1.0,62.300003,62.300003,61.600002,61.9,62.300003,62.300003,61.9,63.600002,62.600002,64.9,58.9,58.600002,3803985,-1696473,1075200,1075200,1075200,1075200,1075200,1075200,652800,1401600,397,7,8,751,2,8,706,6,25,622,13,43,321,8,11,19,1,2,636,125,59,0,0,0,156848,4204,8395,263139,1607,9444,368179,14451,46268,219611,11403,51751,99204,7166,16965,6130,895,5445,404453,136458,71712,0,0,0,414.4469797822706,2.7634961119751167
1658347111835,40.718002,0.99526066,1.0,1.0,1.0,1.0,1.0,0.96153843,1.0,1.0,62.600002,62.9,61.600002,62.300003,62.9,62.9,61.9,63.600002,62.9,64.9,59.300003,58.300003,3811381,-1659241,1075200,1075200,1075200,1075200,1075200,1075200,652800,1401600,346,1,5,272,0,2,738,8,29,927,18,65,39,3,7,348,10,29,687,147,48,0,0,0,126958,316,4660,104726,0,2254,379377,8343,49127,313866,17869,99827,13364,4358,11265,187116,9607,22555,407662,149687,55379,0,0,0,413.5371578947368,2.5191052631578947
1658347112919,40.774002,0.75609756,0.65384614,0.96153843,0.48,0.96153843,1.0,0.44,0.5652174,1.0,62.9,63.300003,62.600002,62.9,62.9,62.9,61.9,63.9,62.600002,65.3,59.600002,58.9,3774206,-1949159,1075200,1075200,1075200,1075200,1075200,1075200,652800,1401600,406,1,10,333,3,13,314,8,19,433,9,29,1,0,0,284,11,29,542,132,62,0,0,0,124198,881,10423,154254,3048,13164,169881,13194,35435,165613,4663,49382,31,0,0,105725,15464,44790,340083,140130,86343,0,0,0,413.0213705426356,2.609215503875969
1658347114017,40.831,0.55801105,1.0,0.09090909,0.20833333,1.0,1.0,0.13043478,0.0,1.0,62.600002,62.600002,61.9,62.300003,62.600002,62.300003,61.300003,63.9,62.300003,65.3,58.9,58.300003,3880088,-609741,1075200,1075200,1075200,1075200,1075200,1075200,652800,1401600,208,0,0,103,0,0,450,16,30,285,8,10,170,0,0,172,15,24,603,100,57,0,0,0,122707,0,0,49593,0,0,247338,13569,73116,137460,12471,14803,78669,0,0,91002,24833,53355,339575,112044,116899,0,0,0,-1.0,-1.0
1658347115019,40.88,0.5431472,0.04,0.0,1.0,1.0,1.0,0.16,0.12,1.0,60.300003,60.300003,59.300003,60.300003,60.600002,60.300003,59.600002,61.9,60.600002,63.600002,56.9,56.9,3902861,-947876,1075200,1075200,1075200,1075200,1075200,1075200,652800,1401600,252,1,0,432,29,32,300,55,94,8,0,2,152,27,23,131,12,48,82,59,130,0,0,0,275306,567,0,371079,76795,123051,268099,108944,382187,976,0,5288,126109,54961,85564,121677,20827,356785,73324,185068,558607,0,0,0,-1.0,-1.0
1658347116060,40.925003,0.5329949,1.0,1.0,0.041666668,0.04347826,1.0,0.083333336,0.0,1.0,58.300003,58.600002,58.600002,59.300003,59.600002,59.300003,58.300003,60.600002,59.300003,62.300003,55.9,55.300003,3894881,-555115,1075200,1075200,1075200,1075200,1075200,1075200,652800,1401600,198,13,41,480,52,81,102,12,35,0,0,0,0,0,0,161,29,71,84,68,165,0,0,0,226005,43697,327849,365380,135611,417562,86871,30796,186176,0,0,0,0,0,0,155695,69684,492292,97650,217957,636711,0,0,0,-1.0,-1.0
1658347117080,40.940002,0.7488152,0.7037037,0.6,0.9259259,0.962963,0.48,0.9259259,0.34615386,1.0,58.9,58.600002,57.300003,58.600002,57.9,57.9,57.300003,59.9,58.300003,61.300003,54.9,54.600002,3906364,-504150,1075200,1075200,1075200,1075200,1075200,1075200,652800,1401600,123,25,31,24,3,2,284,60,75,144,29,51,28,2,8,238,21,65,122,49,108,2,0,0,81854,58430,161274,6095,5498,7779,213162,146351,368473,102832,68092,198218,21168,4736,47511,157644,39061,452411,100118,120328,635935,33,0,0,0.007539657853810264,0.014096423017107309
1658347118141,40.948,0.84951454,0.84,0.6923077,0.7692308,0.92,1.0,0.96153843,0.53846157,1.0,58.9,59.300003,58.600002,58.9,59.600002,59.300003,58.300003,60.300003,58.9,61.9,55.9,55.600002,3825979,-1476441,1075200,1075200,1075200,1075200,1075200,1075200,652800,1401600,408,10,12,446,0,0,178,47,41,177,3,5,353,30,49,173,17,32,476,38,67,3,0,0,148051,25664,20545,135087,0,0,101246,111256,106294,68271,3392,3547,144739,52328,329259,85385,38509,306429,258001,48395,490649,63,0,0,316.7908217054263,2.827906976744186
1658347119211,40.948,0.7853659,0.8,0.75,0.5,1.0,0.8888889,0.9259259,0.46153846,1.0,60.600002,60.9,59.9,60.600002,60.600002,60.300003,59.600002,61.600002,60.300003,62.9,57.300003,56.600002,3817220,-1671143,1075200,1075200,1075200,1075200,1075200,1075200,652800,1401600,601,4,5,991,3,8,459,9,22,559,13,26,298,8,12,157,2,13,592,106,53,1,0,0,185256,9291,2168,309145,2715,5080,159701,9546,26991,172447,19758,34932,101704,8383,24790,48693,360,17511,359423,115267,64895,17,0,0,702.7095155279503,4.708422360248448
1658347120263,40.974003,0.76555026,1.0,0.68,0.6296296,0.7777778,0.92,0.68,0.4074074,1.0,61.300003,61.300003,60.600002,61.300003,61.300003,61.300003,60.600002,61.9,60.9,63.600002,57.9,57.300003,3820529,-1622315,1075200,1075200,1075200,1075200,1075200,1075200,652800,1401600,367,1,5,822,0,2,858,16,30,357,3,14,63,2,7,193,2,10,640,108,52,1,0,0,118671,2423,3541,254860,0,1617,278000,16256,36056,133307,5445,11883,20494,734,9477,58686,413,10178,384804,100982,62957,16,0,0,495.67059409020214,3.2196080870917574
1658347121359,40.997,0.7635468,0.54545456,0.7083333,0.96,0.45833334,1.0,1.0,0.42857143,1.0,61.600002,61.600002,60.600002,61.600002,61.600002,61.600002,60.300003,62.300003,61.600002,64.3,58.600002,57.9,3820335,-1654969,1075200,1075200,1075200,1075200,1075200,1075200,652800,1401600,223,0,5,692,1,4,857,15,36,505,8,28,275,6,26,322,5,23,552,125,70,0,0,0,78023,0,6848,239555,356,2686,297957,17768,56954,171879,7152,33768,103695,4011,43258,104839,4714,40742,362860,126616,82200,0,0,0,500.8576496124031,2.791491472868217
1658347122403,41.042004,0.75,1.0,1.0,0.5,0.68,0.5,1.0,0.4,0.9583333,62.300003,61.9,60.9,61.9,61.600002,61.600002,61.300003,62.9,61.9,64.600006,58.600002,57.600002,3793475,-1693116,1075200,1075200,1075200,1075200,1075200,1075200,652800,1401600,476,4,6,526,1,7,905,6,33,859,15,55,138,2,13,0,0,0,547,110,40,0,0,0,153805,4213,4538,200939,1831,6929,258449,4453,39493,303562,16479,66135,46297,919,32963,0,0,0,351415,125904,63955,0,0,0,509.0268864696734,3.0191477449455677
1658347123466,41.084003,0.8592233,0.96,1.0,0.8214286,0.7037037,0.84615386,1.0,0.5,0.96153843,62.300003,62.300003,61.600002,61.9,61.9,61.600002,60.9,63.300003,61.600002,64.600006,58.600002,57.9,3807099,-1611024,1075200,1075200,1075200,1075200,1075200,1075200,652800,1401600,176,1,2,113,0,2,674,16,41,545,14,31,369,12,35,4,0,1,568,111,61,65,0,1,70187,378,2267,44493,0,2191,254639,15642,59873,204852,15374,42482,126631,11976,53708,6090,0,359,369543,130736,78865,13547,0,13,512.9908553654743,3.0868802488335927
1658347124545,41.118004,0.8357488,0.84,0.9166667,0.76,0.88,0.6666667,1.0,0.6296296,1.0,62.600002,62.600002,61.9,61.9,62.300003,62.600002,61.9,63.600002,62.9,64.9,59.600002,58.600002,3799119,-1746522,1075200,1075200,1075200,1075200,1075200,1075200,652800,1401600,295,0,1,703,0,3,397,3,11,794,3,26,328,7,8,83,2,10,582,113,40,13,0,3,112729,0,1181,205229,0,1649,111389,1653,15956,248191,7972,31228,101862,8292,10361,30781,1736,9565,341206,133891,52266,4509,0,3481,524.758031152648,2.84396261682243
1658347125633,41.163002,0.7817259,0.72727275,0.8,0.7777778,0.9130435,0.68,1.0,0.3181818,1.0,62.9,62.600002,61.9,62.600002,62.600002,62.9,61.9,63.9,62.9,65.3,59.600002,58.9,3799119,-1784058,1075200,1075200,1075200,1075200,1075200,1075200,652800,1401600,829,3,20,489,1,6,622,15,39,518,13,41,401,3,4,78,1,4,566,123,46,1,0,0,252348,2504,16880,172536,1594,5692,210911,20346,42818,189168,16155,56855,116632,2086,4138,30504,738,5470,375019,136528,60535,28,0,0,499.6378790697674,2.9890976744186046
1658347126689,41.204002,0.7980769,0.7916667,0.8,0.7307692,0.9166667,1.0,0.79310346,0.36,1.0,62.9,62.600002,61.600002,62.9,62.600002,62.9,61.9,63.9,62.9,65.600006,59.600002,58.9,3807294,-1719971,1075200,1075200,1075200,1075200,1075200,1075200,652800,1401600,611,12,14,892,3,13,410,6,19,480,8,23,438,9,28,218,2,11,614,123,72,0,1,0,198962,8798,12965,286210,2567,9564,142387,7046,25078,178733,8836,35511,139846,8070,33670,58129,2851,16065,421146,127357,92506,0,264,0,516.5224292527822,3.0442225755166934
1658347127782,41.242,0.79802954,0.96153843,0.8076923,0.56,0.625,0.9230769,0.96153843,0.48,1.0,63.300003,63.600002,62.9,63.300003,63.600002,63.600002,62.9,64.3,63.600002,65.600006,60.300003,59.600002,3800287,-1727601,1075200,1075200,1075200,1075200,1075200,1075200,652800,1401600,255,0,0,545,0,0,547,2,6,61,0,0,76,1,2,371,2,1,559,116,52,0,1,1,70086,0,0,166698,0,0,180128,4008,7215,35434,0,0,26152,30,1759,114217,1083,298,377955,133199,70396,0,436,462,522.7989333333334,3.2382511627906974
1658347128844,41.287003,0.7920792,0.7692308,0.84,0.7407407,0.625,0.9230769,1.0,0.4,1.0,63.9,63.600002,62.9,63.300003,63.600002,63.300003,61.9,64.600006,63.600002,66.3,60.300003,59.600002,3802817,-1783753,1075200,1075200,1075200,1075200,1075200,1075200,652800,1401600,505,2,1,504,1,11,669,14,36,878,15,49,132,3,10,146,7,15,570,98,60,2,0,0,157678,723,430,168830,414,7161,225418,13668,43564,304153,14136,73114,58539,3344,7789,66445,6882,14631,360587,110788,76646,38,0,0,528.7376448598131,3.3214205607476637
1658347129896,41.325,0.8357488,0.6923077,0.7777778,0.962963,0.7916667,1.0,0.92,0.61538464,1.0,63.9,63.9,62.600002,63.600002,63.600002,63.600002,62.600002,64.9,63.9,66.3,60.300003,59.600002,3809046,-1583558,1075200,1075200,1075200,1075200,1075200,1075200,652800,1401600,483,4,14,374,2,1,976,13,43,822,10,49,43,3,5,89,2,7,558,108,63,0,0,2,164674,2351,12917,121637,1471,1041,308918,10671,47319,278915,6464,64418,20113,2388,3965,34084,652,15322,365706,125899,72019,0,0,873,540.5618164852254,3.2666874027993775
1658347130957,41.344,0.85148513,0.84,0.8888889,0.76,0.7777778,1.0,1.0,0.5833333,1.0,64.3,64.3,63.300003,63.9,63.9,64.3,63.600002,64.9,63.9,66.600006,60.9,59.9,3800676,-1705323,1075200,1075200,1075200,1075200,1075200,1075200,652800,1401600,1174,5,10,841,2,9,344,5,19,523,9,28,20,1,3,68,1,6,615,124,47,0,0,0,351328,4505,6593,256736,2211,8451,124550,3816,22118,199020,9726,32787,10146,1234,3615,21422,2522,9018,386655,147780,59846,0,0,0,553.3764458204333,3.062736842105263
1658347132059,41.378002,0.7294686,0.8076923,0.7037037,0.6296296,0.7307692,0.7307692,0.8518519,0.39130434,1.0,63.9,64.600006,63.600002,64.3,63.9,63.9,63.300003,65.600006,64.3,66.9,60.600002,59.9,3815274,-1669007,1075200,1075200,1075200,1075200,1075200,1075200,652800,1401600,260,0,0,562,1,11,775,8,29,635,12,37,44,1,1,493,15,42,616,116,72,1,0,1,79588,0,0,196081,739,7887,242656,3628,26595,208983,13065,47418,15693,488,420,180571,11884,50725,404252,113214,83791,3305,16,530,562.8569302325582,3.491671317829457
1658347133118,41.416,0.6934673,0.6,0.6086956,0.48,0.52,0.96153843,1.0,0.39130434,1.0,63.9,64.3,63.300003,63.600002,63.600002,63.600002,62.9,65.600006,63.600002,65.600006,60.9,60.300003,3816442,-1572571,1075200,1075200,1075200,1075200,1075200,1075200,652800,1401600,592,3,8,845,0,5,753,13,38,596,16,35,337,3,17,62,2,9,659,94,36,254,3,4,190741,2501,9196,267554,0,2490,262792,12713,47420,234222,16172,55404,98257,884,37975,28897,1127,23057,406039,101389,46653,48201,931,3286,516.9171339563862,2.96
1658347134151,41.461002,0.69518715,0.65217394,0.75,0.59090906,0.6086956,0.65217394,0.9166667,0.36363637,1.0,63.9,64.600006,63.600002,63.9,64.3,63.9,62.9,65.3,64.3,66.9,60.600002,60.300003,3803206,-1671754,1075200,1075200,1075200,1075200,1075200,1075200,652800,1401600,790,6,16,1158,3,11,695,13,39,646,22,49,223,4,11,68,2,6,523,126,79,0,1,1,280971,5164,15410,374071,4391,14708,244335,12235,74230,225666,26076,96512,75791,3202,16537,21156,1685,28147,323715,173773,127765,0,309,404,515.6898040435458,2.7081057542768274
1658347135174,41.495003,0.7830189,0.84615386,0.7777778,0.78571427,0.65384614,0.84615386,0.8518519,0.46153846,1.0,64.3,63.600002,63.300003,63.600002,63.600002,63.9,62.9,65.600006,63.9,65.9,60.9,59.9,3807878,-1628419,1075200,1075200,1075200,1075200,1075200,1075200,652800,1401600,706,10,17,1534,6,19,559,16,39,744,29,45,589,24,57,185,9,26,539,111,71,2,1,0,259819,11328,17013,485314,6356,20540,225667,21656,72353,276538,36273,79421,255045,35646,115636,75723,6843,50439,355632,125738,97819,42,418,0,516.930913580247,2.730518518518519
1658347136227,41.532,0.57731956,0.5217391,0.45833334,0.44444445,0.5185185,0.3478261,1.0,0.32,1.0,63.9,63.9,62.9,63.600002,63.600002,63.9,62.9,65.3,63.300003,66.3,60.9,60.300003,3810797,-1592713,1075200,1075200,1075200,1075200,1075200,1075200,652800,1401600,583,7,13,1112,5,20,572,11,38,859,35,65,507,18,51,337,7,30,641,112,36,11,0,0,218094,6770,18499,360847,3798,22107,228411,17326,79939,334116,56647,135092,201020,16093,93980,120633,8479,39477,391375,136388,47828,292,0,0,516.2085499181669,2.545545008183306
1658347137256,41.566,0.40703517,0.2,0.28,0.625,0.29166666,0.5,0.041666668,0.33333334,1.0,63.600002,63.600002,62.600002,62.9,63.300003,63.9,62.9,65.600006,63.600002,65.600006,60.9,59.9,3806321,-1571351,1075200,1075200,1075200,1075200,1075200,1075200,652800,1401600,1264,13,34,1653,8,34,763,45,101,724,45,84,552,43,67,67,6,6,544,142,71,2,0,0,527136,10102,42883,609550,7918,36443,354355,57303,245204,366123,67110,208963,276809,63457,167071,40934,7968,35657,389103,189965,94161,37,0,0,466.64017161716174,2.621425742574257
1658347138304,41.615,0.35148516,0.041666668,0.12,0.5555556,0.1923077,0.4814815,0.30769232,0.2,1.0,62.300003,62.300003,61.600002,61.9,61.9,61.9,61.600002,64.600006,62.300003,64.600006,59.9,59.300003,3840382,-1161805,1075200,1075200,1075200,1075200,1075200,1075200,652800,1401600,1131,16,28,1126,15,35,618,28,41,757,40,88,305,26,46,236,24,62,368,73,86,0,0,0,522290,16341,61695,508444,25242,71609,276355,35696,80658,348390,56209,237217,204637,38651,118055,150869,54539,316098,258582,120781,237445,0,0,0,-1.0,-1.0
1658347139333,41.661003,0.3169399,0.09090909,0.125,0.08695652,0.045454547,0.125,1.0,0.08695652,1.0,59.9,59.600002,58.600002,59.300003,59.9,60.300003,59.600002,62.600002,59.9,62.600002,57.300003,57.300003,3864906,-780945,1075200,1075200,1075200,1075200,1075200,1075200,652800,1401600,596,24,56,649,48,58,50,12,23,268,70,84,163,32,75,151,35,71,6,18,99,0,0,0,648385,43492,252291,665341,81244,129757,52625,30911,168498,252111,166553,435522,193869,70575,456967,169130,92334,500134,9723,73372,805082,0,0,0,-1.0,-1.0
1658347140365,41.676003,0.30769232,0.2173913,0.52380955,0.0,0.04761905,0.3478261,0.09090909,0.04347826,1.0,58.300003,58.300003,57.600002,58.300003,59.300003,59.300003,58.600002,61.600002,59.300003,61.600002,56.300003,56.300003,3903834,-370788,1075200,1075200,1075200,1075200,1075200,1075200,652800,1401600,421,50,75,283,24,73,325,33,95,252,53,87,157,18,52,11,0,2,107,97,175,1,0,0,450344,112395,328134,321842,53610,420479,250090,57601,588946,245398,144661,511677,100311,42255,563954,15427,0,15673,103705,306050,548094,449,0,0,-1.0,-1.0
1658347141404,41.687,0.5955056,0.54545456,0.45454547,0.52380955,0.65217394,0.42857143,0.82608694,0.3043478,1.0,57.300003,57.300003,57.300003,57.600002,57.600002,57.9,57.300003,60.600002,57.600002,60.300003,55.600002,55.300003,3905780,-660400,1075200,1075200,1075200,1075200,1075200,1075200,652800,1401600,387,29,59,365,19,36,169,50,84,282,57,66,147,28,60,260,24,66,192,66,101,9,0,1,342794,64816,260031,376706,40098,303730,157531,103623,344131,195892,141196,380954,112728,63703,443321,140217,44695,568431,96100,148006,643681,1288,0,487,13.703342635658915,0.3029209302325581
1658347142438,41.698,0.6769231,0.5,0.54545456,0.75,0.5416667,0.5769231,1.0,0.39130434,1.0,59.300003,59.300003,58.9,59.300003,59.600002,59.9,58.9,61.300003,59.300003,61.300003,57.300003,56.600002,3821892,-1636353,1075200,1075200,1075200,1075200,1075200,1075200,652800,1401600,1003,19,42,1293,28,26,683,26,52,543,19,37,252,23,40,155,8,29,366,41,148,5,0,0,414060,36052,119009,490726,46621,39922,319151,48403,249197,210107,27170,69936,125355,38081,253502,84109,9414,254932,259218,51192,404902,104,0,0,725.3528078175897,5.397837133550488
1658347143470,41.687,0.6830601,0.61904764,0.54545456,0.65217394,0.5833333,0.6666667,1.0,0.36363637,1.0,60.9,60.600002,59.9,59.9,60.600002,60.600002,59.9,62.300003,60.300003,62.600002,57.9,57.600002,3812160,-1589966,1075200,1075200,1075200,1075200,1075200,1075200,652800,1401600,1352,8,17,1795,8,29,702,15,31,695,21,33,377,17,47,0,0,0,613,78,128,0,0,0,492691,9143,13488,551044,8034,34357,487003,31433,57060,289957,15350,74236,166397,19610,148667,723,0,0,366498,86064,168594,0,0,0,621.096039151713,4.46715823817292
1658347144535,41.706,0.70873785,0.5925926,0.6,0.76,0.625,0.6896552,1.0,0.36,1.0,61.300003,61.300003,60.300003,60.600002,61.300003,61.300003,60.300003,62.9,60.9,62.9,58.300003,57.600002,3805737,-1580811,1075200,1075200,1075200,1075200,1075200,1075200,652800,1401600,1189,5,10,1221,9,22,788,20,29,515,19,46,199,6,26,502,10,30,667,106,54,1,0,0,466643,2180,9047,492742,5780,32982,494876,37070,65524,185248,17390,81968,74286,6163,97717,160232,11535,91642,404579,106976,56554,27,0,0,618.5042906793049,4.216619273301737
1658347145620,41.744003,0.6836158,0.6363636,0.52380955,0.76,0.9047619,0.5652174,0.5652174,0.47368422,1.0,61.9,61.600002,60.9,61.600002,61.9,61.9,61.300003,63.300003,62.300003,63.600002,59.300003,58.600002,3814106,-1650391,1075200,1075200,1075200,1075200,1075200,1075200,652800,1401600,1311,6,14,1292,5,15,857,11,20,661,25,55,426,28,51,0,0,0,573,134,84,4,0,0,435011,6769,13238,513953,3435,14880,495958,15960,30699,243640,24630,87595,185094,24961,143898,0,0,0,344699,157182,106646,809,0,0,623.170304,3.9403007999999997
1658347146690,41.785004,0.7095238,0.7692308,0.6,0.5925926,0.48,0.6296296,1.0,0.56,1.0,62.300003,62.300003,61.600002,61.9,62.300003,61.9,61.600002,63.9,62.600002,64.3,59.9,58.9,3812938,-1671754,1075200,1075200,1075200,1075200,1075200,1075200,652800,1401600,1232,6,16,1671,8,23,792,15,22,423,16,32,493,18,32,144,10,33,1045,78,51,4,0,0,453729,5797,16181,580539,5092,23361,493913,24874,52086,182774,26042,75587,206845,20111,30368,79526,10439,104505,493639,70405,49236,71,0,0,615.6193580246913,3.9313580246913578
1658347147852,41.819,0.615,0.52,0.5,0.64,0.4814815,0.33333334,1.0,0.39130434,1.0,62.600002,62.600002,61.600002,62.300003,62.9,62.9,61.9,64.3,62.600002,64.600006,59.9,58.9,3797562,-1651002,1075200,1075200,1075200,1075200,1075200,1075200,652800,1401600,844,6,18,1131,1,12,837,10,19,862,13,39,120,12,17,61,3,5,716,96,98,0,0,0,327337,6409,19935,357540,1485,10519,496634,16698,36202,233076,13340,48050,68296,11107,35105,18414,6017,15516,442012,95267,111877,0,0,0,622.7843962848298,3.781894736842105
1658347148912,41.876003,0.6386139,0.5416667,0.56,0.56,0.8076923,0.5,0.76,0.41666666,1.0,62.300003,62.600002,61.600002,61.9,62.600002,62.9,62.300003,64.3,63.300003,64.600006,59.9,59.300003,3808462,-1726685,1075200,1075200,1075200,1075200,1075200,1075200,652800,1401600,1461,18,31,1731,5,17,901,25,42,696,36,84,393,29,71,0,0,0,537,126,104,2,0,1,506755,18998,31627,581283,5444,23423,547933,36011,81019,315838,42319,187506,193537,47641,347399,0,0,0,364988,155899,157053,1142,0,2034,621.1438761609908,3.9746377708978327
1658347149963,41.898003,0.66831684,0.54545456,0.48,0.5833333,0.52,0.8148148,0.7777778,0.5185185,1.0,62.600002,62.600002,61.9,62.9,62.9,62.9,62.300003,64.600006,62.9,64.9,60.300003,59.600002,3806126,-1695252,1075200,1075200,1075200,1075200,1075200,1075200,652800,1401600,1160,10,24,1590,10,32,1197,23,38,385,16,30,425,28,66,262,33,59,451,128,127,1,0,0,436059,9722,24393,557887,10088,35882,558714,34451,67574,177688,13009,52379,203705,36759,205246,150176,53759,185670,332962,187838,203991,21,0,0,611.9778461538461,4.024861538461539
1658347151026,41.940002,0.631016,0.54545456,0.54545456,0.6666667,0.3809524,0.7826087,0.8,0.27272728,1.0,62.9,62.9,62.600002,62.600002,62.9,63.300003,62.600002,64.9,63.300003,64.9,60.300003,59.600002,3810019,-1763917,1075200,1075200,1075200,1075200,1075200,1075200,652800,1401600,1201,7,21,1708,11,31,1102,21,28,673,30,63,86,7,14,305,21,59,397,114,134,1,0,0,466871,4746,19418,607324,10511,31800,559870,31875,43320,275887,36966,154827,50940,7331,48434,162120,19885,264877,306359,160900,211295,21,0,0,618.6432933549432,3.6865867098865475
1658347152048,41.981003,0.62189054,0.6,0.48,0.6923077,0.5,0.6666667,0.72,0.28,1.0,62.9,63.300003,62.300003,62.9,62.600002,62.9,61.9,64.600006,62.9,64.9,60.300003,59.600002,3813328,-1562195,1075200,1075200,1075200,1075200,1075200,1075200,652800,1401600,1258,10,17,1453,6,16,924,22,42,602,18,49,261,15,44,238,21,49,558,108,90,0,0,0,476985,9109,18905,549027,5664,19582,472080,26580,66020,244055,23849,117422,137390,18077,151164,125949,24291,179434,357415,119895,111715,0,0,0,617.0890897832817,3.7053622291021675
1658347153107,42.027,0.7025641,0.6363636,0.59090906,0.6666667,0.5833333,0.6666667,1.0,0.41666666,1.0,63.300003,63.300003,62.9,63.300003,63.600002,63.300003,62.600002,64.9,63.300003,64.9,60.600002,59.9,3779655,-2041627,1075200,1075200,1075200,1075200,1075200,1075200,652800,1401600,1113,14,13,1514,7,12,754,19,32,569,28,76,408,21,50,173,6,27,581,82,98,0,0,0,435888,9651,12855,499679,8341,10914,403028,33777,71008,240185,25430,125445,169996,30555,189574,67074,7876,84691,379080,88260,103807,0,0,0,620.3374681181959,3.5913157076205287
1658347154140,42.076,0.627451,0.52,0.48,0.52,0.5416667,1.0,0.53571427,0.42307693,1.0,63.9,63.9,62.9,63.9,63.600002,63.600002,63.300003,65.3,63.600002,65.600006,61.300003,60.300003,3802428,-1730347,1075200,1075200,1075200,1075200,1075200,1075200,652800,1401600,727,3,9,976,2,8,650,7,13,478,12,29,297,7,27,65,2,4,802,82,30,0,0,0,275341,877,10342,322525,1618,9764,315301,8453,28092,166934,7309,44868,103317,7553,91723,26680,3370,9786,481009,87783,39850,0,0,0,622.8434214618974,3.723595645412131
1658347155177,42.098003,0.85915494,0.82758623,0.7307692,0.9285714,1.0,0.89285713,1.0,0.52,1.0,63.9,63.9,63.300003,63.300003,63.600002,63.600002,63.300003,65.600006,63.600002,65.9,60.9,59.9,3799508,-1656190,1075200,1075200,1075200,1075200,1075200,1075200,652800,1401600,1141,9,24,1535,12,34,1045,30,53,615,27,56,246,15,35,357,22,63,493,105,109,0,0,0,464177,8724,18344,582703,9448,37260,523757,37433,101357,261303,26124,131754,106673,31672,148904,178487,22660,202309,362593,130645,139666,0,0,0,617.5140557275543,3.704767801857585
1658347156273,42.147003,0.7175141,0.6363636,0.54545456,0.59090906,0.73913044,0.71428573,1.0,0.45454547,1.0,63.9,63.9,63.300003,63.600002,63.600002,63.300003,62.9,65.9,63.600002,65.600006,60.9,60.300003,3811965,-1657410,1075200,1075200,1075200,1075200,1075200,1075200,652800,1401600,816,7,17,1722,6,25,657,26,46,284,20,40,237,3,35,99,8,45,644,120,93,7,0,0,349504,5181,15806,555990,6855,26498,375858,49231,113064,136956,18779,68791,75433,1304,146625,62732,12477,344113,408036,122547,113413,1524,0,0,621.1398603174603,4.010006349206349
1658347157298,42.189003,0.6195122,0.5,0.56,0.5925926,0.5,0.5,1.0,0.34615386,1.0,64.600006,64.3,63.600002,63.9,64.3,63.9,63.600002,65.9,64.3,65.9,61.600002,60.600002,3803790,-1686402,1075200,1075200,1075200,1075200,1075200,1075200,652800,1401600,1138,7,14,1571,6,24,891,22,36,639,35,57,413,23,54,21,0,3,509,113,75,1,0,0,437074,6309,15149,523591,3324,24952,480465,33481,69782,283242,31959,92105,168571,23604,241838,9142,0,5643,350213,155736,112576,18,0,0,620.7707371695179,4.085449455676516
1658347158364,42.234,0.6318408,0.5769231,0.56,0.5,0.76,0.5416667,0.8,0.4,1.0,63.9,63.9,63.300003,63.600002,63.9,63.9,63.300003,65.9,63.9,65.9,61.600002,60.600002,3814301,-1619569,1075200,1075200,1075200,1075200,1075200,1075200,652800,1401600,1181,8,19,1675,8,28,806,26,37,614,37,63,296,19,63,156,9,19,523,119,89,1,0,0,460033,7117,19526,573904,8367,37024,511066,40856,57430,280839,44534,85933,123907,27900,372656,58121,13891,115941,360240,154475,122555,15,0,0,617.809576736672,3.847340872374798
1658347159389,42.287003,0.61538464,0.5217391,0.52,0.6,0.84,0.41666666,0.76,0.17391305,1.0,64.600006,64.3,63.600002,63.600002,63.600002,63.9,62.9,66.3,63.9,65.9,61.600002,60.600002,3811187,-1635438,1075200,1075200,1075200,1075200,1075200,1075200,652800,1401600,1218,8,20,1444,6,12,987,27,37,613,21,47,296,12,37,188,7,17,600,146,54,0,0,0,423085,3898,23218,521644,7596,9675,492503,37012,65458,247027,15771,59172,139203,18890,187557,68874,6671,17541,363167,163887,65494,0,0,0,619.7764492979719,3.8729984399375974
1658347160436,42.336002,0.5841584,0.61538464,0.5925926,0.42857143,0.6666667,0.44444445,0.6956522,0.083333336,1.0,64.3,64.3,63.300003,63.9,63.600002,64.3,63.300003,65.9,64.3,66.3,61.300003,60.600002,3803596,-1647950,1075200,1075200,1075200,1075200,1075200,1075200,652800,1401600,1035,9,27,1617,7,23,853,28,45,376,25,44,436,18,61,167,9,39,543,111,95,2,0,0,430440,8418,26674,558729,6599,22900,503688,47922,93986,179703,31756,62906,183737,16158,307026,72838,9221,149587,359381,143690,127969,57,0,0,617.6054828660435,4.197781931464175
1658347161493,42.381,0.3988764,0.14285715,0.13636364,0.14285715,0.13636364,0.18181819,1.0,0.36363637,1.0,64.3,64.600006,63.600002,64.3,64.3,63.9,63.300003,65.9,63.9,66.3,61.9,60.9,3799119,-1609193,1075200,1075200,1075200,1075200,1075200,1075200,652800,1401600,1222,9,16,1465,6,18,1040,28,33,705,25,56,573,34,70,166,7,17,400,101,149,3,0,0,459801,6220,15387,545589,5654,22259,506866,35854,45934,302164,21907,82199,260350,47972,206644,69107,9430,33702,324229,132968,236543,73,0,0,472.42117795275595,3.0093228346456695
1658347162516,42.423,0.33,0.083333336,0.083333336,1.0,0.12,0.041666668,0.115384616,0.08,1.0,62.600002,62.300003,61.600002,61.9,62.300003,62.9,62.300003,65.3,62.600002,65.3,60.300003,59.600002,3874833,-729980,1075200,1075200,1075200,1075200,1075200,1075200,652800,1401600,1038,15,33,1144,5,20,641,33,43,451,50,68,202,21,39,142,9,37,495,63,81,1,0,0,546473,16194,60050,583334,4551,60320,367228,71089,132453,256542,83176,167703,119217,42068,219890,80612,13894,204787,275299,110947,240480,24,0,0,-1.0,-1.0
1658347163556,42.479004,0.31460676,0.13636364,0.04761905,0.09090909,1.0,0.045454547,0.13043478,0.045454547,1.0,60.9,60.600002,60.600002,60.300003,60.600002,60.600002,60.300003,63.300003,60.600002,63.300003,58.600002,58.300003,3876195,-885315,1075200,1075200,1075200,1075200,1075200,1075200,652800,1401600,499,37,46,614,11,55,102,22,24,288,57,103,219,43,92,151,30,70,24,18,110,0,0,0,515759,76764,203722,544464,16079,357598,99978,41143,208471,281300,104138,440769,211588,104101,551557,143459,73269,355365,22100,63132,800859,0,0,0,-1.0,-1.0
1658347164563,42.502003,0.3125,0.08,0.11111111,1.0,0.03846154,0.03846154,0.14814815,0.03846154,1.0,59.9,59.600002,59.300003,59.600002,59.600002,59.600002,59.300003,62.300003,59.600002,62.300003,57.600002,57.300003,3855564,-768127,1075200,1075200,1075200,1075200,1075200,1075200,652800,1401600,423,59,73,655,88,101,267,54,108,74,8,19,209,25,88,92,5,56,16,19,112,0,0,0,374160,113362,367314,438247,159439,276417,225956,104161,592303,57898,12052,55752,175349,36695,572245,92253,5759,623311,22979,74028,873702,0,0,0,-1.0,-1.0
1658347165602,42.525,0.5425532,0.6,0.5217391,0.4090909,0.45454547,0.68,0.47826087,0.20833333,1.0,58.9,58.9,58.600002,58.9,58.600002,59.300003,58.600002,61.9,59.600002,61.600002,56.9,56.600002,3898579,-399170,1075200,1075200,1075200,1075200,1075200,1075200,652800,1401600,595,55,65,384,16,52,283,29,42,254,35,58,180,27,49,325,33,72,135,19,85,9,0,0,492417,123007,184403,346592,25757,402662,168115,48767,79357,134258,95130,380194,130065,56169,585548,172377,63802,485938,69695,36533,790181,234,0,0,11.472852664576802,0.2609529780564263
1658347166650,42.543003,0.9142857,0.9230769,0.96153843,0.8333333,1.0,0.96153843,1.0,0.6296296,1.0,60.9,60.600002,59.9,60.600002,60.9,60.9,59.9,62.300003,61.300003,62.600002,58.300003,57.600002,3808656,-1598511,1075200,1075200,1075200,1075200,1075200,1075200,652800,1401600,811,23,37,1109,11,26,768,27,46,824,32,54,468,34,45,440,16,36,285,64,138,11,0,0,383538,42236,77494,437063,23259,136155,324248,35260,74536,397706,47950,181768,197307,50417,194932,154024,24169,236545,211381,123875,435653,486,0,0,540.3219378881987,4.1300869565217395
1658347167957,42.543003,0.774359,0.7407407,0.6666667,0.8333333,0.59090906,0.88,1.0,0.47826087,1.0,61.600002,61.9,60.9,61.600002,61.300003,61.300003,60.9,63.600002,61.9,63.600002,59.600002,58.9,3812354,-1701356,1075200,1075200,1075200,1075200,1075200,1075200,652800,1401600,920,5,6,955,5,12,884,18,34,520,19,21,438,27,41,8,0,1,767,58,132,0,0,0,360856,3879,5114,359137,6072,21089,309614,20337,35374,315817,33411,46735,169243,25761,75387,2205,0,4012,361309,64828,197831,0,0,0,626.9569404388715,3.8123636363636364
1658347169060,42.592003,0.71291864,0.6666667,0.5925926,0.64285713,0.56,0.7083333,1.0,0.51724136,1.0,62.600002,62.300003,61.9,62.300003,61.9,62.300003,61.600002,64.600006,62.300003,64.3,59.9,59.300003,3798730,-1581727,1075200,1075200,1075200,1075200,1075200,1075200,652800,1401600,980,7,11,1309,4,8,562,10,22,861,7,20,377,15,24,0,0,0,370,62,152,0,0,0,322278,6484,8649,457368,3573,7155,216808,9980,25788,434321,12346,42309,130667,11050,39551,0,0,0,281856,112095,284235,0,0,0,631.289218210361,3.709990580847724
1658347170124,42.634003,0.8194444,0.8076923,0.89285713,0.8076923,0.7037037,1.0,1.0,0.28,1.0,62.600002,62.300003,61.9,62.300003,62.300003,62.300003,61.600002,64.600006,62.300003,64.600006,59.9,59.300003,3811576,-1550599,1075200,1075200,1075200,1075200,1075200,1075200,652800,1401600,1098,9,22,1448,7,18,865,23,50,730,23,23,309,20,57,3,0,1,523,95,123,0,0,0,448232,8735,22819,547236,8510,16560,335199,37267,104231,508154,44238,40623,136579,18905,199821,1382,0,722,360602,108137,147522,0,0,0,641.1395170278637,3.814439628482972
1658347171315,42.675003,0.71291864,0.6086956,0.72,0.625,0.65384614,0.6923077,0.9230769,0.48,1.0,63.300003,62.9,62.600002,62.600002,62.9,62.9,61.9,64.9,62.600002,64.9,60.600002,59.600002,3812549,-1593018,1075200,1075200,1075200,1075200,1075200,1075200,652800,1401600,899,15,15,1148,4,9,719,17,26,754,10,21,216,12,30,15,0,1,564,86,176,0,0,0,350110,12579,15741,401802,4429,8869,289495,9183,49455,461215,13168,50152,70440,14700,91526,3973,0,804,379179,98332,217885,0,0,0,658.1027711598746,4.097354231974921
1658347172414,42.728,0.6918919,0.5652174,0.6363636,0.6666667,0.6086956,0.8695652,0.7083333,0.47826087,1.0,63.300003,63.300003,62.600002,62.600002,62.600002,62.9,61.9,64.9,63.300003,64.9,60.9,59.9,3808072,-1569520,1075200,1075200,1075200,1075200,1075200,1075200,652800,1401600,1167,11,15,1522,5,15,708,26,55,678,20,23,414,19,49,27,2,6,489,110,108,0,0,0,452773,9046,17088,518569,4962,16066,306119,41873,89933,493482,29060,43969,179855,24386,125958,13692,1447,23154,320418,126874,171785,0,0,0,664.4679814528592,4.156191653786708
1658347173456,42.758003,0.71568626,0.5833333,0.64,0.65217394,0.65384614,0.84,0.84615386,0.46153846,1.0,63.600002,63.300003,62.9,63.300003,63.300003,62.9,62.300003,65.3,62.9,65.3,60.9,59.9,3802623,-1685181,1075200,1075200,1075200,1075200,1075200,1075200,652800,1401600,1097,8,20,1212,9,19,872,15,38,820,16,19,116,5,25,210,12,33,467,68,167,2,0,0,455272,6148,19407,419251,8118,22762,342537,15917,93304,534150,28436,31190,41259,4022,134564,79331,20895,79350,338928,89567,203561,55,0,0,676.359751552795,4.629664596273292
1658347174528,42.800003,0.6482412,0.48,0.6,0.61538464,0.56,0.5,1.0,0.33333334,1.0,63.9,63.600002,63.300003,63.300003,63.300003,63.9,62.9,65.600006,63.600002,65.9,61.300003,60.600002,3796200,-1686097,1075200,1075200,1075200,1075200,1075200,1075200,652800,1401600,1323,10,10,1245,4,18,799,22,48,774,14,30,295,11,27,98,10,28,490,126,83,0,0,0,486820,8466,11587,460898,6393,21616,387468,25082,62472,517703,18798,56296,104867,5826,44982,47412,5334,53701,316984,153501,145219,0,0,0,687.2383405572755,4.755715170278638
1658347175597,42.838,0.6888889,0.5714286,0.6086956,0.55,0.65217394,0.8,1.0,0.23809524,1.0,63.9,63.9,62.9,63.600002,63.600002,63.600002,62.600002,65.9,63.300003,65.9,60.9,60.600002,3810603,-1682740,1075200,1075200,1075200,1075200,1075200,1075200,652800,1401600,1095,16,20,1542,8,23,568,20,44,782,13,25,485,20,50,11,2,1,514,105,107,0,0,0,450260,22113,23982,520407,7207,29885,305785,35499,80004,507176,19435,59010,187913,15998,89530,4342,3328,2524,337905,113981,136262,0,0,0,688.4009235569422,4.145971918876755
1658347176640,42.879,0.7540107,0.59090906,0.7083333,0.8,0.6363636,0.9583333,1.0,0.36,1.0,63.9,63.9,63.300003,63.600002,63.600002,63.9,62.9,65.600006,63.9,65.9,61.300003,60.300003,3798535,-1681824,1075200,1075200,1075200,1075200,1075200,1075200,652800,1401600,960,6,8,1355,2,18,778,17,49,679,10,27,170,13,27,5,0,1,651,111,87,0,0,0,369181,2584,6118,480562,3219,24450,373081,19908,89563,487412,22803,34940,83181,13509,52048,2061,0,433,387843,112587,115561,0,0,0,695.9544615384616,4.241179487179487
1658347177751,42.936,0.8294931,0.84615386,0.84615386,0.72,0.82758623,0.962963,1.0,0.4074074,1.0,63.9,64.3,63.300003,63.600002,63.9,63.600002,62.9,65.9,63.600002,65.9,61.600002,60.9,3812744,-1589966,1075200,1075200,1075200,1075200,1075200,1075200,652800,1401600,819,3,9,1067,1,15,509,10,23,543,9,10,106,2,19,1,0,0,569,140,109,0,0,0,289350,2742,7201,349412,1471,19567,221825,13284,36600,333597,9101,23765,39674,2676,12943,0,0,0,411996,165632,139790,0,0,0,697.3422222222222,4.599012345679012
1658347178981,42.989002,0.80582523,0.7692308,0.7916667,0.8333333,0.79310346,0.962963,0.875,0.42307693,1.0,64.3,63.9,63.600002,63.600002,63.600002,63.300003,62.9,65.600006,63.9,66.3,61.9,60.9,3804569,-1666566,1075200,1075200,1075200,1075200,1075200,1075200,652800,1401600,590,5,7,745,2,12,599,13,30,563,7,16,143,7,23,0,0,0,1054,104,140,0,0,0,278258,3078,6864,281682,1940,19661,274158,16963,58349,353827,8603,32038,60471,3429,21087,0,0,0,447714,127987,187910,0,0,0,742.9913943217665,4.599015772870662
1658347180210,43.038002,0.8382353,0.8333333,0.88,0.72727275,0.88,0.962963,1.0,0.34615386,1.0,64.9,64.600006,63.600002,64.3,64.3,64.600006,63.9,66.3,64.9,66.600006,62.300003,61.600002,3790555,-1708375,1075200,1075200,1075200,1075200,1075200,1075200,652800,1401600,398,4,15,645,7,19,483,7,10,442,3,7,30,1,5,58,2,10,660,117,131,0,0,0,185135,5495,19423,243556,5473,27107,220648,18285,27099,299823,5673,15461,13903,330,4915,30265,438,41045,395765,146683,193082,0,0,0,771.436129429892,5.288135593220339
1658347181407,43.105003,0.7513812,0.6818182,0.5652174,0.9583333,0.7826087,1.0,0.65217394,0.4090909,1.0,64.9,64.600006,63.9,64.3,63.9,64.3,63.300003,66.600006,64.3,66.3,61.9,61.600002,3790166,-1688843,1075200,1075200,1075200,1075200,1075200,1075200,652800,1401600,424,0,5,611,4,9,514,6,15,285,5,13,89,4,8,9,0,1,714,91,171,0,0,0,180606,0,3835,208996,2691,10720,264057,5105,25806,231443,5672,24612,33064,3082,5818,3897,0,497,336874,142950,275330,0,0,0,518.4936769983686,4.030264274061991
1658347182482,43.154003,0.7878788,0.7916667,0.77272725,0.72,0.76,1.0,0.9583333,0.25,1.0,64.600006,64.600006,63.9,64.3,64.3,64.3,63.600002,66.600006,64.3,66.600006,62.300003,61.600002,3823059,-1479188,1075200,1075200,1075200,1075200,1075200,1075200,652800,1401600,554,10,13,1091,5,14,211,8,11,667,5,12,10,1,3,362,6,20,491,89,127,0,0,0,243022,12259,13907,336870,2546,13846,79529,10580,17947,435856,11963,17391,4744,761,2925,116240,4736,59250,332948,137026,225070,0,0,0,516.7747472868217,4.561017054263566
1658347183572,43.222004,0.79512197,0.8076923,0.84615386,0.8076923,0.84,0.6923077,1.0,0.4,1.0,64.3,64.3,63.600002,64.3,64.3,64.3,63.300003,66.3,64.3,65.9,61.9,61.300003,3818388,-1402588,1075200,1075200,1075200,1075200,1075200,1075200,652800,1401600,669,8,19,1076,9,20,669,4,16,468,9,14,0,0,0,109,5,14,529,112,138,0,0,0,254046,9099,23745,296847,10435,26448,188937,3178,22257,433233,19104,36732,0,0,0,35035,1431,29014,358555,148678,218694,0,0,0,515.1858442367601,4.231277258566978
1658347184896,43.260002,0.7033493,0.6296296,0.56,0.625,0.68,0.71428573,0.7692308,0.6296296,1.0,64.9,64.600006,64.3,64.9,64.600006,64.9,64.600006,66.600006,65.3,66.600006,61.9,61.600002,3808072,-1794740,1075200,1075200,1075200,1075200,1075200,1075200,652800,1401600,705,5,10,1068,7,19,523,19,36,695,4,15,222,10,33,104,7,14,442,124,106,0,0,0,269811,6015,9259,374564,10437,22222,208628,19598,61592,427959,6804,27024,90953,7870,68238,34733,9936,58569,298745,189217,206235,0,0,0,514.8185620094191,4.2888540031397175
1658347186032,43.320004,0.5025126,0.33333334,0.375,0.27272728,0.42307693,0.44,0.88,0.23076923,1.0,64.600006,64.600006,63.300003,64.3,64.3,64.3,63.600002,65.9,64.600006,66.3,61.600002,61.300003,3800482,-1581116,1075200,1075200,1075200,1075200,1075200,1075200,652800,1401600,878,14,21,1265,15,40,479,31,42,570,16,22,199,21,40,316,27,54,489,77,162,0,0,0,392081,9918,30423,452132,14776,64007,230904,40047,117584,489753,29289,52824,112891,17035,99445,138649,31974,129574,347222,94461,238614,0,0,0,206.95842236024845,1.596782608695652
1658347187120,43.343002,0.8443396,0.88461536,0.962963,0.96153843,0.88461536,0.84615386,0.9230769,0.2,0.962963,63.600002,63.600002,63.300003,63.600002,64.3,64.3,63.300003,65.600006,63.9,65.600006,60.9,60.9,3866074,-689392,1075200,1075200,1075200,1075200,1075200,1075200,652800,1401600,1213,19,25,1375,5,23,467,42,83,645,36,49,511,31,76,87,1,0,498,67,70,11,0,0,608269,33156,41070,640683,8365,35677,281765,79349,296106,419925,58516,178737,271100,54422,272908,49781,383,0,314385,127972,269918,286,0,0,-1.0,-1.0
