1658340845491,34.074,0.5647059,0.42857143,0.5714286,0.3888889,0.5,0.47619048,0.71428573,0.39130434,1.0,45.600002,45.9,45.300003,45.9,46.600002,46.300003,45.300003,45.9,46.300003,47.600002,42.600002,42.9,4161533,-1144104,1075200,1075200,1075200,1075200,1075200,1075200,652800,1401600,3215744,70989,286915,3460906,63804,273349,1636333,106731,314344,1580476,107760,321788,1293851,90597,309458,1227905,86659,306888,1113647,138926,314174,744537,65209,227178,1951367602,157504958,4050008977,2057112713,146963530,4070462357,1085739112,229195477,4930240454,1074564275,232801961,4927302304,894388832,195137134,4927438957,863860651,190513988,4898164974,832015538,284560637,5511894509,469787546,183941608,5075795633,-1.0,-1.0
1658340846539,34.081,0.7312775,0.9310345,0.8888889,0.6785714,0.7586207,0.7037037,0.82758623,0.03846154,1.0,45.300003,45.600002,44.9,45.300003,46.300003,46.300003,45.9,46.9,46.600002,47.600002,43.600002,43.300003,4174379,-832825,1075200,1075200,1075200,1075200,1075200,1075200,652800,1401600,990,0,0,771,0,0,544,14,14,638,6,13,438,7,14,128,1,2,629,6,30,68,0,0,462750,0,0,378757,0,0,401249,19497,34336,356160,10433,17030,316453,11457,61355,120260,357,1300,410036,21476,150263,11714,0,0,-1.0,-1.0
1658340847661,34.100002,0.79,0.82608694,0.84,0.84,0.75,0.7692308,0.9166667,0.46153846,1.0,45.600002,45.600002,45.600002,46.300003,45.9,46.300003,45.300003,46.9,46.300003,47.9,43.300003,42.9,4186836,-649719,1075200,1075200,1075200,1075200,1075200,1075200,652800,1401600,627,0,0,452,0,0,493,2,15,381,6,19,486,9,20,309,6,14,736,96,63,26,0,1,260126,0,0,135494,0,0,254430,501,35281,223981,9710,29611,232965,14089,43901,179316,9941,20347,505005,139162,140877,2494,0,1124,-1.0,-1.0
1658340848787,34.109,0.57843137,0.5416667,0.65217394,0.625,0.5769231,0.52,0.5555556,0.1923077,1.0,45.600002,45.600002,45.300003,45.300003,45.600002,45.600002,45.600002,47.600002,45.600002,47.600002,43.600002,43.300003,4189950,-568848,1075200,1075200,1075200,1075200,1075200,1075200,652800,1401600,554,0,0,609,0,0,403,15,22,318,35,54,213,11,27,143,7,15,638,114,73,90,1,5,363154,0,0,428427,0,0,152816,26559,47083,196653,53564,163815,109678,19521,81128,92604,11280,54073,360775,215285,205291,12172,957,2645,0.03830529595015576,0.03287227414330218
1658340850002,34.128002,0.46889952,0.8,0.34615386,0.33333334,0.2962963,0.3846154,0.5555556,0.15384616,1.0,46.300003,46.9,46.600002,47.300003,47.300003,47.600002,46.9,47.9,47.300003,48.600002,43.9,43.9,4186252,-606079,1075200,1075200,1075200,1075200,1075200,1075200,652800,1401600,1170,0,0,1079,0,0,530,20,24,520,20,41,501,16,35,450,11,28,1022,81,98,49,2,4,455306,0,0,385336,0,0,238703,31009,54597,272894,30181,114816,213437,21346,137651,175518,7999,135386,506722,150985,205627,13330,1298,26638,-1.0,-1.0
1658340851189,34.138,0.44270834,0.41666666,0.7916667,0.25,0.45833334,0.29166666,0.17391305,0.125,1.0,46.300003,46.9,45.9,47.300003,47.600002,47.600002,46.600002,47.600002,47.300003,48.300003,43.600002,43.300003,4172433,-744324,1075200,1075200,1075200,1075200,1075200,1075200,652800,1401600,601,13,23,555,2,14,228,36,89,250,23,68,114,11,14,71,7,42,499,114,117,3,0,0,430613,44480,167126,418065,4225,341520,167386,79363,548755,169860,51507,582833,70767,33396,93740,70891,12773,582446,281330,257314,445492,67,0,0,-1.0,-1.0
1658340852384,34.16,0.54679805,1.0,0.46153846,0.52,0.32,0.29166666,0.65384614,0.08,1.0,45.600002,45.9,45.600002,46.600002,46.9,46.9,46.300003,46.9,46.9,48.300003,43.300003,43.600002,4172822,-706787,1075200,1075200,1075200,1075200,1075200,1075200,652800,1401600,698,12,32,420,0,0,313,26,63,228,48,78,283,33,70,182,17,41,491,125,127,2,0,2,480297,28349,190578,246209,0,0,180967,57234,576162,185251,120020,450061,178989,77524,431832,111212,32411,392377,290131,322990,365633,123,0,1381,-1.0,-1.0
1658340853511,34.176003,0.2769231,0.0,1.0,0.0,0.04,0.083333336,0.041666668,0.0,1.0,45.300003,44.9,44.9,45.300003,44.9,44.9,45.300003,47.300003,44.9,47.300003,43.300003,43.300003,4201628,-645752,1075200,1075200,1075200,1075200,1075200,1075200,652800,1401600,735,4,16,800,7,17,310,23,63,520,30,41,277,25,61,276,21,49,367,88,104,18,0,2,370350,13088,141444,522544,19372,156114,192108,40570,309932,222576,56056,242312,191381,49905,430183,169940,43659,361670,295731,196417,472361,837,0,1476,-1.0,-1.0
1658340854604,34.182003,0.29533678,0.04347826,0.045454547,0.0,0.041666668,0.125,1.0,0.0,1.0,44.300003,44.9,43.600002,44.300003,44.300003,44.300003,44.300003,46.9,44.600002,46.9,42.9,42.9,4193064,-496216,1075200,1075200,1075200,1075200,1075200,1075200,652800,1401600,396,15,43,437,3,5,268,13,34,299,21,63,208,30,67,101,12,33,338,167,117,12,0,0,328893,26437,297639,366061,3725,3942,91337,30555,400852,171995,41645,422573,134002,85359,516348,67347,23215,368803,255845,349873,297259,6095,0,0,-1.0,-1.0
1658340855708,34.205,0.5181347,0.5416667,0.32,0.3478261,0.41666666,0.6666667,0.5833333,0.2173913,1.0,44.600002,44.9,43.9,44.600002,45.300003,45.300003,44.600002,46.9,44.9,46.9,42.9,42.9,4198320,-623474,1075200,1075200,1075200,1075200,1075200,1075200,652800,1401600,821,24,29,607,25,36,288,13,45,289,27,46,100,10,33,233,17,22,147,23,106,12,0,3,590249,63355,106616,549600,43007,126921,155851,30469,435883,169286,52247,379077,66181,20598,377805,123122,32824,57889,102536,67240,785942,53,0,5154,-1.0,-1.0
1658340856767,34.217003,0.57004833,0.4,0.33333334,0.36,0.9230769,0.72,0.5769231,0.1923077,1.0,45.600002,45.600002,44.600002,45.300003,45.9,45.9,45.300003,47.300003,45.9,47.600002,43.300003,43.300003,4163285,-1034851,1075200,1075200,1075200,1075200,1075200,1075200,652800,1401600,536,21,41,536,8,31,341,35,68,280,34,70,139,24,48,100,5,14,167,68,163,3,0,3,416039,64773,288419,463985,18911,339180,207684,56460,571617,196289,62859,587613,119239,54631,490992,37069,10972,60411,133638,136182,637630,58,0,1811,-1.0,-1.0
1658340857896,34.227,0.68508285,0.6956522,0.61904764,0.5652174,0.65217394,0.6086956,0.95238096,0.4090909,1.0,45.9,45.600002,45.300003,45.600002,46.300003,45.9,45.300003,47.600002,45.9,47.300003,43.600002,43.300003,4144794,-1178894,1075200,1075200,1075200,1075200,1075200,1075200,652800,1401600,440,36,70,700,38,56,391,36,74,223,12,33,184,14,39,223,8,33,395,131,116,1,0,0,332501,84954,313062,432469,104500,296134,218454,69961,539945,108808,16448,93728,143256,29931,336015,170873,11495,375720,298674,269255,398689,25,0,0,-1.0,-1.0
1658340858953,34.252003,0.5738636,0.68421054,0.45454547,0.54545456,0.5,0.6666667,0.45,0.14285715,1.0,45.300003,45.300003,44.9,45.600002,45.9,45.600002,45.300003,47.600002,45.600002,47.600002,43.600002,43.600002,4189950,-522461,1075200,1075200,1075200,1075200,1075200,1075200,652800,1401600,658,8,26,336,0,0,292,57,92,283,24,61,211,15,42,141,15,36,286,106,87,7,0,2,575194,20041,150211,332890,0,1283,234257,139851,421634,169832,47843,440183,157627,32514,349058,108908,26319,379679,172726,239366,423432,1785,0,1759,-1.0,-1.0
1658340860044,34.281002,0.48333332,0.45833334,0.5217391,0.6363636,0.3478261,0.5217391,0.2173913,0.1904762,1.0,46.300003,45.9,45.9,45.9,45.9,46.300003,45.9,46.300003,46.300003,47.300003,43.9,43.600002,4156473,-1162415,1075200,1075200,1075200,1075200,1075200,1075200,652800,1401600,330,8,18,469,22,63,348,34,62,273,12,63,177,14,56,160,15,44,286,26,78,18,0,3,105405,10612,61298,293933,41949,411929,193411,73330,531401,151346,39147,622246,99090,27896,550230,78654,32341,608201,154981,51976,726138,6638,0,1864,114.46740983606557,1.7357639344262294
1658340861095,34.306,0.5221675,0.33333334,0.42307693,0.3043478,0.76,0.7083333,0.37037036,0.30769232,1.0,46.600002,46.600002,45.600002,46.300003,45.9,45.9,45.9,47.9,46.300003,47.9,44.300003,44.300003,4121049,-1137085,1075200,1075200,1075200,1075200,1075200,1075200,652800,1401600,730,33,69,1175,23,38,759,24,47,331,15,44,190,35,55,296,32,68,932,90,65,1,0,0,358868,35567,145443,504120,26380,56653,323380,35778,145597,130986,24476,140989,127276,59485,170267,175707,48027,273183,508310,120375,102266,23,0,0,103.83328457869634,0.7145310015898252
1658340862159,34.341003,0.51941746,0.42857143,0.4,0.18181819,0.33333334,0.8148148,0.5,0.46153846,1.0,47.300003,46.600002,46.300003,46.600002,46.9,46.9,46.300003,48.9,47.300003,48.9,45.300003,44.600002,4131559,-1120606,1075200,1075200,1075200,1075200,1075200,1075200,652800,1401600,868,35,71,1630,23,34,938,41,65,412,40,77,274,26,55,359,25,58,1045,77,75,1,0,0,473198,41899,178779,651349,21617,39865,457217,55167,203909,221287,52037,210128,138170,46926,298952,180874,36640,205517,600284,84338,94902,19,0,0,101.88879875195008,0.7084430577223089
1658340863257,34.389,0.5049505,0.4814815,0.36,0.32,1.0,0.3043478,0.125,0.3478261,1.0,47.600002,47.600002,46.600002,47.300003,47.600002,47.600002,46.9,49.600002,47.600002,49.300003,45.600002,44.9,4129418,-1277466,1075200,1075200,1075200,1075200,1075200,1075200,652800,1401600,685,17,38,1586,17,37,743,49,74,664,57,103,283,14,47,466,34,101,1033,99,49,0,0,0,414989,24727,115152,673661,11690,58179,409770,74198,241297,349270,81474,297094,159790,22997,223972,255130,43641,328729,544837,146517,59196,0,0,0,100.48315789473683,0.6307894736842106
1658340864328,34.453003,0.5561224,0.33333334,0.3478261,0.32,1.0,0.48,0.65384614,0.34615386,1.0,47.9,47.600002,46.9,47.9,47.600002,47.600002,46.9,49.9,47.9,49.9,46.300003,45.300003,4130975,-1219178,1075200,1075200,1075200,1075200,1075200,1075200,652800,1401600,940,16,54,1579,15,33,634,40,71,223,27,58,473,46,100,294,32,60,1090,84,41,0,0,0,519293,15247,106439,682174,10466,48445,384756,58635,265321,136299,52318,169847,257323,79205,357139,174998,39806,186135,573789,105393,45078,0,0,0,101.57188180404354,0.6434339035769829
1658340865384,34.52,0.5598086,0.3043478,0.5,0.5,0.71428573,0.5925926,0.46153846,0.3846154,1.0,48.300003,48.300003,47.600002,48.600002,48.300003,47.9,47.300003,50.300003,47.9,50.300003,46.300003,45.600002,4126888,-1316529,1075200,1075200,1075200,1075200,1075200,1075200,652800,1401600,931,24,42,1327,11,34,821,37,68,207,18,40,333,27,76,267,30,41,978,84,57,2,0,0,462701,30225,74246,619279,9197,38357,423840,48263,189856,109165,28594,119857,193182,32900,277451,158363,46672,234170,508054,114911,77641,129,0,0,101.94832868217054,0.651013953488372
1658340866453,34.59,0.49425286,0.39130434,0.4090909,0.5217391,0.1904762,0.2,1.0,0.1904762,1.0,48.9,48.600002,48.300003,48.9,48.600002,48.300003,47.9,50.600002,48.600002,50.600002,46.9,46.300003,4117740,-1374817,1075200,1075200,1075200,1075200,1075200,1075200,652800,1401600,1034,29,53,1334,18,40,839,34,49,297,24,42,545,35,80,409,27,64,569,129,88,0,0,0,531385,47298,124739,598401,14353,64715,392480,52109,165755,167457,25126,92071,328474,37895,290825,222768,49854,251229,412124,189417,150914,0,0,0,106.98388767550702,0.6658096723868955
1658340867482,34.653,0.43434343,0.24,0.375,0.16666667,0.29166666,0.4347826,0.7307692,0.2,1.0,48.9,48.600002,47.9,48.300003,48.600002,48.9,48.300003,50.9,48.9,50.9,46.600002,46.600002,4124747,-1287842,1075200,1075200,1075200,1075200,1075200,1075200,652800,1401600,1014,24,45,1503,15,25,862,30,43,521,40,89,666,52,79,46,5,13,388,145,93,1,0,0,515876,30241,109500,624622,13475,28071,440285,40801,119610,266317,62529,345977,382862,64850,177762,25223,11048,47009,294532,256884,204555,23,0,0,101.88879875195008,0.7115881435257411
1658340868542,34.726,0.5873016,0.3043478,0.41666666,0.33333334,1.0,0.36,1.0,0.1904762,1.0,49.300003,48.9,48.600002,49.300003,49.300003,48.600002,48.300003,50.9,48.9,50.9,47.600002,46.600002,4125331,-1307984,1075200,1075200,1075200,1075200,1075200,1075200,652800,1401600,1111,12,26,1511,19,28,614,28,70,557,54,105,502,46,100,149,8,27,740,124,56,0,0,0,585082,7620,62846,639151,24063,40438,344718,35378,278970,347984,62476,235564,273571,69084,326884,81728,13377,134502,474165,179175,95462,0,0,0,103.526753894081,0.7407850467289719
1658340869583,34.796,0.5794872,0.65384614,0.375,0.3043478,0.75,0.29166666,1.0,0.22727273,1.0,49.600002,49.600002,48.9,49.600002,49.9,49.600002,48.9,51.600002,49.300003,51.600002,47.600002,46.9,4119686,-1350708,1075200,1075200,1075200,1075200,1075200,1075200,652800,1401600,1235,25,17,1237,21,26,616,37,58,519,16,45,685,45,64,289,16,31,814,100,76,2,0,0,498616,34888,42212,540566,19761,28874,341702,53497,135154,214663,19266,87272,270025,60005,135909,101379,31673,71456,463462,132047,122957,50,0,0,105.22983225806452,0.712258064516129
1658340870626,34.869003,0.45789474,0.33333334,0.5,0.26086956,0.14285715,0.2173913,1.0,0.17391305,1.0,50.300003,49.9,49.300003,50.300003,50.300003,50.300003,49.600002,51.9,49.9,51.9,48.300003,47.600002,4120465,-1308899,1075200,1075200,1075200,1075200,1075200,1075200,652800,1401600,826,10,21,1417,10,20,741,24,56,171,16,27,473,34,69,0,0,0,905,92,34,0,0,0,365674,10747,40258,546468,9509,27458,332400,36248,147077,84716,27495,56051,224832,41446,219423,0,0,0,491750,126518,39290,0,0,0,106.6708802488336,0.7451073094867806
1658340871714,34.946003,0.43367347,0.16,0.36363637,0.6086956,0.24,0.2,0.65384614,0.17391305,1.0,49.9,49.9,48.9,49.300003,49.600002,50.300003,49.300003,51.9,49.9,51.9,48.300003,47.300003,4116377,-1279908,1075200,1075200,1075200,1075200,1075200,1075200,652800,1401600,923,33,58,1430,18,43,938,45,68,300,18,60,524,31,88,1,0,1,1038,110,41,3,0,0,466097,40465,113097,596620,11383,66712,466541,50172,160017,171048,26843,214006,293564,37465,294764,141,0,309,570071,137272,64777,71,0,0,106.3087701863354,0.7053416149068322
1658340872757,35.023003,0.46774194,0.22727273,0.3181818,0.3181818,0.64,0.2173913,0.5833333,0.375,1.0,49.9,50.300003,49.600002,49.300003,49.600002,49.300003,49.300003,51.9,49.600002,51.9,48.300003,47.300003,4109565,-1425171,1075200,1075200,1075200,1075200,1075200,1075200,652800,1401600,848,19,44,1377,21,42,649,38,40,522,43,92,348,30,81,551,34,72,645,124,81,0,0,0,471770,33533,154339,620085,29171,50366,333117,46684,130321,270482,56508,292662,172784,43550,392397,282142,39857,249288,426825,190627,134392,0,0,0,105.64264992150706,0.6613500784929356
1658340873795,35.098003,0.47593582,1.0,0.4347826,0.41666666,0.29166666,0.18181819,0.22727273,0.18181819,1.0,50.600002,49.9,49.600002,49.600002,50.300003,50.600002,49.9,52.300003,50.600002,52.300003,48.600002,47.600002,4098471,-1417237,1075200,1075200,1075200,1075200,1075200,1075200,652800,1401600,1333,10,22,1538,11,16,746,48,82,455,60,77,147,12,31,627,39,69,579,93,113,1,0,0,658015,7638,40139,671228,4593,18270,441865,60008,236334,274095,107075,259451,78160,13344,154591,309046,60375,183925,399987,138129,150416,18,0,0,103.92077669902913,0.7282330097087378
1658340874817,35.172,0.59217876,0.45454547,0.5714286,0.36842105,0.4,0.5652174,1.0,0.36363637,1.0,50.9,50.600002,49.9,50.300003,50.300003,49.9,49.300003,52.300003,50.300003,52.300003,48.600002,47.600002,4113069,-1329957,1075200,1075200,1075200,1075200,1075200,1075200,652800,1401600,803,14,26,1470,32,28,851,52,82,517,50,85,458,37,104,335,22,68,686,101,131,0,0,0,340190,17681,67142,620797,26222,44266,440554,89568,223455,276665,67160,204103,226491,69981,410440,178819,17330,229845,482682,147579,214087,0,0,0,101.59540836012862,0.7229324758842445
1658340875930,35.253002,0.42696628,0.7619048,0.47826087,0.1904762,0.2,0.17391305,0.4347826,0.14285715,1.0,51.300003,51.300003,50.300003,50.600002,50.600002,50.300003,50.300003,52.600002,50.9,52.600002,48.600002,48.300003,4121827,-1359253,1075200,1075200,1075200,1075200,1075200,1075200,652800,1401600,1069,11,18,1530,8,16,1018,33,57,877,56,84,515,38,70,49,8,7,627,111,84,0,0,0,473651,14588,19911,567686,6239,27222,471484,41062,102417,394314,78048,169864,291136,63261,216055,26455,10540,13510,428733,172098,152974,0,0,0,101.74853582554516,0.7182554517133957
1658340876954,35.324,0.47513813,0.5714286,0.4090909,0.33333334,0.7826087,0.2173913,0.1904762,0.2857143,1.0,51.300003,50.9,50.600002,50.9,50.600002,50.9,50.300003,52.9,50.600002,52.600002,48.9,48.600002,4102364,-1391907,1075200,1075200,1075200,1075200,1075200,1075200,652800,1401600,910,16,41,1216,22,64,765,54,77,773,45,102,293,37,89,168,14,33,1101,81,51,1,0,0,403769,15459,84600,564954,24248,98605,438281,79705,221370,357585,63243,227367,154081,62693,549896,86576,25236,174581,588815,121947,58016,23,0,0,102.4121204437401,0.7399049128367671
1658340877979,35.385002,0.4827586,0.7307692,0.33333334,0.32,0.20833333,0.5769231,0.3043478,0.16666667,1.0,51.300003,50.9,50.600002,51.300003,51.300003,50.9,50.300003,52.9,50.9,52.9,49.300003,48.300003,4119102,-1267090,1075200,1075200,1075200,1075200,1075200,1075200,652800,1401600,774,18,31,1469,9,18,643,49,83,617,35,62,498,38,42,512,50,93,743,112,61,0,0,0,478895,27511,58143,655434,8512,34985,423717,69500,245846,270282,40844,111354,233988,46118,106585,285866,80770,313358,468193,161416,73051,0,0,0,104.42770731707317,0.6864650406504065
1658340878997,35.459003,0.6432161,0.5185185,0.7916667,0.68,0.6666667,0.64,0.625,0.2,1.0,50.9,50.9,50.300003,50.9,51.600002,51.300003,50.9,53.300003,51.9,53.300003,48.9,48.600002,4117935,-1356202,1075200,1075200,1075200,1075200,1075200,1075200,652800,1401600,1025,26,49,1544,17,36,661,40,80,378,16,46,242,25,67,659,41,85,699,104,90,0,0,0,461404,19432,95437,618698,20896,47593,396353,65786,244826,166024,20213,113843,133000,40665,377479,305327,60741,288219,495174,160415,131906,0,0,0,102.2254592,0.7077888
1658340880047,35.54,0.31111112,0.125,0.08695652,1.0,0.125,0.04347826,0.13636364,0.08695652,1.0,51.9,51.9,51.600002,51.9,51.600002,51.600002,51.300003,53.9,51.600002,53.600002,49.9,49.300003,4103531,-1396180,1075200,1075200,1075200,1075200,1075200,1075200,652800,1401600,1196,12,33,1081,17,22,762,34,61,792,35,49,250,21,39,535,42,70,586,107,109,0,0,0,491234,7596,43508,476606,15456,39913,369074,34752,120355,327360,43175,94875,114695,34824,102231,272789,72508,190699,373614,203691,235744,0,0,0,6.472335925349922,0.06265629860031104
1658340881074,35.605003,0.3897436,0.09090909,0.22222222,0.08695652,0.45833334,0.16666667,1.0,0.08,1.0,49.9,49.600002,49.600002,49.600002,49.600002,49.600002,49.300003,52.300003,49.9,52.600002,48.300003,47.9,4188393,-593262,1075200,1075200,1075200,1075200,1075200,1075200,652800,1401600,801,19,35,854,26,45,229,8,20,224,40,94,302,31,87,205,35,78,247,20,92,0,0,0,665495,36228,151135,635431,31630,150259,110514,13719,54611,222878,72635,545786,207687,47645,493652,188626,80914,466515,126580,63201,656972,0,0,0,-1.0,-1.0
1658340882155,35.659,0.6105263,0.65217394,0.5217391,0.6666667,0.5217391,0.59090906,0.52,0.41666666,1.0,48.9,48.600002,48.300003,48.9,49.300003,49.300003,48.600002,51.600002,49.300003,51.600002,47.600002,46.9,4185474,-415344,1075200,1075200,1075200,1075200,1075200,1075200,652800,1401600,572,42,69,316,7,50,291,40,98,175,43,77,249,53,85,20,1,9,28,11,82,0,0,0,520861,86577,289786,387605,16311,490386,230891,69073,608879,159347,102499,607190,241960,122085,461476,15701,1207,130544,13881,43395,934079,0,0,0,-1.0,-1.0
1658340883176,35.703003,0.61714286,0.7619048,0.42857143,0.5,0.5,0.6956522,0.8181818,0.27272728,0.95652175,48.9,49.300003,48.9,48.9,49.300003,49.600002,48.600002,51.600002,49.300003,51.300003,47.300003,46.600002,4183138,-511474,1075200,1075200,1075200,1075200,1075200,1075200,652800,1401600,461,32,64,396,18,60,271,37,72,276,24,80,320,24,82,137,7,17,105,6,83,11,0,0,382013,63531,305461,386258,30265,371449,161656,68459,435075,199964,44404,549413,201251,52365,532232,81682,12037,43060,54934,16996,776371,299,0,0,-1.0,-1.0
1658340884227,35.733,0.5073892,0.42307693,0.41666666,0.25,0.5,1.0,0.25,0.12,1.0,49.9,49.600002,49.300003,49.600002,49.9,50.300003,50.300003,51.300003,50.300003,51.9,47.600002,47.300003,4128445,-1224060,1075200,1075200,1075200,1075200,1075200,1075200,652800,1401600,423,25,49,571,23,71,473,17,40,402,21,55,72,8,30,188,35,82,201,30,66,31,1,3,270325,56881,257639,369563,56376,398108,189850,31296,599440,164916,37663,437995,57237,14570,319033,146245,81748,431730,123493,47742,757380,9948,706,993,221.34911007751938,2.3354046511627904
1658340885292,35.753002,0.53723407,0.4090909,0.41666666,0.42307693,0.95652175,0.33333334,0.3043478,0.45833334,1.0,50.300003,49.9,49.600002,49.600002,50.600002,50.300003,49.600002,51.9,50.600002,52.300003,48.300003,47.600002,4098471,-1192017,1075200,1075200,1075200,1075200,1075200,1075200,652800,1401600,1122,23,35,1660,9,17,1109,53,65,1110,34,65,199,20,42,550,32,53,345,103,179,1,0,0,514014,36431,64614,639978,9457,20166,515636,63902,134127,506504,36345,127662,109299,39070,137061,221693,43914,118189,233715,212105,318054,15,0,0,208.72495178849144,1.3987433903576982
1658340886319,35.777,0.53266335,0.7307692,0.48,0.33333334,0.33333334,0.64,0.41666666,0.32,1.0,51.300003,51.300003,51.300003,51.300003,51.300003,50.600002,50.9,52.9,51.600002,52.600002,48.9,48.9,4109565,-1398621,1075200,1075200,1075200,1075200,1075200,1075200,652800,1401600,877,22,53,1436,18,41,754,51,65,562,28,44,514,45,75,528,25,54,392,108,158,2,0,0,435392,17394,131760,601576,19078,45397,395503,71273,180748,329463,45183,115711,285235,58840,211418,210597,34477,146872,305028,143893,247317,47,0,0,203.4893572593801,1.180867862969005
1658340887356,35.824,0.479798,0.56,0.46153846,0.32,0.32,0.29166666,0.68,0.25,1.0,51.600002,51.600002,50.9,51.300003,51.600002,51.300003,50.9,52.9,51.600002,53.300003,49.600002,48.9,4106256,-1433716,1075200,1075200,1075200,1075200,1075200,1075200,652800,1401600,616,24,38,1465,17,25,777,35,83,1186,35,64,335,19,36,527,54,97,309,116,178,1,0,0,261757,41604,95819,588983,12914,27707,402828,32072,190530,523856,37086,119063,135831,22229,113143,282672,77337,247833,304163,177655,310963,21,0,0,207.31245714285714,1.3056
1658340888390,35.865,0.6666667,0.84,0.61538464,0.5925926,0.5416667,0.9230769,0.375,0.41666666,1.0,51.600002,51.300003,50.9,51.300003,51.9,51.300003,50.9,53.600002,51.300003,53.600002,49.300003,49.300003,4107035,-1375123,1075200,1075200,1075200,1075200,1075200,1075200,652800,1401600,807,10,18,1587,10,28,876,46,89,768,44,78,324,25,65,248,19,47,394,191,98,0,0,0,441816,10291,44615,640638,5793,33930,415902,55769,213259,471077,64587,207958,161286,23973,318153,131242,23256,135486,320493,224487,148417,0,0,0,204.40649455676518,1.4510482115085537
1658340889427,35.919003,0.6169154,0.61538464,0.48,0.5,0.45833334,0.5185185,0.88461536,0.45833334,1.0,52.600002,52.300003,51.300003,51.9,51.9,51.9,51.600002,53.9,52.300003,53.9,49.9,49.300003,4115210,-1347352,1075200,1075200,1075200,1075200,1075200,1075200,652800,1401600,644,22,53,1409,14,35,842,39,75,735,30,61,295,23,46,436,32,60,448,171,102,0,0,0,315042,28867,116195,561477,11791,46473,369883,56716,169733,397025,29955,135748,149726,29864,118413,203605,34052,257809,343902,211080,152291,0,0,0,207.5113043478261,1.2454658385093167
1658340890494,35.980003,0.49019608,0.4074074,0.4,0.34615386,0.36,0.125,1.0,0.25,1.0,53.300003,52.9,51.9,52.300003,52.600002,52.600002,51.600002,54.300003,52.300003,54.600002,50.300003,49.600002,4076866,-1634522,1075200,1075200,1075200,1075200,1075200,1075200,652800,1401600,797,21,42,1294,18,41,672,37,69,1015,32,67,716,42,86,41,6,13,424,179,101,0,0,0,395043,33898,101771,554438,21409,42958,295601,58988,207666,465456,47465,160974,320725,42816,210674,31895,9988,90125,330168,203483,178356,0,0,0,206.52755209953344,1.3515147744945568
1658340891544,36.037003,0.5,0.4814815,0.4,0.32,0.4,1.0,0.24,0.26086956,1.0,52.600002,52.600002,51.600002,52.300003,52.600002,52.600002,51.9,54.300003,52.600002,54.600002,50.600002,49.600002,4105672,-1312867,1075200,1075200,1075200,1075200,1075200,1075200,652800,1401600,1033,7,28,1550,10,31,950,44,77,707,47,72,574,41,75,96,7,13,479,194,91,3,0,0,494891,9583,84544,675733,12040,39153,440560,55307,183120,464157,79505,168245,322410,56577,262921,81694,16747,58981,328432,236320,149741,65,0,0,204.87140372670805,1.1615403726708073
1658340892590,36.095,0.5025126,0.32,0.45833334,0.3846154,0.3846154,0.25,1.0,0.26923078,1.0,52.9,52.600002,51.9,52.300003,52.600002,52.9,51.9,54.600002,52.600002,54.9,50.9,50.300003,4107229,-1398621,1075200,1075200,1075200,1075200,1075200,1075200,652800,1401600,866,26,51,1506,21,48,675,39,98,811,42,71,54,2,16,374,37,68,488,144,108,0,0,0,435132,34410,163104,613828,20211,65152,344344,48392,296934,415609,72855,186321,34827,2763,120362,196401,66995,260077,355504,170597,167451,0,0,0,208.9411269349845,1.2486934984520124
1658340893630,36.149002,0.52380955,0.375,0.45833334,0.39130434,0.3478261,0.3181818,0.9583333,0.28,1.0,53.300003,52.9,52.600002,52.600002,52.600002,52.9,52.300003,54.9,52.9,54.9,50.9,50.300003,4112485,-1306763,1075200,1075200,1075200,1075200,1075200,1075200,652800,1401600,942,14,40,1479,7,28,721,45,79,957,37,65,461,45,89,68,3,9,454,161,116,2,0,0,470592,28358,98709,616073,8172,36269,378936,59108,209030,495888,53955,118599,286033,60814,319555,27314,5971,26969,319261,239730,181560,50,0,0,206.40508852459016,1.2692459016393445
1658340894639,36.213,0.6020408,0.44444445,0.5769231,0.5652174,0.36,0.68,0.82608694,0.41666666,1.0,53.600002,52.9,51.9,52.600002,52.600002,52.600002,51.9,55.300003,52.9,55.300003,51.300003,50.300003,4106062,-1224671,1075200,1075200,1075200,1075200,1075200,1075200,652800,1401600,753,28,47,1430,15,34,538,25,65,862,35,70,535,30,83,98,12,25,413,151,90,1,0,0,404635,32020,115722,577885,18514,43424,323411,31453,225926,424432,44560,179982,239060,60362,305128,48304,17464,67024,345671,223225,122405,28,0,0,206.36709004739336,1.3598230647709322
1658340895656,36.27,0.516129,0.375,0.47826087,0.35,0.48,0.88,0.33333334,0.2173913,1.0,53.9,53.300003,52.600002,52.9,53.300003,53.600002,52.600002,55.300003,53.300003,55.300003,51.600002,50.9,4088934,-1510316,1075200,1075200,1075200,1075200,1075200,1075200,652800,1401600,748,8,14,1508,13,23,562,39,64,883,32,74,400,26,70,240,16,60,582,139,68,2,0,0,400472,5700,35485,597729,16705,28744,307504,74504,213238,437695,38128,198013,250737,46282,267651,126066,19798,201429,404927,170554,84496,53,0,0,209.4484968944099,1.3152298136645963
1658340896684,36.331,0.47368422,0.36363637,0.41666666,0.5217391,0.3181818,0.1904762,0.8181818,0.23809524,1.0,53.600002,53.600002,52.600002,53.300003,53.300003,53.300003,52.600002,55.600002,53.300003,55.600002,51.600002,50.600002,4107035,-1344605,1075200,1075200,1075200,1075200,1075200,1075200,652800,1401600,927,28,45,1595,10,30,887,45,91,754,28,64,362,28,52,316,19,44,582,150,113,2,0,0,471907,37915,96929,603948,12456,35839,398630,71122,212725,395110,40540,107406,168470,40381,163829,171702,29846,144860,389671,199275,162859,45,0,0,207.62511424100154,1.326923317683881
1658340897694,36.389,0.485,0.65384614,0.3043478,0.29166666,0.42307693,0.6923077,0.33333334,0.13043478,1.0,54.300003,53.600002,53.300003,53.600002,53.300003,53.300003,52.600002,55.600002,53.600002,55.600002,51.300003,50.9,4104310,-1364136,1075200,1075200,1075200,1075200,1075200,1075200,652800,1401600,748,22,30,1483,21,35,457,28,54,871,42,75,599,52,97,263,25,57,390,137,123,2,0,0,330124,28513,79696,595077,14981,51737,242326,42849,146814,442934,50902,187744,300664,65916,279532,174920,38769,222460,314153,182410,199925,44,0,0,205.66514657980457,1.304912052117264
1658340898711,36.449,0.47191012,0.375,0.45454547,0.33333334,0.72727275,0.27272728,0.59090906,0.13636364,1.0,54.300003,53.9,52.9,53.300003,53.600002,53.300003,52.600002,55.600002,53.300003,55.600002,51.600002,50.9,4103921,-1441956,1075200,1075200,1075200,1075200,1075200,1075200,652800,1401600,810,14,28,1526,11,26,927,31,73,738,50,83,322,37,66,278,23,51,337,151,111,1,0,0,440515,11091,53609,653858,6214,32071,420106,34063,193027,421106,78979,200190,174273,62381,210171,143161,28944,128427,302031,234811,201448,21,0,0,206.24818604651162,1.1126077519379844
1658340899734,36.493,0.5635359,0.41666666,0.5652174,0.2857143,0.5416667,0.36363637,1.0,0.375,1.0,53.9,53.9,53.300003,53.300003,53.600002,53.9,53.300003,55.9,53.600002,55.9,51.9,51.300003,4108008,-1341553,1075200,1075200,1075200,1075200,1075200,1075200,652800,1401600,727,23,44,1472,11,32,820,38,72,796,24,41,640,34,81,394,23,61,457,151,106,4,0,0,402351,31867,91551,611173,9932,34028,366208,58178,144704,407034,35063,91519,284210,43562,280579,196033,22760,163123,403495,210372,169588,89,0,0,203.1719424,1.19808
1658340900745,36.554,0.48369566,0.3478261,0.42857143,0.6818182,0.29166666,0.625,0.2173913,0.29166666,1.0,54.300003,53.9,53.300003,53.600002,53.600002,53.9,53.300003,56.300003,53.600002,56.300003,51.9,51.300003,4102947,-1106568,1075200,1075200,1075200,1075200,1075200,1075200,652800,1401600,821,20,46,1483,13,30,784,44,84,942,33,50,182,13,36,354,21,43,396,130,113,2,0,0,405249,22296,141639,574915,24416,43721,376242,61709,207311,491065,53756,124363,96465,16455,143202,183846,30213,93786,307006,181115,179783,109,0,0,207.06216149068322,1.2440745341614907
1658340901763,36.605003,0.72772276,0.72,0.72,0.64,0.8333333,0.9166667,0.76,0.32,1.0,54.300003,54.300003,53.300003,53.600002,53.9,54.300003,53.300003,55.9,54.300003,55.9,51.9,51.300003,4102753,-1389161,1075200,1075200,1075200,1075200,1075200,1075200,652800,1401600,998,21,49,1377,22,39,632,39,76,834,48,76,153,19,43,310,25,64,530,148,82,2,0,0,468422,27744,97256,590565,24218,53806,338279,52592,186495,455295,63147,182480,99265,33840,202235,179699,21565,255699,375587,182289,124620,61,0,0,205.16381308411215,1.2664423676012462
1658340902819,36.683002,0.48404256,0.3478261,0.4090909,0.41666666,0.8695652,0.39130434,0.20833333,0.13636364,1.0,55.300003,54.9,54.300003,54.9,54.600002,54.9,54.300003,56.600002,54.9,56.9,52.600002,51.9,4089323,-1550294,1075200,1075200,1075200,1075200,1075200,1075200,652800,1401600,992,19,45,1327,18,20,586,44,66,699,27,56,233,12,35,390,19,44,498,152,85,3,0,0,409946,21146,122815,511957,16145,21117,295707,67393,205618,358107,25098,140092,99977,18254,129680,182232,21350,145783,339289,182896,151451,64,0,0,207.65058786936234,1.4626438569206843
1658340903857,36.754,0.3529412,0.23076923,0.23076923,0.083333336,0.08,0.8,0.21428572,0.1923077,1.0,54.9,54.600002,53.9,54.9,54.600002,54.600002,53.600002,56.300003,54.300003,56.600002,52.300003,51.600002,4101001,-1408387,1075200,1075200,1075200,1075200,1075200,1075200,652800,1401600,924,22,41,1499,15,35,644,45,88,366,23,38,384,28,67,497,46,97,541,162,94,3,0,0,433872,24980,71490,596484,15352,52186,325169,75419,244848,230492,37915,118423,199253,36660,221952,267787,80520,307386,395513,210783,146500,237,0,0,118.69058786936236,0.6709175738724728
1658340904893,36.794003,0.30481285,0.09090909,0.04347826,0.04347826,1.0,0.04347826,0.08695652,0.04347826,1.0,52.9,52.9,52.9,52.9,52.600002,52.9,52.600002,55.600002,53.300003,55.600002,51.300003,50.9,4188977,-300598,1075200,1075200,1075200,1075200,1075200,1075200,652800,1401600,978,7,17,824,7,12,481,40,81,613,46,70,393,30,43,227,28,40,332,86,81,1,0,0,589574,10418,46790,575334,15202,48222,265107,85422,255193,332374,92535,214622,224171,43250,160186,153239,50164,120885,201949,131722,375024,21,0,0,-1.0,-1.0
1658340905917,36.848003,0.2972973,0.09090909,0.0,0.08695652,0.95454544,0.08695652,0.0,0.12,1.0,51.600002,51.300003,50.600002,51.300003,51.300003,51.600002,50.9,54.300003,51.9,54.300003,49.600002,49.300003,4189950,-309448,1075200,1075200,1075200,1075200,1075200,1075200,652800,1401600,533,65,68,334,32,69,230,30,91,19,3,2,164,35,87,123,19,62,8,19,103,0,0,0,488594,163702,226819,445111,72314,398559,201946,68859,660007,11255,1383,1776,152181,90496,680251,116930,53012,651501,12064,71288,851989,0,0,0,-1.0,-1.0
1658340906944,36.879,0.30582523,0.11111111,0.04,0.074074075,0.115384616,0.1923077,1.0,0.0,1.0,51.300003,50.600002,49.600002,50.300003,50.300003,50.600002,50.300003,52.9,50.9,53.300003,48.600002,48.300003,4178077,-350647,1075200,1075200,1075200,1075200,1075200,1075200,652800,1401600,315,36,76,206,17,56,78,10,37,281,78,91,117,11,66,186,18,74,74,90,137,0,0,0,337212,75868,406432,253477,39392,578070,64924,17110,261562,229930,164336,243783,108611,24933,683495,140967,37453,662292,91271,248314,615773,0,0,0,-1.0,-1.0
1658340907990,36.899002,0.585,0.5769231,0.45833334,0.375,0.65384614,0.41666666,0.6296296,0.4347826,1.0,50.300003,49.9,49.300003,49.9,50.300003,50.9,49.9,52.600002,50.600002,52.9,48.600002,48.300003,4191313,-306701,1075200,1075200,1075200,1075200,1075200,1075200,652800,1401600,596,36,68,295,19,55,129,21,56,237,63,100,145,20,47,171,8,10,109,18,52,8,0,0,452157,98299,308346,356172,41224,406041,92296,49888,682390,198449,169099,443372,102174,36651,585183,69849,7004,13932,60383,28353,750802,208,0,0,122.13862519440123,1.4318631415241059
1658340909051,36.906002,0.56,0.45454547,0.45454547,0.5,0.4090909,0.41666666,0.90909094,0.36363637,1.0,51.9,51.9,51.300003,51.9,51.9,52.600002,52.300003,53.9,52.600002,53.9,50.300003,49.300003,4104310,-1448060,1075200,1075200,1075200,1075200,1075200,1075200,652800,1401600,1065,5,19,1042,10,15,1044,24,45,731,27,51,490,21,52,329,30,55,628,105,98,10,0,0,451578,11807,50453,531475,9334,23500,456865,27809,107163,322608,39075,111153,211578,23739,146724,145561,37511,170054,334365,136360,261185,242,0,0,312.3459487179487,1.6815897435897436
1658340910063,36.926003,0.52717394,0.33333334,0.45833334,0.45833334,0.36363637,0.3043478,1.0,0.3181818,1.0,52.9,52.600002,51.9,52.600002,52.600002,52.600002,51.9,54.600002,52.600002,54.600002,50.9,49.9,4114236,-1309815,1075200,1075200,1075200,1075200,1075200,1075200,652800,1401600,605,9,14,1292,10,23,831,32,49,776,21,62,456,30,80,274,26,50,588,100,76,0,0,0,296342,15923,31073,569320,9261,35320,426661,54623,93583,361036,26848,135255,220578,44307,288462,135153,32434,131946,414820,114150,100339,0,0,0,314.0888184818482,1.7421518151815183
1658340911071,36.95,0.5953757,0.5,0.42105263,0.4,0.54545456,1.0,0.47619048,0.41666666,1.0,52.9,52.9,52.600002,52.600002,52.600002,53.300003,52.300003,54.9,52.9,54.9,51.300003,50.300003,4093605,-1405945,1075200,1075200,1075200,1075200,1075200,1075200,652800,1401600,793,30,50,1291,15,49,916,29,50,766,43,68,379,33,80,28,1,4,598,118,69,0,0,0,408189,35375,112662,593116,13900,54367,464037,34275,108948,404165,63090,150040,223764,28365,321057,9783,546,5327,393690,143039,84041,0,0,0,313.81808360128616,1.6554083601286174
1658340912081,36.987003,0.5763547,0.5,0.5,0.4,0.5,0.3846154,1.0,0.30769232,1.0,53.300003,53.600002,52.9,53.300003,53.600002,53.600002,53.300003,55.600002,53.9,55.600002,51.600002,50.9,4106646,-1341248,1075200,1075200,1075200,1075200,1075200,1075200,652800,1401600,841,11,21,1504,6,14,783,28,49,699,40,51,364,27,48,473,31,58,440,132,65,0,0,0,395034,9979,52598,622475,7295,16897,410000,36260,105884,331763,66848,117370,169144,38896,138428,211109,41059,123697,310835,186888,96873,0,0,0,307.1946049586777,1.660297520661157
1658340913091,37.017002,0.56914896,0.36,0.5217391,0.4347826,0.6086956,0.33333334,1.0,0.3478261,1.0,53.600002,53.9,52.9,53.300003,53.300003,53.600002,52.9,55.600002,53.9,55.300003,51.600002,50.9,4099249,-1395875,1075200,1075200,1075200,1075200,1075200,1075200,652800,1401600,716,22,56,1294,14,37,1080,34,65,778,40,77,381,44,89,85,2,8,511,136,114,0,0,0,368089,25157,108053,574894,17209,49187,494478,47056,133196,377661,51238,198492,219732,58807,306237,27782,2666,20200,380049,174500,181435,0,0,0,310.97406984126985,1.5694222222222223
1658340914161,37.064003,0.64912283,0.5,0.5714286,0.4,0.61904764,1.0,0.47619048,0.5,1.0,54.300003,53.9,52.9,53.300003,53.600002,53.9,53.300003,55.600002,53.9,55.9,51.9,51.300003,4097498,-1333924,1075200,1075200,1075200,1075200,1075200,1075200,652800,1401600,866,25,51,1310,11,29,1100,37,65,683,43,80,200,27,54,0,0,0,602,115,49,0,0,0,418219,32362,104260,556880,5875,30735,477822,48640,129193,345636,56585,191387,128149,43156,231952,0,0,0,397260,148465,63582,0,0,0,304.8108491446345,1.4977293934681182
1658340915172,37.115,0.519774,0.45,0.3809524,0.39130434,0.4090909,0.9166667,0.27272728,0.36,1.0,54.600002,54.300003,53.9,54.300003,54.600002,54.300003,54.300003,56.300003,54.9,56.300003,52.600002,51.9,4086987,-1509705,1075200,1075200,1075200,1075200,1075200,1075200,652800,1401600,1011,12,19,1254,7,16,997,25,57,702,35,61,170,11,20,506,30,70,432,110,92,0,0,0,443936,16591,49501,562970,4256,25095,461549,22445,106125,370828,45411,136303,77014,12719,68237,255801,42209,168070,312538,144890,142278,0,0,0,308.755968,1.4310912
1658340916177,37.159,0.5677083,0.5,0.42857143,0.41666666,0.4347826,0.36,1.0,0.33333334,1.0,54.600002,54.600002,53.9,54.300003,54.300003,53.9,53.600002,56.300003,54.300003,55.9,52.300003,51.600002,4090880,-1376343,1075200,1075200,1075200,1075200,1075200,1075200,652800,1401600,809,26,59,1406,20,52,714,39,52,691,43,72,31,1,6,374,33,88,454,116,129,0,0,0,372423,33843,150158,569686,13834,65061,424330,66365,126784,375969,48052,191782,21531,231,18056,214814,45048,385030,344120,149204,183916,0,0,0,305.19767783094096,1.5524848484848484
1658340917200,37.210003,0.60103625,0.45833334,0.47826087,0.4,0.3478261,0.5416667,1.0,0.5833333,1.0,54.600002,54.300003,53.600002,53.9,54.300003,54.600002,53.9,56.300003,54.600002,56.600002,51.9,51.600002,4111706,-1251221,1075200,1075200,1075200,1075200,1075200,1075200,652800,1401600,752,26,49,1251,12,22,982,30,46,655,41,62,274,37,56,271,24,47,523,111,111,0,0,0,361020,30955,81398,558176,13821,29003,487718,41542,96072,304092,75311,179598,153755,50921,195568,137418,21246,112987,372178,138738,126218,0,0,0,308.63655858747995,1.568
1658340918232,37.267002,0.6208791,0.5217391,0.5,0.61904764,0.35,0.6086956,1.0,0.3043478,1.0,54.9,54.9,53.9,54.9,54.600002,54.9,53.9,56.600002,54.600002,56.9,52.9,52.300003,4094773,-1444398,1075200,1075200,1075200,1075200,1075200,1075200,652800,1401600,957,5,13,1461,7,16,763,34,60,579,30,58,367,42,59,397,23,40,542,125,57,0,0,0,443630,6672,22292,591119,7977,20546,453071,46827,128413,346078,41918,146443,211082,59587,167667,180516,26302,65695,358082,143597,67625,0,0,0,306.40867623604464,1.6676236044657098
1658340919236,37.315002,0.591133,0.52,0.48,0.44,0.4814815,0.3043478,1.0,0.46153846,1.0,54.9,54.9,53.9,54.600002,54.600002,54.9,54.300003,56.600002,54.600002,56.600002,52.9,52.300003,4096914,-1362610,1075200,1075200,1075200,1075200,1075200,1075200,652800,1401600,814,26,44,1368,10,40,960,25,47,769,31,62,241,19,55,168,13,27,510,140,94,0,0,0,364037,28912,81182,557546,7170,43348,509827,21326,74172,410430,57606,162240,155962,28124,252655,72996,19445,92215,339458,188367,146601,0,0,0,311.47874085850555,1.5805151033386327
1658340920288,37.358,0.52261305,0.32,0.46153846,0.5217391,0.29166666,0.28,0.92,0.32,1.0,54.9,54.9,53.9,54.600002,54.600002,54.9,54.300003,56.9,55.300003,56.9,52.600002,52.300003,4107424,-1295777,1075200,1075200,1075200,1075200,1075200,1075200,652800,1401600,946,8,22,1343,5,10,848,35,56,850,36,57,588,45,82,179,5,16,434,129,99,0,0,0,439230,10012,42267,597235,5221,13073,456106,36296,127180,402334,40586,112949,289033,59815,213305,63677,4220,27663,316288,154436,168447,0,0,0,309.49646761453397,1.600353870458136
1658340921323,37.419003,0.5423729,0.36363637,0.47826087,0.5,0.39130434,0.95652175,0.4347826,0.23809524,1.0,55.300003,54.9,54.300003,54.9,54.9,54.9,54.300003,56.9,54.9,56.9,52.9,52.300003,4095941,-1519776,1075200,1075200,1075200,1075200,1075200,1075200,652800,1401600,789,32,68,1380,23,38,834,29,52,808,37,82,554,34,90,96,5,11,486,107,128,0,0,0,357286,38767,152468,569812,19074,48303,409472,33788,121992,393477,43647,166863,280820,43722,321215,39293,8013,17518,380439,138994,191818,0,0,0,307.30668322981364,1.5284968944099377
1658340922333,37.45,0.5888325,1.0,0.52,0.48,0.5,0.44,0.26086956,0.5,1.0,55.300003,55.300003,54.600002,54.9,54.9,55.300003,54.9,57.300003,55.600002,57.300003,53.300003,52.600002,4098082,-1478882,1075200,1075200,1075200,1075200,1075200,1075200,652800,1401600,686,27,49,1454,10,30,704,32,54,812,33,73,78,0,6,535,33,89,493,133,100,0,0,0,389086,34552,102006,583160,8657,31878,391676,57869,114189,410112,39422,156278,32614,0,15507,265325,50390,248756,338202,179041,161569,0,0,0,309.53010793650793,1.441320634920635
1658340923358,37.510002,0.8088235,0.8888889,0.7777778,0.88461536,0.71428573,0.96153843,0.6,0.68,1.0,56.300003,55.600002,54.9,54.9,55.300003,54.9,54.600002,57.300003,55.600002,57.600002,53.300003,52.9,4103726,-1425782,1075200,1075200,1075200,1075200,1075200,1075200,652800,1401600,656,7,18,1372,10,11,823,47,64,786,42,76,112,7,26,419,39,79,592,104,65,0,0,0,304909,7201,40261,573397,9886,12579,434381,74576,119767,401696,52715,141761,80612,5053,105611,229343,53937,297385,356077,130048,90998,0,0,0,306.31514149443564,1.5355930047694755
1658340924403,37.571003,0.60487807,0.4814815,0.52,0.4347826,0.65384614,0.8,0.4,0.4814815,1.0,55.9,55.9,55.300003,55.9,55.9,55.9,55.600002,57.9,56.600002,57.9,53.9,53.300003,4064799,-1787415,1075200,1075200,1075200,1075200,1075200,1075200,652800,1401600,724,18,36,1175,9,26,648,30,49,820,17,53,349,33,59,331,6,16,529,119,87,0,0,0,319644,21170,104566,485428,8330,26808,339226,47985,117496,379065,18388,147727,178069,59225,205761,129488,5200,42759,335042,133109,118460,0,0,0,311.9638306188925,1.6371596091205212
1658340925459,37.615,0.6530612,0.65217394,0.5833333,0.61538464,0.5,0.52,1.0,0.36,1.0,55.600002,55.600002,54.9,55.600002,55.600002,55.600002,55.300003,57.9,55.9,57.600002,53.600002,52.9,4102169,-1291199,1075200,1075200,1075200,1075200,1075200,1075200,652800,1401600,926,15,36,1042,12,26,946,34,44,664,27,46,367,27,62,358,8,33,438,108,115,0,0,0,399585,19976,68943,524611,11876,43068,414232,68543,95941,351680,27946,86370,180681,29192,173158,142624,6678,89512,316462,149757,174701,0,0,0,305.33373023255814,1.5947410852713177
1658340926539,37.663002,0.5980392,0.44,0.45833334,0.4,0.5,0.5185185,0.962963,0.5,1.0,55.9,55.9,54.9,55.600002,55.600002,55.600002,55.300003,57.600002,56.300003,57.9,53.600002,52.9,4096719,-1330872,1075200,1075200,1075200,1075200,1075200,1075200,652800,1401600,890,12,23,1130,9,15,848,24,31,622,31,51,352,8,20,300,23,50,445,95,134,0,0,0,354115,13197,42728,523648,10749,17556,438638,33568,65308,336764,51174,109487,152633,7573,38847,147492,21950,135927,302553,115052,184789,0,0,0,314.5840250783699,1.5922758620689657
1658340927596,37.723003,0.50970876,0.34615386,0.46153846,0.32,0.28,0.44444445,0.9230769,0.29166666,1.0,55.9,55.9,54.9,55.9,55.600002,55.9,55.300003,57.9,55.9,57.9,53.9,53.300003,4096719,-1437073,1075200,1075200,1075200,1075200,1075200,1075200,652800,1401600,1027,19,43,1247,13,29,967,28,55,856,44,67,256,23,64,174,14,31,859,113,97,0,0,0,458989,24619,72194,547938,14261,31342,467930,26866,104206,407008,54502,124610,151280,24383,155435,90709,12596,122822,473088,134524,131578,0,0,0,312.5956273291925,1.6164968944099378
1658340928645,37.771,0.3668639,0.22727273,0.05,0.14285715,0.17391305,0.14285715,0.95454544,0.23809524,1.0,55.9,55.600002,54.9,55.300003,55.300003,55.9,55.600002,57.9,56.600002,58.300003,53.600002,53.300003,4114042,-1064453,1075200,1075200,1075200,1075200,1075200,1075200,652800,1401600,1023,25,43,1165,17,29,848,28,56,625,46,81,381,37,64,43,2,5,589,106,107,0,0,0,435003,36599,101956,507664,18569,49511,407497,41984,137490,326856,56876,191776,211625,60021,205865,18708,2968,24000,376099,128690,180714,0,0,0,-1.0,-1.0
1658340929655,37.815002,0.2923077,1.0,0.041666668,0.04347826,0.08,0.15384616,0.04,0.0,1.0,54.300003,54.300003,53.300003,53.600002,53.9,54.300003,53.9,56.300003,54.300003,56.600002,51.9,51.300003,4174574,-467224,1075200,1075200,1075200,1075200,1075200,1075200,652800,1401600,698,23,44,428,9,23,309,70,99,238,30,91,202,27,83,29,2,7,6,17,100,0,0,0,603849,38038,148571,594119,25002,253142,270353,149932,455551,223818,45306,565731,208952,51963,521345,25606,6335,35301,11416,59340,779242,0,0,0,-1.0,-1.0
1658340930682,37.845,0.3257143,0.09090909,0.3478261,0.09090909,0.05,0.8181818,0.13636364,0.0,1.0,52.300003,52.300003,51.300003,52.600002,52.9,52.600002,51.9,54.9,52.600002,55.300003,50.300003,50.300003,4180802,-704651,1075200,1075200,1075200,1075200,1075200,1075200,652800,1401600,348,31,60,312,41,95,198,46,83,84,13,50,174,17,86,166,13,73,11,26,104,0,0,0,332435,62120,253606,334374,105995,486621,161968,106492,446401,104934,34328,362901,149503,27509,654423,131669,28005,658925,9418,91344,872659,0,0,0,-1.0,-1.0
1658340931682,37.859,0.7268293,0.7037037,0.96153843,0.6666667,0.6666667,0.6296296,0.8,0.3846154,1.0,51.9,51.600002,51.300003,51.9,52.600002,52.300003,51.9,54.600002,52.300003,54.600002,50.300003,50.300003,4183333,-406494,1075200,1075200,1075200,1075200,1075200,1075200,652800,1401600,490,26,50,267,10,51,232,26,35,327,40,101,237,15,44,161,12,40,137,48,106,11,0,1,419395,53702,333567,306430,21823,405796,133599,52757,222050,211138,99993,490971,142281,23892,328706,92469,33403,531410,70141,155113,619710,244,0,536,0.0026625766871165644,0.0058527607361963194
1658340932758,37.872,0.55263156,0.39130434,0.5416667,0.5833333,0.3478261,0.32,0.875,0.33333334,1.0,53.300003,53.300003,52.9,53.300003,53.300003,53.300003,52.9,55.300003,53.300003,55.300003,50.600002,50.600002,4095746,-1382142,1075200,1075200,1075200,1075200,1075200,1075200,652800,1401600,820,17,53,259,9,40,251,19,54,367,19,50,254,6,16,197,6,35,429,67,117,2,0,0,350271,34644,310643,170385,20817,361607,117560,41197,440351,150785,34376,427052,96065,7701,25350,90636,9419,477575,244650,121424,483141,56,0,0,358.39571339563867,2.803190031152648
1658340933785,37.872,0.6666667,0.875,0.6666667,0.5416667,0.625,0.6956522,0.47619048,0.47826087,1.0,54.9,54.300003,53.300003,54.600002,54.600002,54.300003,53.600002,55.9,54.300003,55.9,51.9,51.300003,4098471,-1413270,1075200,1075200,1075200,1075200,1075200,1075200,652800,1401600,1046,7,23,1305,6,17,806,33,69,1130,22,44,422,30,58,211,12,20,593,125,75,0,0,0,454930,5075,43858,542451,6472,21713,415132,32671,149215,499233,28747,70919,195663,44161,189963,86571,16101,44699,377952,162196,84357,0,0,0,348.2817791601866,2.4067185069984447
1658340934803,37.879,0.5990099,0.53846157,0.5,0.36,0.4814815,0.46153846,0.962963,0.52,1.0,54.9,55.300003,54.300003,54.9,55.300003,54.9,53.9,56.600002,54.9,56.9,52.600002,51.9,4101585,-1422120,1075200,1075200,1075200,1075200,1075200,1075200,652800,1401600,900,13,41,1270,20,23,563,19,40,998,17,39,507,17,47,562,46,52,359,134,117,0,0,0,331437,15212,98659,490212,16634,32664,286517,24542,66827,442445,21243,75113,208306,23530,105686,255031,61181,135986,272202,179681,174342,0,0,0,365.47687713841367,2.6534618973561432
1658340935825,37.902,0.5888889,0.5,0.47826087,0.4,0.5,0.3478261,1.0,0.35,1.0,55.9,55.600002,54.600002,55.300003,55.600002,55.300003,54.600002,57.300003,55.300003,57.300003,52.9,52.600002,4087571,-1485901,1075200,1075200,1075200,1075200,1075200,1075200,652800,1401600,1038,28,51,1252,14,38,791,39,73,893,37,54,446,37,75,55,2,6,532,123,87,0,0,0,463763,28971,99166,556774,16656,48635,367617,44591,173284,474603,59361,120628,245106,51957,220042,25692,2757,14758,375314,137093,107983,0,0,0,378.3484914463453,2.754886469673406
1658340936852,37.93,0.64141417,0.45833334,0.53846157,0.56,0.4,0.6923077,1.0,0.45833334,1.0,55.600002,55.600002,54.600002,55.300003,55.600002,55.9,54.9,57.600002,55.9,57.9,53.300003,52.9,4086209,-1417847,1075200,1075200,1075200,1075200,1075200,1075200,652800,1401600,1044,13,33,1241,8,14,732,35,79,953,28,46,410,28,54,152,11,25,508,134,68,0,0,0,433320,15859,52399,581148,10412,23268,398070,45339,169050,465642,40933,97363,184152,43161,221790,67103,14274,67128,344248,157489,80469,0,0,0,395.58538914728683,2.6322852713178295
1658340937879,37.963,0.6028708,0.5,0.5555556,0.3478261,0.4814815,0.6551724,0.7692308,0.46153846,1.0,56.300003,56.300003,55.300003,55.600002,55.9,56.300003,55.300003,57.9,56.600002,58.300003,53.9,53.300003,4088934,-1468812,1075200,1075200,1075200,1075200,1075200,1075200,652800,1401600,867,22,37,1412,7,30,719,27,64,948,41,52,343,24,57,0,0,0,572,154,63,0,0,0,399527,28523,66757,561998,5935,31824,331304,28497,157125,487832,50077,95647,164275,24961,155787,0,0,0,386565,159317,79887,0,0,0,416.0914721780604,3.084820349761526
1658340938900,38.007,0.6510417,0.5833333,0.61904764,0.64,0.5833333,0.47826087,1.0,0.29166666,1.0,56.9,56.600002,55.600002,56.300003,56.600002,56.300003,55.600002,58.300003,56.300003,58.300003,54.300003,53.600002,4075504,-1422425,1075200,1075200,1075200,1075200,1075200,1075200,652800,1401600,815,18,37,1402,13,24,743,35,88,725,29,52,476,28,66,174,5,14,585,123,76,1,0,0,372564,26880,78444,565745,13073,28812,371811,46975,209408,450232,45829,155708,217700,32460,243063,67220,6132,35230,392623,130695,88335,25,0,0,432.93806853582555,3.01602492211838
1658340939946,38.038002,0.57954544,0.4090909,0.6666667,0.59090906,0.42857143,1.0,0.2857143,0.14285715,1.0,56.9,56.600002,55.9,56.300003,56.600002,56.9,55.9,58.9,56.9,58.600002,54.300003,53.600002,4090101,-1502076,1075200,1075200,1075200,1075200,1075200,1075200,652800,1401600,708,7,18,1153,5,10,546,24,46,776,17,33,272,13,41,295,15,36,714,94,55,1,0,0,260255,7400,24699,423958,8005,12291,301239,30904,88659,366433,33607,75049,134101,13528,116042,122560,19606,119698,411612,111523,65597,28,0,0,426.46959126365056,2.5039375975039
1658340940942,38.082,0.5989583,0.6,0.5,0.4347826,0.47826087,1.0,0.42307693,0.2857143,1.0,57.300003,56.9,56.600002,56.9,57.300003,57.300003,55.9,59.300003,56.600002,58.600002,54.9,53.9,4081927,-1501160,1075200,1075200,1075200,1075200,1075200,1075200,652800,1401600,1107,18,45,1172,10,18,639,40,64,879,33,50,449,26,59,180,13,23,666,122,71,1,0,0,407889,21091,111254,502842,8033,22439,312391,42744,111597,453113,43067,109551,187639,35261,194013,71539,22155,87848,433880,153301,86405,20,0,0,417.22979224806204,2.8018108527131784
1658340941960,38.125,0.578125,0.5416667,0.56,0.48,0.4347826,1.0,0.27272728,0.26086956,1.0,57.600002,57.300003,56.600002,56.9,57.300003,57.300003,55.9,59.300003,57.300003,58.9,54.9,54.300003,4088934,-1512452,1075200,1075200,1075200,1075200,1075200,1075200,652800,1401600,977,20,35,1327,20,16,714,34,57,973,31,46,468,19,44,182,20,42,607,118,74,0,0,0,392954,27887,80090,576843,21445,19078,351794,46653,99512,542013,37153,83448,196922,20616,76736,106306,32612,145453,393713,117586,87947,0,0,0,433.3627,2.99675
1658340942987,38.176003,0.59375,0.45833334,0.45454547,0.6,0.5,0.47826087,1.0,0.30769232,1.0,57.9,57.600002,57.300003,56.9,57.600002,57.300003,56.600002,59.300003,57.300003,59.600002,55.300003,54.300003,4081927,-1467591,1075200,1075200,1075200,1075200,1075200,1075200,652800,1401600,619,28,49,1435,6,25,747,37,73,1186,21,39,109,4,14,455,25,78,580,125,102,1,0,0,333972,40522,120977,563521,5028,25332,355912,53217,161848,556332,35871,73499,46175,2575,30508,231693,35098,264263,373925,120421,126981,23,0,0,436.42788289676423,3.0597719568567023
1658340944039,38.213,0.591623,0.4347826,0.47826087,0.5833333,0.45454547,0.39130434,1.0,0.37037036,1.0,57.9,57.9,57.300003,57.600002,57.600002,57.300003,56.600002,59.300003,57.300003,59.600002,55.300003,54.300003,4074725,-1501465,1075200,1075200,1075200,1075200,1075200,1075200,652800,1401600,1033,11,44,1327,15,27,590,31,64,1025,33,36,337,20,38,266,15,32,523,144,93,0,0,0,420362,14437,89548,541930,18500,32149,291412,40171,136418,553210,57152,56847,148631,21980,86294,118591,22455,138114,367180,158373,116779,0,0,0,447.73597444089455,3.0833993610223644
1658340945066,38.257,0.5824176,0.5,0.5217391,0.45,0.4347826,0.3478261,1.0,0.3181818,1.0,58.600002,57.9,57.300003,57.600002,57.600002,57.9,56.9,59.9,57.9,59.9,55.300003,54.600002,4083873,-1438599,1075200,1075200,1075200,1075200,1075200,1075200,652800,1401600,1067,13,31,1217,7,23,769,30,51,1044,23,31,596,39,55,11,1,3,732,88,131,0,0,0,416869,19022,61555,517684,6850,22377,349453,29032,81255,547862,39576,42179,260952,56218,162490,5734,1023,4158,448553,79437,140206,0,0,0,459.82315,3.2367
1658340946083,38.321003,0.6188119,0.75,0.5,0.6,0.5925926,0.4,0.7692308,0.25,1.0,58.300003,58.300003,56.9,57.600002,57.9,58.300003,56.9,59.9,57.9,59.9,55.600002,54.9,4079007,-1448060,1075200,1075200,1075200,1075200,1075200,1075200,652800,1401600,1244,22,36,1293,7,26,687,30,62,870,16,29,366,18,58,0,0,0,628,97,131,0,0,0,398976,21751,73292,538457,5365,30758,308154,38069,117952,536874,26461,62744,187112,21871,245656,0,0,0,392756,89551,141915,0,0,0,470.547968,3.2943104
1658340947128,38.362003,0.540404,0.33333334,0.45454547,0.46153846,0.375,0.32,1.0,0.29166666,1.0,58.600002,58.300003,57.600002,57.9,57.9,57.9,57.600002,59.9,58.300003,60.300003,56.300003,55.300003,4076477,-1524048,1075200,1075200,1075200,1075200,1075200,1075200,652800,1401600,696,13,27,1233,11,20,671,25,68,848,21,39,522,36,63,166,11,30,596,107,89,3,0,0,257624,10447,52541,530927,9960,24519,292823,32204,132159,478032,27841,66826,245554,49834,198625,86083,13497,123751,408632,111591,95341,64,0,0,408.4187371695179,2.8995085536547434
1658340948162,38.396004,0.6395939,0.5833333,0.6086956,0.5,0.47826087,1.0,0.45833334,0.4090909,1.0,58.300003,58.600002,57.600002,57.9,57.9,58.300003,57.300003,59.9,58.300003,60.300003,55.600002,54.600002,4090685,-1418152,1075200,1075200,1075200,1075200,1075200,1075200,652800,1401600,792,18,38,1440,11,25,854,33,67,987,37,57,524,29,77,49,5,11,474,139,88,1,0,0,355660,19449,100477,593706,8070,30730,378887,43911,170370,534420,39274,103453,261435,31777,251547,24724,3548,40575,343055,177900,138251,24,0,0,415.20428660436136,3.098566978193146
1658340949207,38.446003,0.58115184,0.45833334,0.56,0.47826087,0.52,0.33333334,1.0,0.3043478,1.0,58.9,58.300003,57.600002,58.300003,58.300003,58.300003,57.9,60.300003,58.600002,60.600002,56.300003,55.300003,4082705,-1553651,1075200,1075200,1075200,1075200,1075200,1075200,652800,1401600,699,14,31,1241,5,12,882,42,70,901,34,57,442,31,48,330,11,34,421,134,89,1,0,0,331931,17282,79622,573091,3039,15837,420644,44521,128468,453961,49335,150557,196768,45066,159182,133700,12467,95022,303332,157116,133828,24,0,0,413.11736708860764,2.8073417721518985
1658340950237,38.501003,0.5739645,0.47619048,0.5833333,0.42857143,0.5652174,0.3,1.0,0.23809524,1.0,58.9,58.600002,57.9,58.300003,58.600002,58.600002,57.600002,60.600002,58.300003,60.600002,55.9,55.300003,4092632,-1443482,1075200,1075200,1075200,1075200,1075200,1075200,652800,1401600,822,21,44,1326,19,24,882,34,71,882,27,55,313,22,48,218,21,46,494,128,99,1,0,0,356162,22196,100199,599189,15910,26800,388489,40905,158199,470487,36493,144119,134370,33808,156572,126610,23897,112660,367942,153855,140189,25,0,0,413.0408341232228,2.950976303317536
1658340951248,38.545002,0.6031746,0.56,0.5,0.41666666,0.6,0.8695652,0.39130434,0.4,1.0,58.9,58.600002,58.300003,58.300003,58.300003,58.600002,57.600002,60.600002,58.600002,60.600002,55.9,55.300003,4090685,-1498414,1075200,1075200,1075200,1075200,1075200,1075200,652800,1401600,792,17,40,1303,14,21,875,34,78,790,38,56,533,32,75,47,3,13,469,132,85,0,0,0,346671,15076,84628,553587,13642,18594,377845,43475,174811,485100,68770,118135,258202,34993,248154,22649,11154,36757,336462,156885,116527,0,0,0,411.93181959564544,2.7925598755832035
1658340952268,38.588,0.37864077,0.041666668,0.041666668,0.15384616,0.33333334,0.72,0.46153846,0.14814815,1.0,59.300003,59.300003,58.600002,58.9,59.300003,58.9,58.600002,60.600002,59.300003,60.9,56.600002,55.600002,4058959,-1703187,1075200,1075200,1075200,1075200,1075200,1075200,652800,1401600,1083,10,21,1277,10,17,797,41,82,1032,19,43,296,10,18,420,27,59,638,131,53,0,0,0,457470,9531,37883,575930,10891,20080,375387,52431,163787,521017,32583,68610,114377,15380,83430,177458,40645,191005,371931,131475,65268,0,0,0,169.67774805598756,1.2845412130637637
1658340953360,38.636,0.3512195,0.083333336,0.0,0.04,1.0,0.4,0.07692308,0.03846154,1.0,56.300003,55.9,55.9,56.300003,56.600002,56.600002,56.300003,59.300003,56.9,59.600002,54.300003,53.600002,4171849,-633545,1075200,1075200,1075200,1075200,1075200,1075200,652800,1401600,735,23,66,723,23,59,386,62,67,561,33,76,209,11,27,304,40,82,348,43,96,0,0,0,564265,29175,235488,597828,40436,222986,307244,126451,290905,349841,56812,401931,97142,17554,108815,208065,78187,338919,220516,99172,507901,0,0,0,-1.0,-1.0
1658340954419,38.686,0.46859902,0.26923078,0.2962963,0.32142857,1.0,0.28,0.34615386,0.24,1.0,55.300003,54.9,54.600002,55.300003,55.300003,55.600002,54.9,57.600002,55.600002,57.9,52.9,52.9,4178077,-350647,1075200,1075200,1075200,1075200,1075200,1075200,652800,1401600,604,23,60,418,12,69,243,33,102,3,2,3,136,21,60,272,55,84,30,55,101,0,0,0,548417,55936,268481,552572,24232,334547,227438,68567,574575,0,0,0,121351,44607,561424,262507,134370,462959,41257,168763,660095,0,0,0,-1.0,-1.0
1658340955480,38.707,0.38916257,0.26923078,0.23076923,0.16,0.18518518,1.0,0.24,0.18518518,1.0,55.300003,54.9,54.300003,55.300003,55.9,55.600002,55.300003,55.9,55.600002,57.600002,52.600002,52.600002,4155499,-639648,1075200,1075200,1075200,1075200,1075200,1075200,652800,1401600,380,39,65,263,30,84,245,18,84,55,5,6,230,11,80,167,12,64,114,41,127,29,1,0,326296,99493,404625,288793,78904,472104,159975,26007,663108,21970,14841,19467,158508,21654,613692,81986,22733,663322,76685,133142,682761,7367,3127,0,-1.0,-1.0
1658340956547,38.710003,0.6201117,0.5652174,0.5217391,0.7826087,0.56,0.5714286,0.45454547,0.5,1.0,54.300003,54.9,53.9,54.9,54.9,54.9,54.600002,56.600002,54.9,56.9,51.9,52.300003,4108787,-1210022,1075200,1075200,1075200,1075200,1075200,1075200,652800,1401600,492,50,65,262,1,25,370,38,101,166,12,60,134,3,10,79,12,40,88,44,69,19,0,3,399481,137243,290620,239958,801,573869,214223,92035,575992,118351,16912,741065,33278,4133,10733,50010,21840,759342,68116,117450,771457,5094,0,1540,338.91481290322577,3.836890322580645
1658340957577,38.707,0.6039604,0.52,0.5416667,0.46153846,0.48,0.52,1.0,0.28,1.0,55.9,55.600002,55.9,55.600002,55.300003,55.600002,54.600002,57.600002,55.600002,57.9,53.600002,52.600002,4083873,-1483460,1075200,1075200,1075200,1075200,1075200,1075200,652800,1401600,1030,11,19,1134,5,13,886,28,40,962,22,48,799,38,77,274,20,34,468,58,160,12,1,5,421817,11405,31368,531029,8856,17058,329632,26793,51272,482563,24629,92652,297341,54980,172158,135002,24721,57875,340825,66462,236708,2016,365,2961,551.317593495935,3.650861788617886
1658340958593,38.710003,0.60194176,0.4814815,0.5185185,0.46153846,0.44,0.5,0.96428573,0.41666666,1.0,56.9,56.600002,56.300003,56.600002,56.600002,56.9,56.300003,58.600002,57.300003,58.9,54.600002,53.9,4074530,-1530762,1075200,1075200,1075200,1075200,1075200,1075200,652800,1401600,1002,17,44,1267,6,20,552,20,34,1096,24,36,365,18,56,181,13,32,626,88,107,0,0,0,375060,16458,69218,538312,4603,26493,204281,18405,72338,474132,36309,91369,159113,17681,200220,90607,18040,78706,418924,93801,120308,0,0,0,514.3659595645412,3.1449580093312592
1658340959625,38.744003,0.55675673,0.5217391,0.54545456,0.875,0.45833334,0.3809524,0.33333334,0.33333334,1.0,57.600002,57.300003,56.300003,56.9,57.300003,57.300003,56.600002,58.9,57.300003,59.300003,54.9,54.300003,4093605,-1448670,1075200,1075200,1075200,1075200,1075200,1075200,652800,1401600,1209,12,22,1415,11,13,589,45,83,954,28,43,519,29,57,163,7,9,485,78,142,3,1,0,463953,14956,40515,625883,7531,12282,296009,51937,189351,487777,35164,96150,252250,30551,159266,50457,7580,26361,354237,83402,148618,76,517,0,512.37955,3.14055
1658340960662,38.768,0.67,0.56,0.6666667,0.8518519,0.6,0.4347826,0.875,0.36,1.0,58.300003,57.9,57.300003,57.300003,57.600002,57.9,57.600002,59.600002,58.600002,59.600002,55.600002,54.9,4088544,-1541443,1075200,1075200,1075200,1075200,1075200,1075200,652800,1401600,1117,14,33,1181,6,11,491,27,40,906,20,35,373,21,48,252,15,42,402,72,136,0,0,2,377157,14118,59480,458796,5733,11385,191258,29989,100841,426452,30772,64464,204977,19526,140157,115328,16132,104298,302304,109649,195635,0,0,1039,517.453928802589,3.009915857605178
1658340961711,38.798,0.6216216,0.47619048,0.54545456,1.0,0.5416667,0.6086956,0.4090909,0.33333334,1.0,58.300003,58.300003,57.9,57.9,57.9,57.9,57.600002,59.9,58.600002,60.300003,55.600002,55.300003,4070443,-1550294,1075200,1075200,1075200,1075200,1075200,1075200,652800,1401600,755,21,48,1341,11,11,421,22,40,1209,18,28,612,45,71,92,6,22,357,89,159,1,1,0,332830,30480,84658,496168,13265,14663,184602,18439,74547,525564,20056,53401,268749,63314,165614,61539,2163,60804,282680,150265,230070,23,340,0,516.8453907692307,3.139347692307692
1658340962816,38.842003,0.615,0.5,0.48,0.48,0.41666666,0.6,0.8148148,0.5555556,1.0,58.600002,58.600002,57.9,57.9,57.9,58.300003,57.300003,60.300003,57.9,60.300003,56.300003,55.300003,4084262,-1516114,1075200,1075200,1075200,1075200,1075200,1075200,652800,1401600,901,7,30,847,7,13,29,0,4,820,14,32,650,22,40,483,21,55,489,118,116,0,0,0,284710,4652,39536,477289,6090,18272,9510,0,8403,466299,24444,69598,201990,30573,80565,172730,19243,131451,361361,153116,153690,0,0,0,512.7130016260163,2.7957073170731706
1658340963857,38.876003,0.6298077,0.42307693,0.56,0.875,0.52,0.64,0.46153846,0.5555556,1.0,58.9,58.9,58.600002,59.300003,58.9,58.9,58.600002,60.600002,58.9,60.600002,56.300003,55.600002,4063631,-1730653,1075200,1075200,1075200,1075200,1075200,1075200,652800,1401600,830,14,38,1393,7,25,400,33,62,824,35,47,230,13,23,541,29,57,629,127,92,0,1,0,320281,25756,65800,574085,7602,31345,200808,40572,157878,434476,58929,133039,109740,15833,47625,230032,43209,152761,348428,148463,124896,0,367,0,515.9360622083981,2.792783825816485
1658340964886,38.93,0.5763547,0.44,0.47826087,0.41666666,0.4814815,0.96,0.52,0.25,1.0,59.300003,59.300003,58.300003,58.9,59.300003,58.600002,57.9,60.9,58.9,60.9,56.300003,55.9,4082900,-1519471,1075200,1075200,1075200,1075200,1075200,1075200,652800,1401600,1393,17,35,1343,7,18,556,28,65,1039,25,43,127,4,11,713,37,75,346,106,163,1,0,3,466438,18635,52692,578236,6578,22321,253802,34001,152694,485063,38151,82937,57527,4516,46201,290503,47620,183863,296408,153612,244654,1970,0,2601,511.64422295081965,3.089783606557377
1658340965902,38.967003,0.6243655,0.4,0.5,0.48,0.48,0.6666667,0.8333333,0.5416667,1.0,59.300003,58.9,57.9,58.600002,58.9,58.600002,57.600002,60.9,58.600002,61.300003,56.600002,55.600002,4077061,-1502686,1075200,1075200,1075200,1075200,1075200,1075200,652800,1401600,1113,22,32,1440,13,15,637,50,85,978,26,36,420,27,46,287,7,24,411,68,156,2,1,0,441436,26296,70375,569496,12097,12654,279675,68238,202780,501063,39665,82221,164205,31382,165945,113515,10580,51977,341938,109386,201402,41,489,0,515.9129917355373,2.951193388429752
1658340966922,39.007,0.64,0.47619048,0.64,0.5555556,0.53846157,0.5,1.0,0.44,1.0,59.600002,59.300003,58.9,58.9,59.300003,59.300003,58.600002,61.300003,59.600002,61.600002,56.9,56.300003,4074141,-1506043,1075200,1075200,1075200,1075200,1075200,1075200,652800,1401600,807,17,47,1471,7,21,923,34,66,1121,14,31,149,13,14,368,29,65,511,87,126,0,0,1,394532,29285,101578,576735,6349,22141,380108,40772,146619,576197,17325,66034,73567,19366,25475,176091,38173,206622,384625,93928,145930,0,0,444,517.4351304347826,2.7429068322981367
1658340967960,39.055,0.60655737,0.5555556,0.5652174,0.47619048,0.4347826,0.9130435,0.42857143,0.41666666,1.0,59.9,59.600002,58.9,59.300003,59.600002,59.600002,58.600002,61.600002,59.600002,61.600002,56.9,56.300003,4075698,-1568604,1075200,1075200,1075200,1075200,1075200,1075200,652800,1401600,1154,16,40,1463,6,19,774,32,57,1059,25,35,399,29,66,152,2,9,381,105,113,1,0,1,491865,11904,63394,560579,5181,26235,335281,44178,132478,543777,33738,81802,195270,43053,177081,84314,947,24135,314415,141872,170577,19,0,460,515.248546583851,3.320198757763975
1658340968961,39.089,0.6557377,0.7083333,0.5217391,0.5217391,0.5416667,0.5,1.0,0.5217391,1.0,59.9,59.9,59.300003,59.300003,59.300003,59.300003,58.9,61.300003,59.300003,61.9,57.300003,56.300003,4075309,-1508790,1075200,1075200,1075200,1075200,1075200,1075200,652800,1401600,823,8,29,1477,11,14,538,34,64,1026,27,43,430,25,59,445,21,52,425,120,94,1,0,1,312820,11214,61376,549252,8021,20439,210753,38973,208549,541396,35975,100988,202718,33248,201024,183507,30073,144787,321453,166608,127099,20,0,544,514.4507414330218,2.9217694704049846
1658340969965,39.129,0.65686274,0.625,0.5769231,0.53846157,0.53846157,0.8333333,0.7083333,0.44444445,1.0,59.600002,59.9,59.300003,59.9,59.9,59.9,59.300003,61.9,59.9,61.9,57.600002,56.600002,4075504,-1491089,1075200,1075200,1075200,1075200,1075200,1075200,652800,1401600,842,19,38,1668,3,23,465,40,87,1073,18,37,157,10,26,281,16,56,518,137,68,0,0,0,365741,37008,106850,632556,2944,25742,248507,53006,238782,539781,19600,85621,97531,8603,83884,141539,22299,228429,382717,145852,89227,0,0,0,515.3344719101124,2.9646998394863564
1658340970986,39.173,0.60335195,0.61904764,0.54545456,0.42857143,0.5217391,0.4347826,0.95454544,0.39130434,1.0,60.600002,59.9,59.300003,59.600002,60.300003,59.9,59.300003,61.9,59.9,61.9,57.600002,56.9,4080564,-1528016,1075200,1075200,1075200,1075200,1075200,1075200,652800,1401600,903,18,40,1490,6,16,680,47,84,1045,20,42,397,14,61,156,5,13,696,111,103,2,0,0,360960,20615,99942,533001,4943,13058,304998,58760,186016,538108,27830,70097,189150,12650,246298,57956,5008,18222,432774,123099,120839,41,0,0,514.2425128205128,3.054820512820513
1658340972016,39.22,0.83838385,0.8076923,0.84,0.8076923,0.7916667,0.92,1.0,0.5833333,1.0,60.300003,59.9,59.600002,59.600002,59.9,60.300003,59.300003,61.9,59.9,62.300003,57.600002,56.9,4082316,-1498719,1075200,1075200,1075200,1075200,1075200,1075200,652800,1401600,747,8,27,1427,11,21,743,22,86,1022,21,44,307,16,50,380,27,58,850,114,53,3,0,0,278667,7769,45903,585260,8698,21654,295751,26206,227597,531976,23051,87215,139731,23722,158068,178878,37435,207728,469998,115157,49076,70,0,0,518.1210605564648,2.7158625204582654
1658340973057,39.268,0.6390244,0.52,0.5652174,0.7307692,0.64,0.5769231,0.8518519,0.1923077,1.0,60.9,60.300003,59.9,60.600002,60.600002,60.300003,59.300003,62.300003,59.9,62.300003,58.300003,57.300003,4066745,-1602479,1075200,1075200,1075200,1075200,1075200,1075200,652800,1401600,540,19,41,1382,7,22,690,40,69,1013,14,30,251,6,24,315,21,65,516,107,95,4,0,0,243913,24509,103615,518472,6517,30612,277584,59367,163373,520862,22447,53355,96999,6214,37854,162109,26700,175112,365925,131656,149684,103,0,0,520.295801242236,2.8214658385093165
1658340974109,39.305,0.5873016,0.5833333,0.48,1.0,0.45833334,0.5,0.41666666,0.3043478,1.0,60.600002,60.300003,59.9,60.300003,60.300003,59.9,59.300003,62.300003,59.9,62.600002,57.9,57.300003,4067524,-1540833,1075200,1075200,1075200,1075200,1075200,1075200,652800,1401600,1242,14,25,1437,6,10,451,36,55,1034,18,40,460,37,65,251,10,30,529,129,102,3,0,0,475626,13608,41081,561123,7703,12044,218105,48856,116268,492764,19349,78057,206153,56460,158906,116820,9426,96407,376354,182790,151895,72,0,0,516.6285826513912,2.8850801963993455
1658340975104,39.352,0.56345177,0.45833334,0.4347826,0.76,0.3809524,0.6666667,0.47826087,0.16,1.0,60.9,60.600002,59.9,59.9,59.9,59.600002,59.300003,61.600002,59.9,62.600002,57.9,56.9,4076477,-1523743,1075200,1075200,1075200,1075200,1075200,1075200,652800,1401600,681,7,29,1558,8,17,201,5,18,741,33,39,521,38,82,429,30,74,523,125,73,0,0,0,314790,9250,60008,594892,6333,17431,86425,6218,38138,451162,65200,99070,241511,54754,241681,212619,47848,194407,357306,137028,98121,0,0,0,520.101037037037,2.9476543209876542
1658340976155,39.383003,0.4117647,0.1,0.32,0.13043478,0.17391305,1.0,0.24,0.3043478,1.0,60.9,60.600002,59.600002,60.300003,60.300003,60.300003,59.300003,62.300003,59.9,62.300003,57.9,57.600002,4071611,-1531678,1075200,1075200,1075200,1075200,1075200,1075200,652800,1401600,768,11,31,1322,11,21,640,34,69,1022,18,33,520,14,51,348,20,38,516,145,109,3,0,0,315493,13298,66229,548983,10012,26326,266085,35470,156575,507963,25343,47793,223605,14906,150736,145371,23838,72443,346672,213284,157498,92,0,0,447.8042988871224,2.416839427662957
1658340977187,39.426003,0.3809524,0.09090909,0.13043478,0.26923078,0.9583333,0.13043478,0.17391305,0.26086956,1.0,59.300003,58.9,57.9,58.9,59.600002,58.9,58.600002,61.9,59.300003,61.600002,56.9,56.300003,4166010,-375671,1075200,1075200,1075200,1075200,1075200,1075200,652800,1401600,782,15,33,823,12,22,475,32,71,509,19,55,182,4,11,316,27,58,550,92,70,0,0,0,398064,26545,139975,466516,16219,66145,216909,49334,251472,277093,34322,207684,59047,4184,30875,174030,46769,213647,340408,127167,159546,0,0,0,-1.0,-1.0
1658340978188,39.474003,0.31088084,0.08695652,1.0,0.083333336,0.08,0.12,0.12,0.041666668,1.0,57.300003,56.600002,56.300003,56.600002,56.600002,57.300003,56.600002,59.9,57.300003,59.9,54.9,54.600002,4170292,-630188,1075200,1075200,1075200,1075200,1075200,1075200,652800,1401600,504,18,38,332,4,34,168,30,83,190,31,77,128,29,41,147,36,76,35,37,127,0,0,0,543315,49740,209511,500373,8957,386226,180084,70207,579369,179478,68463,419961,127511,71621,108674,172073,105025,513656,60051,104763,664778,0,0,0,-1.0,-1.0
1658340979226,39.501003,0.30898875,0.04761905,0.045454547,1.0,0.13043478,0.09090909,0.0,0.0,1.0,55.9,55.9,54.9,55.300003,55.300003,55.300003,55.300003,58.300003,55.9,58.300003,53.600002,53.300003,4178272,-282592,1075200,1075200,1075200,1075200,1075200,1075200,652800,1401600,372,38,51,132,7,21,165,16,84,205,29,78,138,32,69,166,25,78,39,76,136,0,0,0,336923,83318,318931,99016,12419,193905,154185,36927,771394,162828,51809,649532,140403,83459,589823,146193,78275,668719,51556,247781,703577,0,0,0,-1.0,-1.0
1658340980235,39.501003,0.585,0.5416667,0.61538464,0.6666667,0.5,0.56,0.53846157,0.24,1.0,55.300003,54.9,54.9,54.9,54.9,54.9,54.300003,57.9,55.300003,57.9,53.300003,52.9,4170681,-629883,1075200,1075200,1075200,1075200,1075200,1075200,652800,1401600,525,41,72,297,9,30,210,15,38,259,42,95,208,31,47,331,40,88,128,31,91,9,0,0,473095,57878,245484,327209,25090,235877,103348,27907,134639,189996,89329,502782,114299,84602,473130,222079,72877,520430,76697,67225,688760,225,0,0,0.8971782945736434,0.03645271317829457
1658340981282,39.508003,0.88135594,1.0,0.8636364,0.8181818,0.94736844,1.0,0.95652175,0.5,1.0,56.600002,56.300003,55.9,56.300003,56.600002,56.600002,55.600002,58.300003,56.300003,58.300003,53.9,53.600002,4092437,-1476746,1075200,1075200,1075200,1075200,1075200,1075200,652800,1401600,847,19,45,663,9,26,555,14,17,756,15,55,342,17,37,320,44,82,438,48,117,2,0,0,340877,27180,184142,239435,21633,238951,266843,19257,24087,340691,21299,290653,151786,11930,315164,193288,61992,234528,224260,68593,500428,64,0,0,543.3412342487884,4.084420032310177
1658340982295,39.508003,0.775,0.7307692,0.75,0.6666667,0.76,0.8888889,1.0,0.32,1.0,58.300003,58.300003,57.300003,57.9,57.9,57.600002,56.9,59.600002,57.600002,59.600002,55.600002,54.9,4072779,-1615601,1075200,1075200,1075200,1075200,1075200,1075200,652800,1401600,800,8,14,1052,4,12,796,15,23,601,15,36,217,14,27,54,2,9,500,103,83,0,0,0,318959,9642,14609,396940,4971,14180,453330,23209,26576,351118,21151,51074,95229,15198,62731,26386,1062,20052,332847,117893,110790,0,0,0,646.9041744548286,4.042467289719625
1658340983355,39.518,0.6881188,0.6363636,0.64,0.5769231,0.6666667,1.0,0.6923077,0.29166666,1.0,58.9,58.600002,57.9,58.600002,58.600002,58.300003,57.300003,60.300003,58.300003,60.300003,56.300003,55.300003,4092242,-1470948,1075200,1075200,1075200,1075200,1075200,1075200,652800,1401600,1111,6,14,1124,4,18,799,21,37,692,19,33,126,12,20,105,4,17,682,115,92,0,0,0,399003,6779,17311,423817,3393,21408,458509,37598,55797,423356,25761,71500,50673,10614,41589,39160,4879,34383,393362,117843,127846,0,0,0,619.0358325581395,4.199640310077519
1658340984399,39.521004,0.7924528,0.76,0.76,0.86206895,0.9230769,0.84615386,0.8888889,0.23076923,1.0,59.300003,58.9,58.300003,58.9,58.9,58.600002,57.600002,60.600002,58.600002,60.600002,56.600002,55.9,4080564,-1524964,1075200,1075200,1075200,1075200,1075200,1075200,652800,1401600,1107,9,16,1339,5,21,913,15,24,856,15,21,132,8,14,181,11,44,590,89,124,0,0,0,425305,8837,12262,463039,6311,22611,547202,16152,43828,499530,25452,44130,50397,2765,25181,78493,5673,158428,348024,90001,170790,0,0,0,612.2945285935085,4.209854714064915
1658340985531,39.572002,0.8082902,0.72727275,0.6956522,0.8,0.7916667,1.0,1.0,0.4347826,1.0,58.9,58.9,58.300003,58.300003,58.300003,58.300003,57.9,60.600002,58.9,60.600002,56.600002,55.9,4074530,-1450806,1075200,1075200,1075200,1075200,1075200,1075200,652800,1401600,549,7,12,450,0,18,362,4,9,254,4,16,62,2,12,84,4,6,615,74,187,0,0,0,263182,7541,12075,230440,0,24309,308694,15941,19910,304005,4268,48998,18052,1162,31959,27800,13076,10545,381526,104664,250933,0,0,0,633.3830668740279,4.525536547433903
1658340986646,39.599003,0.7809524,0.8076923,0.64,0.8214286,0.84,0.88461536,0.9310345,0.25925925,1.0,59.600002,59.9,59.300003,59.300003,59.300003,59.300003,58.600002,61.300003,59.300003,61.600002,57.600002,56.9,4078423,-1564027,1075200,1075200,1075200,1075200,1075200,1075200,652800,1401600,565,6,13,1008,6,11,526,9,18,503,11,26,52,3,5,13,0,1,624,109,99,0,0,0,247646,5658,13496,317856,8694,20333,345606,7739,39297,288146,18061,66731,19543,3584,13008,6559,0,4713,399379,146868,149706,0,0,0,647.2422697674418,4.412924031007752
1658340987768,39.649002,0.74129355,0.6,0.7083333,0.88,0.6666667,1.0,0.8148148,0.2,1.0,60.300003,59.600002,58.600002,59.300003,59.300003,59.300003,58.600002,61.300003,59.300003,61.600002,57.600002,56.600002,4067718,-1536255,1075200,1075200,1075200,1075200,1075200,1075200,652800,1401600,582,12,12,1003,8,19,399,6,20,465,10,27,145,1,8,43,2,10,771,77,166,0,0,0,277475,10350,8392,352737,7868,27785,288137,4479,36941,321314,16279,73644,40557,1542,16947,16151,630,38676,436588,119575,260569,0,0,0,642.2905341614907,4.119503105590062
1658340988833,39.68,0.7241379,0.625,0.6666667,0.68,0.56,0.9230769,0.8518519,0.3478261,1.0,60.600002,60.300003,59.600002,59.9,60.300003,59.9,59.600002,61.9,60.300003,61.9,58.300003,57.300003,4041248,-1642152,1075200,1075200,1075200,1075200,1075200,1075200,652800,1401600,915,3,14,860,9,14,657,11,10,807,11,15,155,10,17,95,2,11,562,121,129,0,0,0,321471,2326,11241,309605,6247,24123,306770,19162,15521,381901,8477,28881,69502,18484,54528,38642,3729,33168,375465,162009,200422,0,0,0,623.3857024,3.9224832000000003
1658340989931,39.717003,0.7373737,0.64,0.6818182,0.7692308,0.6296296,0.7083333,1.0,0.5,1.0,60.600002,60.300003,59.9,59.9,60.300003,60.300003,59.300003,61.9,60.300003,62.300003,57.600002,56.9,4075309,-1513978,1075200,1075200,1075200,1075200,1075200,1075200,652800,1401600,1285,9,11,1093,4,26,851,10,32,825,16,30,52,2,16,149,9,35,655,124,91,0,0,0,429033,7122,10393,401334,4283,24774,455218,12790,36754,493484,28477,49526,25700,43,32183,56086,5901,66494,402834,147949,119431,0,0,0,619.715544141252,3.8555634028892456
1658340990953,39.758003,0.705,0.6,0.6,0.64,0.56,0.8,0.96153843,0.47826087,1.0,60.9,60.600002,59.9,60.300003,60.300003,60.600002,59.9,62.300003,60.9,62.600002,58.300003,57.600002,4058570,-1628419,1075200,1075200,1075200,1075200,1075200,1075200,652800,1401600,1299,7,17,1141,6,24,882,22,34,832,12,22,420,17,54,7,0,1,809,71,146,0,0,0,495283,6519,14190,409860,6300,28322,454835,27601,53718,483014,18453,24084,151981,12070,153442,1853,0,2015,413951,70504,170203,0,0,0,622.8736,3.8659096774193547
1658340991997,39.791,0.6956522,0.64,0.6086956,0.57894737,0.625,1.0,0.8636364,0.28,1.0,60.9,60.9,60.600002,60.9,61.300003,61.300003,60.600002,62.600002,61.300003,62.9,58.600002,58.300003,4074920,-1563721,1075200,1075200,1075200,1075200,1075200,1075200,652800,1401600,1136,11,13,1211,7,20,845,17,34,1000,8,24,267,22,57,32,3,4,482,62,165,0,0,0,443709,8124,12783,440282,6684,23506,480559,25694,39473,536269,12973,41938,111924,31062,124417,11773,1398,5053,354448,82232,206393,0,0,0,622.1701864951768,3.977209003215434
1658340993123,39.845,0.7294686,0.6296296,0.5416667,0.76,0.5217391,0.84,0.9259259,0.53846157,1.0,61.600002,61.600002,60.9,61.300003,61.600002,61.300003,60.600002,63.300003,61.600002,63.300003,58.600002,57.9,4035214,-1944886,1075200,1075200,1075200,1075200,1075200,1075200,652800,1401600,838,9,10,1041,5,14,725,20,34,712,12,25,123,7,28,75,3,10,514,82,131,0,0,0,334105,7349,9689,396613,6980,15053,433867,34305,75447,424860,16971,46112,51017,4915,73383,26664,1413,39183,321568,92251,167570,0,0,0,619.486302652106,3.638464898595944
1658340994182,39.879,0.6944444,0.6666667,0.59090906,0.7083333,0.59090906,0.6363636,1.0,0.3478261,1.0,61.600002,61.300003,60.600002,60.600002,60.9,61.300003,60.300003,62.9,60.9,62.9,58.9,58.300003,4066356,-1578370,1075200,1075200,1075200,1075200,1075200,1075200,652800,1401600,1108,4,4,1177,0,8,627,12,26,861,19,22,181,12,30,87,3,6,676,129,49,4,0,1,403765,5441,2214,420322,0,10008,407484,11779,48392,465617,26178,51961,72386,13709,150173,39046,2550,11650,388512,129183,56490,1185,0,2237,617.9182051282052,4.074205128205128
1658340995225,39.93,0.67368424,0.5652174,0.5769231,0.5217391,0.5217391,0.77272725,0.96,0.4090909,1.0,61.300003,60.9,60.9,60.600002,61.300003,61.300003,60.300003,62.9,61.300003,62.9,58.9,58.300003,4064020,-1567994,1075200,1075200,1075200,1075200,1075200,1075200,652800,1401600,1056,10,23,1465,13,26,809,15,40,802,23,35,266,19,49,41,3,11,364,111,143,0,0,0,424522,7220,21552,534218,11873,27564,416343,17278,57327,473028,43786,66098,126150,17476,137939,20164,3131,15647,278996,161098,229893,0,0,0,619.4658040435459,3.9160933125972006
1658340996253,39.987003,0.6878307,0.625,0.6956522,0.59090906,0.6086956,0.7826087,1.0,0.2173913,1.0,61.600002,61.600002,60.9,61.300003,61.300003,61.300003,60.600002,63.300003,61.300003,63.300003,58.9,57.9,4074920,-1542359,1075200,1075200,1075200,1075200,1075200,1075200,652800,1401600,1157,6,20,1352,4,28,897,19,29,804,13,32,176,21,38,57,2,15,490,110,102,0,0,0,453147,2573,20374,500288,4668,34073,532550,33282,44035,471643,22770,66705,80602,20135,67827,28055,4444,57708,343880,132963,126429,0,0,0,614.647620214395,3.7642388973966305
1658340997318,40.012,0.8240741,0.89285713,0.9259259,0.8518519,0.8214286,0.9310345,1.0,0.18518518,1.0,61.9,61.600002,60.600002,61.300003,61.300003,61.300003,60.300003,63.600002,61.300003,63.600002,58.9,58.600002,4075114,-1573182,1075200,1075200,1075200,1075200,1075200,1075200,652800,1401600,1161,5,14,1226,5,21,716,20,32,756,26,46,120,9,25,131,7,32,497,111,124,0,0,0,415414,6141,14530,429032,2675,16000,430199,29446,58809,450662,36242,87265,55817,8161,59739,53637,10498,80393,345847,120106,161555,0,0,0,619.9052879256966,3.866798761609907
1658340998450,40.065002,0.7818182,0.8148148,0.7777778,0.6666667,0.7777778,0.8076923,1.0,0.39285713,1.0,61.300003,61.300003,60.600002,60.600002,60.9,60.9,60.600002,63.300003,61.600002,63.600002,58.9,58.600002,4063631,-1604005,1075200,1075200,1075200,1075200,1075200,1075200,652800,1401600,477,9,6,363,4,11,357,19,34,352,8,18,80,5,10,4,0,1,585,95,141,0,0,0,241233,10773,5878,192298,5712,11724,274101,50896,75451,385182,12464,32870,23661,3762,10857,1683,0,38,356440,132125,220397,0,0,0,615.7759012345679,3.999604938271605
1658340999740,40.125,0.9036697,1.0,0.962963,0.9285714,0.9310345,1.0,0.962963,0.42307693,1.0,61.600002,61.300003,60.600002,60.9,60.9,61.300003,60.600002,63.300003,61.300003,63.300003,58.600002,58.300003,4071806,-1393128,1075200,1075200,1075200,1075200,1075200,1075200,652800,1401600,397,5,7,335,5,13,424,13,19,310,6,18,279,4,8,42,0,4,455,122,192,0,0,0,209809,4379,4149,197708,7698,20070,376517,22284,40903,332517,6840,51740,82289,5773,48535,13003,0,5090,300969,235934,370557,0,0,0,619.8433684210526,4.185510835913313
1658341000966,40.182003,0.64285713,0.375,0.5714286,0.8333333,1.0,0.71428573,0.4090909,0.18181819,1.0,61.600002,61.300003,60.600002,60.600002,60.600002,60.600002,60.300003,62.9,60.600002,62.9,58.600002,58.300003,4085819,-1322327,1075200,1075200,1075200,1075200,1075200,1075200,652800,1401600,345,3,5,353,4,11,247,2,11,277,9,10,101,4,7,134,4,13,709,125,137,0,0,0,154083,3975,4842,151257,5308,24753,195045,1205,7490,272538,38985,44311,33104,4062,18990,63896,2268,13169,408947,180805,204602,0,0,0,0.014877650897226754,0.0067993474714518765
1658341002028,40.224003,0.32804233,0.12,0.20833333,0.04761905,0.04347826,0.083333336,1.0,0.04347826,1.0,59.300003,59.600002,58.9,59.600002,59.9,59.600002,58.9,61.9,59.600002,61.9,56.9,56.600002,4159587,-461426,1075200,1075200,1075200,1075200,1075200,1075200,652800,1401600,1221,9,14,965,8,27,448,12,41,129,4,10,201,12,30,574,23,51,296,86,90,0,0,0,396885,9780,30112,383455,11489,74060,154899,22146,166102,31507,4744,15263,103424,25267,112096,217745,23969,180482,173272,160222,249939,0,0,0,-1.0,-1.0
1658341003054,40.265003,0.591623,0.5416667,0.92,0.5,0.4347826,0.47826087,0.5,0.3478261,1.0,57.300003,56.9,56.600002,57.300003,57.300003,57.600002,57.300003,59.9,57.600002,60.300003,55.300003,54.9,4169903,-313110,1075200,1075200,1075200,1075200,1075200,1075200,652800,1401600,422,31,75,47,0,8,307,75,103,279,35,85,161,14,66,90,13,52,109,70,125,0,0,0,436307,54485,439020,43509,0,218582,265212,170825,424314,224738,72391,629005,114219,29834,633841,84837,34322,474632,105411,192652,609219,0,0,0,-1.0,-1.0
1658341004091,40.291,0.7085427,0.6923077,0.84,0.7037037,0.5925926,0.7307692,0.7692308,0.3478261,1.0,56.9,57.300003,56.300003,56.300003,56.600002,56.9,56.300003,59.600002,56.9,59.300003,54.600002,54.300003,4166204,-334167,1075200,1075200,1075200,1075200,1075200,1075200,652800,1401600,535,34,66,77,0,5,306,42,85,247,35,96,263,31,81,221,37,80,106,40,98,12,0,0,419012,58290,324881,19057,0,105396,211570,90027,492391,179904,90956,555866,203193,76878,569482,165409,95508,457791,75693,118903,621972,927,0,0,-1.0,-1.0
1658341005141,40.288002,0.6080402,0.5652174,0.5416667,0.47826087,0.5,0.6923077,0.78571427,0.24,1.0,56.9,56.9,56.300003,57.300003,57.300003,57.600002,57.300003,58.600002,57.9,59.300003,54.300003,54.300003,4111706,-1152649,1075200,1075200,1075200,1075200,1075200,1075200,652800,1401600,512,31,51,359,4,44,269,27,65,510,45,70,137,22,33,187,14,48,158,31,61,8,0,3,331448,70249,198504,250101,3720,485390,151762,71906,528716,230537,97386,440436,88516,27816,105395,81199,40391,562786,99025,60015,766355,2376,0,1675,501.3247186009539,4.198715421303657
1658341006158,40.276,0.6630435,0.56,0.6666667,0.47619048,0.5416667,0.82608694,1.0,0.15,1.0,58.9,58.9,58.300003,58.9,58.600002,58.600002,57.9,60.600002,58.600002,60.600002,56.300003,55.600002,4072584,-1558839,1075200,1075200,1075200,1075200,1075200,1075200,652800,1401600,1079,9,10,1333,2,16,746,10,27,721,23,48,263,13,29,237,17,35,445,79,164,1,2,3,429608,10523,9908,461355,1798,15591,479799,19926,43435,331687,24441,102084,103079,15991,78532,106057,21024,76872,312495,105164,214173,21,677,1448,738.2236398713826,4.738983922829583
1658341007168,40.276,0.6683938,0.64,0.4347826,0.56,0.47826087,0.6956522,1.0,0.5217391,1.0,59.600002,59.600002,58.9,59.300003,59.600002,59.600002,58.9,61.300003,60.300003,61.600002,57.600002,56.600002,4076282,-1515504,1075200,1075200,1075200,1075200,1075200,1075200,652800,1401600,1293,8,16,1323,2,27,877,16,35,1116,16,25,221,9,28,91,5,25,460,124,104,0,0,0,478933,6233,12883,441086,1321,28646,438398,19230,53760,492546,18071,38374,79264,5843,55054,48194,1746,48818,342508,131986,142466,0,0,0,649.744624024961,3.7826895475819033
1658341008198,40.291,0.69,0.625,0.52,0.5416667,0.45833334,0.8,1.0,0.52,1.0,60.600002,60.600002,59.9,59.9,60.600002,60.600002,59.9,62.300003,60.600002,62.300003,57.9,57.300003,4071416,-1613770,1075200,1075200,1075200,1075200,1075200,1075200,652800,1401600,1200,24,36,1413,13,32,1000,27,40,934,39,49,160,16,25,135,8,39,472,131,107,0,0,0,477144,23518,37079,549866,9372,38944,533595,29984,67011,428219,42630,83722,87014,17190,66125,69304,2394,140377,342104,147093,124337,0,0,0,652.1142930756844,4.028805152979066
1658341009226,40.322002,0.7192118,0.61538464,0.75,0.5769231,0.48,1.0,1.0,0.3043478,1.0,60.9,60.9,59.9,60.600002,61.300003,60.9,59.9,62.600002,60.600002,62.9,58.300003,57.600002,4062852,-1616517,1075200,1075200,1075200,1075200,1075200,1075200,652800,1401600,1159,12,30,1645,4,18,885,16,42,883,38,61,243,19,59,55,2,6,615,142,78,1,0,0,494337,12408,35522,547887,5333,19849,525951,12331,69145,401715,57192,96377,113486,19093,144456,22897,2072,14332,398569,144244,85340,19,0,0,662.4211677018633,4.204571428571428
1658341010259,40.356003,0.784689,0.61538464,0.75,0.6923077,0.72,1.0,0.96153843,0.52,1.0,61.300003,60.9,60.600002,60.9,61.600002,61.300003,60.300003,62.600002,60.9,63.300003,58.600002,57.9,4067913,-1597596,1075200,1075200,1075200,1075200,1075200,1075200,652800,1401600,1419,3,14,1051,5,10,1027,20,31,870,13,45,109,6,17,52,6,17,644,138,62,5,0,1,489804,3520,15170,385853,3241,16827,492112,25061,52864,360837,11074,75050,56755,4855,24679,24482,767,35502,395013,150935,89639,301,0,15,668.5965395348837,4.087615503875969
1658341011318,40.382004,0.6927083,0.5652174,0.5833333,0.47619048,0.6363636,0.8,1.0,0.44,1.0,61.600002,61.300003,60.600002,61.300003,60.9,60.9,60.300003,62.9,60.9,63.300003,58.600002,58.300003,4057986,-1631165,1075200,1075200,1075200,1075200,1075200,1075200,652800,1401600,1299,7,14,1136,5,15,817,15,43,567,26,52,73,8,14,133,8,26,556,144,88,9,0,0,493532,9159,14132,416091,4410,17136,540863,20078,79341,324946,37096,103374,26596,16436,59029,59233,5753,67439,416872,151786,105929,949,0,0,680.4260372670808,4.337689440993788
1658341012394,40.427002,0.7612613,0.6666667,0.7037037,0.6666667,0.7,0.962963,1.0,0.39285713,1.0,61.300003,61.300003,60.9,61.600002,61.300003,61.300003,60.600002,63.300003,61.600002,63.300003,58.9,58.300003,4060906,-1653748,1075200,1075200,1075200,1075200,1075200,1075200,652800,1401600,1201,12,20,1131,1,21,895,9,29,441,12,25,101,6,22,34,3,8,519,99,132,1,0,0,463117,13188,19179,423237,312,24997,500854,14720,50382,200252,25665,44612,47168,11670,42053,15586,1947,5958,385657,99853,148386,97,0,0,687.2118229007633,4.685386259541985
1658341013526,40.469,0.71497583,0.5769231,0.64,0.625,0.6666667,0.962963,1.0,0.2,1.0,61.9,61.600002,61.300003,61.600002,61.600002,61.600002,60.600002,63.9,61.600002,63.600002,59.300003,58.300003,4074336,-1542054,1075200,1075200,1075200,1075200,1075200,1075200,652800,1401600,1048,5,10,622,3,16,841,15,28,556,15,28,54,2,8,85,6,16,607,90,150,3,0,0,381381,2877,6862,226422,1321,26933,529660,24718,45741,249230,13418,40513,22334,372,36538,43843,4475,25177,435044,103875,183618,0,0,0,696.8834674922601,4.079009287925697
1658341014603,40.514004,0.7103825,0.52380955,0.625,0.65217394,0.6956522,0.8636364,1.0,0.27272728,1.0,62.300003,61.9,61.300003,61.9,61.9,61.600002,60.9,63.9,62.300003,63.9,59.300003,58.600002,4052926,-1616822,1075200,1075200,1075200,1075200,1075200,1075200,652800,1401600,738,6,8,931,5,16,740,15,19,571,9,25,49,1,7,37,1,7,660,130,118,27,0,2,325873,4550,8251,303215,5952,17378,464074,29465,30488,223002,11694,32832,18925,588,2389,17820,818,12665,447728,151940,121338,4574,0,585,705.8592411575563,4.395266881028939
1658341015641,40.556004,0.685446,0.61538464,0.7037037,0.53846157,0.4347826,1.0,0.88461536,0.2857143,1.0,62.600002,62.300003,61.300003,61.9,62.300003,61.9,61.300003,64.3,61.9,64.3,59.600002,58.9,4060322,-1590272,1075200,1075200,1075200,1075200,1075200,1075200,652800,1401600,1123,15,26,1299,7,31,805,24,31,891,30,42,216,25,43,0,0,0,403,134,109,2,0,1,458785,12559,24137,434816,7148,35803,474153,40791,43949,381191,34880,76569,84386,25009,101676,0,0,0,329534,160355,149549,321,0,0,712.302954248366,4.354039215686274
1658341016681,40.593002,0.6732673,0.5416667,0.5416667,0.53846157,0.61538464,0.96,0.88,0.3846154,1.0,62.600002,62.9,61.600002,61.9,62.300003,61.9,61.300003,64.3,61.9,64.3,59.9,58.9,4071027,-1511536,1075200,1075200,1075200,1075200,1075200,1075200,652800,1401600,939,3,9,1002,3,14,977,23,35,1051,17,37,121,8,29,73,2,11,388,129,124,0,0,0,358922,2327,7652,340968,2526,15521,498132,37603,50277,423651,22976,58946,45475,9089,76214,29501,2244,21042,306572,170970,169439,0,0,0,728.5844837209302,4.282989147286822
1658341017749,40.639004,0.7980769,0.72,0.8076923,0.7407407,0.8,0.9259259,0.96153843,0.44,1.0,63.300003,62.600002,61.9,62.600002,63.300003,62.9,61.9,64.600006,62.9,64.9,60.300003,59.300003,4048838,-1712342,1075200,1075200,1075200,1075200,1075200,1075200,652800,1401600,922,4,12,1095,3,14,981,14,25,701,21,53,180,3,21,53,5,14,613,106,97,1,0,0,315101,2484,14158,395866,2841,13607,510569,20563,31947,314706,32926,77654,58342,280,28996,16577,3398,20571,386874,122630,131162,30,0,0,737.3524429967428,4.12685342019544
1658341018850,40.676003,0.6519337,0.5,0.6363636,0.5416667,0.6086956,0.6086956,1.0,0.3809524,1.0,63.9,63.600002,62.600002,63.300003,63.300003,63.600002,62.9,64.3,63.9,65.600006,60.600002,59.9,4053899,-1831361,1075200,1075200,1075200,1075200,1075200,1075200,652800,1401600,944,3,13,898,2,16,653,11,27,720,16,37,130,9,23,137,3,20,382,118,103,1,0,0,356747,1453,10696,315797,2149,19502,376315,18170,40239,313160,20989,60965,44637,10269,49590,51810,1573,46076,317878,129556,140305,27,0,0,741.2533836477987,4.841358490566037
1658341020041,40.729,0.6432161,0.56,0.53846157,0.5416667,0.41666666,1.0,0.68,0.375,1.0,63.9,63.9,63.300003,63.600002,63.600002,63.600002,62.600002,65.3,63.9,65.3,60.600002,59.9,4047476,-1696168,1075200,1075200,1075200,1075200,1075200,1075200,652800,1401600,1035,13,24,1253,8,31,894,16,46,765,28,48,129,9,36,54,1,5,631,129,72,1,0,0,430078,10727,27633,431301,7450,36780,432510,22198,75432,346629,36727,78463,60113,11877,107719,18930,728,8347,409158,151709,71410,46,0,0,764.5836555023923,4.600650717703349
1658341021080,40.759003,0.6782178,0.5769231,0.64,0.5416667,0.5,0.88,0.9583333,0.29166666,1.0,63.9,63.600002,63.300003,63.600002,63.9,63.600002,62.9,65.600006,63.600002,65.600006,60.9,60.300003,4045724,-1728822,1075200,1075200,1075200,1075200,1075200,1075200,652800,1401600,1290,16,17,1350,10,30,1026,15,42,799,31,50,282,14,36,86,8,19,430,120,104,5,0,0,480718,11870,16309,482517,11102,44373,483880,22827,63867,360055,37413,82815,101183,15471,72867,42620,8595,80367,347878,149697,141617,192,0,0,809.4336726094004,5.004499189627229
1658341022097,40.805,0.6865672,0.6296296,0.52,0.68,0.5416667,0.7777778,1.0,0.36,1.0,63.9,63.600002,62.9,62.9,63.300003,63.300003,62.600002,65.3,62.9,65.600006,60.9,59.9,4025871,-1640931,1075200,1075200,1075200,1075200,1075200,1075200,652800,1401600,1081,6,14,1347,9,17,906,21,38,1112,23,51,226,6,33,35,0,10,377,134,96,2,0,0,466624,4579,17617,461270,11631,24202,460552,27467,60611,409867,20556,71000,79338,3418,64639,12442,0,22015,342143,163932,136884,42,0,0,839.8355968,4.845926400000001
1658341023119,40.842003,0.746114,0.64,0.6666667,0.7083333,0.5652174,1.0,0.84,0.5416667,1.0,64.3,64.600006,63.9,63.9,64.3,64.600006,63.600002,65.9,63.9,66.3,61.300003,60.300003,4050395,-1657410,1075200,1075200,1075200,1075200,1075200,1075200,652800,1401600,1292,12,24,1492,5,29,1096,17,35,630,36,55,267,15,55,7,0,1,493,107,113,0,0,0,512910,8886,20367,528371,4026,29494,480181,18654,50793,278932,43837,83111,129084,7769,149145,1226,0,2065,353103,131132,146774,0,0,0,908.6040064,5.7743872000000005
1658341024128,40.903004,0.740566,0.65384614,0.6666667,0.71428573,0.8076923,1.0,0.6785714,0.33333334,1.0,64.3,64.3,63.9,63.9,64.3,64.3,63.600002,66.3,63.9,66.600006,61.600002,61.300003,4014193,-2166139,1075200,1075200,1075200,1075200,1075200,1075200,652800,1401600,1118,8,19,1422,4,14,820,22,28,1124,15,32,24,0,0,213,18,48,597,98,75,0,0,0,467618,7324,22727,461481,3359,16726,444545,35378,48390,416368,18782,32500,10075,0,0,93829,25273,88871,358595,99014,113325,0,0,0,855.6007453416148,5.195627329192546
1658341025193,40.933002,0.32748538,0.1,0.09090909,0.0952381,0.04761905,0.14285715,1.0,0.05,1.0,64.3,64.3,63.300003,63.600002,63.9,63.600002,62.9,66.3,63.9,66.3,61.600002,60.600002,4078812,-1372376,1075200,1075200,1075200,1075200,1075200,1075200,652800,1401600,1010,12,25,1400,8,23,1000,17,28,665,21,48,208,7,32,96,9,16,558,111,94,2,0,0,398524,8676,39872,462932,13733,24016,470395,15101,49137,293980,15369,100504,93084,6332,88595,55867,11639,48535,403536,116019,99604,44,0,0,0.012204651162790696,0.005817054263565892
1658341026197,40.986,0.840796,0.8333333,0.96153843,0.84,0.9166667,0.7777778,0.84615386,0.52,1.0,61.9,61.600002,60.9,61.9,62.300003,62.600002,61.9,64.3,62.300003,64.3,58.9,58.600002,4103726,-1064453,1075200,1075200,1075200,1075200,1075200,1075200,652800,1401600,637,23,47,419,2,16,538,67,71,288,27,79,222,20,62,63,10,16,174,41,106,0,0,0,501063,51040,200737,494973,3592,275310,358482,149595,288100,199164,51213,522260,152542,41134,473615,42757,10955,97127,106482,118728,556226,301,0,0,-1.0,-1.0
