1658351620323,37.456,0.23809524,0.22727273,0.26086956,0.15,0.27272728,0.23809524,0.25,0.10526316,0.36363637,45.300003,45.9,44.9,46.300003,46.300003,46.600002,45.9,46.600002,46.9,48.300003,43.300003,43.9,3812160,-851135,1075200,1075200,1075200,1075200,1075200,1075200,652800,1401600,7384823,172562,703295,7967754,154638,671624,4022137,260408,743182,3883916,263310,761503,2953670,207418,737078,2725468,194814,722459,2803495,410426,815312,1550699,143817,517567,4523879521,375863942,9606176434,4782174244,346072196,9649718667,2725193354,551014768,11468750867,2640431439,558155342,11461395674,2078129776,434419246,11520764222,1972224301,418190349,11385806196,2100184831,799731602,12774769965,976984138,407763087,11376147592,-1.0,-1.0
1658351621312,37.456,0.05022831,0.035714287,0.071428575,0.06896552,0.071428575,0.18518518,0.071428575,0.0,0.0,44.9,45.9,44.9,44.9,45.300003,44.9,44.9,44.9,45.300003,45.600002,43.600002,43.300003,3796200,-740051,1075200,1075200,1075200,1075200,1075200,1075200,652800,1401600,1011,0,0,1108,0,0,723,25,37,489,15,38,610,13,35,452,11,38,428,13,43,313,2,32,727547,0,0,709176,0,0,546925,61240,118838,481206,30181,194833,522300,15858,203135,414769,28736,181920,441209,40945,272341,299499,3536,172900,-1.0,-1.0
1658351622368,37.473003,0.5882353,0.6551724,0.5714286,0.6296296,0.64285713,0.56,0.61538464,0.3846154,0.6666667,44.600002,44.9,44.300003,44.9,45.300003,44.9,44.9,45.300003,45.600002,46.300003,43.300003,43.300003,3818972,-573730,1075200,1075200,1075200,1075200,1075200,1075200,652800,1401600,665,0,7,934,0,14,378,26,52,621,24,44,389,25,49,396,22,57,368,60,72,313,10,47,702092,0,164049,718532,0,151887,399824,55845,340556,443458,51443,352707,382719,48930,345698,315018,29511,384462,397831,136240,384878,218516,29668,425473,-1.0,-1.0
1658351623549,37.483,0.70183486,0.65384614,0.7037037,0.65384614,0.6923077,0.8148148,0.7586207,0.5185185,0.8214286,45.600002,45.9,45.600002,46.300003,45.9,46.300003,45.9,45.9,46.600002,46.600002,44.600002,44.600002,3779850,-1113282,1075200,1075200,1075200,1075200,1075200,1075200,652800,1401600,698,0,0,971,0,0,706,16,28,620,15,31,397,9,33,325,7,12,707,15,68,374,10,45,487943,0,0,463309,0,0,403461,31643,49127,364301,31755,96760,354131,11817,138550,233815,8953,34624,407082,26862,159524,92363,35052,160210,-1.0,-1.0
1658351624742,37.494003,0.37751004,0.125,0.32258064,0.32258064,0.09677419,0.96875,0.969697,0.032258064,0.09677419,46.600002,46.600002,46.300003,46.600002,47.300003,47.300003,46.600002,46.600002,47.300003,46.9,45.300003,45.300003,3824811,-416260,1075200,1075200,1075200,1075200,1075200,1075200,652800,1401600,857,1,3,854,0,0,657,15,30,644,27,68,379,19,41,270,32,31,491,40,143,331,39,79,669893,4257,7775,669103,0,0,346176,21092,74803,384147,43504,264143,232018,30218,205745,207336,88877,107634,378500,84720,370386,220282,85762,308717,2.9522476780185753,0.11320123839009287
1658351625993,37.514,0.22857143,0.0,0.59090906,0.6956522,0.08695652,0.09090909,0.09090909,0.13636364,0.18181819,46.9,46.600002,46.300003,46.9,47.300003,46.600002,45.9,46.9,46.600002,47.300003,45.300003,45.300003,3745594,-1543580,1075200,1075200,1075200,1075200,1075200,1075200,652800,1401600,950,29,38,1072,21,21,551,61,88,536,65,106,12,0,6,35,2,4,356,84,133,533,116,143,819879,57890,112680,812014,42618,61851,489700,145416,279896,470071,121940,383456,8375,0,8232,18991,631,12089,291191,173001,604626,331340,205639,379591,537.2671724137931,4.813818181818181
1658351627093,37.531002,0.123809524,0.15384616,0.20833333,0.32,0.0,0.08,0.03846154,0.0,0.07692308,47.300003,47.300003,46.300003,46.600002,46.300003,46.600002,45.9,47.300003,46.300003,47.600002,46.300003,45.9,3746178,-1448975,1075200,1075200,1075200,1075200,1075200,1075200,652800,1401600,367,19,43,677,25,34,321,35,28,255,51,69,73,10,43,112,17,36,280,160,129,502,71,314,496472,34226,423316,634329,37507,53989,493137,80272,74282,239731,95196,587949,121883,32949,473832,109434,37650,269340,238943,270748,355395,322203,104202,545347,601.2053831775701,3.68807476635514
1658351628187,37.568,0.2039801,0.115384616,0.33333334,0.36,0.16666667,0.12,0.0,0.0,0.44,47.300003,47.300003,46.300003,46.600002,46.600002,46.300003,45.9,46.600002,46.300003,46.9,46.600002,45.9,3761360,-1318970,1075200,1075200,1075200,1075200,1075200,1075200,652800,1401600,497,71,69,825,58,64,479,54,38,268,53,98,171,35,75,144,28,66,19,19,90,235,123,229,588765,121966,247147,730430,82981,78668,605300,114893,105107,257218,93236,617856,177389,52165,734366,143219,51294,615078,17175,64585,990631,228156,242700,563626,515.9029158878504,3.054803738317757
1658351629267,37.625,0.39130434,0.14285715,0.29166666,0.30769232,0.04,0.68,0.5925926,0.03846154,1.0,47.9,48.300003,47.600002,47.9,47.300003,47.300003,46.300003,46.9,46.9,47.600002,47.300003,46.9,3749292,-1358338,1075200,1075200,1075200,1075200,1075200,1075200,652800,1401600,423,56,69,859,35,45,409,51,48,294,58,82,131,30,55,152,24,39,68,33,112,177,107,181,443490,116040,261031,712715,44643,52671,504999,100907,142663,310765,87128,471219,127270,50733,431508,173063,42246,507466,36602,110393,885215,160003,235828,453711,515.242,3.1239378881987574
1658351630385,37.7,0.38674033,0.23076923,0.41666666,0.3478261,0.22727273,0.39130434,0.4347826,0.2173913,1.0,49.600002,49.600002,48.9,49.600002,49.9,49.600002,48.9,50.9,49.600002,52.300003,48.300003,47.600002,3738976,-1503907,1075200,1075200,1075200,1075200,1075200,1075200,652800,1401600,550,27,52,984,27,33,562,48,70,370,53,78,130,13,24,162,16,49,104,91,129,91,43,80,676950,49356,217203,762998,33697,33728,523566,95380,191182,374693,81565,475514,123083,32375,210717,146376,34806,433329,106636,228457,673769,82459,74895,168893,517.8281178294574,3.3382325581395347
1658351631449,37.757,0.2606635,0.12,0.28,0.23076923,0.07692308,0.04,0.15384616,0.03846154,1.0,50.300003,49.9,49.600002,49.600002,49.9,49.9,49.300003,51.600002,49.9,52.600002,48.600002,47.9,3728271,-1617127,1075200,1075200,1075200,1075200,1075200,1075200,652800,1401600,473,29,43,874,40,54,416,55,68,309,80,108,74,13,43,99,17,45,203,147,82,66,42,79,632135,66543,219648,745497,49085,79889,507748,103398,182657,340871,169256,395107,97832,23038,655295,125962,42264,604483,206518,292574,374916,73031,111753,189689,517.0434885245902,3.856537704918033
1658351632520,37.831,0.29310346,0.15,0.33333334,0.3809524,0.24,0.15,0.4090909,0.13043478,0.45,50.600002,50.300003,49.300003,49.300003,49.300003,49.600002,48.9,51.600002,49.600002,52.600002,48.9,48.300003,3726909,-1449280,1075200,1075200,1075200,1075200,1075200,1075200,652800,1401600,486,19,38,969,28,33,402,61,72,315,39,64,270,15,40,334,50,76,111,75,117,99,48,91,582272,39828,259787,769975,32241,40182,487434,143173,219423,236491,93538,613821,155998,35854,609890,287945,98894,464943,119879,160852,659181,81981,88142,253771,516.2863850931676,3.755614906832298
1658351633570,37.896,0.20994475,0.0952381,0.3043478,0.46153846,0.2173913,0.09090909,0.22727273,0.045454547,0.28,50.600002,49.9,49.600002,49.600002,49.600002,49.600002,49.300003,49.600002,49.300003,49.9,48.9,48.600002,3741117,-1516114,1075200,1075200,1075200,1075200,1075200,1075200,652800,1401600,592,50,57,800,36,36,468,54,55,300,59,70,115,17,47,89,18,42,118,71,137,112,74,126,694959,79819,117387,751136,46705,45208,548131,121100,150014,297581,137450,494714,127487,30569,612080,92730,49083,550954,130307,148389,712843,128108,156077,358366,516.6159619651347,2.9612424722662443
1658351634618,37.967003,0.23,0.15384616,0.32,0.375,0.18518518,0.1923077,0.375,0.0,0.25,49.9,49.9,49.600002,49.300003,49.300003,49.300003,48.9,49.600002,49.300003,49.9,49.300003,48.600002,3745594,-1418763,1075200,1075200,1075200,1075200,1075200,1075200,652800,1401600,488,24,41,819,40,36,422,53,39,224,49,93,212,50,74,90,33,58,99,85,135,278,100,225,550742,55148,327428,751326,66152,40956,535814,126638,113478,228888,86746,580001,242137,90936,293505,119006,79954,602060,92129,216877,656601,283961,181428,477898,515.4454344391785,3.017251184834123
1658351635688,38.048,0.14942528,0.13636364,0.2857143,0.36363637,0.09090909,0.09090909,0.13636364,0.045454547,0.13043478,50.300003,50.300003,49.9,49.9,49.600002,49.300003,48.600002,49.9,49.300003,50.300003,49.600002,48.600002,3751044,-1316529,1075200,1075200,1075200,1075200,1075200,1075200,652800,1401600,645,56,63,888,41,52,511,49,34,199,29,64,211,34,62,81,13,39,108,69,102,243,106,216,717079,72574,107496,780035,44126,53146,633342,112690,83784,192069,61354,693752,172649,67441,714685,96878,32398,634059,93937,216228,723553,221915,255099,517778,518.2462552504039,2.717828756058158
1658351636710,38.125,0.17777778,0.125,0.3478261,0.35,0.17391305,0.13636364,0.13043478,0.125,0.0952381,50.300003,50.300003,49.600002,49.600002,49.300003,49.300003,48.600002,49.300003,48.9,49.9,49.600002,48.9,3740923,-1404419,1075200,1075200,1075200,1075200,1075200,1075200,652800,1401600,648,40,56,849,35,39,527,49,33,263,65,101,182,59,77,138,21,61,66,61,108,218,104,190,684318,77575,130378,774844,49895,38251,605443,93321,82569,282795,106302,446090,220645,162118,504679,152839,40517,585344,68995,178255,731528,224420,229322,485344,516.374309148265,3.1132870662460568
1658351637742,38.2,0.20574163,0.18518518,0.37037036,0.4074074,0.115384616,0.16666667,0.14814815,0.0,0.1923077,50.600002,50.600002,49.9,49.9,49.600002,49.600002,48.9,49.600002,49.300003,49.9,49.600002,48.9,3747930,-1321106,1075200,1075200,1075200,1075200,1075200,1075200,652800,1401600,396,30,45,835,29,38,457,53,30,261,56,92,260,54,59,189,38,62,47,72,86,163,117,197,598164,66573,262366,756686,32024,46676,583119,116108,94086,277671,98132,544472,244709,82877,569256,200677,63559,526575,52420,186956,749822,187406,220550,547481,512.2327177814029,2.8629298531810767
1658351638784,38.288002,0.2620321,0.33333334,0.4090909,0.45833334,0.36,0.09090909,0.33333334,0.04347826,0.08695652,50.600002,50.300003,49.9,49.9,49.600002,49.600002,49.300003,49.600002,49.600002,50.300003,49.9,49.300003,3751822,-1391907,1075200,1075200,1075200,1075200,1075200,1075200,652800,1401600,442,22,37,842,39,42,418,53,37,299,60,103,279,60,76,166,14,52,54,54,99,223,116,199,537561,37083,361478,736462,47590,55799,523189,130236,140943,295805,90613,532052,283687,107527,472912,170391,15649,629102,51966,164460,791162,216799,228758,511831,515.6061254125412,2.7953003300330033
1658351639791,38.338,0.21468927,0.14285715,0.33333334,0.54545456,0.15,0.1,0.09090909,0.04347826,0.17391305,50.9,50.600002,50.300003,49.9,49.9,49.600002,49.300003,50.300003,49.9,50.600002,50.300003,49.600002,3734305,-1408692,1075200,1075200,1075200,1075200,1075200,1075200,652800,1401600,623,32,52,852,36,43,458,44,28,341,89,106,211,27,74,244,53,84,78,45,104,235,111,197,658736,48518,173260,756102,49853,55278,615238,81773,93156,351217,163852,324266,187502,46275,576377,228535,97117,489735,59077,141192,750385,224891,213591,495393,514.2490322580645,2.8881548387096774
1658351640811,38.423,0.2,0.0952381,0.2857143,0.47826087,0.0952381,0.36363637,0.14285715,0.0,0.09090909,51.300003,50.600002,50.300003,50.300003,50.300003,50.300003,49.600002,50.9,49.9,51.300003,50.300003,49.600002,3750460,-1407471,1075200,1075200,1075200,1075200,1075200,1075200,652800,1401600,620,30,50,808,34,40,467,32,29,250,51,85,166,24,60,296,46,84,42,27,96,286,112,200,664098,40046,165128,726266,40361,58383,590855,74267,77892,253883,118731,473629,188878,41452,611734,248524,87278,444874,55859,101988,779949,236446,197447,480376,517.2781176470588,2.890006191950464
1658351641848,38.49,0.18888889,0.13636364,0.3043478,0.4347826,0.04761905,0.2173913,0.18181819,0.04347826,0.045454547,51.300003,51.300003,50.300003,50.600002,50.300003,50.300003,49.600002,50.300003,49.9,50.600002,50.300003,49.9,3744231,-1370240,1075200,1075200,1075200,1075200,1075200,1075200,652800,1401600,648,45,53,815,30,48,468,43,36,289,66,109,216,40,75,162,28,56,22,11,74,190,111,208,677477,50241,167184,792309,50718,53540,602499,92714,92325,309848,117140,502550,215638,60622,577119,154500,65670,576575,33082,44146,976154,208710,237042,520618,516.0311661237786,2.7960390879478827
1658351642870,38.558002,0.1897436,0.125,0.26086956,0.4,0.12,0.083333336,0.41666666,0.03846154,0.08,51.300003,51.600002,50.9,50.9,50.600002,50.300003,49.600002,50.9,50.300003,50.9,50.600002,49.600002,3745594,-1369019,1075200,1075200,1075200,1075200,1075200,1075200,652800,1401600,591,38,46,842,36,43,492,33,28,424,96,103,116,27,64,139,25,73,36,21,82,168,108,201,645394,73198,145598,765070,57845,47899,627106,69142,68368,397978,177432,289988,110956,54676,617715,170773,40649,649391,26045,70201,865215,184282,222281,536963,515.2743439490446,2.9036433121019107
1658351643907,38.619003,0.26804122,0.16,0.2173913,0.4,0.16,0.20833333,0.875,0.0,0.083333336,51.600002,51.9,50.9,50.9,51.300003,50.9,49.9,51.300003,50.600002,51.600002,50.600002,49.9,3740728,-1447144,1075200,1075200,1075200,1075200,1075200,1075200,652800,1401600,622,41,71,885,44,41,452,52,31,306,76,105,196,39,53,222,50,77,9,18,74,205,118,202,635672,62220,195401,776513,57395,56880,593755,93799,91197,296302,149665,483199,191668,68000,550932,223124,83300,485802,13163,76040,880879,233771,252557,495524,520.282555377207,2.958330658105939
1658351644936,38.683002,0.09770115,0.09090909,0.05,0.13043478,0.09090909,0.09090909,0.17391305,0.13636364,0.09090909,51.9,51.600002,51.300003,51.600002,51.300003,51.300003,50.300003,50.9,50.600002,51.300003,50.9,50.300003,3742869,-1414185,1075200,1075200,1075200,1075200,1075200,1075200,652800,1401600,713,39,67,766,41,42,480,66,33,183,40,85,274,49,87,92,16,49,22,18,82,163,122,194,692880,53894,149452,742056,67181,52914,579198,140715,83994,190135,75900,624699,279606,94643,410872,101708,23333,492296,28079,56974,916175,181540,255971,521413,427.4329396411093,2.5330636215334423
1658351645951,38.730003,0.13661203,0.09090909,0.09090909,0.0,0.17391305,0.24,0.17391305,0.08695652,0.13043478,50.9,50.9,50.300003,51.300003,51.300003,50.600002,49.9,50.300003,50.600002,50.600002,49.600002,49.300003,3814690,-341186,1075200,1075200,1075200,1075200,1075200,1075200,652800,1401600,829,38,39,766,33,37,355,42,60,376,72,115,134,28,60,142,38,74,15,31,106,119,55,149,737188,52542,92797,767902,56634,56637,431105,78067,312991,385317,121620,298609,136430,50961,612932,161772,77777,595451,28024,109331,805107,158472,112419,651310,-1.0,-1.0
1658351646952,38.791,0.6292135,0.5217391,0.9047619,0.54545456,0.5,0.625,0.6666667,0.6363636,0.6363636,51.300003,51.300003,50.9,51.300003,51.300003,51.600002,51.300003,51.300003,51.300003,51.9,49.9,49.9,3795226,-590820,1075200,1075200,1075200,1075200,1075200,1075200,652800,1401600,1130,0,3,1048,0,5,888,1,4,708,0,4,617,2,9,532,1,8,593,0,14,513,0,9,625152,0,97590,674265,0,94889,604442,478,161530,619197,0,169483,615528,8425,129664,558736,868,134795,740226,0,159836,623625,0,151356,-1.0,-1.0
1658351648050,38.842003,0.5978836,0.6086956,0.45,0.5652174,0.6,0.5,0.4347826,0.59090906,1.0,51.9,52.300003,51.300003,51.600002,51.600002,51.600002,51.300003,51.600002,51.9,51.9,49.9,49.600002,3775568,-850220,1075200,1075200,1075200,1075200,1075200,1075200,652800,1401600,919,0,0,808,0,0,622,37,34,490,24,58,366,9,17,499,20,49,718,33,100,701,27,85,522586,0,0,507380,0,0,416445,75793,77588,352983,32438,197486,213072,8049,33434,271312,45124,155360,375948,58758,248703,293927,33369,222488,-1.0,-1.0
1658351649053,38.872,0.5635359,0.71428573,0.6363636,0.4347826,0.36363637,0.41666666,0.6666667,0.3043478,0.95454544,51.600002,51.9,51.600002,51.9,52.300003,52.600002,52.300003,53.9,52.9,54.300003,49.300003,49.300003,3740339,-1313477,1075200,1075200,1075200,1075200,1075200,1075200,652800,1401600,1111,0,0,905,0,0,521,32,69,568,33,59,349,30,59,730,22,50,395,26,93,47,3,28,705565,0,0,728586,0,0,408096,70007,214602,388124,57378,252723,317545,64039,317237,341182,44041,244138,287367,52470,287073,52224,15262,109032,-1.0,-1.0
1658351650106,38.903004,0.29545453,0.05,0.25,0.22727273,0.3809524,0.04761905,0.0952381,0.13636364,1.0,51.600002,51.9,51.600002,52.300003,52.300003,51.9,51.600002,53.9,51.9,53.9,49.300003,49.300003,3808851,-511169,1075200,1075200,1075200,1075200,1075200,1075200,652800,1401600,719,0,0,738,0,0,531,24,40,582,17,21,409,20,47,433,7,16,625,18,65,21,0,6,421803,0,0,436971,0,0,405345,33480,79038,392233,18143,45209,399911,28929,94431,337722,12903,49892,298568,27771,233078,3887,0,4848,91.8014464,1.2932991999999999
1658351651130,38.916,0.28078818,0.12,0.30769232,0.083333336,0.52,0.0,0.07692308,0.08,1.0,51.9,51.600002,50.9,51.300003,51.600002,51.600002,51.300003,53.600002,52.300003,53.9,50.300003,49.600002,3730023,-1518860,1075200,1075200,1075200,1075200,1075200,1075200,652800,1401600,940,16,35,915,12,19,417,55,104,479,65,55,293,31,76,186,29,74,467,58,136,9,0,0,729018,23631,73279,762902,21787,23208,406057,106305,314922,521746,143787,136627,219124,69691,555061,174474,62912,559977,266011,94983,388163,228,0,0,610.8161523809523,4.475834920634921
1658351652154,38.926003,0.30113637,0.13636364,0.27272728,0.15,0.3809524,0.045454547,0.13636364,0.2,1.0,52.9,52.600002,51.9,52.600002,52.9,51.9,51.600002,54.300003,51.9,54.600002,50.9,50.300003,3715814,-1553651,1075200,1075200,1075200,1075200,1075200,1075200,652800,1401600,668,45,68,705,40,64,407,67,104,380,47,56,112,41,57,155,18,47,207,94,164,1,0,0,572664,70472,193382,720682,59840,84267,403730,156726,301422,493378,130402,172901,128565,109816,659591,135456,32005,665146,211548,142817,555942,32,0,0,535.5706832298137,3.088447204968944
1658351653157,38.964,0.30481285,0.04347826,0.26086956,0.3478261,0.44,0.041666668,0.13043478,0.09090909,1.0,53.300003,52.9,52.600002,52.600002,52.9,52.9,52.600002,54.9,53.300003,54.9,51.9,50.9,3725157,-1536561,1075200,1075200,1075200,1075200,1075200,1075200,652800,1401600,679,24,45,866,31,36,308,89,109,400,50,59,190,43,78,141,21,55,382,162,92,4,0,3,710545,43164,112406,792931,53650,45727,327924,208202,302905,512848,115964,188409,230522,90151,570607,162028,32288,630269,334046,229967,174560,4301,0,3966,517.4714220032841,3.1252282430213465
1658351654197,39.004,0.39215687,0.15384616,0.28,0.23076923,0.41666666,0.7692308,0.23076923,0.08,0.962963,53.300003,53.300003,52.600002,52.9,52.9,52.600002,52.300003,55.300003,53.300003,55.600002,51.600002,50.9,3737225,-1457520,1075200,1075200,1075200,1075200,1075200,1075200,652800,1401600,489,44,96,724,57,85,270,84,133,391,53,57,87,26,53,60,12,35,448,163,130,0,0,0,579495,73206,298142,736737,92379,109242,340923,217253,374361,509620,134950,229730,94571,75980,743426,76935,26547,770060,388684,252613,204024,0,0,0,518.4171338582677,3.2019653543307087
1658351655230,39.051003,0.38636363,0.17391305,0.3,0.26086956,0.47619048,0.22727273,0.36363637,0.23809524,1.0,53.9,53.9,53.300003,53.9,53.9,53.600002,52.600002,55.9,53.300003,55.9,52.300003,51.600002,3727493,-1536866,1075200,1075200,1075200,1075200,1075200,1075200,652800,1401600,580,47,57,787,49,61,318,81,115,382,53,52,201,27,49,183,23,66,389,157,106,5,4,7,606804,85211,107934,719952,77593,72114,341616,186667,315228,452015,125480,186991,194783,29229,385459,172161,32253,472260,312202,287039,242678,6762,3089,12648,514.4188031007752,3.156539534883721
1658351656327,39.105003,0.27748692,0.125,0.25,0.15384616,0.5,0.12,0.16666667,0.04347826,1.0,54.9,54.300003,53.600002,54.300003,54.300003,54.300003,53.9,56.9,54.300003,56.600002,52.9,52.300003,3716593,-1537171,1075200,1075200,1075200,1075200,1075200,1075200,652800,1401600,709,13,20,760,13,20,387,89,118,351,55,57,135,18,53,167,35,45,467,192,69,2,0,1,816461,31344,63939,804076,27788,24478,409779,179586,301226,447190,150236,216430,139021,31080,439692,158165,56756,343009,385264,253950,113017,341,0,719,517.9128947368421,3.1123157894736844
1658351657332,39.160004,0.507109,0.16,0.33333334,0.16666667,0.56,0.6923077,0.962963,0.07692308,1.0,54.600002,53.9,53.300003,53.9,53.9,53.9,52.9,56.300003,53.9,56.300003,52.600002,51.600002,3722432,-1468506,1075200,1075200,1075200,1075200,1075200,1075200,652800,1401600,395,63,89,663,59,90,244,91,139,341,54,60,59,24,44,228,36,66,441,135,99,1,0,1,493834,113939,296841,693712,85280,116852,296476,267090,388587,417948,133568,255062,75868,72426,698625,184599,60055,661585,408835,218719,205760,1569,0,4530,522.5464558139535,3.0551317829457365
1658351658412,39.227,0.49019608,0.16666667,0.4,0.28,0.65384614,0.6,0.5769231,0.23076923,1.0,55.300003,55.300003,54.600002,55.300003,55.600002,55.600002,54.600002,56.9,54.9,57.300003,53.300003,52.600002,3723405,-1600037,1075200,1075200,1075200,1075200,1075200,1075200,652800,1401600,772,44,46,685,55,43,419,73,125,380,42,52,127,19,31,57,8,22,464,154,114,8,0,3,649889,72168,97722,720622,84572,55727,425232,139024,313117,422077,125097,168098,90051,32987,219546,44693,18013,83780,371001,229732,202288,3268,0,1677,513.6036903633492,3.1311469194312793
1658351659456,39.281002,0.45320198,0.15384616,0.20833333,0.24,0.61538464,0.16,1.0,0.16,1.0,55.300003,55.600002,54.9,55.300003,55.600002,55.300003,54.300003,57.300003,54.600002,57.600002,53.300003,52.9,3730607,-1511231,1075200,1075200,1075200,1075200,1075200,1075200,652800,1401600,710,22,43,818,29,18,533,88,108,355,47,49,94,20,56,104,19,31,271,77,174,6,0,4,738919,34028,120052,743554,38476,24280,474684,156209,241393,468533,108395,167604,81721,48863,332596,112929,37410,174428,236612,155035,450960,2187,0,7993,515.8635789473684,3.1393188854489162
1658351660509,39.352,0.46341464,0.125,0.18181819,0.2,0.56,0.65384614,0.5,0.25,1.0,55.600002,55.9,55.300003,55.300003,55.600002,56.300003,55.300003,57.600002,56.300003,57.9,53.9,53.600002,3710754,-1755982,1075200,1075200,1075200,1075200,1075200,1075200,652800,1401600,526,41,83,801,50,64,419,89,144,478,33,42,88,17,37,2,0,1,212,123,126,0,0,0,604896,88802,263421,766246,73278,65631,437311,151949,337792,550896,84881,135519,111311,40753,559793,1832,0,4949,206905,275750,433192,0,0,0,518.5819968895801,3.1170388802488334
1658351661588,39.406002,0.4258373,0.08,0.26923078,0.12,0.5769231,1.0,0.115384616,0.15384616,1.0,55.9,55.9,55.300003,55.600002,56.300003,55.9,55.300003,58.300003,56.300003,58.300003,54.300003,53.300003,3725546,-1552125,1075200,1075200,1075200,1075200,1075200,1075200,652800,1401600,624,36,70,779,46,59,361,89,141,337,52,65,41,12,23,56,13,17,456,168,107,0,0,0,684021,79319,214421,833837,66283,79634,390253,192116,420403,462658,135956,244744,42776,31676,454292,55491,37381,181965,413505,231523,180010,0,0,0,516.216284789644,2.9710291262135926
1658351662659,39.47,0.37037036,0.13636364,0.36,0.26086956,0.47826087,0.09090909,0.32,0.24,1.0,56.300003,56.600002,55.600002,56.300003,56.300003,56.300003,55.600002,58.300003,56.300003,58.300003,54.300003,53.600002,3711727,-1580811,1075200,1075200,1075200,1075200,1075200,1075200,652800,1401600,645,25,52,715,36,55,321,86,148,345,70,49,53,19,22,91,10,37,441,169,90,0,0,0,716423,54198,141016,792897,53374,71620,372612,193910,374755,448634,176723,162542,40340,49213,87506,110958,17970,464117,347254,245948,200794,0,0,0,516.9092682926829,2.931460162601626
1658351663655,39.538002,0.2777778,0.09090909,0.15,0.20833333,0.4347826,0.04761905,0.09090909,0.09090909,1.0,56.600002,56.600002,55.9,55.9,55.9,55.9,55.300003,58.300003,55.600002,58.300003,54.300003,53.600002,3717372,-1577149,1075200,1075200,1075200,1075200,1075200,1075200,652800,1401600,835,39,43,780,36,55,328,78,124,328,61,65,169,28,44,75,8,36,106,42,124,1,0,1,646804,49593,104448,719881,53207,59380,361624,179438,354889,373815,144768,286596,166529,55515,620841,76354,16548,692061,123532,88019,668240,35,0,548,517.6149333333333,2.829891472868217
1658351664658,39.595,0.3021978,0.13043478,0.18181819,0.13636364,0.4,0.16666667,0.045454547,0.2857143,0.95652175,56.600002,56.300003,55.600002,55.9,55.9,55.600002,55.300003,58.300003,56.300003,58.300003,54.300003,53.9,3723600,-1605836,1075200,1075200,1075200,1075200,1075200,1075200,652800,1401600,767,31,46,745,30,44,387,99,120,379,52,53,149,32,71,244,60,81,229,82,184,2,0,2,699387,53232,112291,762667,50598,58358,351597,235251,329416,506445,121562,161422,147870,76743,610483,253652,125190,473329,232670,130405,495311,1676,0,3803,516.6127603305785,2.8994644628099175
1658351665697,39.663002,0.3505747,0.1,0.3181818,0.27272728,0.52,0.2173913,0.0952381,0.4090909,1.0,56.600002,56.600002,55.9,56.600002,56.300003,55.600002,55.600002,58.300003,56.300003,58.600002,54.600002,53.9,3711532,-1611024,1075200,1075200,1075200,1075200,1075200,1075200,652800,1401600,748,53,76,572,67,78,311,91,139,411,56,59,89,27,50,222,51,94,278,90,153,2,1,2,646024,90886,155840,699451,126254,101887,343543,234487,363557,487629,146543,202904,109916,69583,636514,227898,112494,589843,266030,125978,452520,54,2869,4507,518.1289352290679,2.970894154818325
1658351666702,39.707,0.26960784,0.08,0.20833333,0.16,0.36,0.07692308,0.03846154,0.1923077,1.0,56.600002,56.600002,55.9,56.600002,56.300003,55.9,55.600002,58.600002,56.300003,58.300003,54.600002,53.9,3729244,-1547547,1075200,1075200,1075200,1075200,1075200,1075200,652800,1401600,595,48,68,561,61,69,299,90,130,342,63,50,80,10,44,138,35,55,381,148,143,0,3,4,632894,97580,196380,712192,116242,101480,348645,221585,370463,492428,151784,219216,88874,18728,711042,131738,85097,678832,376158,194707,234994,0,4175,7570,514.1825419968304,2.9721458003169574
1658351667763,39.768,0.31843576,0.13043478,0.2,0.18181819,0.39130434,0.04761905,0.13043478,0.33333334,1.0,56.9,56.300003,55.600002,55.9,56.300003,55.600002,55.300003,58.600002,55.600002,58.600002,54.9,54.300003,3727687,-1478272,1075200,1075200,1075200,1075200,1075200,1075200,652800,1401600,708,35,59,649,51,53,504,96,93,435,45,63,89,20,44,132,30,66,434,108,180,3,1,1,719743,57402,170301,811887,80120,73377,530451,186327,223772,519504,114715,221526,106922,44091,671317,169563,84876,697018,365601,159148,308409,99,268,2400,515.8691578947369,3.012263157894737
1658351668774,39.822002,0.31318682,0.2173913,0.17391305,0.29166666,0.4,0.13043478,0.2,0.22727273,1.0,56.9,56.9,55.9,56.600002,55.9,55.9,55.9,58.9,56.300003,58.9,54.9,54.600002,3737419,-1500855,1075200,1075200,1075200,1075200,1075200,1075200,652800,1401600,618,39,67,563,44,55,305,72,125,342,64,61,135,14,58,111,17,43,459,142,110,2,0,2,628800,62144,160863,668181,84158,91612,358831,153614,383537,451692,148006,228950,146980,14521,645130,107796,33658,651534,359141,211869,169201,2359,0,5204,517.6593607907743,3.0068929159802305
1658351669805,39.859,0.1923077,0.115384616,0.0,0.04,0.115384616,0.074074075,0.07692308,0.07692308,0.96153843,56.9,56.600002,55.9,55.9,55.9,56.300003,55.600002,58.9,56.600002,58.9,54.9,54.300003,3732359,-1487427,1075200,1075200,1075200,1075200,1075200,1075200,652800,1401600,944,33,61,660,46,91,544,76,98,343,64,76,139,27,55,75,12,44,353,153,122,4,2,5,760091,40731,94686,668748,76709,194207,504018,142717,200449,442957,154826,260275,157362,49965,764382,96721,20339,741482,304188,270877,276176,5459,2600,10168,520.592272868217,2.7242666666666664
1658351670859,39.906002,0.28846154,0.22222222,0.08,0.22222222,0.1923077,0.2,0.1923077,0.22222222,1.0,56.300003,56.300003,55.600002,55.9,55.9,55.9,55.600002,58.9,55.9,58.600002,54.9,53.9,3759024,-1116028,1075200,1075200,1075200,1075200,1075200,1075200,652800,1401600,1023,37,62,576,28,60,251,65,101,329,49,74,124,24,67,120,26,60,489,141,83,1,1,4,768300,43740,131891,614495,56383,304064,281354,158722,475007,427479,109670,409175,139748,49018,717990,159397,40534,725722,398597,258103,161411,1028,5778,3468,6.540880503144653E-4,6.540880503144653E-4
1658351671892,39.95,0.3409091,0.23809524,0.17391305,0.2173913,0.29166666,0.3809524,0.29166666,0.25,1.0,56.300003,55.9,55.600002,56.300003,56.300003,56.600002,56.300003,58.600002,56.9,58.600002,54.300003,53.9,3784911,-864258,1075200,1075200,1075200,1075200,1075200,1075200,652800,1401600,1319,2,7,960,3,11,598,3,16,419,4,27,496,1,20,531,9,18,459,12,28,48,0,0,703856,1101,40761,800502,5022,32408,523110,759,212588,552439,1726,211612,503478,448,228454,495171,29198,172942,536721,38042,225103,11812,0,0,0.010085308056872038,0.025238546603475513
1658351672908,39.960003,0.45049506,0.28,0.30769232,0.28,0.17391305,0.2,0.32,1.0,1.0,54.9,55.300003,54.300003,55.300003,55.600002,55.600002,55.600002,57.9,56.300003,58.300003,53.300003,52.9,3789387,-713806,1075200,1075200,1075200,1075200,1075200,1075200,652800,1401600,850,0,0,502,0,0,570,40,50,477,35,57,505,20,53,263,24,49,384,29,88,9,0,0,519000,0,0,545740,0,0,348906,77297,161959,309331,58608,154287,300539,37613,173637,224970,33652,178474,235469,42790,285917,294,0,0,-1.0,-1.0
1658351673920,39.987003,0.46994534,0.4090909,0.3043478,0.5833333,0.8181818,0.26086956,0.22727273,0.09090909,1.0,55.600002,55.600002,55.300003,55.9,56.300003,56.600002,56.9,57.9,57.300003,58.300003,53.600002,53.600002,3779266,-768738,1075200,1075200,1075200,1075200,1075200,1075200,652800,1401600,905,0,0,852,0,0,536,19,31,591,22,47,835,20,27,529,14,30,0,0,0,0,0,0,538840,0,0,664707,0,0,487400,29497,101360,505239,40136,117346,516322,39861,84409,448551,22274,133976,0,0,0,0,0,0,0.0042184087363494535,0.004393135725429017
1658351674949,39.998,0.48514852,0.23076923,0.1923077,0.52,0.65384614,0.42307693,0.625,0.24,1.0,54.9,54.9,54.600002,55.600002,55.300003,54.9,54.9,57.600002,55.600002,57.600002,52.600002,52.600002,3811965,-408935,1075200,1075200,1075200,1075200,1075200,1075200,652800,1401600,347,0,1,389,0,2,410,13,26,306,1,7,343,10,33,358,19,26,512,51,76,6,0,0,280950,0,13250,366355,4234,5010,178848,31970,94994,148552,1942,5637,212475,18454,162702,218405,33378,51168,247254,93478,166835,1582,0,0,-1.0,-1.0
1658351675962,39.998,0.43548387,0.26086956,0.8181818,0.45454547,0.3478261,0.22727273,0.125,0.25,1.0,54.300003,54.300003,53.600002,54.300003,54.9,55.300003,54.600002,56.300003,55.9,56.600002,52.300003,52.300003,3748124,-1199646,1075200,1075200,1075200,1075200,1075200,1075200,652800,1401600,570,11,68,465,22,46,154,28,48,176,15,15,64,6,40,76,5,17,276,28,155,13,0,4,425712,23536,451205,413802,54286,437923,130295,57439,650003,120195,34105,31302,82865,16815,678404,73214,12341,619003,172014,64623,644342,6185,0,5076,277.94814307931574,3.4369020217729394
1658351676996,40.005,0.50490195,0.37037036,0.2,0.7307692,0.16,0.88,0.2,0.3043478,1.0,55.300003,55.600002,54.600002,54.600002,54.600002,54.600002,54.300003,57.300003,54.600002,56.9,53.600002,52.9,3720875,-1424561,1075200,1075200,1075200,1075200,1075200,1075200,652800,1401600,895,22,35,627,16,23,325,44,54,297,55,67,95,15,49,130,15,48,367,79,165,0,0,0,783170,27757,54612,486207,28204,57260,476620,116452,230671,320491,126821,314810,78631,40734,604627,116005,21186,345705,278717,139907,345893,0,0,0,691.3559414634146,4.581255284552845
1658351678023,40.031002,0.4585366,0.26923078,0.125,0.45833334,0.25925925,0.7307692,0.4,0.3846154,1.0,56.300003,55.9,55.9,56.300003,55.600002,55.600002,55.600002,57.9,56.300003,58.300003,54.600002,53.600002,3727687,-1622620,1075200,1075200,1075200,1075200,1075200,1075200,652800,1401600,928,37,56,573,40,70,323,11,20,369,59,99,76,14,18,126,18,40,403,112,175,0,0,0,767844,50551,65587,454603,51819,155279,567608,44012,72243,416949,130415,289032,71549,23752,126474,126616,45337,643814,337638,136865,252057,0,0,0,515.2165465838509,2.6155527950310558
1658351679076,40.061,0.5323383,0.32,0.28,0.44,0.25,1.0,0.68,0.23076923,1.0,56.300003,56.9,55.9,55.9,56.300003,56.300003,55.9,58.300003,56.300003,58.300003,54.300003,53.9,3730023,-1502076,1075200,1075200,1075200,1075200,1075200,1075200,652800,1401600,927,45,63,491,39,69,358,64,40,257,70,102,84,9,24,112,20,52,341,118,148,0,0,0,751229,61661,72157,471368,66592,149364,527978,157848,138921,275778,164426,413725,73399,14330,230322,117291,39020,656914,324774,175654,258912,0,0,0,515.8245723172628,3.081853810264386
1658351680134,40.095,0.5485437,0.32,0.16666667,0.46153846,0.53846157,1.0,0.64285713,0.1923077,1.0,56.9,56.600002,56.300003,56.300003,56.600002,56.600002,55.600002,58.600002,56.600002,58.9,54.9,54.300003,3716788,-1589966,1075200,1075200,1075200,1075200,1075200,1075200,652800,1401600,974,28,45,685,37,59,376,52,37,227,58,100,52,7,22,63,12,25,394,101,170,0,0,0,797695,31587,44483,589530,66904,142323,553189,152312,109007,270611,126614,367458,74297,14526,196155,67889,18729,287898,340175,168145,248784,0,0,0,519.8903141524106,2.7566780715396577
1658351681180,40.144,0.47058824,0.25,0.52,0.5,0.16666667,0.36,0.3846154,0.4347826,1.0,57.300003,57.300003,56.300003,56.600002,56.300003,56.600002,55.9,58.9,56.300003,58.9,54.600002,54.300003,3733526,-1454468,1075200,1075200,1075200,1075200,1075200,1075200,652800,1401600,964,31,42,677,32,34,417,48,25,273,68,90,40,4,19,113,18,40,312,85,187,0,0,0,756163,38668,58038,566257,39611,52356,585939,108381,102613,285947,136919,312107,46579,8696,158647,122978,27331,432890,273181,152459,384925,0,0,0,516.3747682333874,2.7665737439222045
1658351682213,40.193,0.46534654,0.26086956,0.44,0.5,0.24,0.08695652,0.65384614,0.45833334,1.0,56.9,56.9,56.300003,56.300003,56.600002,57.300003,56.300003,59.300003,57.300003,58.9,55.300003,54.600002,3728661,-1564637,1075200,1075200,1075200,1075200,1075200,1075200,652800,1401600,922,43,53,508,44,70,364,50,41,232,60,107,98,20,26,74,13,38,326,113,166,0,0,0,742269,57589,63429,458449,76193,142126,553274,124339,140454,257982,151997,436139,99669,29023,225989,76840,31564,640368,298110,181526,292984,0,0,0,514.6664358578053,2.6439319938176196
1658351683264,40.261,0.47867298,0.32142857,0.23076923,0.5,0.22222222,0.3846154,0.9230769,0.26923078,1.0,57.300003,57.300003,56.300003,56.600002,56.300003,56.600002,56.300003,58.9,56.9,59.600002,55.600002,54.600002,3733526,-1505738,1075200,1075200,1075200,1075200,1075200,1075200,652800,1401600,993,38,65,525,45,67,373,57,47,194,68,97,144,28,70,73,11,17,399,124,140,0,0,0,782825,46436,67309,545575,82889,166459,538632,146652,153879,221088,179574,450742,172820,56009,661397,65463,16629,50365,318391,192568,227591,0,0,0,516.5123968992248,2.738951937984496
1658351684316,40.322002,0.46666667,0.3,0.6818182,0.47826087,0.45454547,0.20833333,0.26086956,0.3043478,1.0,57.300003,56.600002,56.300003,56.600002,56.9,56.9,56.300003,59.300003,56.9,59.300003,55.300003,54.9,3730218,-1477357,1075200,1075200,1075200,1075200,1075200,1075200,652800,1401600,999,36,48,723,42,74,444,48,35,218,68,104,138,20,39,157,25,34,311,121,183,0,0,0,763338,43463,54281,657193,81277,136010,583674,126249,97870,252127,186072,399085,112736,48368,288513,142819,43543,255642,292582,209523,324684,0,0,0,517.583535483871,2.9921548387096775
1658351685341,40.378002,0.4402174,0.33333334,0.5416667,0.4090909,0.4090909,0.13043478,0.33333334,0.27272728,1.0,57.9,57.600002,56.300003,56.600002,56.600002,56.600002,56.300003,59.300003,57.300003,59.300003,55.300003,54.9,3736251,-1399231,1075200,1075200,1075200,1075200,1075200,1075200,652800,1401600,878,33,45,548,39,54,415,40,31,342,71,97,92,18,35,124,19,47,95,86,156,0,0,0,702300,34441,44564,501679,58038,89297,585804,115107,83195,348963,148237,262574,85991,36048,232072,150474,40511,562607,124029,219166,547088,0,0,0,517.1109315960912,3.1124429967426708
1658351686362,40.439003,0.42702702,0.3043478,0.4090909,0.52,0.52,0.27272728,0.2173913,0.20833333,1.0,57.600002,57.600002,56.9,56.9,57.300003,57.300003,56.9,59.600002,57.300003,59.600002,55.600002,54.9,3736446,-1422425,1075200,1075200,1075200,1075200,1075200,1075200,652800,1401600,877,38,48,513,38,82,388,43,26,167,53,100,96,18,40,80,10,23,352,129,133,0,0,0,711380,43842,63967,483515,95483,220737,554732,122470,89266,187942,158809,436176,125020,37283,573503,74735,12297,133155,307162,233714,245092,0,0,0,515.9351140065147,2.943583061889251
1658351687367,40.499,0.41584158,0.29166666,0.29166666,0.44,0.2,0.4,0.3846154,0.34615386,1.0,57.9,57.600002,56.9,57.300003,57.300003,57.600002,56.9,59.600002,57.600002,59.9,55.600002,55.300003,3732164,-1492005,1075200,1075200,1075200,1075200,1075200,1075200,652800,1401600,911,25,43,486,20,38,376,51,46,193,58,92,219,41,79,76,22,38,333,165,95,0,0,0,726313,25895,50033,436962,37445,91214,503383,136391,129886,205349,154235,369767,225512,58820,370210,96765,48767,377198,298082,278687,189753,0,0,0,515.8128026101142,2.9488026101141926
1658351688380,40.556004,0.45108697,0.3043478,0.375,0.5,0.3478261,0.09090909,0.7083333,0.3181818,1.0,57.9,57.9,56.9,57.300003,57.600002,57.300003,56.9,59.9,57.9,59.9,55.9,55.300003,3730023,-1510316,1075200,1075200,1075200,1075200,1075200,1075200,652800,1401600,830,42,76,559,44,83,391,70,27,171,74,115,140,20,49,78,8,24,393,125,128,0,0,0,734747,48617,78530,526659,76986,173908,534927,189780,72540,223585,202579,442139,133094,26129,569514,74836,15170,183042,336038,183733,217320,0,0,0,515.9234090202177,2.844068429237947
1658351689393,40.605003,0.46261683,0.23076923,0.22222222,0.44444445,0.39285713,0.37037036,0.8148148,0.2857143,1.0,57.9,57.9,57.600002,57.300003,56.9,57.600002,57.300003,59.9,57.600002,60.300003,55.9,55.300003,3723405,-1644898,1075200,1075200,1075200,1075200,1075200,1075200,652800,1401600,860,43,67,531,42,97,381,41,34,168,67,109,31,13,18,103,19,42,381,128,114,0,0,0,753235,53073,76454,491944,104475,235018,570137,104451,126177,189823,191353,470228,36889,40867,228803,104132,41718,512553,337112,202379,195418,0,0,0,515.440176935229,3.06113112164297
1658351690453,40.661003,0.44660193,0.28,0.18518518,0.5769231,0.28,0.9259259,0.115384616,0.32142857,1.0,57.9,57.9,57.300003,57.9,58.300003,58.300003,56.9,60.300003,57.9,60.300003,56.300003,55.600002,3719513,-1514283,1075200,1075200,1075200,1075200,1075200,1075200,652800,1401600,899,29,61,382,28,64,365,62,38,201,61,108,139,16,60,75,11,47,429,163,93,0,0,0,743226,32866,72559,352446,42167,146876,542909,178619,112766,265389,133700,460507,128876,27037,587546,103956,17325,520517,358333,234872,169240,0,0,0,516.6841242236025,2.6629565217391304
1658351691494,40.718002,0.49171272,0.375,0.5833333,0.6818182,0.26086956,0.2173913,0.7083333,0.04761905,1.0,58.300003,57.9,57.600002,57.9,57.9,58.300003,57.300003,60.300003,57.9,60.300003,56.300003,55.600002,3726520,-1522523,1075200,1075200,1075200,1075200,1075200,1075200,652800,1401600,846,55,69,642,56,96,332,65,47,229,60,114,95,23,34,63,17,32,434,179,80,0,0,0,752179,69720,91562,635174,108286,199807,473429,180912,149267,284765,153197,460436,90362,69702,331310,80809,38183,276162,352401,263819,126682,0,0,0,517.964717948718,2.939794871794872
1658351692504,40.767002,0.43349755,0.25,0.12,0.60714287,0.28,0.32,0.8,0.08,1.0,58.300003,58.600002,57.300003,57.300003,57.600002,57.300003,56.9,59.9,57.9,60.300003,56.300003,55.600002,3727687,-1497193,1075200,1075200,1075200,1075200,1075200,1075200,652800,1401600,875,33,62,523,37,64,324,44,36,223,74,112,92,14,32,101,29,45,298,143,123,0,0,0,728544,36731,59027,457346,64707,132375,484123,115314,119460,268443,189941,419109,112223,39489,473708,114106,67118,237736,273315,248809,265614,0,0,0,519.3333250388803,2.7673779160186625
1658351693560,40.812,0.4368421,0.24,0.2173913,0.61538464,0.22727273,1.0,0.125,0.12,1.0,58.300003,58.300003,57.600002,57.600002,57.9,57.9,57.300003,60.600002,57.600002,60.600002,56.300003,55.600002,3723211,-1408997,1075200,1075200,1075200,1075200,1075200,1075200,652800,1401600,982,42,55,760,34,85,361,70,39,390,62,106,116,21,57,53,6,14,321,139,129,0,0,0,807364,53571,73443,696492,47065,180733,502857,184938,115123,389414,129087,375711,136438,36576,560994,57142,13458,75634,319527,256163,295350,0,0,0,518.217098546042,2.711935379644588
1658351694590,40.857002,0.4278607,0.3846154,0.12,0.4347826,0.1923077,0.28,0.88461536,0.16,1.0,58.9,58.600002,57.600002,57.9,57.9,58.300003,57.600002,60.9,58.300003,60.600002,56.600002,56.300003,3701411,-1824952,1075200,1075200,1075200,1075200,1075200,1075200,652800,1401600,841,30,57,842,39,62,356,49,39,422,79,104,53,5,14,137,28,62,270,146,128,0,0,0,753546,36530,61900,678709,66280,124532,495208,117156,103757,456314,151986,209367,40364,16174,204147,149363,54643,393329,260387,262429,260815,0,0,0,515.2768104575164,2.943058823529412
1658351695600,40.895,0.39673913,0.05,0.20833333,0.13043478,1.0,0.26923078,0.18181819,0.36,1.0,58.9,58.600002,57.9,58.300003,58.300003,58.600002,57.9,60.600002,58.600002,60.600002,56.600002,55.9,3709975,-1587525,1075200,1075200,1075200,1075200,1075200,1075200,652800,1401600,853,35,48,592,44,80,330,41,36,235,75,103,95,27,43,30,9,22,392,160,94,0,0,0,729174,47999,60973,588132,85673,157935,489543,102383,124203,283993,170464,389843,101520,66899,431829,38168,18357,271896,347164,260750,188847,0,0,0,373.8402749590835,2.185126022913257
1658351696611,40.940002,0.37853107,0.0,0.1,0.2173913,0.1904762,0.4347826,0.8333333,0.17391305,1.0,57.600002,57.600002,57.300003,57.9,57.600002,57.300003,57.300003,60.300003,57.600002,60.300003,55.300003,54.9,3799119,-514831,1075200,1075200,1075200,1075200,1075200,1075200,652800,1401600,744,18,37,595,17,37,293,63,73,152,42,66,155,26,61,126,26,66,376,80,93,0,0,0,747946,22760,67349,582810,33499,80355,343657,133994,308015,146002,106820,337563,188377,43013,499343,150082,48960,409117,302916,108348,319440,0,0,0,-1.0,-1.0
1658351697656,40.974003,0.51269037,0.2173913,0.125,0.3043478,0.32,0.2857143,0.76,1.0,1.0,58.300003,58.600002,57.9,58.600002,58.9,58.9,58.600002,60.300003,59.300003,60.600002,55.9,55.9,3778293,-897827,1075200,1075200,1075200,1075200,1075200,1075200,652800,1401600,1301,5,12,905,0,5,388,5,5,585,0,1,860,3,7,172,1,6,675,4,43,37,0,1,595373,15951,26397,630681,0,54400,538004,19711,37403,526191,0,952,450617,5486,54179,168983,200,69167,701008,7592,64331,6103,0,531,0.004258267716535434,0.0032503937007874015
1658351698739,41.023003,0.7035176,0.5555556,0.45833334,0.59090906,0.56,0.5769231,0.84,1.0,1.0,57.300003,56.9,56.300003,56.9,57.300003,57.9,57.9,59.600002,58.600002,59.9,54.300003,53.9,3783743,-724182,1075200,1075200,1075200,1075200,1075200,1075200,652800,1401600,600,0,0,475,0,0,344,31,46,348,30,54,292,28,60,307,28,37,9,0,0,3,0,0,517866,0,0,484070,0,0,255362,53637,142682,284353,60044,156243,222139,43291,211849,195760,50262,117737,0,0,0,1407,0,0,-1.0,-1.0
1658351699859,41.027,0.54010695,0.26086956,0.39130434,0.72727275,0.25,0.5,1.0,0.18181819,1.0,58.600002,58.9,58.300003,58.9,58.9,59.600002,58.600002,59.9,59.300003,60.300003,54.9,54.9,3727493,-1322022,1075200,1075200,1075200,1075200,1075200,1075200,652800,1401600,850,0,0,640,0,0,525,6,12,343,4,9,778,10,11,347,3,12,218,5,9,1,0,0,462006,0,0,429102,0,0,373326,12188,38313,253552,2767,29187,388985,18168,20729,294861,8476,52578,80584,3449,11071,30,0,0,-1.0,-1.0
1658351700971,41.035004,0.54901963,0.26086956,0.3846154,0.3846154,0.375,0.61538464,1.0,0.33333334,1.0,56.9,56.9,56.300003,56.9,56.9,57.600002,56.9,58.9,57.600002,58.9,54.300003,53.9,3745010,-1238404,1075200,1075200,1075200,1075200,1075200,1075200,652800,1401600,592,2,15,242,0,6,335,31,51,334,9,37,217,15,23,105,17,29,428,93,138,4,0,6,456067,1766,102732,258107,0,136410,184791,76300,222999,193204,8732,350673,131891,14138,88126,79191,29228,87335,221199,198403,334255,3622,0,3646,369.5228698412698,2.8900444444444444
1658351701994,41.027,0.4950495,0.33333334,0.28,0.1923077,0.6,0.3846154,1.0,0.16,1.0,57.600002,57.600002,56.600002,57.300003,57.600002,57.600002,56.600002,59.600002,57.300003,59.600002,55.600002,54.9,3732553,-1480408,1075200,1075200,1075200,1075200,1075200,1075200,652800,1401600,771,11,24,728,26,36,297,50,60,507,53,67,93,22,36,0,0,0,368,88,120,3,0,3,651768,15665,31916,594258,51071,59077,280365,86082,311429,434421,106704,210501,92112,54234,239372,0,0,0,301204,178592,269489,0,0,1273,591.7897579617834,3.4356178343949044
1658351703030,41.042004,0.53296703,0.27272728,0.33333334,0.95652175,0.22727273,0.16666667,1.0,0.2173913,1.0,58.600002,58.300003,57.300003,58.300003,58.600002,58.600002,57.600002,59.9,57.9,60.300003,56.300003,55.600002,3717761,-1692811,1075200,1075200,1075200,1075200,1075200,1075200,652800,1401600,781,35,52,784,44,60,366,59,93,354,52,68,30,4,20,5,0,2,286,92,149,5,0,0,601366,42011,61744,654322,62070,108710,314400,89240,314501,312202,118112,150228,34544,9141,415481,5355,0,899,276552,206890,420084,139,0,0,515.4612370486656,2.9742417582417584
1658351704069,41.053,0.51960784,0.44,0.25,0.16666667,0.24,0.7407407,1.0,0.23076923,1.0,58.600002,58.300003,57.9,58.300003,58.600002,58.600002,57.600002,60.300003,58.300003,60.300003,56.600002,55.9,3717955,-1600342,1075200,1075200,1075200,1075200,1075200,1075200,652800,1401600,839,35,50,824,31,40,199,29,43,418,72,81,216,48,65,12,0,1,128,82,140,1,0,0,625737,34977,66190,565980,44746,59988,186573,64381,132326,383456,163359,230731,209037,76096,315946,7908,0,1200,146320,245410,503841,30,0,0,516.2659110378912,2.7626490939044483
1658351705072,41.076,0.60199004,0.3846154,0.26086956,0.5652174,0.41666666,0.84615386,1.0,0.2,1.0,58.9,58.600002,57.9,58.300003,58.600002,58.9,57.600002,60.600002,58.300003,60.9,56.600002,55.600002,3726909,-1520997,1075200,1075200,1075200,1075200,1075200,1075200,652800,1401600,648,11,25,829,20,28,280,45,94,428,62,80,145,21,32,1,1,1,156,72,151,1,0,0,555871,8707,28875,544755,32096,43234,254396,89192,449373,442809,131261,201100,126354,43073,170205,1624,2278,1636,176207,207231,451453,34,0,0,516.3258734177215,2.8258227848101267
1658351706110,41.118004,0.54651165,0.27272728,0.33333334,0.47619048,0.6,0.33333334,1.0,0.27272728,1.0,59.300003,59.600002,58.300003,58.9,59.600002,59.600002,58.600002,61.300003,59.300003,61.300003,57.300003,56.600002,3707445,-1648560,1075200,1075200,1075200,1075200,1075200,1075200,652800,1401600,579,17,24,795,41,51,285,53,95,454,54,56,13,11,16,0,0,0,187,91,151,0,0,0,452615,22977,25399,593835,63274,78637,274978,108631,333632,426564,95119,134371,18061,38062,155368,0,0,0,210881,268816,461755,0,0,0,509.1093164556962,2.779240506329114
1658351707178,41.152,0.49268293,0.24,0.28,0.48,0.28,1.0,0.52,0.115384616,1.0,59.9,59.600002,58.600002,58.9,59.600002,59.9,59.300003,61.300003,59.9,61.600002,57.600002,56.600002,3721264,-1666566,1075200,1075200,1075200,1075200,1075200,1075200,652800,1401600,646,52,71,859,36,69,370,55,83,366,77,87,50,10,18,0,1,0,305,103,127,0,0,0,607734,88138,93662,685698,40171,108251,323944,83037,191498,393069,171316,190489,45759,22177,113972,0,20,0,293522,226389,318111,0,0,0,512.6585838509317,2.762285714285714
1658351708219,41.185,0.545977,0.15789473,0.5217391,0.5714286,0.4090909,1.0,0.2,0.39130434,1.0,60.300003,59.600002,58.600002,59.600002,59.9,59.600002,58.600002,61.600002,59.600002,61.600002,57.300003,56.600002,3718539,-1636353,1075200,1075200,1075200,1075200,1075200,1075200,652800,1401600,696,28,41,734,28,44,206,29,42,477,49,48,32,1,11,169,30,65,149,82,148,2,0,0,603970,33435,55966,534798,32695,68483,173188,47758,210062,412517,62565,80975,22558,1695,286294,158316,42233,416308,163135,256914,462607,46,0,0,514.9524210526316,2.9291578947368424
1658351709258,41.235,0.578199,0.46153846,0.4074074,0.3846154,0.36,0.64285713,1.0,0.37037036,1.0,59.9,60.300003,58.9,59.300003,59.9,59.600002,59.300003,61.600002,59.300003,61.600002,57.9,56.600002,3706667,-1663819,1075200,1075200,1075200,1075200,1075200,1075200,652800,1401600,825,31,27,714,37,58,211,46,50,384,52,72,16,2,5,113,15,43,128,85,143,0,0,0,689736,41723,36222,548742,52284,96048,183476,82788,245813,407594,88953,143567,13885,3055,2855,104894,30459,580638,150813,253857,517165,0,0,0,513.2775609756097,2.884390243902439
1658351710323,41.265003,0.49261084,0.41666666,0.5416667,0.41666666,0.16666667,0.42307693,0.64,0.23076923,1.0,60.300003,60.300003,59.600002,60.300003,59.9,59.600002,58.600002,61.600002,59.600002,61.9,57.600002,56.9,3716398,-1581727,1075200,1075200,1075200,1075200,1075200,1075200,652800,1401600,723,51,55,718,43,70,200,26,21,408,78,90,90,16,42,33,5,3,392,91,160,2,0,0,664183,70491,77659,580092,77013,139882,175172,42037,97262,433422,141460,199132,88852,30079,502155,17326,7736,2553,350855,185740,297025,69,0,0,514.3186356589147,2.7353798449612405
1658351711359,41.306004,0.65497077,0.65,0.75,0.25,0.5,0.6086956,1.0,0.4347826,1.0,59.9,59.9,59.600002,59.600002,59.9,59.600002,59.300003,62.300003,59.600002,61.9,57.600002,56.9,3716204,-1508790,1075200,1075200,1075200,1075200,1075200,1075200,652800,1401600,615,15,21,755,21,32,191,38,60,451,77,72,73,9,19,135,26,36,191,82,138,3,0,0,549521,16646,32314,516863,22478,58765,155249,101155,341259,446783,163803,182181,64001,22331,219889,114869,36493,237754,208084,250663,411647,78,0,0,515.3617888198758,2.6377639751552797
1658351712370,41.348003,0.51445085,0.7,0.5,0.1,0.36363637,1.0,0.0952381,0.27272728,1.0,60.600002,60.9,59.9,60.300003,60.600002,60.600002,59.600002,61.9,59.9,62.600002,57.600002,57.300003,3707056,-1617127,1075200,1075200,1075200,1075200,1075200,1075200,652800,1401600,551,46,65,483,11,23,234,33,64,242,47,49,176,24,45,2,0,0,383,112,114,0,0,0,557443,73222,112428,340299,11192,44717,177572,77504,372240,248921,106804,144635,122784,49458,491433,23,0,0,354930,186670,232726,0,0,0,514.0636267496112,2.818239502332815
1658351713379,41.4,0.5472637,0.5,0.30769232,0.5769231,0.33333334,1.0,0.44,0.1923077,0.96428573,60.9,60.600002,60.300003,59.9,60.9,59.9,59.300003,62.600002,59.9,62.600002,58.300003,57.300003,3712311,-1554871,1075200,1075200,1075200,1075200,1075200,1075200,652800,1401600,605,33,55,705,21,45,160,26,36,334,61,93,3,1,1,165,20,47,348,114,117,0,0,0,616504,49332,92902,532256,21397,75547,144270,46648,141346,339891,138132,247949,3791,2531,1511,145792,36580,464334,356735,178571,255869,0,0,0,514.8045039872409,2.7099457735247205
1658351714407,41.446003,0.52970296,0.61538464,0.25,0.5185185,0.36363637,0.23076923,1.0,0.24,1.0,60.9,60.600002,59.9,60.600002,60.300003,60.300003,59.600002,62.600002,59.9,62.600002,58.300003,57.600002,3710949,-1535645,1075200,1075200,1075200,1075200,1075200,1075200,652800,1401600,679,30,41,938,28,30,171,32,58,469,50,61,2,3,1,87,14,32,130,94,150,2,0,0,580635,52465,58542,678379,29959,46622,173084,73044,230586,450554,90200,107984,1795,8234,2057,104047,20468,350027,170852,271724,430784,76,0,0,514.9409829984544,2.594077279752705
1658351715444,41.491,0.55778897,0.5555556,0.5,0.45833334,0.375,0.27272728,1.0,0.23076923,1.0,60.600002,60.600002,60.600002,60.300003,60.300003,60.600002,59.600002,62.300003,60.300003,62.600002,58.300003,57.600002,3722821,-1606446,1075200,1075200,1075200,1075200,1075200,1075200,652800,1401600,525,28,29,923,38,63,160,32,49,399,72,65,105,18,25,29,2,18,111,91,150,3,0,0,491540,31895,41993,645383,46072,103368,150786,62154,229092,401494,165844,146567,99444,33284,192169,29939,4547,426327,156150,288303,471224,81,0,0,517.7416547231271,3.0594918566775244
1658351716466,41.548,0.5480769,0.32142857,0.72,0.48,0.30769232,0.42857143,1.0,0.22222222,1.0,60.9,60.600002,60.300003,60.600002,60.9,60.600002,59.9,62.600002,60.600002,62.9,58.600002,57.600002,3721848,-1563416,1075200,1075200,1075200,1075200,1075200,1075200,652800,1401600,606,24,36,856,42,65,272,34,77,364,49,57,161,31,38,1,0,0,158,77,143,2,0,0,501963,31107,58565,607227,52362,88122,235775,58249,288917,337680,98147,148974,153212,59949,412636,912,0,0,181254,247483,476347,193,0,0,518.3780528771384,2.9838133748055986
1658351717504,41.570004,0.5738636,0.3809524,0.47826087,0.6818182,0.4090909,0.4347826,1.0,0.18181819,1.0,61.300003,61.300003,59.9,60.300003,60.600002,60.9,60.300003,62.9,60.600002,63.300003,58.600002,57.600002,3726325,-1558839,1075200,1075200,1075200,1075200,1075200,1075200,652800,1401600,813,42,53,695,22,27,110,28,45,484,65,80,191,29,74,4,1,5,254,82,143,2,0,0,724869,67853,63677,482969,31132,47579,111239,60663,194456,479678,109218,152406,201595,41821,435946,5563,1250,90319,251611,203769,391547,56,0,0,517.0260792393027,2.8719873217115692
1658351718557,41.612003,0.5533981,0.33333334,0.33333334,0.2962963,0.61538464,0.6666667,1.0,0.08,1.0,60.9,60.600002,60.600002,60.600002,60.600002,60.9,59.600002,62.9,60.300003,62.9,58.600002,57.9,3716398,-1564637,1075200,1075200,1075200,1075200,1075200,1075200,652800,1401600,745,45,43,826,45,58,187,33,52,477,84,81,64,11,24,39,3,13,206,73,159,3,2,1,665055,56582,54397,603046,55553,96408,188743,52841,119716,439658,168373,187008,66501,17050,415923,37903,2883,102438,245733,212555,446791,3188,576,576,518.5572541254126,3.0370957095709574
1658351719588,41.665,0.5245098,0.42307693,0.6,0.32,0.36,0.36,1.0,0.115384616,1.0,61.300003,61.600002,60.600002,60.600002,60.300003,59.9,59.300003,63.300003,60.300003,62.9,58.600002,57.9,3711922,-1547547,1075200,1075200,1075200,1075200,1075200,1075200,652800,1401600,712,33,31,824,34,56,208,40,60,322,66,65,175,28,51,32,7,11,99,71,153,1,0,0,608707,36757,33704,561193,33916,101674,203679,72614,210121,345064,141238,158909,166496,49373,440170,30503,9136,34999,135064,246867,520283,26,0,0,517.4538283931357,2.7708205928237133
1658351720632,41.695004,0.70285714,0.8636364,0.6818182,0.76,0.45,0.54545456,1.0,0.3043478,1.0,60.9,60.9,60.600002,60.300003,60.600002,60.600002,59.600002,63.300003,60.300003,63.300003,58.9,57.9,3723211,-1597291,1075200,1075200,1075200,1075200,1075200,1075200,652800,1401600,726,29,22,815,32,43,181,32,73,503,66,48,133,23,39,10,1,5,85,83,141,0,0,0,634075,38828,25930,595911,30047,66220,179641,72714,357144,482917,121394,123982,122376,55427,340129,10762,238,15062,110036,271410,549318,0,0,0,377.2501433021807,2.2126479750778816
1658351721653,41.725002,0.7673267,0.96,0.72,0.7307692,0.6666667,0.76,0.8333333,0.41666666,1.0,60.300003,60.600002,59.300003,59.600002,60.300003,60.600002,59.600002,62.600002,60.300003,62.9,57.9,57.300003,3807878,-384216,1075200,1075200,1075200,1075200,1075200,1075200,652800,1401600,414,17,27,780,24,19,227,44,53,412,77,64,270,24,51,0,1,1,246,54,120,1,0,3,392467,23081,34102,512604,33691,21202,206789,70972,233030,354158,174985,223046,229782,43514,300996,0,468,509,182564,157057,445163,25,0,1641,-1.0,-1.0
1658351722712,41.755,0.85507244,0.7777778,0.6666667,0.7083333,0.7692308,0.88,1.0,1.0,1.0,61.300003,61.600002,61.300003,61.9,62.600002,62.9,62.300003,62.300003,62.600002,63.600002,58.600002,58.600002,3700438,-1681824,1075200,1075200,1075200,1075200,1075200,1075200,652800,1401600,666,0,0,979,0,0,368,0,1,409,2,3,335,0,3,60,0,1,735,3,4,19,0,0,264265,0,0,367624,0,0,340610,0,448,387688,1111,4237,313573,0,3384,68822,0,461,577827,5783,8220,2455,0,0,-1.0,-1.0
1658351723881,41.785004,0.9444444,0.96,1.0,1.0,1.0,1.0,1.0,0.6086956,1.0,60.9,61.300003,60.300003,61.300003,61.600002,61.9,61.600002,62.300003,61.9,62.9,56.9,56.9,3723405,-1348572,1075200,1075200,1075200,1075200,1075200,1075200,652800,1401600,260,0,0,417,0,0,189,28,26,100,7,4,205,28,33,23,0,2,0,0,0,0,0,0,211204,0,0,229721,0,0,163614,46967,43173,62674,8982,8467,146072,35425,51585,15090,0,1205,0,0,0,0,0,0,-1.0,-1.0
1658351724949,41.785004,0.6390244,0.5769231,0.52,0.5925926,0.36,0.9230769,1.0,0.18518518,1.0,60.300003,60.9,59.9,60.600002,60.600002,60.600002,60.300003,62.300003,61.300003,62.600002,56.9,56.9,3793085,-594788,1075200,1075200,1075200,1075200,1075200,1075200,652800,1401600,148,0,0,327,0,0,249,0,2,276,5,5,200,2,3,17,1,1,328,51,23,0,0,0,131236,0,0,174954,0,0,201930,0,1303,226142,15957,12942,168184,1211,6026,10061,332,1603,150160,80214,32615,0,0,0,29.99868527131783,0.5250852713178294
1658351725995,41.785004,0.66169155,0.5416667,0.5416667,0.6923077,0.36,1.0,1.0,0.125,1.0,59.9,59.600002,58.9,59.600002,59.9,59.9,59.300003,61.600002,59.600002,61.600002,57.300003,56.9,3713090,-1584168,1075200,1075200,1075200,1075200,1075200,1075200,652800,1401600,405,15,9,474,10,14,276,33,39,398,35,67,102,8,15,142,12,34,402,78,98,4,0,1,348421,28689,14359,280766,16528,25947,224242,55983,102319,300151,65225,197136,76074,7680,27387,111225,19591,89320,211183,211568,321897,356,0,589,554.0690186335404,3.3828571428571426
1658351727063,41.774002,0.6588785,0.37037036,0.4642857,0.5,0.7777778,1.0,0.962963,0.16,1.0,60.600002,59.9,59.600002,60.300003,60.300003,60.300003,59.300003,62.300003,59.9,62.600002,57.600002,57.300003,3708418,-1573487,1075200,1075200,1075200,1075200,1075200,1075200,652800,1401600,508,33,33,548,27,53,358,43,50,186,45,54,28,4,7,4,0,2,289,131,178,1,0,0,474491,48622,51779,391675,30325,75846,378225,82000,128098,186315,120447,198895,14149,9794,16560,118,0,366,294756,252839,360539,40,0,0,539.7807975270479,3.0451437403400305
1658351728134,41.789,0.6519608,0.7692308,0.64,0.33333334,0.375,0.9230769,0.65384614,0.36,1.0,60.600002,60.9,59.9,60.600002,60.600002,60.300003,59.600002,62.300003,60.300003,62.600002,58.300003,57.300003,3723405,-1603089,1075200,1075200,1075200,1075200,1075200,1075200,652800,1401600,468,35,48,504,17,34,314,43,73,251,39,65,3,1,1,24,4,4,548,155,85,0,0,0,506587,57113,60082,423428,27083,60171,338697,81802,195266,251028,63136,186324,2387,830,7278,14296,6067,10517,421602,219311,123529,0,0,0,515.9311228615862,3.1348055987558316
1658351729175,41.815002,0.78899086,0.8888889,1.0,0.5769231,0.64285713,0.9285714,1.0,0.25925925,1.0,61.300003,60.9,60.9,61.600002,61.600002,61.600002,60.600002,63.300003,61.600002,63.300003,58.600002,57.9,3705304,-1697694,1075200,1075200,1075200,1075200,1075200,1075200,652800,1401600,483,6,14,514,5,4,374,65,99,266,51,73,10,3,4,56,7,12,567,134,49,1,0,0,477035,5315,15986,378982,4507,5543,360792,147550,211240,278640,121404,260805,9348,4895,20352,35061,17636,83551,416193,182660,74778,26,0,0,515.8953903576983,2.9069362363919127
1658351730255,41.853,0.90821254,0.962963,0.9230769,0.89285713,0.8,1.0,1.0,0.64,1.0,62.300003,61.9,61.300003,61.600002,61.600002,61.300003,60.600002,63.600002,61.300003,63.300003,58.9,58.300003,3696156,-1737672,1075200,1075200,1075200,1075200,1075200,1075200,652800,1401600,438,19,25,158,8,15,145,19,35,182,38,47,19,1,5,16,0,11,623,152,75,0,0,0,367565,27225,34254,98420,5445,22943,123741,44552,86555,190105,73381,115296,9195,18,21266,11839,0,61028,484176,224948,111229,0,0,0,516.1129206842924,2.996454121306376
1658351731326,41.895,0.6585366,0.5555556,0.45833334,0.85714287,0.4,0.7692308,1.0,0.16666667,1.0,62.600002,62.9,61.9,62.600002,62.300003,62.300003,61.600002,63.9,62.300003,64.3,59.300003,58.600002,3704331,-1766358,1075200,1075200,1075200,1075200,1075200,1075200,652800,1401600,373,23,29,231,4,7,245,38,52,197,44,61,16,3,4,1,0,0,620,116,50,1,0,0,351130,42891,51469,175986,6186,8441,219484,84953,114302,175387,104251,175707,12238,5878,6765,2577,0,2066,399322,145782,85401,27,0,0,516.1290948678071,3.036416796267496
1658351732374,41.940002,0.64878047,0.42307693,0.5833333,0.6,0.4814815,0.8148148,1.0,0.28,1.0,62.300003,62.300003,61.300003,62.300003,61.600002,62.300003,61.300003,63.9,62.300003,63.600002,59.300003,58.600002,3693237,-1748353,1075200,1075200,1075200,1075200,1075200,1075200,652800,1401600,362,28,36,335,16,31,211,43,76,307,50,81,70,8,19,47,15,19,448,132,132,1,0,0,328851,45506,54173,237292,22101,56359,228652,98644,202256,332137,103998,242160,37153,17419,135222,56732,27229,131278,385153,212401,229033,22,0,0,511.10740215716487,2.8892203389830504
1658351733429,41.996002,0.66346157,0.46153846,0.5,0.76,0.4,0.8148148,1.0,0.30769232,1.0,62.600002,62.600002,60.9,61.600002,61.9,62.300003,61.600002,63.9,61.9,64.3,59.300003,58.600002,3708613,-1693726,1075200,1075200,1075200,1075200,1075200,1075200,652800,1401600,322,6,11,610,22,24,332,57,80,241,45,84,61,4,16,9,1,9,387,137,102,1,0,0,327520,8032,20251,439202,27588,34764,322053,108219,190829,225162,94479,258247,49831,7187,89816,11112,21,186550,318779,254871,244265,27,0,0,519.3618881987578,3.063751552795031
1658351734476,42.034,0.6958763,0.6666667,0.7916667,0.84615386,0.5769231,1.0,0.22727273,0.44,1.0,62.600002,62.600002,61.600002,61.9,62.300003,61.9,61.300003,63.9,62.300003,63.9,59.600002,58.600002,3719707,-1573487,1075200,1075200,1075200,1075200,1075200,1075200,652800,1401600,546,39,50,335,11,16,242,64,90,291,62,112,28,4,10,0,0,0,581,115,90,0,0,0,551243,70934,74801,238388,15073,30484,247498,151301,192959,316628,139583,376199,28705,11827,44046,0,0,0,440741,156568,127269,0,0,0,518.3984049844237,2.799601246105919
1658351735535,42.087,0.69756097,0.53846157,0.65217394,0.42307693,0.61538464,1.0,1.0,0.41666666,1.0,62.600002,62.300003,61.300003,62.300003,62.300003,62.300003,61.600002,63.9,62.300003,64.3,59.9,58.9,3707640,-1676636,1075200,1075200,1075200,1075200,1075200,1075200,652800,1401600,433,58,71,238,7,11,214,24,43,253,39,62,3,0,3,107,22,56,536,133,88,0,0,0,433343,90362,101126,170294,8058,13318,208443,43428,110644,247476,91168,218232,4194,0,61161,102594,53621,547004,424534,203164,138174,0,0,0,514.4534210526316,2.791526315789474
1658351736552,42.132004,0.6617647,0.52,0.68,0.6923077,0.53846157,0.8518519,0.92,0.18518518,1.0,63.300003,62.9,61.600002,62.600002,62.600002,62.600002,62.300003,64.600006,62.9,64.600006,59.9,59.300003,3695961,-1732178,1075200,1075200,1075200,1075200,1075200,1075200,652800,1401600,388,45,66,495,32,55,246,52,90,196,21,55,7,4,3,15,4,7,496,143,84,0,0,0,426474,77578,93408,382331,41347,98101,282006,116751,243634,176688,47858,230812,9355,8345,10746,9684,14454,25249,408884,196063,125556,0,0,0,516.8799253499222,3.0030233281493
1658351737596,42.193,0.6497175,0.5217391,0.52380955,0.45454547,0.59090906,1.0,0.9130435,0.14285715,1.0,63.300003,62.600002,61.9,62.600002,62.600002,62.600002,61.600002,64.600006,62.300003,64.600006,59.9,59.300003,3706861,-1652833,1075200,1075200,1075200,1075200,1075200,1075200,652800,1401600,421,24,30,633,7,14,340,40,75,258,52,89,43,3,15,31,3,7,306,132,118,1,0,0,397863,29238,39250,428386,7645,19433,320000,64536,179500,255706,102758,255479,44994,5092,69925,30041,1592,25780,276484,277885,283504,31,0,0,516.4622554517134,3.035214953271028
1658351738592,42.234,0.71144277,0.64,0.52,0.5,0.42307693,1.0,1.0,0.5925926,1.0,63.300003,63.300003,61.9,62.300003,62.9,62.600002,61.9,64.600006,62.300003,64.600006,60.300003,59.300003,3712700,-1720582,1075200,1075200,1075200,1075200,1075200,1075200,652800,1401600,354,24,29,700,17,26,395,57,76,350,55,56,4,0,3,42,3,7,244,85,172,1,0,0,320726,27858,41066,459172,17054,41528,373465,109627,167442,335099,97450,117644,1811,0,4350,32537,1816,69382,239725,200414,373430,28,0,0,516.7965607476635,2.6162242990654203
1658351739650,42.302002,0.69082123,0.4814815,0.6666667,0.46153846,0.4074074,1.0,1.0,0.5,1.0,62.9,62.9,62.300003,62.600002,62.600002,62.600002,61.600002,64.600006,62.600002,64.9,59.9,59.600002,3718539,-1628419,1075200,1075200,1075200,1075200,1075200,1075200,652800,1401600,393,29,48,433,15,15,312,60,93,197,43,72,48,11,14,63,17,21,548,136,98,0,0,0,372817,49640,59300,296418,19852,22382,336095,114086,235492,210961,89634,238553,27051,27671,35505,76826,24587,133098,430917,216142,171240,0,0,0,516.1196214511041,2.8522902208201892
1658351740680,42.351,0.63981044,0.42307693,0.5833333,0.60714287,0.39285713,0.8076923,1.0,0.32,1.0,63.600002,63.300003,61.9,62.300003,63.300003,62.9,61.9,64.9,62.600002,64.9,60.300003,59.300003,3711532,-1632081,1075200,1075200,1075200,1075200,1075200,1075200,652800,1401600,409,31,37,512,19,39,287,52,82,194,52,71,36,1,11,7,3,7,477,158,73,0,0,0,418297,39605,43424,401924,21603,58549,330512,88772,199259,220003,111797,232159,21367,986,85027,7802,8278,171812,360554,233555,133738,0,0,0,515.8900155520995,2.732192846034214
1658351741726,42.4,0.6413044,0.72,0.75,0.27272728,0.7083333,0.6818182,0.7826087,0.2173913,1.0,63.300003,62.600002,62.300003,62.600002,62.9,62.9,61.9,64.9,62.600002,65.3,60.600002,59.300003,3712506,-1672364,1075200,1075200,1075200,1075200,1075200,1075200,652800,1401600,466,40,35,434,15,27,267,47,62,227,52,73,20,7,10,1,0,0,543,146,84,1,0,0,523053,73343,50081,351309,24968,57683,267233,107087,136606,222991,113055,248386,14174,24013,207505,85,0,0,408139,201193,137508,68,0,0,519.5199501557632,3.0450841121495325
1658351742742,42.442,0.6376812,0.36,0.76,0.5769231,0.4074074,0.7692308,1.0,0.1923077,1.0,63.300003,63.300003,62.600002,62.9,62.9,62.9,61.9,64.9,62.600002,64.9,60.600002,59.600002,3714452,-1761475,1075200,1075200,1075200,1075200,1075200,1075200,652800,1401600,361,22,29,577,16,16,424,77,85,256,48,74,52,2,15,7,0,4,332,117,129,0,0,0,353177,35213,31903,416370,16463,21662,412949,145148,174100,251980,112016,221465,45859,449,67549,7215,0,47461,290448,204989,275962,0,0,0,516.6696573208723,3.149208722741433
1658351743792,42.483,0.6519608,0.42307693,0.8,0.25,0.8076923,0.7307692,0.9285714,0.22222222,1.0,63.9,63.600002,61.9,62.600002,62.600002,63.300003,61.9,65.3,62.300003,64.9,60.600002,59.600002,3705304,-1716004,1075200,1075200,1075200,1075200,1075200,1075200,652800,1401600,505,28,34,661,11,20,248,39,52,225,40,62,49,4,8,3,0,2,356,141,119,0,0,0,493864,42397,43124,433173,8554,38846,256002,75052,131628,228268,86235,208519,37801,5428,69068,358,0,380,324587,266870,272121,0,0,0,516.0579378881987,2.9554285714285715
1658351744866,42.532,0.609375,1.0,0.73913044,0.45833334,0.13636364,1.0,0.16666667,0.28,1.0,63.600002,63.300003,62.600002,62.9,63.300003,62.9,61.9,64.9,62.9,65.3,60.600002,59.9,3701801,-1687928,1075200,1075200,1075200,1075200,1075200,1075200,652800,1401600,617,15,26,557,17,28,302,40,68,242,31,60,26,8,16,13,4,4,302,143,141,2,0,0,524304,23704,41067,391596,23465,45830,302465,71048,136135,226200,55079,189929,29857,22205,98367,9666,8022,26585,281746,291129,265770,65,0,0,492.6932795031056,2.914
1658351745905,42.574,0.5355191,1.0,0.0,1.0,0.04347826,1.0,0.09090909,0.0,1.0,62.9,62.9,61.9,62.300003,61.9,61.9,61.600002,64.600006,61.9,64.9,59.600002,59.600002,3797757,-476074,1075200,1075200,1075200,1075200,1075200,1075200,652800,1401600,388,18,19,575,31,34,235,34,40,360,41,58,51,5,13,109,22,38,273,92,115,1,0,0,411655,26587,24987,397025,45853,64491,224246,58655,106956,315497,93669,180192,38920,6543,30225,71669,58367,184909,251075,166111,370363,31,0,0,-1.0,-1.0
1658351746945,42.615,0.5412371,0.52,0.45833334,0.625,0.5,0.125,1.0,0.041666668,1.0,60.600002,59.9,59.9,60.300003,60.300003,60.300003,59.9,62.600002,60.600002,62.9,57.600002,57.300003,3807488,-351867,1075200,1075200,1075200,1075200,1075200,1075200,652800,1401600,104,3,5,387,20,39,0,0,0,164,37,56,64,8,14,212,45,60,41,29,114,0,0,0,120248,9544,43284,453782,51230,202411,0,0,0,164792,96277,385168,67462,14844,149786,189531,90702,430595,55084,92606,716293,0,0,0,0.0026914728682170545,0.001786046511627907
1658351747978,42.641003,0.5300546,1.0,0.083333336,0.0,1.0,0.08695652,1.0,0.04347826,1.0,59.300003,59.300003,58.600002,59.300003,59.300003,59.9,58.9,61.600002,59.300003,61.600002,56.600002,56.300003,3781212,-635376,1075200,1075200,1075200,1075200,1075200,1075200,652800,1401600,67,6,16,211,21,80,34,9,26,127,35,86,34,4,14,35,5,14,143,16,130,0,0,0,116269,16046,95203,231154,47971,517307,40727,18762,279338,123151,91864,522865,32929,10606,395364,19709,14177,248954,155073,55880,784027,0,0,0,-1.0,-1.0
1658351748983,42.657,0.5294118,0.0,0.04347826,0.6818182,1.0,0.41666666,1.0,0.083333336,1.0,58.9,58.300003,57.600002,58.600002,58.9,59.300003,57.9,60.9,58.600002,60.9,56.300003,55.9,3805347,-360107,1075200,1075200,1075200,1075200,1075200,1075200,652800,1401600,12,12,12,259,27,56,129,45,95,0,0,0,27,9,30,0,0,0,53,31,143,0,0,0,17241,30056,213261,326257,70219,315523,161014,94071,691185,0,0,0,27924,26345,754062,0,0,0,62140,79628,841328,0,0,0,-1.0,-1.0
1658351749984,42.649002,0.6813725,0.625,0.84,0.84,0.5555556,0.44,0.96153843,0.2,1.0,57.300003,57.300003,57.600002,58.300003,58.300003,58.300003,57.600002,60.300003,57.9,60.600002,55.300003,55.300003,3809630,-484619,1075200,1075200,1075200,1075200,1075200,1075200,652800,1401600,184,41,69,155,15,53,24,6,16,0,0,0,57,6,30,0,0,0,86,32,185,0,0,0,297454,93393,513880,260598,28308,434479,15041,25619,243202,0,0,0,40247,20336,679470,0,0,0,116998,103242,703104,0,0,0,-1.0,-1.0
1658351750987,42.641003,0.8078818,0.96428573,0.65384614,0.68,0.7692308,1.0,0.7777778,0.61538464,1.0,59.600002,59.600002,58.600002,59.300003,59.600002,60.300003,58.9,60.9,59.9,61.300003,55.9,55.9,3779850,-689392,1075200,1075200,1075200,1075200,1075200,1075200,652800,1401600,534,2,12,67,4,18,211,5,15,156,0,0,275,0,15,7,0,0,762,20,88,4,0,0,233253,4959,387633,60912,13837,148895,165539,17981,262218,195098,0,0,193564,0,447642,9415,0,0,409205,57692,340576,96,0,0,-1.0,-1.0
1658351752038,42.634003,0.8703704,1.0,0.7407407,0.96428573,0.56,0.7037037,1.0,1.0,1.0,59.300003,58.9,58.300003,59.300003,59.9,60.300003,59.9,61.300003,60.600002,61.600002,57.300003,57.300003,3730218,-1458741,1075200,1075200,1075200,1075200,1075200,1075200,652800,1401600,50,0,0,374,0,0,376,16,29,306,17,38,107,6,12,170,14,24,574,66,46,6,0,0,23805,0,0,238524,0,0,304428,26907,86299,219414,16336,79019,81969,7197,23374,130667,23894,68340,355237,117575,69690,198,0,0,-1.0,-1.0
1658351753140,42.623,0.95689654,1.0,1.0,1.0,1.0,1.0,1.0,0.64285713,1.0,59.300003,59.600002,59.300003,60.300003,60.300003,60.600002,59.9,60.9,60.600002,61.300003,55.9,55.9,3727882,-1285096,1075200,1075200,1075200,1075200,1075200,1075200,652800,1401600,345,0,0,557,0,0,184,15,30,183,17,29,436,23,48,81,2,4,0,0,0,1,0,0,179610,0,0,249826,0,0,131738,21693,112378,126367,28284,124105,221324,48959,149121,33423,2314,9001,0,0,0,14,0,0,-1.0,-1.0
1658351754272,42.600002,0.7832512,0.75,0.96,0.65384614,0.76,0.88461536,0.88461536,0.29166666,1.0,59.600002,60.300003,59.9,60.600002,60.600002,60.9,59.9,61.300003,60.9,62.300003,56.600002,56.300003,3772259,-847778,1075200,1075200,1075200,1075200,1075200,1075200,652800,1401600,92,0,0,355,0,0,228,0,2,207,0,1,80,0,0,0,0,0,227,45,13,0,0,0,59077,0,0,142412,0,0,178720,0,3396,186090,0,1171,68101,0,0,0,0,0,153620,56018,17139,0,0,0,0.010922600619195045,0.019690402476780184
1658351755322,42.581,0.8078818,0.68,0.875,0.8148148,0.72,0.96153843,1.0,0.33333334,1.0,59.600002,59.9,58.9,59.9,59.9,59.9,58.9,61.300003,59.600002,61.300003,56.9,55.9,3708613,-1637269,1075200,1075200,1075200,1075200,1075200,1075200,652800,1401600,191,0,1,153,0,0,273,23,39,92,15,15,98,13,16,25,6,12,709,99,64,4,0,0,173369,0,3907,69501,0,0,168001,48205,105337,118934,32587,41835,81309,19555,37827,15845,23980,53606,367112,169778,156962,109,0,0,503.5055403726708,2.976248447204969
1658351756347,42.566,0.7910448,0.8,0.8888889,0.92,0.6,0.85714287,1.0,0.25,1.0,60.300003,60.9,60.300003,60.300003,60.600002,60.300003,59.600002,61.9,59.9,61.9,57.600002,56.9,3681753,-1755677,1075200,1075200,1075200,1075200,1075200,1075200,652800,1401600,214,10,12,177,10,20,180,25,50,323,42,58,10,4,4,0,0,0,484,132,71,0,0,0,178780,15330,11448,112805,13023,42749,174916,48779,113940,412876,116957,182012,15940,5524,3514,0,0,0,411499,197580,107706,0,0,0,516.0345838509317,3.1184099378881984
1658351757399,42.585003,0.7536232,0.84,0.88,0.5769231,0.53571427,1.0,1.0,0.16666667,1.0,61.300003,61.600002,60.600002,60.9,61.300003,61.300003,59.9,62.9,60.9,62.9,57.9,57.300003,3728271,-1579285,1075200,1075200,1075200,1075200,1075200,1075200,652800,1401600,281,22,29,112,4,8,114,22,22,396,47,65,12,1,7,0,0,1,459,141,77,0,0,0,258151,29680,32564,86398,2745,11968,107177,33581,38801,460682,98934,192611,14151,967,28141,0,0,20,399729,223710,136942,0,0,0,516.7065420560748,2.8680373831775703
1658351758436,42.615,0.7241379,0.92,0.96,0.36,0.4074074,1.0,1.0,0.13043478,1.0,61.9,61.9,61.300003,61.600002,61.300003,61.300003,60.300003,62.9,60.600002,63.300003,58.300003,57.9,3722237,-1559754,1075200,1075200,1075200,1075200,1075200,1075200,652800,1401600,111,13,17,93,0,1,170,18,37,409,49,47,19,1,0,5,0,1,364,155,84,0,0,0,99662,16694,15937,74151,0,1000,139904,27873,69641,451749,125682,127149,8758,499,0,6304,0,2648,332894,260389,153874,0,0,0,515.1445962732919,2.8818385093167698
1658351759456,42.641003,0.7205882,0.96153843,0.6666667,0.6296296,0.32,1.0,1.0,0.16,1.0,62.300003,62.300003,61.300003,61.600002,61.600002,61.600002,60.600002,63.600002,60.9,63.300003,58.9,58.300003,3699660,-1546021,1075200,1075200,1075200,1075200,1075200,1075200,652800,1401600,243,22,24,173,9,15,190,28,50,306,51,57,16,2,4,0,0,0,434,126,90,1,0,0,201230,32053,30681,155923,10238,14148,163827,65793,125735,373489,114207,218508,12488,2622,7793,0,0,0,376358,197201,153656,25,0,0,512.9909367088608,3.0595443037974683
1658351760467,42.668003,0.7291667,0.8333333,0.9583333,0.9583333,0.44,0.625,0.875,0.16666667,1.0,62.600002,62.600002,61.600002,61.9,61.9,61.600002,60.300003,63.600002,61.300003,63.600002,59.300003,58.600002,3711143,-1622315,1075200,1075200,1075200,1075200,1075200,1075200,652800,1401600,90,14,20,64,11,21,106,10,20,309,47,63,0,0,1,20,1,4,396,155,79,0,0,0,97279,22492,26881,56216,15564,25350,82394,13374,57512,365021,115281,201073,0,0,25,13506,986,25187,332122,241693,142469,0,0,0,515.1959063962559,3.0378034321372853
1658351761492,42.706,0.723301,1.0,0.88461536,0.32,0.3846154,1.0,1.0,0.125,1.0,62.9,62.600002,61.600002,62.300003,62.300003,62.300003,61.300003,64.3,62.300003,64.3,59.600002,58.9,3710365,-1617127,1075200,1075200,1075200,1075200,1075200,1075200,652800,1401600,332,22,34,99,6,9,109,7,17,387,48,52,41,4,12,15,1,3,328,130,102,1,0,0,287910,36031,44322,81936,6068,15545,77703,10164,27667,463776,115311,162245,24104,4263,76978,8157,1389,39567,280663,203824,257486,19,0,0,517.2542706065318,3.105741835147745
1658351762511,42.755,0.71428573,0.4,0.84,1.0,0.32,1.0,1.0,0.16,1.0,62.9,62.9,61.9,61.9,62.300003,61.9,61.300003,64.3,61.9,64.3,59.300003,58.600002,3710170,-1594849,1075200,1075200,1075200,1075200,1075200,1075200,652800,1401600,97,2,4,152,0,0,194,56,77,309,45,65,4,0,1,14,1,3,397,119,116,0,0,0,80203,1461,4556,107679,0,0,207617,139873,206551,360231,118632,264401,6997,0,3361,9300,690,7170,333012,211528,203481,0,0,0,513.0678335901387,2.951001540832049
1658351763537,42.796,0.71568626,0.68,0.9230769,0.65384614,0.28,1.0,1.0,0.13043478,1.0,62.9,62.600002,62.300003,62.300003,62.600002,62.300003,61.600002,64.600006,62.300003,64.3,59.600002,58.9,3715425,-1561280,1075200,1075200,1075200,1075200,1075200,1075200,652800,1401600,184,20,20,268,1,6,102,16,25,307,57,61,6,2,0,29,4,8,397,136,96,1,0,0,190121,28971,23725,194656,1727,7750,79011,33488,69715,414291,130713,205998,8800,1988,0,27847,3750,50300,336042,223811,166053,29,0,0,518.8592298136646,3.105639751552795
1658351764582,42.841003,0.70388347,0.65384614,0.96,0.8333333,0.34615386,0.6923077,1.0,0.15384616,1.0,63.300003,63.300003,62.600002,62.600002,63.300003,62.9,62.300003,64.600006,62.9,64.600006,60.300003,59.300003,3706861,-1705018,1075200,1075200,1075200,1075200,1075200,1075200,652800,1401600,140,7,10,83,7,11,205,53,70,358,45,76,8,0,1,38,3,4,474,141,78,0,0,0,128011,13476,12811,55728,7278,14108,202720,110950,159549,386010,120525,264520,3536,0,19,20050,3013,19827,376404,195614,130143,0,0,0,515.047751552795,3.032944099378882
1658351765620,42.890003,0.75490195,0.7407407,0.96153843,0.8,0.4,1.0,0.7692308,0.32,1.0,63.600002,63.600002,62.600002,62.600002,63.300003,62.600002,61.600002,64.9,62.600002,64.9,59.9,59.300003,3717372,-1578675,1075200,1075200,1075200,1075200,1075200,1075200,652800,1401600,86,16,17,25,1,2,265,54,79,286,52,78,7,0,3,23,1,2,485,129,92,0,0,0,91850,27675,12930,11279,1481,5517,280170,113072,184880,341699,154216,265555,4218,0,73600,16367,294,4044,399552,196869,174120,0,0,0,517.4702527301092,3.029965678627145
1658351766658,42.939003,0.74038464,0.60714287,1.0,0.65384614,0.4814815,1.0,1.0,0.18518518,1.0,63.9,63.9,62.600002,62.9,63.600002,63.600002,62.600002,65.3,63.600002,65.600006,60.300003,59.9,3711922,-1668397,1075200,1075200,1075200,1075200,1075200,1075200,652800,1401600,192,12,15,71,1,3,243,32,42,340,51,66,3,0,1,14,9,8,476,125,68,0,0,0,209015,20005,13544,49581,591,4939,199245,64326,74236,380655,136336,198551,2863,0,651,15545,18101,42533,377550,191528,93164,0,0,0,520.9249595015576,2.851688473520249
1658351767693,42.996002,0.7536232,0.5769231,0.9230769,0.96,0.53846157,1.0,0.88461536,0.16,1.0,63.9,63.600002,62.600002,62.9,63.300003,62.9,62.300003,64.9,62.600002,65.3,60.300003,59.600002,3710365,-1596986,1075200,1075200,1075200,1075200,1075200,1075200,652800,1401600,216,26,32,116,0,0,110,39,60,257,46,52,0,0,0,19,2,2,428,171,99,1,0,0,220714,39260,37304,111614,0,0,139815,97397,163509,392651,133429,199312,0,0,0,11819,3484,2496,396720,261996,152650,42,0,0,516.6195140186916,2.9245607476635516
1658351768759,43.045002,0.8019802,0.8333333,1.0,0.65384614,0.53846157,0.96153843,0.96,0.4347826,1.0,63.600002,63.300003,62.9,62.9,63.600002,63.300003,62.300003,65.3,62.9,65.600006,60.600002,59.9,3722432,-1482239,1075200,1075200,1075200,1075200,1075200,1075200,652800,1401600,283,16,25,115,8,17,182,13,26,266,43,47,3,0,2,5,0,1,482,165,75,0,0,0,286165,24057,31458,79554,9818,29342,161613,16080,30336,385292,118653,167397,4498,0,6256,76,0,29959,416047,226521,109489,0,0,0,514.728397515528,3.704447204968944
1658351769803,43.09,0.7307692,0.95454544,1.0,0.33333334,0.5,0.9047619,1.0,0.1,1.0,63.9,63.9,62.9,63.600002,64.3,63.9,62.9,65.3,63.600002,65.600006,60.600002,59.9,3712116,-1625977,1075200,1075200,1075200,1075200,1075200,1075200,652800,1401600,227,11,13,141,0,1,173,23,35,298,45,41,22,1,3,5,1,3,442,136,58,0,0,0,203653,17686,13879,105233,0,308,174250,39184,66380,382136,130091,120799,13841,436,6299,7649,330,7488,334282,194772,94379,0,0,0,518.1110544323484,3.547919129082426
1658351770803,43.128002,0.80097085,0.92,0.8148148,0.61538464,0.56,0.96153843,1.0,0.5,1.0,63.300003,63.600002,63.300003,62.9,63.300003,63.600002,62.300003,64.9,62.9,65.3,59.9,59.600002,3727493,-1400147,1075200,1075200,1075200,1075200,1075200,1075200,652800,1401600,216,16,19,39,1,3,149,34,62,265,57,52,9,4,8,0,1,0,326,162,115,0,0,0,222700,24331,21392,36836,365,8078,173509,77135,172269,361130,166486,185751,6572,12476,26581,0,20,0,285991,262600,190187,0,0,0,517.4327069767442,3.5470387596899227
1658351771844,43.162003,0.7227723,1.0,0.8518519,0.48,0.4,0.84615386,1.0,0.13043478,1.0,63.9,63.9,62.600002,63.300003,63.9,63.9,62.600002,65.3,63.600002,65.600006,60.300003,59.9,3725157,-1465455,1075200,1075200,1075200,1075200,1075200,1075200,652800,1401600,193,3,6,173,3,6,227,37,46,332,57,62,6,1,1,8,1,1,389,149,74,0,0,0,190526,3439,7724,133530,4480,10640,192469,65287,86405,423638,145518,158660,3710,371,3060,11662,28,8095,314333,212210,121006,0,0,0,517.268802488336,3.296846034214619
1658351772882,43.177002,0.773399,0.7777778,1.0,0.62068963,0.5,1.0,0.96153843,0.3846154,1.0,63.9,63.9,63.300003,63.600002,63.600002,63.600002,62.9,64.9,63.300003,65.3,60.300003,59.600002,3694210,-1571656,1075200,1075200,1075200,1075200,1075200,1075200,652800,1401600,128,12,22,237,21,27,91,20,36,295,57,66,14,0,6,8,0,1,319,158,105,0,0,0,148735,17637,30247,206401,34399,44614,86187,36870,82866,352595,177050,236042,16440,0,44867,2575,0,1016,304998,289242,173550,0,0,0,515.9541648522551,3.423800933125972
1658351773905,43.185,0.7794118,0.92,0.84,0.64,0.45833334,0.96,0.96153843,0.33333334,1.0,63.9,64.3,63.300003,63.300003,63.600002,63.300003,62.600002,65.3,63.300003,65.600006,60.300003,59.9,3729634,-1480103,1075200,1075200,1075200,1075200,1075200,1075200,652800,1401600,147,9,12,175,10,14,141,17,25,314,55,60,0,0,0,22,2,2,338,126,91,1,0,0,141102,12624,12265,134897,21638,32195,127223,37584,45389,411302,151774,172452,0,0,0,13373,3475,2576,300867,167667,175627,81,0,0,515.1640745341615,3.3377391304347825
1658351774938,43.211002,0.9336493,0.962963,1.0,0.8518519,1.0,1.0,0.962963,0.6923077,1.0,63.600002,63.300003,63.300003,63.300003,63.600002,63.600002,62.600002,64.9,63.300003,65.600006,60.300003,59.9,3725546,-1498719,1075200,1075200,1075200,1075200,1075200,1075200,652800,1401600,141,24,26,175,4,5,172,35,50,320,51,68,5,1,2,13,3,5,345,126,112,0,0,0,155227,41024,30107,145368,3911,6414,153996,78085,91482,370757,136352,237309,3108,708,7462,10525,5122,15306,302038,199758,189678,0,0,0,60.20583498349835,0.39813861386138616
1658351775968,43.219,0.7644231,0.88461536,0.8148148,0.4814815,0.7777778,1.0,0.96,0.045454547,1.0,63.600002,63.9,63.300003,64.3,64.9,64.3,63.300003,65.3,63.9,65.600006,59.9,59.600002,3725936,-1268006,1075200,1075200,1075200,1075200,1075200,1075200,652800,1401600,135,0,0,83,0,1,189,23,41,31,6,14,0,0,0,175,26,48,512,37,83,0,0,0,36612,0,0,68113,0,3507,159775,43759,136951,46281,12567,124744,0,0,0,153323,48400,294955,269230,85549,246552,0,0,0,-1.0,-1.0
1658351777029,43.222004,0.73333335,1.0,0.3478261,0.95454544,0.7826087,1.0,0.47619048,0.23809524,1.0,62.300003,62.300003,61.600002,61.600002,62.600002,61.9,61.600002,63.9,62.300003,64.3,58.600002,58.600002,3771870,-836792,1075200,1075200,1075200,1075200,1075200,1075200,652800,1401600,122,0,0,106,0,0,358,7,18,75,7,18,147,0,2,74,1,6,902,95,42,9,0,0,98128,0,0,67603,0,0,260855,4598,60650,46951,17870,77933,131748,0,2103,55710,1642,15977,569275,128121,63945,230,0,0,-1.0,-1.0
