1658336899948,31.966002,0.8469945,0.7619048,1.0,0.7826087,0.71428573,1.0,0.95652175,0.6086956,1.0,44.600002,44.600002,44.600002,44.9,45.600002,45.600002,44.600002,44.9,45.600002,46.300003,41.600002,41.300003,4276174,-977783,1075200,1075200,1075200,1075200,1075200,1075200,652800,1401600,868414,24407,110390,903622,20120,99079,401148,29716,95675,388546,31113,99506,327904,26310,103692,322693,26298,105536,369222,37199,91975,229575,22069,78076,597586870,52397431,2339547309,613118704,44834810,2365885622,298777264,66006041,2648994291,303288343,70154235,2645534152,253935449,59771979,2633147054,250635162,60222692,2627434522,237513995,80460339,2853405036,138412762,62761025,2776292445,-1.0,-1.0
1658336901459,32.036003,0.877193,0.89285713,0.9655172,0.96666664,0.96428573,0.962963,1.0,0.27586207,1.0,44.600002,44.600002,44.600002,45.300003,45.300003,44.9,44.9,45.600002,45.300003,46.600002,42.300003,42.300003,4243475,-1155091,1075200,1075200,1075200,1075200,1075200,1075200,652800,1401600,375,0,0,99,0,0,89,0,0,154,0,0,47,0,1,166,0,0,718,29,13,3,0,0,167872,0,0,16684,0,0,80429,0,0,121368,0,0,8368,0,811,62575,0,0,504115,34368,20259,233,0,0,0.08917283950617284,0.05716049382716049
1658336902786,32.08,0.5518868,0.29166666,0.46153846,0.42307693,0.64285713,0.7407407,0.6296296,0.115384616,1.0,44.600002,45.600002,44.9,45.300003,46.300003,45.9,45.300003,45.9,45.9,47.9,41.600002,41.600002,4288826,-675354,1075200,1075200,1075200,1075200,1075200,1075200,652800,1401600,149,0,0,197,0,0,86,7,6,87,0,0,189,1,1,113,3,6,979,118,52,9,0,0,46670,0,0,58503,0,0,52315,7099,3130,23196,0,0,55715,1243,1331,43911,1631,8513,451587,186740,115677,1639,0,0,-1.0,-1.0
1658336903991,32.131,0.46938777,0.32,0.4,0.34615386,0.33333334,0.92,0.3043478,0.08695652,1.0,44.9,44.9,44.300003,44.9,45.300003,45.300003,44.600002,45.600002,45.300003,46.600002,41.9,41.600002,4249120,-1148987,1075200,1075200,1075200,1075200,1075200,1075200,652800,1401600,774,0,0,473,0,0,503,27,30,346,19,39,383,7,28,267,7,23,1056,106,74,20,0,1,397168,0,0,253420,0,0,277864,49230,93184,200181,23470,101899,139691,12265,85599,93315,13677,102657,464422,147626,173767,7846,0,4082,-1.0,-1.0
1658336905095,32.179,0.6443299,0.625,0.5652174,0.6666667,0.7916667,0.5,0.625,0.3478261,0.96,42.9,43.300003,42.600002,43.600002,43.9,43.600002,43.600002,45.600002,43.600002,45.600002,40.9,40.9,4318800,-347290,1075200,1075200,1075200,1075200,1075200,1075200,652800,1401600,725,0,0,587,0,0,507,43,65,480,42,65,258,27,41,308,22,57,645,98,113,78,1,8,384143,0,0,472442,0,0,274442,93671,232851,279693,71198,205354,173346,63937,143799,165247,36017,251142,353697,228316,297978,21740,313,19315,-1.0,-1.0
1658336906199,32.211002,0.35643566,0.08,0.11111111,0.5,0.074074075,0.15384616,1.0,0.0,1.0,42.9,43.300003,42.9,43.300003,43.9,43.9,43.300003,45.300003,43.9,45.600002,40.9,40.9,4308484,-703125,1075200,1075200,1075200,1075200,1075200,1075200,652800,1401600,664,1,4,662,4,6,325,35,64,422,26,61,331,23,34,229,22,48,507,102,99,59,0,0,454726,850,8353,584441,5860,7365,195723,82785,353830,251126,52298,277102,175697,48719,117949,163526,49272,291000,286703,246084,316228,12771,0,0,-1.0,-1.0
1658336907285,32.249,0.29142857,0.08695652,0.90909094,0.09090909,0.04347826,0.13636364,0.09090909,0.0,1.0,41.9,41.600002,41.300003,41.9,42.300003,42.600002,42.300003,44.600002,42.600002,44.300003,40.600002,40.300003,4312766,-468139,1075200,1075200,1075200,1075200,1075200,1075200,652800,1401600,641,24,53,581,15,37,140,20,48,214,31,72,208,15,49,116,1,15,325,123,118,8,0,0,529094,60721,291856,554919,37483,320958,86238,55310,495701,171671,85993,494474,121162,36052,501943,58298,278,183563,148782,340129,513510,184,0,0,-1.0,-1.0
1658336908336,32.287003,0.31862745,0.08,0.0,0.0,0.8076923,0.11111111,0.37037036,0.07692308,1.0,41.9,41.9,41.600002,42.300003,42.600002,42.300003,41.600002,44.300003,42.300003,44.300003,40.300003,40.300003,4329700,-256958,1075200,1075200,1075200,1075200,1075200,1075200,652800,1401600,544,10,32,550,2,21,449,49,62,362,19,59,282,11,35,223,9,27,228,17,85,74,0,10,426127,22438,187924,413024,5699,108149,274437,126268,270144,203751,52557,353262,152013,23719,376473,134647,15059,291750,182288,45844,605646,21648,0,8125,-1.0,-1.0
1658336909414,32.322002,0.320442,1.0,0.04761905,0.08695652,0.125,0.20833333,0.09090909,0.041666668,1.0,41.300003,41.300003,40.600002,41.300003,42.300003,41.9,41.600002,43.9,41.9,43.600002,39.600002,39.600002,4292913,-512390,1075200,1075200,1075200,1075200,1075200,1075200,652800,1401600,449,59,74,361,17,53,304,56,100,84,15,18,113,12,50,70,15,44,20,24,75,0,0,0,442343,135549,312540,375589,50453,558392,297161,121303,570699,89176,38999,52980,91526,33923,694920,112492,37505,618241,44987,62644,913542,0,0,0,-1.0,-1.0
1658336910486,32.351,0.375,0.29166666,0.15384616,0.04,0.1923077,0.34615386,0.88461536,0.074074075,1.0,41.600002,41.300003,40.9,40.9,41.300003,41.300003,40.9,43.300003,41.600002,43.600002,39.600002,39.600002,4325223,-329590,1075200,1075200,1075200,1075200,1075200,1075200,652800,1401600,242,0,0,460,50,66,225,26,76,190,22,49,146,27,56,77,1,20,87,72,78,4,0,3,182626,0,0,404482,146800,292738,144303,61316,581269,131589,38218,632860,142533,49794,536698,42092,367,445315,68220,167426,708210,1570,0,1875,-1.0,-1.0
1658336911572,32.382,0.3592233,0.962963,0.08,0.04,0.0,0.5555556,0.115384616,0.03846154,1.0,41.600002,41.300003,40.600002,40.9,41.300003,41.300003,40.600002,43.600002,41.300003,43.300003,39.9,39.300003,4328532,-283813,1075200,1075200,1075200,1075200,1075200,1075200,652800,1401600,507,16,34,483,23,51,263,49,80,390,48,83,209,26,52,135,11,30,133,62,102,7,0,4,505278,44763,172028,550475,46196,271776,198131,123306,589715,209768,103387,571956,128720,51286,427955,80790,24022,131935,96497,156165,735797,1601,0,2291,-1.0,-1.0
1658336912684,32.421,0.5689655,0.42857143,0.5,0.4090909,0.85714287,0.4347826,0.6818182,0.27272728,1.0,41.300003,40.9,40.300003,41.600002,41.300003,41.300003,40.9,43.300003,41.300003,43.600002,39.300003,39.600002,4292913,-544128,1075200,1075200,1075200,1075200,1075200,1075200,652800,1401600,283,14,14,439,26,62,391,58,77,245,33,83,156,13,47,121,20,41,265,35,89,6,0,0,185725,34842,39392,395001,72749,393443,304604,147101,384709,174108,75332,512843,100287,39457,492692,130237,45740,451508,142003,62334,849490,2104,0,0,172.32564852255055,1.7616547433903575
1658336913950,32.468002,0.48,0.39130434,0.36363637,0.29166666,0.26086956,0.3181818,1.0,0.27272728,1.0,43.600002,43.600002,43.300003,43.600002,43.600002,43.300003,42.9,44.9,43.300003,45.300003,41.600002,41.300003,4251261,-1086426,1075200,1075200,1075200,1075200,1075200,1075200,652800,1401600,712,11,23,1349,14,32,1121,45,46,720,37,57,537,33,61,311,21,40,850,98,143,2,0,0,306826,13427,40982,509529,14315,43045,478888,47410,69962,274852,45695,92995,249965,40719,117353,172017,35795,77984,503602,101743,178522,49,0,0,209.3084155844156,0.17558441558441557
1658336914955,32.516003,0.53367877,0.4,0.45833334,0.7826087,0.48,0.47826087,0.36,0.27272728,1.0,43.9,43.9,43.300003,43.600002,44.300003,44.300003,43.9,45.600002,44.300003,45.600002,42.300003,41.600002,4224012,-1317139,1075200,1075200,1075200,1075200,1075200,1075200,652800,1401600,665,25,60,1719,10,22,868,56,93,747,49,80,509,51,84,279,21,32,456,98,135,1,0,0,364693,29496,161408,650768,8294,28417,427065,77126,217114,363385,68778,195396,298718,69489,230621,138959,19309,58849,389909,138740,182030,27,0,0,204.8711279620853,0.18269826224328595
1658336916016,32.576,0.5212766,0.4347826,0.3809524,0.36,0.27272728,0.9583333,0.2857143,0.375,1.0,44.9,44.600002,43.600002,43.9,43.9,43.600002,43.600002,46.300003,43.9,45.9,42.300003,41.600002,4250288,-1085205,1075200,1075200,1075200,1075200,1075200,1075200,652800,1401600,985,21,45,1698,12,36,773,53,70,502,48,76,652,42,90,261,20,41,528,136,103,1,0,0,469602,25445,68896,678594,9281,39445,403453,70646,145389,283679,74526,238986,305201,70623,267908,133498,36583,125071,414548,185341,150012,20,0,0,206.32779084967322,0.17129411764705882
1658336917055,32.653,0.5862069,0.41666666,0.42857143,0.96,0.26923078,0.42307693,1.0,0.18181819,1.0,45.300003,44.600002,44.300003,44.300003,44.9,44.9,44.300003,46.300003,44.9,46.600002,42.600002,41.9,4243670,-1149292,1075200,1075200,1075200,1075200,1075200,1075200,652800,1401600,624,17,40,1743,14,37,582,47,90,663,53,92,248,15,34,579,46,81,478,147,96,2,0,0,331364,16360,88592,633914,20777,43078,299955,57984,238659,381882,67777,272541,125816,22498,89302,285393,77356,347880,355799,224140,120440,66,0,0,206.87945171339564,0.18856074766355138
1658336918144,32.732002,0.515625,0.5416667,0.375,0.25,0.25,0.26086956,1.0,0.45833334,1.0,45.600002,44.9,44.300003,44.600002,44.9,44.600002,44.600002,46.9,45.300003,47.300003,42.9,42.600002,4234911,-1271668,1075200,1075200,1075200,1075200,1075200,1075200,652800,1401600,441,14,24,1749,10,34,512,26,66,761,58,111,510,39,78,425,41,48,499,117,123,3,0,0,278876,17842,67382,668627,12965,42357,227567,40837,195470,366239,72504,308778,265459,53372,247814,193834,56391,130181,364047,186362,180055,75,0,0,207.9134409937888,0.16278260869565217
1658336919193,32.821003,0.5,0.625,0.41666666,0.29166666,0.5833333,0.5217391,0.24,0.3809524,1.0,44.9,44.9,44.600002,45.300003,45.300003,45.9,44.9,47.600002,45.600002,47.300003,43.300003,42.9,4247952,-1112061,1075200,1075200,1075200,1075200,1075200,1075200,652800,1401600,751,22,54,1869,13,26,702,53,104,700,56,103,493,44,92,0,0,0,456,171,77,0,0,0,462161,25764,138649,691704,10722,32906,371203,81037,273535,370440,80844,307894,266113,59882,356143,13,0,0,350528,234223,117878,0,0,0,204.7828157480315,0.17491653543307084
1658336920238,32.91,0.5,0.3478261,0.4090909,0.33333334,0.9166667,0.3181818,0.36363637,0.26086956,1.0,46.300003,45.600002,44.9,44.9,45.300003,45.300003,44.9,47.600002,45.600002,47.300003,43.600002,42.9,4248147,-1062317,1075200,1075200,1075200,1075200,1075200,1075200,652800,1401600,721,23,46,1837,13,35,657,69,80,256,18,34,463,45,101,484,35,92,486,141,101,5,0,0,377766,23221,130334,667393,9838,44822,334230,91290,245014,123577,18705,78510,264136,69853,335252,288461,46214,383429,365294,190598,143315,367,0,0,207.31963157894737,0.16694736842105265
1658336921241,32.996002,0.5221675,0.32,0.41666666,0.64,0.7692308,0.28,0.42307693,0.28,1.0,45.9,45.600002,45.300003,45.9,45.600002,45.300003,44.9,47.600002,45.9,47.600002,43.600002,43.300003,4246395,-1070252,1075200,1075200,1075200,1075200,1075200,1075200,652800,1401600,863,12,40,1477,9,26,768,41,77,316,14,36,600,42,78,529,42,75,564,153,64,2,0,0,434993,16486,64035,620559,5347,37706,351062,58106,164698,157379,14689,107843,279961,66609,268343,274752,62155,183679,394940,199316,83653,42,0,0,206.93376197836167,0.20228748068006183
1658336922288,33.088,0.60487807,0.44,0.56,0.5,0.72,0.8076923,0.42307693,0.29166666,1.0,45.9,46.300003,45.600002,45.9,45.600002,45.9,45.300003,47.9,46.300003,47.9,44.300003,43.9,4244059,-1205750,1075200,1075200,1075200,1075200,1075200,1075200,652800,1401600,1209,18,43,1784,14,21,772,53,75,399,24,50,565,40,86,436,18,50,538,140,94,2,0,0,556483,22063,77896,666291,12984,29250,357213,83877,193449,193544,34268,155019,299571,59192,295257,227920,16831,136551,393877,196489,140891,52,0,0,208.3328102073365,0.17449441786283892
1658336923334,33.184002,0.5104167,0.375,0.4347826,0.4090909,0.28,0.34615386,1.0,0.26086956,1.0,46.300003,46.600002,45.9,46.600002,46.600002,46.300003,45.600002,48.300003,46.300003,48.300003,44.300003,43.600002,4246979,-1080933,1075200,1075200,1075200,1075200,1075200,1075200,652800,1401600,1070,15,44,1576,7,23,1022,41,80,106,5,21,433,33,55,477,35,84,598,132,82,0,0,0,501043,21588,74085,631895,9507,24550,456690,40407,151941,54601,2963,46174,223901,44106,240790,266145,59250,305977,436745,169966,104598,0,0,0,206.85119003115264,0.17106542056074764
1658336924356,33.279003,0.45856354,0.39130434,0.39130434,0.95652175,0.22727273,0.2173913,0.22727273,0.32,1.0,46.600002,46.600002,45.9,46.300003,46.600002,46.9,45.9,48.300003,46.9,48.600002,44.600002,43.9,4244449,-1156311,1075200,1075200,1075200,1075200,1075200,1075200,652800,1401600,972,22,52,1543,13,35,820,36,103,585,45,83,607,60,91,56,9,26,463,142,92,3,0,0,467697,24708,124098,658225,17923,46681,385314,48819,278067,337435,64576,231684,345617,87168,234942,34814,16711,165759,388378,193417,135915,65,0,0,206.66752209492637,0.16272340425531914
1658336925368,33.365,0.5294118,0.5,0.45833334,0.33333334,0.36363637,0.3846154,1.0,0.1904762,1.0,47.300003,46.9,45.9,46.9,46.9,46.600002,45.9,48.9,46.600002,48.9,44.600002,43.9,4242697,-1127014,1075200,1075200,1075200,1075200,1075200,1075200,652800,1401600,769,13,25,1711,10,24,595,31,66,621,40,74,353,37,79,325,27,49,431,135,87,2,0,0,395383,14235,49488,614020,10375,36812,305763,36738,170523,313433,50902,226212,211500,39187,254682,158809,35723,145078,342936,197926,136413,40,0,0,208.90537322834646,0.15198740157480314
1658336926388,33.438,0.45402297,0.4090909,0.36363637,0.1904762,0.26086956,1.0,0.22727273,0.2,1.0,47.600002,46.9,46.300003,46.9,47.300003,46.9,46.300003,48.9,46.9,49.300003,44.600002,43.9,4240945,-1202393,1075200,1075200,1075200,1075200,1075200,1075200,652800,1401600,777,35,43,1440,7,27,863,43,76,383,26,58,559,34,79,252,22,46,637,147,57,2,0,0,363537,47779,81393,514737,3781,25995,357873,49913,188313,179147,32246,123645,253079,45565,279568,147207,27838,96414,423228,188672,91101,128,0,0,207.18405161290323,0.15365161290322582
1658336927393,33.530003,0.45728642,0.33333334,0.4,0.32142857,0.23076923,0.16666667,1.0,0.2,1.0,47.300003,46.9,46.300003,46.600002,47.300003,46.9,46.600002,49.300003,47.300003,49.300003,44.9,44.600002,4244643,-1103821,1075200,1075200,1075200,1075200,1075200,1075200,652800,1401600,559,8,15,1978,7,20,592,45,98,820,55,79,459,39,66,329,30,75,487,144,95,5,0,1,287200,13988,49601,669492,6070,28987,349126,63085,313796,404347,78080,190053,271005,40639,133890,204354,47369,316668,383062,184412,148259,1214,0,1826,206.8612585669782,0.15810591900311527
1658336928433,33.613003,0.44221106,0.4,0.32,0.25925925,0.1923077,0.23076923,1.0,0.0952381,1.0,47.600002,47.300003,46.300003,46.9,46.600002,47.300003,46.300003,49.300003,47.300003,49.300003,45.300003,44.600002,4236468,-1145020,1075200,1075200,1075200,1075200,1075200,1075200,652800,1401600,823,20,36,1690,15,34,842,54,90,758,44,79,468,54,85,45,5,17,462,154,91,1,0,0,476665,19751,88066,646832,13742,45682,414980,84048,195225,357764,66163,275859,298919,82854,275617,27589,8687,61652,378292,195604,139821,24,0,0,209.4612996845426,0.1351671924290221
1658336929499,33.702003,0.46,0.29166666,0.36,1.0,0.24,0.20833333,0.32142857,0.2173913,1.0,47.600002,47.300003,46.9,47.300003,47.600002,47.600002,46.9,49.600002,47.600002,49.600002,45.300003,44.600002,4244254,-1092224,1075200,1075200,1075200,1075200,1075200,1075200,652800,1401600,685,15,27,1773,13,37,641,67,95,715,69,94,494,55,78,203,22,32,486,121,97,1,0,0,369437,24583,72554,689515,10858,42288,367686,107662,231254,384323,106947,281964,293020,94479,269509,128439,31984,110238,390609,168977,146849,28,0,0,206.35298578199053,0.1675829383886256
1658336930528,33.788002,0.4640884,0.3181818,0.3,0.22727273,0.8181818,0.28,0.45454547,0.26086956,1.0,48.300003,47.9,47.300003,47.9,47.300003,47.300003,46.9,49.9,47.600002,49.9,46.300003,45.300003,4225179,-1286011,1075200,1075200,1075200,1075200,1075200,1075200,652800,1401600,772,25,46,1785,9,34,318,20,23,478,40,89,612,47,78,434,42,78,444,101,136,0,0,1,420868,31384,101062,681763,4306,37784,167219,28950,39017,256860,56525,265220,319661,59879,249275,240830,56151,345276,345343,131792,190740,0,0,467,206.35014790996783,0.14379421221864952
1658336931545,33.868,0.46268657,0.2173913,0.375,0.08695652,0.33333334,0.4,1.0,0.23076923,1.0,47.600002,47.300003,46.9,47.600002,47.300003,47.9,46.9,49.600002,47.9,49.600002,45.600002,45.300003,4230240,-1222840,1075200,1075200,1075200,1075200,1075200,1075200,652800,1401600,652,24,53,1766,19,32,610,51,99,394,35,86,635,64,75,301,27,50,428,102,165,2,0,2,370398,31058,132977,658898,19783,39270,339879,76171,281693,234659,34087,266549,326521,93671,275142,167132,29454,142864,301092,147395,258023,48,0,881,204.80646967340593,0.14168584758942457
1658336932604,33.953003,0.32673267,0.08,0.07692308,0.083333336,0.08,0.33333334,0.7692308,0.125,1.0,48.300003,47.600002,46.9,47.9,48.300003,47.9,46.9,49.9,47.9,49.9,45.9,45.300003,4224596,-1276551,1075200,1075200,1075200,1075200,1075200,1075200,652800,1401600,1269,19,44,1662,16,33,874,56,84,615,36,74,377,29,55,530,42,51,193,121,159,3,0,2,542208,22696,64507,649506,17831,32690,451660,72822,192662,332306,42674,212708,186808,37141,126833,261814,67735,148317,199246,267119,327090,80,0,1356,128.55016352201258,0.11437735849056604
1658336933640,34.039,0.2929293,0.07692308,0.0,1.0,0.03846154,0.15384616,0.08,0.04,1.0,47.300003,46.600002,45.9,46.600002,46.300003,46.9,46.300003,49.600002,46.9,49.300003,44.600002,44.300003,4307900,-411987,1075200,1075200,1075200,1075200,1075200,1075200,652800,1401600,834,5,10,1022,8,8,449,52,53,489,29,73,335,12,41,383,32,53,377,97,108,0,0,0,593175,4703,22860,653793,6982,51203,299588,99040,159238,269794,35340,331475,164848,14338,158418,215569,57552,159653,251169,156668,310423,0,0,0,-1.0,-1.0
1658336934689,34.112003,0.28780487,0.0,0.0,0.0,0.08,0.7307692,0.3846154,0.0,1.0,45.600002,45.600002,45.600002,45.600002,45.600002,45.300003,45.300003,48.300003,46.300003,48.300003,43.9,43.600002,4324250,-260315,1075200,1075200,1075200,1075200,1075200,1075200,652800,1401600,520,25,63,506,47,54,181,46,71,120,10,48,258,71,69,199,42,91,28,17,107,0,0,0,482532,57317,275269,606139,109782,183961,148524,96608,269883,84270,18633,341678,251709,187078,434162,203161,95358,540951,32334,61601,820660,0,0,0,-1.0,-1.0
1658336935733,34.179,0.29268292,0.07692308,0.04,0.04,0.03846154,0.14814815,1.0,0.03846154,1.0,45.300003,44.9,44.600002,45.300003,45.600002,45.600002,45.300003,47.600002,45.9,47.300003,43.300003,43.300003,4292329,-447693,1075200,1075200,1075200,1075200,1075200,1075200,652800,1401600,333,27,44,230,20,62,276,59,98,228,46,105,117,17,54,148,30,78,71,28,98,2,0,0,275897,44105,208485,247923,48926,609587,222684,143158,484810,194717,94997,556939,108696,39163,367452,142719,68541,549409,30149,86868,838010,55,0,0,-1.0,-1.0
1658336936790,34.224003,0.6,0.42857143,0.5,0.47619048,0.5,0.625,0.8181818,0.5,1.0,44.600002,44.600002,43.9,44.300003,44.9,45.300003,44.600002,47.300003,45.300003,47.600002,42.9,42.9,4319968,-285034,1075200,1075200,1075200,1075200,1075200,1075200,652800,1401600,424,29,71,374,19,52,305,46,105,223,24,71,76,10,31,66,3,5,111,9,40,2,0,0,371334,66890,405358,346563,43452,473506,221958,120595,498009,98600,59944,692892,56615,29672,630146,28273,5077,6092,49121,24418,898430,41,0,0,127.80422360248447,1.6378757763975156
1658336937834,34.252003,0.5027933,0.3478261,0.45833334,0.22727273,0.375,0.3478261,1.0,0.25,1.0,47.600002,47.300003,46.9,47.600002,47.300003,47.600002,46.9,48.9,47.600002,49.300003,45.600002,44.9,4220508,-1312867,1075200,1075200,1075200,1075200,1075200,1075200,652800,1401600,1040,0,0,1144,0,0,995,26,27,975,16,36,760,24,34,521,10,31,488,73,136,11,0,3,436338,0,0,516262,0,0,366467,39100,31110,460489,27446,58146,301820,30403,61401,238318,10967,61216,305368,114850,218460,2315,0,1736,490.2235257410296,0.3348767550702028
1658336938866,34.297,0.51648355,0.3478261,0.3809524,1.0,0.4,0.4090909,0.27272728,0.34615386,1.0,47.9,47.600002,46.9,47.600002,47.9,47.9,47.300003,49.600002,47.600002,49.600002,45.600002,45.300003,4221481,-1354981,1075200,1075200,1075200,1075200,1075200,1075200,652800,1401600,657,39,58,1591,12,24,294,22,45,824,27,41,623,34,76,117,3,11,683,131,59,0,0,0,304250,49422,131226,558279,8592,28077,153552,27796,190229,350111,29425,65775,284540,33432,164152,47857,4623,20827,454051,166149,58220,0,0,0,418.6736051779935,0.2793527508090615
1658336939878,34.348003,0.55263156,0.4347826,0.39130434,0.39130434,0.36,1.0,0.32,0.4347826,1.0,48.300003,47.9,47.600002,47.9,48.300003,47.600002,47.300003,49.600002,48.300003,49.9,45.9,45.300003,4222065,-1301270,1075200,1075200,1075200,1075200,1075200,1075200,652800,1401600,1064,12,28,1584,14,31,337,22,38,622,28,50,856,47,88,478,43,70,523,125,93,0,0,1,438163,13266,52709,605360,9435,34251,164365,31828,95052,344858,34951,101440,391017,55246,166407,250760,59263,204427,385237,148558,128989,0,0,469,457.1253748055987,0.5277760497667185
1658336940918,34.408,0.61244017,0.5769231,0.48,0.42307693,0.44,0.53571427,1.0,0.5,1.0,49.300003,48.9,47.9,48.600002,48.9,49.300003,48.600002,50.600002,48.9,50.600002,46.600002,46.300003,4227710,-1225281,1075200,1075200,1075200,1075200,1075200,1075200,652800,1401600,810,15,27,1449,2,11,729,27,45,776,38,56,127,3,5,473,35,71,633,118,72,0,0,0,390006,14110,40465,530903,1201,13422,309241,41705,107890,357815,42466,100403,40713,5872,3947,247212,50600,155478,365048,150010,115383,0,0,0,412.07018068535825,0.2870529595015576
1658336941979,34.478,0.48863637,0.4,0.3809524,0.18181819,0.3809524,1.0,0.23809524,0.23809524,1.0,48.9,48.9,48.300003,48.600002,48.9,49.300003,48.600002,50.600002,48.9,50.9,46.600002,45.9,4233938,-1217652,1075200,1075200,1075200,1075200,1075200,1075200,652800,1401600,963,21,36,1679,7,17,732,52,79,1207,35,78,553,31,54,74,11,19,472,83,172,1,0,2,455726,28158,62920,626665,10291,18095,339620,60278,203828,526248,40266,123379,285350,34972,139827,38776,14130,92189,376019,131048,234060,22,0,1069,412.00843492586495,0.2624843492586491
1658336942983,34.548,0.5322581,0.36363637,0.42857143,0.41666666,0.41666666,0.375,1.0,0.29166666,1.0,49.300003,48.9,48.300003,48.9,48.9,48.9,48.600002,50.9,49.300003,50.9,46.9,46.300003,4232186,-1237793,1075200,1075200,1075200,1075200,1075200,1075200,652800,1401600,692,30,57,1688,20,46,467,31,75,835,40,61,254,28,41,256,19,48,477,117,120,1,0,0,378408,35668,135760,596594,15036,63020,216599,37097,289406,422180,62070,112255,135528,43629,91801,149466,28747,135612,341916,139619,192060,20,0,0,413.8820777604976,0.2659035769828927
1658336944012,34.615,0.5837563,0.52,0.45833334,0.52,0.5,0.6296296,0.72,0.3043478,1.0,49.600002,49.600002,49.300003,49.300003,49.300003,49.300003,48.600002,50.9,49.600002,51.300003,47.600002,46.600002,4237636,-1333619,1075200,1075200,1075200,1075200,1075200,1075200,652800,1401600,965,15,43,1652,13,33,618,44,81,1017,43,54,387,41,91,95,6,19,472,124,104,1,0,0,415920,18396,135504,628078,13511,40007,319890,59254,223952,465870,63517,112209,252391,61103,271590,54080,7861,69466,351516,161239,146133,29,0,0,414.8390147783251,0.2773333333333333
1658336945016,34.685,0.59770113,0.3,0.5833333,0.5652174,0.47619048,0.35,1.0,0.47619048,1.0,50.300003,49.9,49.300003,49.600002,49.600002,49.600002,48.9,51.600002,49.600002,51.600002,47.300003,46.9,4237442,-1190796,1075200,1075200,1075200,1075200,1075200,1075200,652800,1401600,878,9,24,1682,7,17,702,57,79,782,24,45,441,35,65,246,18,39,472,154,71,0,0,0,430735,9292,88081,616526,7352,26628,330002,85602,213080,397501,26538,108401,227292,46769,175121,116990,20826,111867,357381,181905,108439,0,0,0,416.30877100494234,0.2741350906095552
1658336946048,34.758003,0.5229885,1.0,0.4090909,0.5217391,0.36363637,0.3181818,0.3181818,0.3,1.0,49.9,50.300003,49.300003,49.9,49.9,50.300003,49.300003,51.600002,50.300003,51.9,47.300003,46.9,4218367,-1289978,1075200,1075200,1075200,1075200,1075200,1075200,652800,1401600,1063,17,40,1774,6,23,559,58,90,882,38,61,532,40,84,0,0,0,533,135,66,0,0,0,503391,21969,97613,638921,3197,21910,303944,74981,254514,436125,58466,130091,271801,52852,300777,0,0,0,364105,191689,94188,0,0,0,414.83197423510467,0.26862479871175526
1658336947056,34.828003,0.51578945,0.3478261,0.36363637,0.4074074,0.6666667,0.29166666,0.73913044,0.33333334,1.0,50.300003,49.600002,49.300003,49.600002,49.600002,49.600002,49.300003,51.600002,49.9,51.9,47.600002,46.9,4224206,-1162110,1075200,1075200,1075200,1075200,1075200,1075200,652800,1401600,264,6,29,1868,12,29,522,44,98,964,39,77,471,23,90,262,22,43,520,130,99,0,0,0,165611,3578,103810,653154,12704,36117,269360,60924,316595,465623,52714,147354,240577,36721,420446,138826,36866,159158,335925,164551,151924,0,0,0,407.9666427406199,0.27620228384991846
1658336948075,34.914,0.5728643,0.52,0.5,0.3846154,0.41666666,1.0,0.41666666,0.3043478,1.0,50.9,50.9,49.9,50.600002,50.300003,50.300003,49.9,51.9,50.300003,52.300003,47.9,47.600002,4212917,-1340638,1075200,1075200,1075200,1075200,1075200,1075200,652800,1401600,737,29,51,1597,13,36,773,56,88,693,33,61,467,39,87,56,3,13,581,117,89,0,0,0,380033,44502,120875,600470,11143,47566,338264,93629,232002,363886,47309,122475,232999,67188,335753,38044,5835,38209,390067,147784,107321,0,0,0,412.2460916271722,0.28653396524486574
1658336949107,34.971,0.6984127,0.47826087,0.6956522,0.6363636,0.65217394,0.61904764,1.0,0.45833334,1.0,50.600002,50.300003,49.9,50.600002,50.300003,49.9,49.300003,52.300003,49.9,52.300003,47.9,47.300003,4216810,-1235352,1075200,1075200,1075200,1075200,1075200,1075200,652800,1401600,910,14,34,1734,9,21,657,51,69,826,39,70,117,3,12,630,51,107,742,146,93,0,0,0,426405,18004,80823,632852,6077,23372,349728,75559,148316,405160,62095,102906,59085,2495,51151,308290,55728,268020,408235,155557,120913,0,0,0,414.2905629860031,0.2723732503888025
1658336950193,35.057003,0.7277487,0.73913044,0.73913044,0.5652174,0.8076923,0.73913044,0.6666667,0.59090906,1.0,50.9,50.600002,50.300003,50.600002,50.600002,50.9,50.600002,52.300003,50.9,52.9,48.600002,47.9,4220703,-1361390,1075200,1075200,1075200,1075200,1075200,1075200,652800,1401600,725,24,62,1465,7,30,477,33,81,657,39,65,756,37,76,1,1,1,671,98,103,0,0,0,346924,36604,153563,526399,6976,30041,247393,50390,235612,360889,51878,117414,325682,41740,180991,1338,3353,6324,439095,144732,138603,0,0,0,413.2263390357698,0.33746811819595646
1658336951271,35.152,0.525,0.6,0.5,0.53846157,0.5,0.25,0.5416667,0.29166666,1.0,50.9,50.9,50.300003,50.9,51.300003,51.300003,50.300003,52.9,51.300003,52.9,48.600002,48.600002,4223622,-1315613,1075200,1075200,1075200,1075200,1075200,1075200,652800,1401600,871,8,17,1170,3,17,709,15,43,798,16,30,278,9,13,308,13,28,1174,103,24,0,0,0,356534,9652,38798,436747,1359,21026,287572,17358,127290,346885,26614,62772,114751,14538,41075,147380,18683,76839,471666,111120,28515,0,0,0,411.2304473684211,0.2754342105263158
1658336952327,35.226,0.52791876,0.45833334,0.44,0.2173913,0.5,0.9230769,0.28,0.36,1.0,50.600002,50.9,49.9,50.600002,50.9,50.9,50.300003,52.600002,50.9,52.9,48.600002,47.9,4232381,-1139832,1075200,1075200,1075200,1075200,1075200,1075200,652800,1401600,1078,12,28,1593,11,14,553,36,52,768,36,60,418,32,61,401,41,78,671,144,66,1,0,2,480666,12943,71700,639395,11051,20394,246228,49962,134206,379983,36190,109274,212735,45213,173926,211140,60509,264007,441954,164102,86053,35,0,963,414.5727102803738,0.28122118380062305
1658336953378,35.307003,0.5794392,0.48,0.46153846,0.4,0.5,1.0,0.5769231,0.35714287,1.0,50.9,50.9,50.300003,50.9,50.9,50.9,50.300003,52.9,50.9,52.9,48.300003,47.9,4231992,-1148377,1075200,1075200,1075200,1075200,1075200,1075200,652800,1401600,887,40,49,1733,13,32,635,47,95,847,47,64,208,24,44,351,21,54,553,128,95,0,0,0,465199,59069,92018,632428,8930,39481,321043,52991,319795,442379,45125,140306,118737,39540,151161,158967,40466,162853,384091,165188,132969,0,0,0,411.79180124223603,0.2803478260869565
1658336954449,35.385002,0.53,0.36363637,0.41666666,0.6,0.36,0.3846154,0.88,0.23076923,1.0,51.600002,51.600002,50.600002,51.300003,50.9,51.300003,50.9,53.300003,51.300003,53.300003,48.9,48.300003,4231992,-1193543,1075200,1075200,1075200,1075200,1075200,1075200,652800,1401600,614,19,33,1444,18,27,516,39,70,1013,28,39,235,19,29,227,18,50,507,113,98,0,0,1,296862,31955,100736,537373,21010,36166,279173,52049,217180,445204,30146,77283,121021,29578,85335,153744,21803,169883,355174,148645,150734,0,0,472,411.4137161500816,0.27959543230016315
1658336955464,35.456,0.50555557,0.3478261,0.42857143,1.0,0.4090909,0.29166666,0.33333334,0.3181818,1.0,51.300003,51.600002,50.600002,50.9,51.300003,51.600002,50.600002,53.300003,51.300003,53.300003,49.300003,48.600002,4226931,-1160279,1075200,1075200,1075200,1075200,1075200,1075200,652800,1401600,1125,16,36,1847,4,14,368,26,49,1070,38,45,569,40,101,308,26,37,785,95,117,3,0,1,509426,13957,51631,634362,3750,17174,184997,41844,132608,514383,44498,58425,296123,57634,220000,173623,41004,49923,467308,121655,133585,73,0,454,415.4309299363057,0.28881528662420386
1658336956474,35.524002,0.41379312,0.22727273,0.4090909,0.18181819,0.1904762,0.82608694,0.14285715,0.25,1.0,51.600002,51.300003,50.600002,51.300003,51.600002,51.300003,50.600002,53.300003,51.300003,53.600002,49.600002,48.600002,4232965,-1213074,1075200,1075200,1075200,1075200,1075200,1075200,652800,1401600,1125,21,41,1471,13,23,216,21,25,833,34,54,649,42,75,579,20,62,496,144,118,0,0,1,467740,20482,76835,534360,15124,26914,103340,23921,41385,397277,45114,97045,323077,60855,164462,225039,22951,163294,346749,196306,174345,0,0,466,410.5253918495298,0.28495297805642633
1658336957514,35.605003,0.34375,0.125,0.6956522,0.0,0.125,0.125,0.5,0.15384616,1.0,50.9,50.9,50.300003,50.300003,50.9,50.9,50.300003,52.9,50.9,53.300003,48.9,48.600002,4296027,-338745,1075200,1075200,1075200,1075200,1075200,1075200,652800,1401600,800,17,39,1219,11,19,333,21,41,771,36,69,346,35,62,366,31,79,631,93,62,0,0,1,487157,13813,111016,617435,9729,38742,160990,32067,130385,399208,44279,195876,178908,51100,183426,215473,41436,337716,411086,123386,118321,0,0,424,-1.0,-1.0
1658336958535,35.676003,0.27807486,0.041666668,1.0,0.0,0.0,0.04347826,0.0,0.0,1.0,49.300003,49.300003,48.300003,48.9,48.600002,48.9,48.9,51.9,49.300003,51.600002,46.9,46.9,4269751,-741272,1075200,1075200,1075200,1075200,1075200,1075200,652800,1401600,595,15,27,389,7,18,247,44,81,345,79,117,266,58,65,116,10,26,81,86,125,0,0,0,708328,48889,148174,517939,23612,126847,236159,118783,467285,298981,178417,413335,285379,138972,361154,76847,14654,144991,75048,267331,517808,0,0,0,-1.0,-1.0
1658336959576,35.726,0.2857143,0.0,1.0,0.045454547,0.0,0.08695652,0.04761905,0.0,1.0,48.600002,48.600002,47.600002,47.600002,47.600002,47.9,47.9,50.600002,48.300003,50.600002,46.300003,45.9,4313934,-274963,1075200,1075200,1075200,1075200,1075200,1075200,652800,1401600,329,39,79,0,0,0,177,31,87,190,24,90,156,10,65,193,21,78,96,98,132,0,0,0,295881,104623,542543,0,0,0,152020,67964,706936,158248,52187,734330,132122,31383,706704,138212,57754,670701,107895,267233,582022,0,0,0,-1.0,-1.0
1658336960593,35.757,0.5124378,0.22727273,0.61538464,0.42307693,0.5,0.5,0.6,0.24,1.0,47.9,47.9,46.9,47.300003,47.600002,47.9,47.300003,50.300003,47.9,50.600002,46.300003,45.9,4299531,-433349,1075200,1075200,1075200,1075200,1075200,1075200,652800,1401600,428,27,56,0,0,0,220,32,73,290,43,95,239,35,78,208,24,52,158,89,112,3,1,2,378232,67416,371416,0,0,0,164057,57087,606242,191229,90538,588569,163442,76334,584498,112487,52117,592837,109916,233872,534455,97,325,887,0.010278637770897832,0.019009287925696592
1658336961637,35.784,0.64593303,0.5769231,0.6,0.6,0.4814815,0.6296296,0.88461536,0.4074074,1.0,49.300003,48.9,48.300003,48.9,48.9,49.300003,48.600002,50.600002,48.9,50.9,46.9,46.600002,4229656,-1258240,1075200,1075200,1075200,1075200,1075200,1075200,652800,1401600,948,18,40,531,3,2,694,35,48,488,22,63,243,22,34,195,26,26,585,69,150,6,0,5,383816,42899,251676,248381,1889,3224,285540,78602,345675,216005,28098,393205,122062,42722,348712,87313,45746,375266,270743,110672,404670,681,0,2052,374.6421265822785,0.9155949367088608
1658336962678,35.824,0.56345177,0.5,0.52,0.46153846,0.76,0.625,0.26086956,0.29166666,1.0,50.300003,49.9,49.300003,49.9,49.9,49.9,49.600002,51.600002,50.300003,51.600002,47.600002,47.300003,4232186,-1211853,1075200,1075200,1075200,1075200,1075200,1075200,652800,1401600,963,22,33,1287,6,14,1048,26,25,942,30,71,350,31,59,226,8,19,660,84,117,0,0,0,421284,27147,58847,568572,8355,13277,485846,43270,46009,411220,40386,120998,191477,41956,188258,91253,7336,40078,403741,83459,142846,0,0,0,519.0694697674419,0.4348031007751938
1658336963728,35.845,0.574359,0.41666666,0.5652174,0.47826087,0.52,0.32,1.0,0.33333334,1.0,50.9,49.9,49.9,50.300003,49.9,50.300003,49.600002,52.300003,50.300003,52.300003,48.300003,47.9,4229267,-1214295,1075200,1075200,1075200,1075200,1075200,1075200,652800,1401600,617,4,13,1460,7,22,1000,18,25,682,25,66,488,32,64,648,43,77,669,82,115,0,0,0,283834,5265,22852,596292,6423,24946,503935,20574,50253,321455,24445,112610,221012,43499,118528,295970,65986,199303,409321,91457,126962,0,0,0,469.67022083981334,0.38559253499222396
1658336964779,35.895,0.54285717,0.45454547,0.42857143,0.4090909,0.5416667,0.36363637,0.8181818,0.21052632,1.0,50.600002,50.300003,49.600002,49.9,50.600002,50.300003,49.9,52.300003,50.9,52.300003,48.600002,47.600002,4224012,-1175537,1075200,1075200,1075200,1075200,1075200,1075200,652800,1401600,936,22,30,1358,6,22,859,42,58,748,43,76,671,47,98,42,3,8,547,126,84,0,0,0,427728,26746,69782,616629,5627,19329,500343,49011,101557,355741,48489,133545,326030,51606,231710,27360,5104,32950,368861,153976,113920,0,0,0,481.59097178683385,0.3703573667711599
1658336965786,35.946003,0.5418719,0.48,0.45833334,0.48,0.36,0.46153846,0.875,0.25,1.0,51.300003,50.600002,50.300003,50.600002,50.600002,50.600002,49.9,52.600002,50.600002,52.600002,48.600002,47.600002,4233160,-1218262,1075200,1075200,1075200,1075200,1075200,1075200,652800,1401600,954,16,34,1451,5,24,751,43,63,682,38,91,470,37,78,139,8,23,475,88,132,0,0,0,447972,19046,72208,609819,3100,28815,458095,62318,106994,328075,38271,168667,245043,54650,225434,65909,5722,82397,349525,106373,170488,0,0,0,507.5210582677165,0.3799685039370079
1658336966845,36.010002,0.5412371,0.4,0.5,0.45833334,0.375,0.29166666,1.0,0.33333334,1.0,51.600002,51.300003,50.9,51.300003,51.600002,51.300003,50.600002,52.9,51.300003,52.9,49.300003,48.600002,4217199,-1423951,1075200,1075200,1075200,1075200,1075200,1075200,652800,1401600,804,19,33,1379,3,18,933,25,40,907,54,81,283,24,51,71,4,5,532,129,73,0,0,0,398775,26749,77825,596043,1768,16040,473122,25920,80363,371545,68685,155194,145575,35048,167465,28761,2441,12202,383819,137807,104360,0,0,0,518.4983317829457,0.40181085271317823
1658336967888,36.057003,0.5260116,0.4,0.5,0.36363637,0.33333334,1.0,0.2173913,0.2857143,1.0,51.300003,51.300003,50.9,51.300003,51.300003,50.9,50.300003,53.300003,50.9,53.300003,48.9,48.600002,4228878,-1216431,1075200,1075200,1075200,1075200,1075200,1075200,652800,1401600,904,28,56,1355,14,29,708,40,57,741,50,98,444,43,78,33,3,4,623,122,66,0,0,0,429287,26842,138483,616828,10497,36232,445371,55073,93524,373744,62916,188391,231771,80530,289052,15133,3408,10456,435589,136994,80359,0,0,0,540.3034774494556,0.4069424572317263
1658336968892,36.125,0.6878049,0.5,0.5416667,0.7241379,0.45833334,0.84,1.0,0.45833334,1.0,51.300003,51.300003,50.9,50.9,51.300003,51.300003,50.600002,53.300003,50.9,53.300003,49.300003,48.600002,4234717,-1205140,1075200,1075200,1075200,1075200,1075200,1075200,652800,1401600,726,23,46,1433,7,24,675,49,59,664,52,82,202,8,20,358,35,57,591,107,50,0,0,0,408047,30460,90052,602398,4843,30210,461908,70482,133783,377696,66641,148342,95954,13752,97008,154676,60402,195626,414417,116478,60733,0,0,0,585.0054449612403,0.4005209302325581
1658336969951,36.189003,0.71,0.68,0.625,0.52,0.5652174,0.96153843,1.0,0.30769232,1.0,51.9,51.600002,51.300003,51.9,51.9,52.300003,51.600002,53.9,52.300003,53.9,49.600002,48.9,4211166,-1347962,1075200,1075200,1075200,1075200,1075200,1075200,652800,1401600,916,8,21,1448,7,12,752,18,39,740,42,83,225,10,29,198,18,33,639,130,33,0,0,0,415879,9261,41820,572739,4436,14986,404479,22671,50366,361534,56709,123889,99643,15451,66096,111765,26133,77236,404073,138704,35465,0,0,0,651.0036117103235,0.4640739599383667
1658336971096,36.27,0.7635468,0.9230769,0.7037037,0.64,0.6923077,0.88461536,0.84,0.3478261,1.0,52.300003,52.300003,51.600002,52.300003,52.300003,51.9,51.300003,54.300003,52.300003,53.9,50.300003,49.600002,4218951,-1251831,1075200,1075200,1075200,1075200,1075200,1075200,652800,1401600,425,15,23,1309,9,27,1016,24,45,599,21,57,43,2,5,142,8,22,700,151,49,0,0,0,208166,12688,35341,479627,10501,32526,474464,29157,64279,285728,20353,87800,18654,2811,2679,58905,11034,37946,456414,159099,58004,0,0,0,750.0198878504673,0.4801495327102804
1658336972183,36.341003,0.8592233,0.9655172,0.84,0.7307692,0.8076923,0.96153843,0.962963,0.53846157,1.0,53.300003,52.9,52.300003,52.600002,52.600002,52.600002,52.300003,54.300003,53.300003,54.9,50.9,49.9,4208441,-1499940,1075200,1075200,1075200,1075200,1075200,1075200,652800,1401600,232,1,4,1393,9,13,806,20,44,644,20,61,170,9,23,246,14,35,628,126,33,0,0,0,83194,329,4533,461461,8322,15337,385852,15683,57337,255864,19083,91032,77199,9193,43850,103275,15288,77306,382879,142526,37674,0,0,0,864.280736196319,0.5423312883435583
1658336973276,36.409,0.6505376,0.47619048,0.5217391,0.54545456,0.64,0.5,1.0,0.4814815,1.0,54.300003,53.9,53.300003,53.600002,53.300003,52.9,52.9,55.300003,53.9,54.9,50.9,50.600002,4194232,-1456910,1075200,1075200,1075200,1075200,1075200,1075200,652800,1401600,182,1,2,1081,4,6,1081,11,22,491,16,37,241,7,20,135,8,16,686,87,41,0,0,0,75069,1472,5138,390172,4427,5389,415557,11489,27702,197618,8692,46705,87871,6074,30028,56103,4054,45634,378009,96755,45238,0,0,0,995.7604953560372,0.6317275541795666
1658336974316,36.497,0.5875706,0.55,0.47826087,0.42857143,0.3809524,0.36363637,1.0,0.47826087,1.0,53.9,53.600002,52.600002,53.300003,53.600002,53.600002,52.600002,55.600002,53.600002,55.300003,51.300003,50.9,4206105,-1396790,1075200,1075200,1075200,1075200,1075200,1075200,652800,1401600,584,12,19,1097,6,13,745,17,37,424,15,36,516,36,54,80,4,12,904,76,32,0,0,0,270434,16296,27161,513305,7025,15074,411761,20413,57875,188599,12537,48615,211156,56606,140338,33864,1566,56607,442641,57219,31629,0,0,0,735.6901161290323,0.47974193548387095
1658336975340,36.558002,0.6075269,0.5,0.45454547,0.54545456,0.4347826,0.54545456,0.8636364,0.52,1.0,53.600002,53.300003,52.600002,53.300003,53.300003,53.600002,53.300003,55.600002,53.9,55.600002,51.300003,50.9,4226153,-1257935,1075200,1075200,1075200,1075200,1075200,1075200,652800,1401600,674,25,43,1542,8,14,736,26,43,802,45,78,417,30,79,0,0,0,538,118,80,0,0,0,338069,32804,120592,630732,9185,13269,463626,35609,58667,381669,47712,132784,208919,44583,260599,0,0,0,370338,132389,99835,0,0,0,619.9799537190083,0.44625454545454546
1658336976345,36.625,0.5380435,0.4090909,0.56,0.33333334,0.41666666,1.0,0.2173913,0.27272728,1.0,53.600002,53.300003,52.600002,52.9,53.600002,53.9,53.300003,54.9,53.9,55.300003,51.300003,50.600002,4223233,-1275635,1075200,1075200,1075200,1075200,1075200,1075200,652800,1401600,810,24,47,1438,8,27,976,27,44,692,38,66,365,42,75,96,3,6,564,135,60,0,0,0,383381,34142,144558,605359,5078,33280,493132,36631,66540,368940,39499,109948,227676,75740,214826,54886,1458,7250,371575,178798,88340,0,0,0,624.9355382215289,0.41145709828393134
1658336977366,36.683002,0.6089109,0.47826087,0.52,0.44444445,0.3478261,0.6,0.88,0.6,1.0,53.300003,53.300003,52.600002,52.9,52.9,53.300003,52.9,55.300003,53.9,55.300003,51.300003,50.600002,4229656,-1181031,1075200,1075200,1075200,1075200,1075200,1075200,652800,1401600,804,25,32,1538,10,18,748,42,53,738,39,79,319,23,51,302,20,30,556,132,74,0,0,0,415507,37398,53315,596178,13322,22990,468772,55181,75578,383614,47938,118100,171181,29424,152073,132971,26565,92839,388204,161612,91469,0,0,0,613.6115239567233,0.4333601236476043
1658336978440,36.754,0.72511846,0.6785714,0.64,0.6785714,0.6666667,1.0,0.5769231,0.5714286,1.0,53.9,53.600002,52.9,53.300003,53.600002,53.300003,52.9,55.300003,53.600002,55.600002,51.9,50.9,4198904,-1361084,1075200,1075200,1075200,1075200,1075200,1075200,652800,1401600,782,24,44,1438,7,34,839,30,46,753,50,82,173,9,13,376,25,74,545,127,82,0,0,0,376143,35237,101075,609587,8155,38724,450999,35111,73536,393559,58976,113408,85842,14330,26310,189656,42799,255745,356750,153432,94258,0,0,0,619.5055403726708,0.41341614906832297
1658336979534,36.828003,0.53960395,0.44,0.39130434,0.3478261,0.44444445,0.56,0.65384614,0.46153846,1.0,53.600002,53.600002,52.600002,53.600002,53.300003,53.300003,52.600002,55.600002,53.600002,55.600002,51.300003,50.9,4228683,-1188965,1075200,1075200,1075200,1075200,1075200,1075200,652800,1401600,762,0,6,1026,8,23,437,22,36,560,22,36,117,7,20,487,21,54,712,111,35,0,0,0,276748,0,3383,436283,8253,23991,296789,30318,51637,258621,26515,56039,91806,10615,91927,241811,26650,136043,434471,131673,46575,0,0,0,621.8254432348367,0.4379968895800933
1658336980618,36.906002,0.41293532,0.35714287,0.24,0.2,0.9230769,0.16666667,0.15384616,0.25,1.0,53.9,53.600002,52.9,53.300003,53.600002,53.600002,52.9,55.600002,53.9,55.9,51.300003,50.9,4219924,-1235657,1075200,1075200,1075200,1075200,1075200,1075200,652800,1401600,782,13,31,1517,5,22,611,42,46,752,37,77,138,10,19,510,38,58,695,127,41,0,0,0,375360,18283,72140,633274,5782,25078,383635,60692,68595,379176,40157,127425,65553,15031,43903,220088,50614,182924,427028,139814,45397,0,0,0,621.8562061191627,0.4012624798711755
1658336981638,36.97,0.37572256,0.18181819,0.05,0.17391305,1.0,0.20833333,0.0,0.3181818,1.0,53.300003,53.300003,52.600002,52.9,52.9,53.300003,52.9,55.600002,53.9,55.600002,51.300003,50.600002,4250482,-955200,1075200,1075200,1075200,1075200,1075200,1075200,652800,1401600,550,13,22,1020,17,37,759,24,44,361,24,41,419,22,51,359,17,61,628,90,49,0,0,0,286322,16899,60587,436118,22184,98168,374906,33175,124257,175159,26394,64951,190082,33405,175833,186908,26483,280912,376817,118771,106359,0,0,0,-1.0,-1.0
1658336982677,37.034,0.2974359,0.041666668,0.07692308,0.041666668,0.041666668,0.04347826,1.0,0.14814815,1.0,51.600002,50.9,50.600002,51.600002,51.600002,51.300003,51.300003,53.9,51.9,53.9,49.600002,48.9,4304981,-283813,1075200,1075200,1075200,1075200,1075200,1075200,652800,1401600,800,20,38,506,3,22,362,81,133,6,0,0,256,31,86,210,39,72,9,11,94,0,0,0,710292,33373,164709,640926,9263,289807,325817,152096,427294,7392,0,8445,229537,48436,531801,194586,84688,584933,14857,57251,822659,0,0,0,-1.0,-1.0
1658336983671,37.078003,0.3021978,0.09090909,0.045454547,0.083333336,0.04347826,0.16666667,1.0,0.0,1.0,50.300003,49.9,49.300003,49.9,50.300003,50.9,49.9,52.9,50.9,52.9,48.300003,48.300003,4272282,-835877,1075200,1075200,1075200,1075200,1075200,1075200,652800,1401600,419,68,100,237,34,80,220,34,98,215,25,95,190,26,60,0,0,0,18,17,100,0,0,0,388870,150845,330074,263419,74432,515416,189256,89957,582669,198659,51497,668051,155318,53783,577307,0,0,0,14311,74143,857943,0,0,0,-1.0,-1.0
1658336984702,37.119003,0.5377358,0.44444445,0.6,0.53846157,0.3846154,0.5769231,0.42307693,0.28,1.0,49.600002,49.600002,48.9,49.600002,49.600002,49.9,49.9,52.300003,50.300003,52.600002,47.9,47.600002,4309457,-281677,1075200,1075200,1075200,1075200,1075200,1075200,652800,1401600,479,50,77,279,11,47,303,59,99,181,47,90,151,26,34,144,9,28,107,16,91,3,0,3,449575,105707,267297,339338,37188,485379,210258,125044,504235,177718,111327,495243,104170,56959,218131,82302,15947,197624,63155,43821,794178,71,0,2260,0.008947040498442367,0.016623052959501557
1658336985759,37.146,0.5721393,0.41666666,0.5,0.4,0.4347826,0.28,1.0,0.46153846,1.0,50.9,51.300003,50.600002,50.600002,51.300003,51.300003,50.9,52.9,51.300003,52.9,48.9,48.600002,4225374,-1318055,1075200,1075200,1075200,1075200,1075200,1075200,652800,1401600,739,25,46,731,13,37,623,33,67,646,26,55,191,23,56,172,13,26,495,69,148,8,1,4,337111,66588,251330,305916,34298,308971,244102,80772,315592,238203,43097,336674,102454,59527,394636,79695,18214,86233,307753,144538,355875,2731,548,3817,303.69391304347823,1.0542111801242235
1658336986803,37.162003,0.5595855,0.84,0.45454547,0.4347826,0.48,0.64,0.33333334,0.4,1.0,52.300003,51.9,51.600002,51.600002,51.9,52.300003,51.600002,53.9,52.300003,53.9,49.600002,49.300003,4218756,-1255188,1075200,1075200,1075200,1075200,1075200,1075200,652800,1401600,1241,16,36,1292,7,20,1080,47,69,798,52,84,669,41,71,71,7,13,543,74,128,0,0,0,521559,18605,74586,605082,8909,27919,427125,53947,118970,401227,69939,155730,316246,57576,166876,39358,4524,43751,352649,91741,156765,0,0,0,1023.1539657853809,0.7893001555209953
1658336987821,37.206,0.61904764,0.5925926,0.5555556,0.46153846,0.5,1.0,0.44,0.30769232,1.0,52.600002,53.300003,51.9,52.600002,53.300003,52.9,52.300003,54.600002,52.600002,54.600002,50.600002,49.9,4208246,-1413270,1075200,1075200,1075200,1075200,1075200,1075200,652800,1401600,498,9,15,1375,2,15,544,31,64,909,38,70,759,30,57,501,23,50,654,105,108,1,0,3,176437,12272,22275,556492,3582,21796,272202,39105,115687,367000,45413,128653,278263,41136,107304,234123,33653,136088,365042,102373,127258,20,0,1377,593.8306086956521,0.4786583850931677
1658336988894,37.247,0.54679805,0.5769231,0.45833334,0.41666666,0.41666666,0.36,0.8518519,0.32142857,1.0,53.300003,53.600002,52.600002,53.300003,53.300003,52.9,52.600002,55.300003,53.600002,54.9,50.9,50.300003,4211555,-1299744,1075200,1075200,1075200,1075200,1075200,1075200,652800,1401600,989,20,39,1546,7,22,973,36,73,768,41,64,1,0,0,472,32,70,579,132,95,0,0,0,415258,28028,81296,577205,3322,27389,393583,44558,139618,410426,45967,104396,2653,0,5770,256158,52466,212134,389448,143929,109341,0,0,0,606.4867931570762,0.46581648522550545
1658336989921,37.298,0.7111111,0.6666667,0.6,0.6551724,0.76666665,0.79310346,0.75,0.41379312,1.0,54.300003,53.600002,53.600002,53.600002,53.600002,53.300003,52.600002,55.600002,52.9,55.600002,51.300003,50.9,4222260,-1289368,1075200,1075200,1075200,1075200,1075200,1075200,652800,1401600,851,12,26,1537,10,25,629,56,80,876,40,82,683,49,101,111,10,18,560,134,96,0,0,1,376079,13316,71756,626473,9969,26546,316029,100240,206134,372403,49529,157182,353697,61208,222542,70306,9721,55067,357315,160636,133524,0,0,445,618.9322866043614,0.47690965732087226
1658336990985,37.355003,0.5191257,0.3478261,0.5,0.5652174,0.4,0.65217394,0.4,0.3181818,1.0,54.300003,54.600002,53.600002,53.9,53.9,53.9,53.600002,56.300003,54.600002,55.9,51.600002,51.300003,4215642,-1438599,1075200,1075200,1075200,1075200,1075200,1075200,652800,1401600,556,6,21,1132,4,15,685,34,49,601,17,49,186,12,24,371,14,30,657,117,80,2,0,0,216629,4764,33191,453741,4161,14458,226319,43989,63338,287008,13200,68458,75079,17754,69784,136151,18710,46187,376454,133015,96118,291,0,0,643.2472727272727,0.44706493506493505
1658336992010,37.409,0.5588235,0.4,0.46153846,0.33333334,0.52,0.64,0.6923077,0.33333334,1.0,54.300003,54.300003,53.9,54.600002,54.300003,54.600002,53.600002,55.9,54.600002,56.300003,51.9,51.300003,4213307,-1375428,1075200,1075200,1075200,1075200,1075200,1075200,652800,1401600,664,13,22,1616,9,20,482,37,75,635,32,81,483,24,66,486,45,86,593,110,70,1,0,1,280898,16279,45136,630156,12035,23598,262241,58119,195175,344634,46771,181028,184228,36519,193621,244313,70305,303901,349718,127434,92153,20,0,407,664.0566115444617,0.484792511700468
1658336993042,37.47,0.5380435,0.47826087,0.3809524,0.39130434,0.36363637,0.3043478,1.0,0.3181818,1.0,54.600002,54.600002,53.9,54.600002,54.300003,54.600002,53.9,56.300003,54.600002,56.600002,51.9,51.300003,4215642,-1417847,1075200,1075200,1075200,1075200,1075200,1075200,652800,1401600,1123,16,40,1492,9,23,528,55,89,638,28,43,350,27,67,551,23,59,566,121,79,0,0,2,437863,21746,122739,597081,10381,25121,297692,86221,209085,284555,40045,75341,216836,31120,192294,213957,29366,173777,338934,136807,106400,0,0,884,703.8280248447205,0.4941614906832298
1658336994066,37.527,0.56395346,0.45454547,0.47368422,0.5,0.5714286,0.23809524,0.90909094,0.3478261,1.0,54.600002,54.300003,53.600002,53.9,54.9,54.300003,53.600002,56.300003,54.600002,56.300003,51.9,51.300003,4221676,-1319275,1075200,1075200,1075200,1075200,1075200,1075200,652800,1401600,826,24,50,1661,6,17,435,36,60,767,44,89,660,44,74,403,21,42,595,95,129,0,0,0,379897,33587,111906,610404,4872,19336,216512,55525,134173,369818,51856,182669,298316,59663,162305,184161,24633,91967,393194,101772,169483,0,0,0,776.3684984423676,0.5274517133956387
1658336995062,37.581,0.6178011,0.45833334,0.56,1.0,0.5,0.5,0.64,0.4,0.9130435,55.300003,54.9,54.9,54.9,54.600002,54.600002,53.600002,56.600002,54.9,56.9,52.300003,51.9,4222455,-1345520,1075200,1075200,1075200,1075200,1075200,1075200,652800,1401600,970,17,35,1402,3,10,665,27,59,669,28,61,547,34,63,181,12,34,877,103,53,1,0,0,399446,19178,64498,570814,2147,11350,255211,33307,129813,295064,33694,101776,264950,53095,158196,107871,23384,107776,468051,104633,55083,29,0,0,853.4288469055375,0.554214983713355
1658336996088,37.642002,0.6617647,0.52,0.6,0.46153846,0.76,0.92,0.65384614,0.45833334,1.0,55.600002,55.600002,54.600002,55.600002,55.300003,55.600002,54.9,57.300003,55.600002,57.300003,52.9,52.300003,4209609,-1370240,1075200,1075200,1075200,1075200,1075200,1075200,652800,1401600,961,8,14,1553,5,11,485,12,29,741,22,51,540,31,73,750,26,59,536,123,90,2,4,5,348228,7455,20295,606481,2749,12457,171341,12639,46559,309685,27442,100806,238728,42821,193416,321426,22309,114285,298494,137403,122911,218,6075,12026,955.1633398058252,0.6132297734627832
1658336997146,37.703003,0.6296296,0.26086956,0.5217391,1.0,0.72727275,0.26086956,0.8333333,0.41666666,1.0,56.300003,55.9,55.600002,55.600002,55.600002,55.9,55.600002,57.600002,56.300003,57.9,53.600002,52.600002,4200071,-1565858,1075200,1075200,1075200,1075200,1075200,1075200,652800,1401600,1170,20,30,1269,2,14,553,18,39,402,24,54,400,28,56,633,27,45,723,77,86,5,0,0,387797,22054,63244,546827,2567,18866,218173,17597,61692,209428,22359,90671,191307,51243,154228,212822,32213,108548,403679,82610,97399,116,0,0,1121.9568805031447,0.8163018867924527
1658336998158,37.767002,0.7064677,0.7037037,0.625,0.44,0.7692308,0.625,1.0,0.5,1.0,56.300003,56.300003,55.600002,55.600002,55.600002,55.600002,54.9,57.600002,55.600002,57.9,53.600002,52.9,4215253,-1420289,1075200,1075200,1075200,1075200,1075200,1075200,652800,1401600,894,19,37,1203,10,20,64,2,5,721,19,47,904,35,82,553,19,59,705,74,155,1,0,0,356035,15656,38877,481509,11644,28912,14221,471,6557,318360,15910,62432,319095,43445,165574,214696,14143,150632,425167,74395,174951,42,0,0,1276.76925,0.7449
1658336999184,37.821003,0.7389163,0.72,0.7692308,0.5833333,0.47826087,0.625,1.0,0.68,1.0,57.300003,56.9,56.300003,56.9,56.600002,57.300003,56.300003,58.600002,57.300003,58.600002,54.300003,53.300003,4207662,-1498108,1075200,1075200,1075200,1075200,1075200,1075200,652800,1401600,936,1,12,1266,3,4,1010,25,57,669,17,32,782,17,46,91,1,6,612,54,133,3,0,0,352494,515,25741,492836,3143,7077,328951,30512,89455,262155,21783,51647,276292,23877,111359,37453,288,10732,342147,48548,147455,72,0,0,1471.8947328,0.855296
1658337000197,37.886,0.5371429,0.36363637,0.4090909,1.0,0.45454547,0.23809524,0.4090909,0.33333334,1.0,57.600002,57.300003,56.300003,57.600002,57.300003,57.600002,56.600002,58.9,57.600002,59.300003,54.600002,53.9,4195400,-1463624,1075200,1075200,1075200,1075200,1075200,1075200,652800,1401600,691,8,13,1300,3,3,593,11,35,1059,16,40,552,33,40,75,1,7,713,58,73,5,0,0,239095,10682,13344,461622,2981,946,192896,10622,46229,388610,13962,44139,209162,48597,95222,24383,723,24341,375581,57150,70888,75,0,0,909.5797468354431,0.5502784810126582
1658337001196,37.957,0.56345177,0.33333334,0.47826087,0.39130434,0.5833333,0.45833334,0.88,0.32,1.0,56.9,56.9,56.600002,56.600002,56.600002,56.600002,55.600002,58.600002,56.300003,58.600002,54.300003,53.600002,4223038,-1241455,1075200,1075200,1075200,1075200,1075200,1075200,652800,1401600,664,23,46,1881,6,17,11,3,2,665,33,71,625,41,79,653,48,106,696,108,64,1,0,0,333393,37618,94389,646161,3967,16741,3666,7835,5190,315462,53125,106040,283819,56478,228731,303540,70606,237201,436647,101983,65397,21,0,0,825.3085405405405,0.5390143084260731
1658337002205,38.014,0.6381909,0.5,0.52,0.39130434,0.5769231,0.5,1.0,0.5652174,1.0,57.300003,56.300003,56.300003,56.600002,56.600002,56.300003,55.9,58.600002,56.600002,58.600002,54.300003,53.300003,4203964,-1361390,1075200,1075200,1075200,1075200,1075200,1075200,652800,1401600,1099,15,30,1741,8,13,578,37,68,558,26,64,343,20,54,409,21,39,758,96,86,2,0,0,471196,27218,55605,604682,8567,9815,260368,48292,146899,279259,26705,107562,167098,18683,174969,184574,29958,85276,452713,93148,86426,63,0,0,829.9830113821138,0.5201691056910569
1658337003247,38.068,0.6377551,0.6,0.7083333,0.45833334,0.52,0.375,1.0,0.45833334,1.0,56.9,57.300003,56.600002,56.9,57.300003,56.9,56.600002,58.9,57.600002,58.9,54.600002,53.600002,4197541,-1430970,1075200,1075200,1075200,1075200,1075200,1075200,652800,1401600,1393,6,17,1419,3,8,565,25,46,843,20,46,728,41,58,85,1,5,678,91,76,4,0,0,455014,8536,29117,576547,2590,9118,242796,30632,96253,341514,20437,79048,301021,49414,127089,30971,322,7525,386265,86045,78624,112,0,0,825.7245591397849,0.5374132104454685
1658337004276,38.125,0.62,0.5217391,0.5416667,0.45833334,0.6296296,0.44444445,1.0,0.4,1.0,56.9,56.9,56.300003,56.600002,56.9,57.300003,56.600002,58.9,57.300003,58.9,54.600002,53.9,4180413,-1651307,1075200,1075200,1075200,1075200,1075200,1075200,652800,1401600,1002,15,36,1644,10,14,593,32,59,827,26,54,401,7,28,162,16,32,659,85,93,3,0,0,436191,13620,61934,614059,10807,16786,315845,41056,127425,391927,27212,77051,200188,6225,89989,102698,25875,85736,410273,94100,129328,85,0,0,825.9122811501597,0.4844472843450479
1658337005345,38.207,0.38235295,0.0952381,0.14285715,0.14285715,0.26086956,1.0,0.055555556,0.3181818,1.0,58.600002,57.9,57.300003,57.9,57.600002,57.9,57.300003,59.300003,58.300003,59.600002,54.9,54.600002,4191702,-1506043,1075200,1075200,1075200,1075200,1075200,1075200,652800,1401600,952,8,15,1045,2,3,589,18,27,718,7,17,318,11,19,18,0,0,694,79,77,2,0,0,346226,16553,32709,423636,1087,2998,278337,24185,48962,288018,9980,26608,178056,11972,77078,6763,0,0,385002,87062,79932,61,0,0,125.16164485981308,0.08998130841121495
1658337006354,38.25,0.53431374,0.5416667,0.26086956,0.29166666,0.56,0.44444445,1.0,0.14285715,1.0,55.300003,54.9,54.600002,54.9,55.600002,55.600002,55.300003,57.9,55.600002,57.9,52.9,52.9,4294860,-361938,1075200,1075200,1075200,1075200,1075200,1075200,652800,1401600,974,6,1,839,5,4,478,57,104,407,41,92,56,3,11,385,50,84,143,35,91,1,0,0,770446,12109,976,809639,9195,13521,371551,107415,313500,252435,75216,454952,23954,3192,39096,270927,81321,361973,101765,122366,502312,0,0,0,-1.0,-1.0
1658337007428,38.301003,0.52040815,0.46153846,0.39130434,0.42307693,0.7916667,0.34615386,0.5217391,0.24,1.0,53.9,53.600002,52.9,53.600002,53.9,53.9,53.600002,55.9,54.300003,56.300003,51.300003,50.9,4303424,-342102,1075200,1075200,1075200,1075200,1075200,1075200,652800,1401600,479,46,85,378,19,61,495,95,143,226,13,81,196,18,63,8,0,0,64,17,88,0,0,0,355182,82806,388210,273818,55526,569644,402337,163026,283279,214078,29780,566426,166325,36287,568421,3141,0,0,124429,63440,816273,0,0,0,-1.0,-1.0
1658337008432,38.345,0.65048546,0.6923077,0.46153846,0.52,1.0,0.8518519,0.4814815,0.24,1.0,53.9,54.600002,53.600002,54.300003,54.300003,54.600002,53.600002,55.300003,54.9,56.300003,51.300003,51.300003,4269362,-632935,1075200,1075200,1075200,1075200,1075200,1075200,652800,1401600,960,49,99,1085,0,0,244,0,0,352,50,65,748,40,90,415,56,98,284,43,79,2,0,0,391567,69255,286264,715985,0,0,264348,0,0,223893,103861,313357,322592,70540,391512,281866,99890,261149,221038,122904,538240,60,0,0,-1.0,-1.0
