1658184442995,35.49,0.28834355,0.25,0.25,0.2857143,0.3,0.21052632,0.25,0.1904762,0.45454547,48.600002,48.600002,47.9,49.300003,49.300003,49.600002,49.300003,49.300003,49.9,50.600002,45.9,46.300003,3851087,-808411,1075200,1075200,1075200,1075200,1075200,1075200,652800,1401600,5954303,180639,653997,6211453,174928,661213,2801208,332440,807818,2782871,336215,825778,1938233,212486,709476,1833055,203706,689540,1767861,418764,857436,912079,137737,512596,6246935776,306597573,9315258410,6340191774,305791013,9469595243,2310716419,704557308,13153186420,2251537870,716268397,13141127172,1432931676,472487130,13495301669,1353062207,455711867,13208612641,1442114252,904504364,14865985553,656335428,309098719,13282374017,0.12711111111111112,0.029673202614379085
1658184443990,35.503002,0.46666667,0.2857143,0.3846154,0.5833333,0.6086956,0.53846157,0.56,0.34615386,0.52,47.9,47.600002,46.9,47.600002,47.600002,47.600002,47.600002,47.600002,47.600002,48.300003,46.300003,46.300003,3883981,-505066,1075200,1075200,1075200,1075200,1075200,1075200,652800,1401600,1060,0,0,1113,0,0,692,28,29,595,19,22,262,0,1,254,2,9,609,38,37,365,12,40,581660,0,0,617981,0,0,523322,50093,57387,527467,40168,47227,296822,0,309,361982,4960,38970,477418,87004,124255,259702,37112,131859,-1.0,-1.0
1658184445042,35.52,0.086021505,0.0,0.045454547,0.0,0.083333336,0.24,0.20833333,0.041666668,0.041666668,47.300003,47.600002,46.9,47.600002,47.600002,47.600002,47.300003,46.9,47.600002,47.600002,46.300003,46.300003,3892156,-475769,1075200,1075200,1075200,1075200,1075200,1075200,652800,1401600,917,2,7,1053,2,8,560,30,42,405,39,52,296,7,20,251,10,18,504,21,114,332,13,81,739035,796,20622,775692,939,19073,456854,60219,123374,444466,91159,169996,354742,22397,199522,365699,15325,111853,441856,33396,475630,342658,41447,343510,-1.0,-1.0
1658184446209,35.527,0.16216215,0.3043478,0.18181819,0.20833333,0.17391305,0.13043478,0.16666667,0.083333336,0.0,44.600002,44.600002,44.300003,44.600002,44.9,44.600002,44.300003,44.600002,44.600002,44.600002,44.300003,43.9,3898384,-709534,1075200,1075200,1075200,1075200,1075200,1075200,652800,1401600,547,3,23,699,21,27,197,65,110,193,31,88,152,21,64,143,12,64,91,17,107,89,33,124,682799,10406,220336,754990,64181,128913,201387,158078,498568,159431,62842,645156,145597,52545,440347,144507,24752,513652,88766,50117,855925,59732,102713,769200,6.399846645367412,0.14500958466453673
1658184447285,35.537003,0.19125684,0.27272728,0.27272728,0.17391305,0.4347826,0.08695652,0.13636364,0.125,0.04347826,45.9,45.600002,44.9,45.600002,45.9,45.300003,44.600002,44.9,45.300003,45.600002,45.300003,44.600002,3824811,-1253663,1075200,1075200,1075200,1075200,1075200,1075200,652800,1401600,1135,19,40,1198,26,33,409,60,83,369,59,94,242,26,57,188,16,47,264,53,143,406,91,169,789387,38883,87874,826771,52567,85392,368192,137932,472187,406611,131088,407646,184362,47156,413117,130635,38648,491298,171247,164154,718853,292851,155261,517450,890.4197359098229,0.8467375201288245
1658184448443,35.557003,0.23923445,0.30769232,0.34615386,0.25925925,0.5185185,0.115384616,0.20833333,0.04,0.04,47.300003,46.9,46.300003,46.9,46.9,46.300003,45.9,46.600002,46.300003,46.9,45.9,45.600002,3811187,-1425782,1075200,1075200,1075200,1075200,1075200,1075200,652800,1401600,1073,16,33,1148,31,68,373,76,119,506,52,64,249,22,75,154,25,55,237,155,157,305,106,242,748761,21899,35781,759243,39674,96574,424136,169090,305883,557378,100956,128607,239041,40796,554481,210389,42901,485944,237067,320775,419583,308041,215094,455747,2094.7285201238387,1.3954674922600618
1658184449555,35.588,0.35643566,0.29166666,0.24,0.29166666,0.32,1.0,0.2,0.2,0.16666667,48.300003,47.9,47.300003,47.600002,46.9,46.9,46.300003,47.300003,46.9,47.600002,47.300003,46.600002,3818583,-1354981,1075200,1075200,1075200,1075200,1075200,1075200,652800,1401600,1438,1,9,1400,9,32,642,46,72,727,12,34,403,53,93,191,29,60,354,178,178,323,125,268,908195,764,8226,835848,8875,19347,631697,88824,134613,722579,11901,36892,363930,84214,461063,203877,43992,544743,355484,290136,330778,334421,184184,503002,2100.634933764136,1.3024361873990307
1658184450633,35.622,0.39712918,0.44444445,0.4074074,0.26923078,0.3846154,0.61538464,0.5555556,0.3448276,0.1923077,49.600002,49.300003,48.9,48.9,48.9,48.600002,47.9,48.600002,48.600002,49.300003,48.300003,47.9,3809824,-1485901,1075200,1075200,1075200,1075200,1075200,1075200,652800,1401600,1379,3,5,1286,8,25,613,61,90,696,30,63,175,27,47,334,49,84,392,176,202,560,90,261,863999,5065,8699,849214,18027,23574,575183,102206,138122,649283,43360,80541,137444,65531,232747,291075,64134,295910,335713,260519,337950,433879,123867,379496,1545.2230206677266,1.218899841017488
1658184451814,35.709003,0.18181819,0.33333334,0.15384616,0.26923078,0.33333334,0.11111111,0.115384616,0.07692308,0.11111111,49.9,49.600002,48.9,49.300003,48.9,48.9,48.300003,49.300003,48.600002,49.9,48.600002,47.9,3808656,-1369324,1075200,1075200,1075200,1075200,1075200,1075200,652800,1401600,1199,18,52,1176,49,71,656,92,120,661,72,101,200,35,55,103,18,46,531,187,165,661,111,253,879883,17618,51243,838223,52456,69493,662784,144737,185025,693871,107929,130225,172539,55404,218437,98819,38505,411538,410284,253460,265314,502146,146555,363640,1543.793430894309,1.3014373983739838
1658184452982,35.77,0.33333334,0.52,0.25,0.29166666,0.42307693,0.33333334,0.20833333,0.25925925,0.2962963,49.9,49.600002,49.300003,49.300003,49.600002,49.600002,48.600002,49.300003,49.300003,49.9,48.9,48.600002,3797757,-1546021,1075200,1075200,1075200,1075200,1075200,1075200,652800,1401600,1315,16,39,1132,36,60,641,74,123,652,83,115,154,27,62,189,45,78,439,89,191,694,222,124,881778,13246,37734,822205,60463,73280,590346,97939,170865,659872,121119,139341,157778,56743,577111,219799,87781,435309,442368,140394,324869,480245,284630,164460,1548.463658456486,1.23911986863711
1658184454058,35.834003,0.19428572,0.3,0.22727273,0.1904762,0.33333334,0.13636364,0.13043478,0.20833333,0.09090909,50.9,50.9,50.300003,50.600002,50.300003,50.300003,49.600002,50.9,50.300003,51.300003,49.300003,48.9,3799703,-1676636,1075200,1075200,1075200,1075200,1075200,1075200,652800,1401600,1076,16,32,1094,30,51,592,64,91,692,55,82,207,22,57,175,31,74,459,118,228,510,110,241,790096,13236,30339,800308,27265,50807,554319,110367,140363,681403,74986,107837,171901,29818,459302,186335,53259,518563,422082,176729,384376,430195,156782,377509,1550.9266709265175,1.2087923322683705
1658184455213,35.905003,0.26341462,0.32,0.2,0.2857143,0.30769232,0.4,0.36,0.08,0.08695652,50.9,50.300003,49.9,50.300003,49.600002,49.600002,49.300003,49.9,49.9,49.9,49.600002,48.9,3810019,-1354981,1075200,1075200,1075200,1075200,1075200,1075200,652800,1401600,1249,16,49,1145,39,51,623,92,117,598,68,91,211,24,71,92,22,49,608,179,76,490,92,230,808023,15330,46535,726483,55854,60500,568237,133342,149177,585294,101915,116307,201036,34568,377633,114817,53906,439204,421376,267096,99199,426568,132729,359230,1553.9950809061488,1.235883495145631
1658184456302,35.983,0.16256158,0.33333334,0.16,0.15384616,0.24,0.11111111,0.12,0.115384616,0.04,51.300003,50.9,49.9,50.300003,50.300003,50.300003,49.9,50.600002,50.300003,50.9,49.9,49.300003,3810992,-1431580,1075200,1075200,1075200,1075200,1075200,1075200,652800,1401600,1225,20,39,1060,45,75,556,64,100,689,56,85,126,13,26,116,17,36,653,147,105,558,77,212,802461,22741,39354,748152,55109,88033,567649,104912,137735,659707,82120,110262,104278,47401,327510,160720,29177,413589,470638,205578,173812,420878,115441,334269,1549.9256595041322,1.2486876033057852
1658184457352,36.044003,0.16176471,0.26086956,0.23076923,0.18518518,0.34615386,0.115384616,0.07692308,0.11111111,0.0,51.300003,50.9,50.300003,50.300003,50.300003,49.9,49.300003,50.300003,49.9,50.600002,49.9,49.300003,3805153,-1401368,1075200,1075200,1075200,1075200,1075200,1075200,652800,1401600,1213,18,26,1158,33,50,504,86,125,578,69,105,198,36,53,302,46,100,486,77,207,460,91,226,785961,15485,25024,801917,36671,50887,545952,138489,178901,632007,113345,123427,188556,80552,599130,318803,64902,429232,454907,116010,350763,424999,131076,360215,1549.7339627329193,1.1963229813664595
1658184458439,36.122,0.19075145,0.2857143,0.23809524,0.2173913,0.2857143,0.13636364,0.09090909,0.14285715,0.13043478,51.300003,51.300003,50.600002,50.600002,50.600002,50.300003,49.300003,50.600002,49.9,50.9,50.300003,49.600002,3818972,-1373292,1075200,1075200,1075200,1075200,1075200,1075200,652800,1401600,1248,23,26,1212,42,53,602,87,123,552,65,102,314,59,101,143,29,62,314,114,225,442,99,247,819629,22491,25735,798633,59522,55997,601515,146209,173379,565048,94066,132544,337257,111290,506693,155573,46547,642996,337265,198649,426778,384770,171973,435511,1550.2619782945735,1.2125271317829458
1658184459489,36.186,0.2925532,0.22727273,0.29166666,0.16666667,0.2173913,1.0,0.125,0.16666667,0.125,51.9,51.600002,50.9,50.9,50.9,50.9,50.300003,51.300003,50.9,51.300003,50.600002,49.9,3794448,-1563721,1075200,1075200,1075200,1075200,1075200,1075200,652800,1401600,1367,13,26,1339,20,21,698,73,116,634,60,106,180,35,56,227,44,74,319,104,226,569,91,238,898010,10533,19000,850413,11314,21453,623160,107933,154692,651482,91638,133914,187034,60115,465307,187843,107536,526963,337533,169909,405550,474682,118711,364785,1549.8898911353033,1.1897729393468117
1658184460622,36.27,0.5091743,0.42307693,0.28,0.37037036,0.4814815,0.89285713,1.0,0.2962963,0.25,51.9,51.9,51.600002,51.600002,50.9,50.9,50.300003,51.300003,50.9,51.600002,50.600002,49.9,3799703,-1438904,1075200,1075200,1075200,1075200,1075200,1075200,652800,1401600,1200,23,56,1113,51,50,469,89,122,559,60,91,48,4,21,60,3,33,485,103,207,550,100,224,845885,22654,49417,768430,55263,52498,488567,154249,170958,597500,84820,106809,31974,10065,424961,33482,9100,717910,410364,146623,362349,440928,156351,363140,1548.4289689440993,1.1556273291925467
1658184461815,36.348003,0.4977169,0.39285713,0.4074074,0.30769232,0.4642857,1.0,0.8518519,0.22222222,0.32142857,53.300003,52.9,51.9,52.300003,52.600002,52.600002,51.600002,52.600002,52.300003,53.600002,51.600002,50.9,3788998,-1640321,1075200,1075200,1075200,1075200,1075200,1075200,652800,1401600,1224,11,29,1128,27,55,569,52,85,633,43,70,62,9,19,58,2,8,817,184,87,687,112,203,870927,10962,31907,794167,37132,64504,533027,77439,114234,587714,60950,86470,35607,12600,31977,26731,2454,13968,508453,184514,101842,472729,126533,286766,1547.970691472868,1.2236031007751937
1658184463072,36.436,0.19672132,0.27272728,0.22727273,0.25,0.26086956,0.13043478,0.0952381,0.17391305,0.2,53.300003,52.9,52.300003,52.600002,52.600002,52.300003,51.9,52.9,52.300003,53.600002,51.9,51.300003,3789777,-1657105,1075200,1075200,1075200,1075200,1075200,1075200,652800,1401600,1513,10,36,1285,36,56,834,64,105,738,66,107,20,0,2,7,2,4,591,82,282,1071,217,69,1041520,6665,40307,918301,55832,65159,728219,94240,161339,749128,100196,145057,4026,0,582,1948,4728,32653,517765,111601,424069,623852,242690,81088,1547.0766563467491,1.18102786377709
1658184464208,36.497,0.17934783,0.3181818,0.26086956,0.16666667,0.33333334,0.083333336,0.125,0.16,0.125,52.9,52.9,52.300003,52.300003,51.9,51.600002,51.300003,51.9,51.600002,52.600002,51.600002,50.9,3798924,-1425477,1075200,1075200,1075200,1075200,1075200,1075200,652800,1401600,1157,15,27,1162,35,49,638,80,102,580,54,87,165,22,55,287,48,97,366,87,262,589,162,140,817305,15359,29111,789353,36602,49759,601729,119062,149284,604151,73737,111680,188138,53943,501502,312385,81136,439730,367928,149233,422179,433223,235784,224050,1551.3922492211839,1.2058816199376947
1658184465245,36.581,0.2160804,0.28,0.27272728,0.2,0.29166666,0.115384616,0.30769232,0.12,0.08,52.600002,52.600002,51.9,52.300003,51.9,51.600002,51.600002,52.300003,51.600002,52.600002,51.600002,51.300003,3814885,-1424561,1075200,1075200,1075200,1075200,1075200,1075200,652800,1401600,1152,29,51,1125,35,54,487,83,121,579,64,90,258,43,67,201,17,38,349,87,235,450,89,224,755178,28640,45947,743461,34922,54148,533706,141581,183860,612135,98108,123804,211964,71305,646456,164014,34580,598510,366579,147485,412325,404012,143508,375737,1549.4979642276423,1.2202666666666668
1658184466272,36.649002,0.19889502,0.39130434,0.16666667,0.0952381,0.20833333,0.45833334,0.0,0.12,0.2173913,53.300003,53.300003,52.300003,52.600002,51.9,51.9,51.600002,51.9,51.600002,52.300003,51.9,50.9,3797951,-1414795,1075200,1075200,1075200,1075200,1075200,1075200,652800,1401600,1091,20,27,1103,36,54,484,71,116,585,63,96,228,33,63,90,18,25,331,80,208,491,82,229,775899,21927,24159,724768,51929,53884,551195,110875,152427,614880,95013,117626,227759,69811,477905,79640,51339,520775,369332,136152,380562,419048,135025,387923,1347.8680388349514,1.0364271844660193
1658184467306,36.710003,0.6424581,0.52380955,0.5833333,0.73913044,0.65217394,0.73913044,0.65217394,0.3809524,0.8333333,51.9,51.9,51.300003,51.600002,51.300003,50.9,50.9,51.600002,51.300003,51.9,50.9,50.300003,3841939,-949097,1075200,1075200,1075200,1075200,1075200,1075200,652800,1401600,912,27,28,1018,31,54,424,39,83,469,62,77,111,22,49,425,45,76,181,56,190,316,83,185,694657,48982,35055,755890,37380,100524,389968,58824,327614,455380,141408,223848,138514,53650,480587,430000,61926,294419,188889,124740,605981,274169,166870,421097,-1.0,-1.0
1658184468339,36.774002,0.6847826,0.8333333,0.76,0.625,0.6666667,0.72,0.6363636,0.5,0.71428573,51.9,51.9,51.9,52.300003,52.300003,52.300003,51.600002,51.9,52.300003,52.300003,50.9,50.600002,3887874,-501709,1075200,1075200,1075200,1075200,1075200,1075200,652800,1401600,1581,0,0,2180,0,0,546,8,22,689,9,27,426,5,17,808,6,20,711,25,54,388,4,51,681912,0,0,757268,0,0,543573,20963,63027,548469,10130,125846,495000,11059,48834,555404,5117,71094,661379,42234,132945,473920,8335,210580,-1.0,-1.0
1658184469402,36.825,0.5139665,0.55,0.45833334,0.4090909,0.41666666,0.45454547,0.4090909,0.42857143,1.0,51.600002,51.600002,51.300003,52.300003,52.300003,51.9,51.600002,51.600002,51.600002,52.600002,50.300003,50.300003,3803985,-1532288,1075200,1075200,1075200,1075200,1075200,1075200,652800,1401600,831,0,0,985,0,0,525,27,67,325,34,53,323,19,49,376,24,46,421,32,128,359,34,122,639675,0,0,671436,0,0,367364,48468,305996,285132,72916,310945,311870,29470,268733,320610,60014,255061,279155,83538,408680,214376,49956,372513,-1.0,-1.0
1658184470403,36.865,0.55837566,0.7307692,0.5,0.41666666,0.4347826,0.26086956,0.7307692,0.33333334,0.96,51.9,51.9,51.300003,51.9,52.300003,52.600002,52.300003,53.600002,52.9,53.9,49.600002,49.600002,3810408,-1298829,1075200,1075200,1075200,1075200,1075200,1075200,652800,1401600,1166,0,0,1499,0,0,485,23,53,512,24,62,435,20,60,463,31,40,777,30,77,78,4,11,618279,0,0,688803,0,0,388785,39380,221870,430193,36266,224615,392675,41593,242176,380545,64415,144996,344509,61966,241146,53171,14232,12162,0.004079207920792079,0.0046336633663366334
1658184471418,36.885002,0.26589596,0.2,0.3478261,0.22727273,0.13636364,0.0,0.05,0.04761905,1.0,51.600002,51.9,50.9,51.600002,51.9,51.9,51.9,53.600002,52.300003,54.300003,49.600002,49.600002,3863933,-953369,1075200,1075200,1075200,1075200,1075200,1075200,652800,1401600,604,0,0,788,0,0,548,15,37,446,11,36,461,19,44,213,13,22,723,59,44,16,1,0,470620,0,0,474808,0,0,437731,28335,88636,426607,13899,120338,409284,32130,140848,311423,20187,66422,383651,95422,116870,609,399,0,22.20392546583851,0.37981366459627325
1658184472468,36.916,0.30392158,0.27272728,0.3846154,0.18518518,0.16666667,0.14814815,0.041666668,0.1923077,0.962963,51.600002,51.300003,50.9,51.300003,50.9,51.300003,50.600002,51.9,51.300003,52.600002,49.600002,49.300003,3799898,-1368409,1075200,1075200,1075200,1075200,1075200,1075200,652800,1401600,997,17,23,1222,14,20,482,62,104,590,86,86,268,44,84,211,26,71,255,77,134,25,0,4,806422,22651,33636,811199,18504,27861,473598,126216,263208,409473,170158,280935,262493,76836,525679,197590,53102,538430,200173,191572,466991,6476,0,3856,1419.0288522550545,1.0112099533437013
1658184473521,36.923,0.2747253,0.22727273,0.3181818,0.13043478,0.13636364,0.09090909,0.13636364,0.08695652,1.0,52.600002,52.300003,51.600002,51.9,51.600002,52.300003,51.9,54.300003,52.600002,54.300003,50.600002,50.300003,3796394,-1538392,1075200,1075200,1075200,1075200,1075200,1075200,652800,1401600,1221,14,22,1142,23,57,591,75,132,364,70,92,137,31,51,241,45,69,346,63,267,14,1,6,799027,23093,25026,742096,19757,63965,582692,116873,190895,358252,126436,343175,115665,78256,685275,244261,79766,442626,344906,107990,450320,7439,1353,3744,2097.8966430868168,1.179112540192926
1658184474531,36.966003,0.27272728,0.22727273,0.26086956,0.2173913,0.04347826,0.09090909,0.045454547,0.3,1.0,53.300003,53.300003,52.300003,52.300003,52.300003,52.600002,51.9,54.9,52.300003,54.9,51.300003,50.9,3798341,-1454468,1075200,1075200,1075200,1075200,1075200,1075200,652800,1401600,1291,11,38,1179,19,31,607,76,120,357,73,90,151,24,58,194,45,67,433,164,179,15,6,7,827799,10612,29303,733052,22723,29086,612126,115872,161569,351829,138741,301147,147138,47376,672382,215388,89417,423397,331089,227047,281826,4659,3360,9505,1543.428401854714,0.97345285935085
1658184475556,37.0,0.3888889,0.2173913,0.39130434,0.34615386,0.08,0.12,0.8518519,0.08,1.0,53.9,54.300003,52.9,53.300003,52.9,53.300003,52.9,54.300003,53.9,54.9,52.300003,51.600002,3792112,-1551819,1075200,1075200,1075200,1075200,1075200,1075200,652800,1401600,1139,15,36,1095,21,51,639,81,99,163,35,77,197,25,45,221,38,77,571,153,102,29,1,11,759996,16283,31518,734993,27321,57110,583952,107347,117397,180329,69398,640467,143451,55792,564164,219869,68736,592210,396603,186863,128745,13874,422,13555,1546.588039087948,0.9925732899022802
1658184476568,37.048,0.27363184,0.44,0.23076923,0.28,0.03846154,0.11111111,0.0,0.16666667,1.0,54.300003,54.300003,53.300003,53.600002,53.9,53.9,53.300003,55.9,53.300003,55.9,52.600002,51.600002,3789193,-1629945,1075200,1075200,1075200,1075200,1075200,1075200,652800,1401600,1178,18,55,1032,33,57,539,78,140,229,37,71,225,27,53,225,26,65,416,189,140,25,2,8,788348,16803,51388,682515,42548,58304,560696,115483,180577,210492,93075,598176,200649,53163,480681,231346,36689,299861,381128,292504,213558,9538,3634,11307,1544.9161615508885,0.9852277867528271
1658184477580,37.102,0.31034482,0.21052632,0.3809524,0.4347826,0.045454547,0.09090909,0.09090909,0.2173913,0.95652175,54.600002,54.600002,53.600002,53.600002,53.600002,53.600002,52.9,56.600002,53.9,56.600002,52.600002,51.9,3777125,-1577759,1075200,1075200,1075200,1075200,1075200,1075200,652800,1401600,1114,14,38,1012,29,53,632,82,106,236,28,66,165,18,54,49,3,21,455,171,155,5,5,2,694301,17161,38163,693706,43279,50363,559394,110338,117354,233965,52266,517718,161491,27485,556217,64119,5700,461674,338634,249449,231928,3299,1927,2064,1546.1236459016395,0.9608918032786886
1658184478613,37.176003,0.28078818,0.26923078,0.3043478,0.32,0.0,0.07692308,0.074074075,0.23076923,1.0,54.9,54.9,53.9,53.9,54.300003,54.300003,53.600002,54.9,54.9,55.300003,53.300003,52.600002,3786662,-1490784,1075200,1075200,1075200,1075200,1075200,1075200,652800,1401600,1279,11,33,1230,15,32,639,83,106,211,48,89,261,41,78,137,18,56,598,168,110,32,5,17,844146,10420,26182,784861,18217,30474,552134,126063,131155,197562,106365,693773,291256,79140,518678,154756,36851,666012,412685,193913,138874,18094,6468,29384,1555.263552795031,0.9876770186335404
1658184479655,37.233,0.34715027,0.3043478,0.30769232,0.3478261,0.16666667,0.16666667,0.20833333,0.29166666,0.96,55.300003,54.9,53.9,54.300003,54.9,54.600002,53.9,56.9,54.300003,56.9,53.300003,52.600002,3785689,-1626282,1075200,1075200,1075200,1075200,1075200,1075200,652800,1401600,1167,24,66,1094,34,64,521,94,134,86,12,69,257,33,66,134,14,41,667,148,154,5,3,4,812303,23929,65165,739626,38324,61939,526395,157313,175332,138731,26735,828887,260694,47832,502688,131748,26907,736979,479379,170965,193018,1325,668,9507,1552.0865944170773,0.9727159277504105
1658184480663,37.287003,0.29608938,0.27272728,0.3043478,0.22727273,0.0,0.3478261,0.1904762,0.045454547,1.0,55.600002,55.600002,54.300003,54.9,55.300003,54.9,54.600002,57.600002,54.9,57.300003,53.600002,52.9,3792696,-1614991,1075200,1075200,1075200,1075200,1075200,1075200,652800,1401600,1240,6,22,1187,18,33,540,85,110,256,42,107,235,22,70,352,46,95,536,161,109,13,3,8,793546,4525,19851,759221,18339,35607,539745,132800,147111,270218,72998,545316,202373,33193,542043,334503,74505,437021,353715,193725,134573,8623,4264,7185,1553.6412097560976,0.9524032520325204
1658184481703,37.348003,0.27722773,0.3043478,0.16666667,0.21428572,0.0,0.08,0.24,0.2,1.0,55.9,55.300003,54.300003,54.300003,54.600002,54.600002,54.300003,57.300003,54.600002,57.300003,53.600002,52.9,3808462,-1458436,1075200,1075200,1075200,1075200,1075200,1075200,652800,1401600,1169,29,69,988,45,70,550,94,147,112,24,70,134,16,46,86,9,34,565,122,182,8,1,6,816036,28752,63396,670080,55217,73060,555852,165566,196960,117610,78177,800040,139040,26619,688882,106033,13824,524301,443451,145412,269835,2717,2636,7195,1549.984947368421,0.9770526315789474
1658184482728,37.409,0.3505747,0.2857143,0.1904762,0.18181819,0.05,0.2173913,0.33333334,0.5,0.95652175,55.9,55.600002,54.600002,54.9,55.300003,55.600002,54.600002,57.600002,55.300003,57.600002,53.600002,52.9,3785105,-1524354,1075200,1075200,1075200,1075200,1075200,1075200,652800,1401600,1155,12,47,1046,35,67,619,92,120,164,43,67,79,14,46,136,27,54,516,164,139,14,2,12,777678,8814,42429,710429,41491,66468,566222,155328,149952,191265,91113,658528,93185,45609,682376,152801,62816,615909,379792,206877,177231,9966,1771,15238,1544.8498604651163,0.9971100775193797
1658184483741,37.47,0.3517588,0.30769232,0.24,0.16666667,0.16666667,0.15384616,0.33333334,0.45833334,0.962963,56.300003,55.9,54.9,55.300003,55.9,55.300003,55.600002,58.300003,55.9,58.300003,54.300003,53.600002,3779850,-1582032,1075200,1075200,1075200,1075200,1075200,1075200,652800,1401600,1201,14,18,1186,17,29,593,88,133,224,46,78,139,25,62,140,25,64,584,150,69,19,3,9,831447,13972,19429,809501,25700,32646,596168,149935,164708,252446,108361,554448,144188,56928,609075,140416,51176,678024,370907,163403,74449,5338,5852,14721,1548.3489572107765,0.9170459587955626
1658184484778,37.521,0.2802198,0.27272728,0.26086956,0.0952381,0.08695652,0.08695652,0.17391305,0.23809524,1.0,56.600002,56.300003,55.600002,55.600002,55.9,55.9,55.600002,58.300003,55.9,58.300003,54.300003,53.600002,3785495,-1560670,1075200,1075200,1075200,1075200,1075200,1075200,652800,1401600,1188,22,50,1112,32,55,545,100,145,188,31,63,149,12,51,95,23,49,679,142,64,4,0,3,840613,25109,48400,772299,47273,63955,558009,171520,201069,179540,71112,676097,122378,23231,688510,100467,51852,723003,419213,156655,76186,1615,0,4520,1548.799850931677,0.9618385093167702
1658184485782,37.585003,0.37572256,0.3,0.35,0.1904762,0.10526316,0.23809524,0.4090909,0.3,0.95652175,56.300003,56.600002,55.300003,55.9,55.600002,55.600002,54.9,58.300003,55.600002,58.300003,54.600002,53.600002,3789777,-1490784,1075200,1075200,1075200,1075200,1075200,1075200,652800,1401600,1058,27,76,943,51,84,473,116,153,112,27,61,59,8,29,93,9,32,689,125,112,4,0,4,765502,30424,69646,694777,69722,88391,520620,205062,199599,135484,65956,756719,78761,17031,757924,79261,17680,800374,456542,143038,139504,3006,0,4862,1552.5826048,0.9804288000000001
1658184486786,37.642002,0.27722773,0.26086956,0.28,0.12,0.0,0.16,0.2962963,0.11111111,1.0,56.9,56.300003,55.9,56.300003,56.300003,55.9,55.600002,58.600002,55.9,58.600002,54.9,53.9,3785300,-1574097,1075200,1075200,1075200,1075200,1075200,1075200,652800,1401600,1186,10,16,1182,14,28,615,76,101,290,49,66,341,46,77,80,17,45,479,117,174,26,2,17,760164,8273,17794,762432,17634,27160,554565,120200,114799,241851,125272,486532,316828,72723,370818,79459,45607,678871,345982,161044,245776,14590,2158,17736,1548.8947512195123,0.9781073170731708
1658184487791,37.710003,0.3505747,0.36363637,0.25,0.1904762,0.15,0.20833333,0.17391305,0.47619048,1.0,56.600002,56.600002,56.300003,56.300003,55.9,55.600002,55.300003,58.300003,56.300003,58.600002,54.600002,54.300003,3778293,-1587525,1075200,1075200,1075200,1075200,1075200,1075200,652800,1401600,1094,25,46,1029,40,68,504,113,122,92,20,40,343,56,64,76,17,29,355,96,244,10,0,4,690283,26759,38362,728261,46799,75376,530997,198936,155264,107902,49532,796266,345001,104081,308133,46740,48991,751398,375709,144738,380555,2196,0,4492,1549.911498349835,0.9823366336633663
1658184488819,37.764,0.26881722,0.33333334,0.2173913,0.16666667,0.08695652,0.20833333,0.08,0.27272728,0.9583333,57.300003,56.9,55.9,56.300003,56.300003,56.300003,55.9,58.9,56.600002,58.9,54.9,53.9,3789971,-1477051,1075200,1075200,1075200,1075200,1075200,1075200,652800,1401600,1261,7,18,1237,14,23,590,92,124,396,59,71,118,15,56,215,34,74,416,85,226,13,3,9,793118,6900,19667,791669,18348,28637,555630,156688,160978,376969,112654,312225,127393,32079,674447,235556,61388,529548,328341,116529,303761,5356,1148,12213,1556.1888049921997,0.9416786271450859
1658184489828,37.825,0.2525773,0.25,0.24,0.083333336,0.13043478,0.115384616,0.041666668,0.23076923,0.92,57.300003,57.600002,56.300003,56.600002,56.600002,56.600002,55.9,59.300003,56.9,59.300003,55.300003,54.300003,3772065,-1602174,1075200,1075200,1075200,1075200,1075200,1075200,652800,1401600,1030,26,56,889,38,60,435,83,102,146,26,48,262,24,50,169,15,31,719,131,122,8,0,8,704456,22306,55015,629438,52572,61761,472575,162741,136002,121436,79439,613849,222030,35169,432467,167668,31782,553319,434456,143689,160241,5489,0,6385,1553.8158163934427,0.9799868852459016
1658184490864,37.889,0.3195266,0.33333334,0.2857143,0.1904762,0.0952381,0.17391305,0.2173913,0.5,1.0,57.600002,56.9,56.600002,56.600002,57.300003,56.9,56.300003,58.9,56.600002,58.9,55.300003,54.300003,3782770,-1649781,1075200,1075200,1075200,1075200,1075200,1075200,652800,1401600,1202,22,52,1136,30,61,649,66,109,293,50,84,114,17,45,167,29,66,479,161,162,20,5,14,801302,21084,49796,770337,38102,54777,597757,90408,148561,280910,102017,521847,104659,31370,736191,173552,56084,661812,389431,222065,230237,12914,4771,15309,1549.2137698541328,0.9789821717990276
1658184491906,37.936,0.45251396,0.47826087,0.36363637,0.3181818,0.3809524,0.3043478,0.33333334,0.39130434,0.95652175,57.9,57.300003,56.300003,56.9,56.600002,56.600002,55.9,59.300003,56.600002,59.300003,55.300003,54.600002,3795032,-1526185,1075200,1075200,1075200,1075200,1075200,1075200,652800,1401600,1183,9,19,1172,25,42,716,81,106,276,45,88,177,28,58,140,30,65,444,192,107,14,0,11,754653,7552,21207,785818,30795,44470,607047,119487,120633,300102,83357,505929,171215,53408,614820,152215,79431,598586,332311,269739,165282,9049,0,15378,191.78163305785125,0.1380892561983471
1658184492920,37.994003,0.64044946,0.8695652,0.45454547,0.42857143,0.6086956,0.42857143,0.82608694,0.45454547,1.0,56.300003,56.600002,55.9,56.600002,56.9,56.9,56.600002,58.600002,56.9,58.9,54.300003,53.9,3818972,-1294251,1075200,1075200,1075200,1075200,1075200,1075200,652800,1401600,1258,13,29,1405,21,41,495,39,58,469,31,58,357,17,37,321,14,45,799,49,63,35,0,2,628193,19022,114382,610648,41961,92587,477505,72192,240044,472949,53197,251140,323715,37777,427886,319561,30735,395718,351458,137516,294504,1964,0,2471,0.009345794392523366,0.02821183800623053
1658184493927,38.041,0.54545456,0.36363637,0.3478261,0.3043478,0.4642857,0.42307693,0.44444445,1.0,1.0,54.9,54.9,54.600002,55.300003,54.9,55.600002,55.600002,57.600002,55.9,57.9,52.9,52.600002,3846027,-744324,1075200,1075200,1075200,1075200,1075200,1075200,652800,1401600,567,0,0,1032,0,0,393,12,34,424,15,25,457,13,29,371,6,13,683,27,51,19,0,0,520911,0,0,648591,0,0,450723,18029,110435,437916,29370,58383,467911,17332,66867,386372,9862,46813,482563,31898,115947,437,0,0,-1.0,-1.0
1658184494938,38.071003,0.5102041,1.0,0.3478261,0.28,0.36,0.33333334,0.5833333,0.2,1.0,55.300003,55.300003,54.600002,55.600002,55.600002,55.9,56.300003,57.600002,56.600002,57.9,52.9,52.600002,3835905,-924988,1075200,1075200,1075200,1075200,1075200,1075200,652800,1401600,955,0,0,1218,0,0,707,30,62,511,36,60,315,18,42,606,23,37,27,8,21,0,0,0,692082,0,0,652603,0,0,454420,45182,196989,466562,56738,155220,323356,40394,185712,383306,42337,127575,18662,10521,52677,0,0,0,-1.0,-1.0
1658184496017,38.088,0.37623763,0.24,0.47826087,0.15384616,0.5,0.16,0.46153846,0.04,0.962963,54.600002,54.300003,53.600002,53.9,54.600002,54.600002,54.600002,56.9,54.9,57.300003,52.300003,51.9,3878336,-440063,1075200,1075200,1075200,1075200,1075200,1075200,652800,1401600,206,0,0,612,0,0,457,32,46,464,17,43,372,33,46,252,8,20,213,29,96,22,1,1,113774,0,0,407550,0,0,260784,53694,114687,226776,18740,153444,237528,59635,111228,154601,13534,80282,141372,70628,299194,1840,377,833,24.7851232449298,0.5627581903276131
1658184497058,38.109,0.43414634,0.5,0.20833333,0.65384614,0.1923077,0.08,0.7037037,0.03846154,1.0,54.600002,54.300003,53.9,54.600002,54.600002,54.300003,54.300003,56.600002,54.600002,56.600002,52.600002,51.9,3789387,-1545106,1075200,1075200,1075200,1075200,1075200,1075200,652800,1401600,875,16,25,1142,3,13,397,65,89,261,38,78,215,55,86,243,14,41,122,32,108,7,2,4,572413,20686,61348,644732,2532,19370,333840,127390,315304,255776,71036,370314,219812,101979,325897,190280,29746,244730,124468,60722,653167,3151,876,2563,664.7788871224164,0.6077965023847377
1658184498098,38.109,0.41379312,0.65217394,0.25,0.115384616,0.125,0.07692308,1.0,0.07692308,1.0,55.600002,55.300003,54.600002,54.600002,54.9,54.9,53.9,56.9,54.600002,57.600002,53.300003,52.300003,3787052,-1459351,1075200,1075200,1075200,1075200,1075200,1075200,652800,1401600,773,32,45,1066,32,44,320,43,69,434,57,89,105,18,50,103,19,39,42,38,101,12,3,7,629590,36287,63676,711381,42010,45851,327628,83955,266023,440491,101997,199092,101546,43211,549750,111243,42940,342776,46916,107499,825277,14240,6665,14041,2081.580197530864,1.299358024691358
1658184499171,38.139,0.41520467,0.3,0.33333334,0.45,0.1,0.8095238,0.18181819,0.13043478,1.0,56.300003,56.300003,55.300003,55.600002,55.9,55.9,54.9,58.300003,55.600002,57.9,54.300003,53.600002,3772648,-1606446,1075200,1075200,1075200,1075200,1075200,1075200,652800,1401600,1189,0,4,1294,8,37,605,34,77,582,58,89,89,9,39,68,16,29,234,124,111,25,3,15,638934,0,4580,815235,6460,23067,492571,70146,226643,560701,92689,167781,94109,11627,474258,74653,35486,193279,234397,233641,353377,6479,1458,8913,2017.7308535031848,1.0903439490445859
1658184500176,38.163002,0.5148515,0.29166666,0.41666666,0.4814815,0.16,1.0,0.8,0.0,0.9259259,57.300003,57.300003,56.300003,56.600002,56.600002,56.600002,55.600002,58.600002,56.300003,58.600002,54.600002,54.300003,3780239,-1617127,1075200,1075200,1075200,1075200,1075200,1075200,652800,1401600,1196,9,17,1181,7,20,432,55,99,635,65,103,177,23,42,148,19,26,226,134,82,6,0,0,719663,12471,17498,682337,9226,16971,385726,82321,189060,521657,91877,134870,166199,49506,366973,87480,34961,229328,198521,277121,263988,174,0,0,1408.183277258567,0.8384548286604361
1658184501217,38.203003,0.3857868,0.2173913,0.34615386,0.30769232,0.08,0.08,1.0,0.083333336,1.0,57.300003,56.600002,56.300003,56.9,56.9,56.600002,55.600002,58.600002,56.600002,58.9,54.9,54.300003,3784521,-1527711,1075200,1075200,1075200,1075200,1075200,1075200,652800,1401600,1060,32,54,905,38,51,389,72,94,551,101,94,46,12,22,7,1,5,124,58,146,14,0,3,724195,35168,46639,587671,47043,56028,400640,138974,262599,494786,171643,125198,53998,32686,432930,7061,596,118240,106130,153586,688040,6412,0,4384,1408.256099378882,0.8061614906832297
1658184502259,38.264,0.48058254,0.37037036,0.25925925,0.44,0.2,0.48,0.7307692,0.33333334,1.0,57.300003,56.9,55.9,56.300003,56.600002,56.9,55.9,58.9,56.300003,58.9,55.300003,54.600002,3791918,-1506348,1075200,1075200,1075200,1075200,1075200,1075200,652800,1401600,1147,19,44,1029,25,39,337,69,99,505,106,138,99,18,49,0,0,0,163,81,195,7,0,4,770554,23596,45785,627382,22499,32973,341833,130889,303910,498897,185854,166312,108511,51248,541424,0,0,0,193346,156641,500299,5139,355,5914,1421.595821656051,0.8214012738853503
1658184503283,38.308002,0.45882353,0.42857143,0.21052632,0.52380955,0.36363637,0.54545456,0.36363637,0.1904762,1.0,57.9,57.9,57.300003,57.300003,57.300003,57.300003,56.300003,59.300003,56.9,59.600002,55.600002,54.9,3770897,-1591798,1075200,1075200,1075200,1075200,1075200,1075200,652800,1401600,1151,14,10,1038,13,13,452,56,99,558,87,115,144,17,44,130,24,37,154,62,152,3,1,3,761137,15054,9786,671477,15161,17345,391154,83351,240837,508173,122573,150454,130056,24938,326617,133560,40776,255947,141463,136217,506315,199,0,1982,1421.4528524590164,0.8163147540983606
1658184504287,38.365,0.39,0.32,0.44,0.17391305,0.375,0.64285713,0.07692308,0.12,0.96,57.9,57.9,57.300003,57.9,57.300003,57.300003,56.600002,59.600002,57.600002,59.600002,55.9,54.9,3775763,-1568604,1075200,1075200,1075200,1075200,1075200,1075200,652800,1401600,1015,24,33,982,22,26,484,60,72,343,88,90,142,11,31,209,30,59,144,68,165,4,2,5,691860,25440,31011,631375,29430,23958,394881,107665,179875,344136,161136,111597,115116,31319,332464,144846,57321,592419,157231,157312,521241,79,2677,2835,1442.443388976378,0.849688188976378
1658184505307,38.403004,0.408867,0.33333334,0.2,0.15384616,0.30769232,1.0,0.08,0.115384616,1.0,57.9,57.600002,57.600002,56.9,56.9,56.9,56.600002,59.600002,57.300003,59.600002,55.9,54.9,3780434,-1484986,1075200,1075200,1075200,1075200,1075200,1075200,652800,1401600,1017,40,37,844,46,65,364,42,84,466,102,102,87,11,38,49,9,23,244,86,159,2,0,2,689175,44174,34939,614117,62084,61876,351344,61796,234098,437527,164362,134456,66979,32240,706572,63691,28055,477495,248882,164802,468131,47,0,1409,1448.4486956521737,0.8798012422360248
1658184506342,38.460003,0.47058824,0.3043478,0.27272728,0.36363637,0.4814815,0.5833333,0.5217391,0.2173913,1.0,58.300003,58.300003,56.9,57.600002,57.9,57.600002,56.600002,59.9,57.600002,59.9,55.600002,55.300003,3751238,-1784669,1075200,1075200,1075200,1075200,1075200,1075200,652800,1401600,1096,25,31,1020,46,66,509,71,68,432,93,119,87,16,40,96,14,46,226,83,150,2,2,2,736451,22011,27459,705726,63436,71871,445102,125576,153479,453062,156158,152055,88803,21677,237015,91519,35550,700254,213314,178380,421458,49,582,1493,1456.535678018576,0.8677647058823529
1658184507358,38.511,0.41847825,0.33333334,0.36363637,0.13636364,0.3478261,0.08695652,0.9583333,0.0,1.0,58.600002,58.600002,57.9,58.300003,57.9,57.9,56.9,60.300003,57.600002,60.300003,56.300003,55.300003,3781796,-1621400,1075200,1075200,1075200,1075200,1075200,1075200,652800,1401600,1125,5,22,1150,13,28,622,55,68,586,93,116,203,40,49,71,16,30,150,77,152,3,0,3,736208,5787,20513,764063,15611,30232,518751,86251,152502,520222,142807,128591,176547,80011,326612,81777,23664,175470,154118,177729,473525,64,0,1235,1466.0055317829456,0.841029457364341
1658184508360,38.565002,0.46153846,0.3809524,0.3181818,0.3043478,0.23809524,0.6666667,0.6086956,0.13043478,1.0,58.600002,58.600002,57.600002,57.9,57.300003,57.9,56.9,59.9,57.600002,60.300003,56.300003,55.600002,3775179,-1552735,1075200,1075200,1075200,1075200,1075200,1075200,652800,1401600,1092,28,50,994,37,46,413,58,94,379,85,95,48,5,34,204,16,39,114,61,161,4,0,1,713839,29677,40776,615596,48999,46299,435405,92060,245250,391894,147381,114144,54939,16890,688968,159236,22741,269260,133587,143375,632861,72,0,413,1477.8602433697347,0.8488736349453978
1658184509380,38.605003,0.4507772,0.3181818,0.34615386,0.5,0.76,0.3043478,0.125,0.29166666,1.0,58.300003,57.9,57.600002,57.9,58.300003,58.300003,57.600002,60.600002,58.300003,60.300003,56.600002,55.9,3766615,-1546326,1075200,1075200,1075200,1075200,1075200,1075200,652800,1401600,1085,18,29,863,24,41,353,57,91,502,111,131,58,10,20,104,23,40,197,72,175,10,0,0,684915,18780,25333,580516,24386,41629,353860,107564,229510,476495,174686,165511,58133,28869,179738,129895,42699,544053,199422,128712,490689,238,0,0,1422.4960528052807,0.7914983498349835
1658184510398,38.659,0.4009901,0.44,0.56,0.5416667,0.1923077,0.2,0.115384616,0.21428572,1.0,59.300003,58.9,58.300003,58.300003,57.9,58.300003,57.600002,60.9,58.300003,60.9,56.600002,56.300003,3774400,-1583253,1075200,1075200,1075200,1075200,1075200,1075200,652800,1401600,1066,9,21,1054,14,23,439,45,81,386,58,44,143,20,57,173,11,56,240,77,148,10,0,0,700151,11626,21167,707601,14790,27895,390012,75539,177921,346699,91493,52614,146198,35963,550312,154982,15234,490728,216044,156137,398336,362,0,0,1438.7156038338658,0.8718722044728434
1658184511422,38.713,0.4574468,0.4,0.3043478,0.29166666,0.27272728,0.3478261,0.7083333,0.3043478,1.0,59.300003,58.9,58.600002,58.600002,58.600002,58.600002,57.9,60.600002,58.300003,60.600002,56.9,56.300003,3770118,-1608582,1075200,1075200,1075200,1075200,1075200,1075200,652800,1401600,952,46,71,706,32,49,335,54,102,328,76,78,128,15,37,47,5,10,367,102,158,5,0,0,675147,50902,67848,515332,35856,47973,331961,97440,294350,341651,127440,86364,90177,33583,749103,36747,4175,370258,345602,164742,265252,124,0,0,1469.9030519480518,0.8559740259740259
1658184512449,38.764,0.40229884,0.3181818,0.45454547,0.13636364,0.18181819,0.8695652,0.17391305,0.04761905,1.0,58.9,58.9,57.9,58.300003,58.600002,58.600002,57.9,60.9,57.9,60.9,56.9,55.9,3778293,-1622925,1075200,1075200,1075200,1075200,1075200,1075200,652800,1401600,1027,17,28,1115,19,21,391,52,74,615,108,119,110,20,41,137,18,44,187,72,169,2,0,0,664299,18306,31493,717644,18859,28128,346193,76982,150068,543107,178273,135656,122859,37631,379445,131920,38731,406812,184230,150439,467862,72,0,0,1472.7176149068323,0.8513788819875776
1658184513451,38.811,0.43540668,0.39130434,0.61538464,0.2,0.20833333,0.56,0.26923078,0.14814815,1.0,59.600002,59.300003,58.600002,59.300003,58.600002,58.600002,57.600002,60.9,58.600002,61.300003,57.300003,56.300003,3772648,-1747742,1075200,1075200,1075200,1075200,1075200,1075200,652800,1401600,1075,28,42,961,24,34,411,42,111,710,49,73,88,12,28,90,12,28,17,61,132,6,0,0,704543,27527,44418,576219,22597,32502,389855,80218,368847,534704,62585,81898,95643,28481,295374,58502,27781,626058,23981,214245,686246,268,0,0,1463.8374121306376,0.8566345256609642
1658184514502,38.869003,0.42713568,0.25,0.30769232,0.32,0.30769232,0.6,0.46153846,0.22222222,0.96153843,59.600002,59.600002,58.9,59.300003,59.300003,59.300003,58.600002,60.9,59.300003,60.9,57.300003,56.600002,3765447,-1567689,1075200,1075200,1075200,1075200,1075200,1075200,652800,1401600,1136,28,52,992,23,44,378,55,104,812,50,86,99,15,38,92,12,27,49,63,123,5,0,1,746609,32256,45955,623661,33097,44955,386122,98674,248544,617143,59756,89968,94275,24176,570171,92930,29288,280630,45949,201389,677678,1179,270,519,1472.9606459627328,0.8636521739130435
1658184515530,38.920002,0.41326532,0.27272728,0.28,0.25,0.1923077,0.083333336,1.0,0.2,1.0,59.9,60.300003,59.300003,59.9,59.600002,59.600002,58.9,61.600002,59.600002,61.300003,57.600002,56.600002,3776541,-1725159,1075200,1075200,1075200,1075200,1075200,1075200,652800,1401600,1128,34,68,988,42,67,421,48,89,666,72,82,66,8,29,124,15,31,215,77,193,5,3,5,761788,39552,64696,723775,57032,69946,377076,83708,299095,531949,105674,90686,70066,22150,651296,111559,17703,128959,261335,154854,428886,121,649,3132,1488.9351052631578,0.8525263157894737
1658184516540,38.967003,0.5076142,0.375,0.3043478,0.6,0.375,0.5769231,0.5769231,0.28,1.0,59.9,59.600002,59.300003,58.9,59.300003,59.300003,58.300003,61.600002,59.300003,61.600002,57.600002,56.600002,3775373,-1611939,1075200,1075200,1075200,1075200,1075200,1075200,652800,1401600,1150,14,31,1144,24,41,538,58,61,597,81,104,178,37,49,58,11,29,188,74,154,2,0,3,780033,17885,30967,734040,39949,45451,491025,81935,123652,531554,123628,130803,177253,98613,255609,52306,20610,354159,196966,154980,462770,49,0,823,25.323961038961038,0.01738961038961039
1658184517545,39.018,0.7802198,0.7916667,0.8181818,0.5714286,0.82608694,0.6956522,0.5652174,1.0,1.0,59.300003,58.9,58.600002,59.300003,58.9,58.9,58.600002,60.300003,59.300003,61.300003,56.300003,56.300003,3845443,-592956,1075200,1075200,1075200,1075200,1075200,1075200,652800,1401600,1089,12,23,1578,7,22,243,29,28,541,36,56,412,22,51,298,11,47,584,10,53,14,0,0,512342,18781,50156,622208,10923,62871,204360,74032,93717,380598,80131,270766,326193,36724,305588,276063,13785,206815,437747,17003,271323,364,0,0,0.004447368421052631,0.0033947368421052633
1658184518594,39.055,0.7464115,0.6,0.8333333,0.5769231,0.6923077,0.6923077,0.6296296,1.0,1.0,57.300003,57.300003,56.600002,57.300003,57.600002,57.9,58.300003,60.300003,58.9,60.300003,54.600002,54.600002,3843302,-726318,1075200,1075200,1075200,1075200,1075200,1075200,652800,1401600,691,0,0,653,0,0,388,22,54,559,17,34,419,14,27,320,33,38,285,9,24,11,0,1,481016,0,0,461045,0,0,361829,30233,208124,341612,26282,122736,321908,33115,144301,214953,65123,99438,227999,14600,36322,696,0,678,-1.0,-1.0
1658184519662,39.065002,0.75545853,1.0,0.64285713,0.6896552,0.75,0.86206895,0.83870965,0.25,1.0,57.600002,57.9,57.300003,57.9,58.600002,58.9,58.600002,59.600002,58.9,60.300003,54.600002,54.600002,3796394,-1166993,1075200,1075200,1075200,1075200,1075200,1075200,652800,1401600,979,0,0,888,0,0,716,18,47,407,43,44,529,33,37,382,25,56,0,0,0,0,0,0,452496,0,0,454170,0,0,347753,30563,187267,305389,115014,121121,326201,51292,90965,308152,46833,214118,0,0,0,0,0,0,-1.0,-1.0
1658184520777,39.078003,0.54189944,0.42857143,0.23809524,0.20833333,1.0,1.0,0.0952381,0.3043478,1.0,56.9,56.600002,56.300003,57.300003,57.300003,57.300003,56.9,58.9,57.300003,59.300003,53.9,53.9,3873276,-458069,1075200,1075200,1075200,1075200,1075200,1075200,652800,1401600,214,0,0,509,0,0,293,12,26,430,12,29,319,8,14,61,0,8,394,80,58,4,0,0,191705,0,0,347807,0,0,238633,19004,95623,260873,16011,67428,216113,13177,12197,17093,0,39792,208930,140114,109319,131,0,0,220.20973913043477,0.830695652173913
1658184521813,39.075,0.47252747,0.18181819,0.13636364,1.0,0.92,0.125,0.08695652,0.25,1.0,56.9,56.9,56.300003,57.300003,56.9,57.300003,56.600002,58.9,57.600002,59.300003,54.600002,54.300003,3779850,-1546937,1075200,1075200,1075200,1075200,1075200,1075200,652800,1401600,664,10,15,933,16,30,381,73,82,296,15,32,249,14,16,112,18,37,304,68,145,3,0,0,463638,12610,17813,649484,21104,43894,319302,157130,306488,195821,19291,81098,172046,30250,39759,99845,27386,251187,258268,135994,339476,93,0,0,1136.468902021773,0.6269113530326594
1658184522828,39.075,0.519802,0.48,0.23076923,0.7307692,0.17857143,1.0,0.3846154,0.23076923,1.0,57.600002,57.300003,56.9,57.600002,57.9,57.600002,56.600002,59.300003,57.300003,59.600002,55.300003,54.600002,3793669,-1435853,1075200,1075200,1075200,1075200,1075200,1075200,652800,1401600,818,40,81,861,55,85,133,35,68,56,10,23,23,1,2,16,4,8,529,148,87,0,0,0,733159,50541,101179,629876,80808,125106,131626,99416,405521,77928,22282,442034,12220,725,215511,15200,5962,225655,387955,169258,115904,0,0,0,999.453707165109,0.6589906542056074
1658184523845,39.099003,0.46268657,0.7916667,0.29166666,0.083333336,0.28,0.041666668,1.0,0.12,1.0,58.300003,58.600002,56.9,57.600002,58.300003,58.300003,57.600002,59.600002,58.300003,59.9,55.600002,55.300003,3786468,-1616212,1075200,1075200,1075200,1075200,1075200,1075200,652800,1401600,903,14,19,933,23,43,237,46,65,181,24,57,83,20,36,59,4,19,270,101,166,4,0,0,638141,19422,13521,647382,22397,53414,248640,82407,244041,181135,42727,414457,94084,36664,227628,57328,8336,196580,270205,183455,330675,82,0,0,1010.5100958268933,0.6423245749613601
1658184524892,39.109,0.5920398,0.3846154,0.5416667,0.7037037,0.0,0.96,1.0,0.08,1.0,57.9,57.9,56.9,58.300003,57.9,57.9,57.300003,59.9,57.600002,59.9,55.600002,55.300003,3772065,-1530762,1075200,1075200,1075200,1075200,1075200,1075200,652800,1401600,688,31,40,981,48,71,209,49,102,108,15,58,22,1,8,2,1,2,358,140,155,2,0,0,531000,45806,41738,661099,58670,91001,212990,115208,564384,93364,40569,613983,15523,2141,256693,2991,3355,6474,333148,261034,272709,41,0,0,1033.9157067082683,0.632761310452418
1658184525911,39.132,0.6059113,0.29166666,0.5416667,1.0,0.03846154,0.72,1.0,0.23076923,1.0,58.9,58.600002,57.9,57.9,58.300003,58.600002,57.600002,60.600002,58.300003,60.600002,56.300003,54.9,3781991,-1505433,1075200,1075200,1075200,1075200,1075200,1075200,652800,1401600,986,35,41,892,19,33,216,48,62,133,17,33,90,10,18,89,21,35,246,133,171,7,0,0,711458,45569,42354,553359,26716,35717,200815,96590,208790,92442,26898,410755,38994,14244,71338,83999,45153,110910,276163,261658,335552,182,0,0,1050.5124243369735,0.6697535101404056
1658184526985,39.18,0.5697674,0.47368422,0.65217394,0.3809524,0.25,0.8333333,0.5652174,0.45833334,1.0,58.9,59.300003,58.300003,58.9,58.9,59.300003,58.300003,60.600002,58.9,60.9,56.600002,55.9,3767977,-1564942,1075200,1075200,1075200,1075200,1075200,1075200,652800,1401600,929,30,26,873,12,20,155,12,24,146,26,45,53,14,19,58,11,11,342,109,174,1,0,0,609246,37559,28834,547805,9244,23429,83239,16652,158956,131174,57260,388603,50836,35021,208542,44060,17582,15516,303629,166015,335924,17,0,0,1077.276594679186,0.6874741784037559
1658184527989,39.193,0.5934066,0.4090909,0.22727273,0.29166666,0.8695652,0.8695652,1.0,0.13043478,1.0,59.300003,59.600002,58.300003,58.600002,58.9,59.300003,58.300003,60.9,58.600002,60.9,56.9,56.300003,3783354,-1595460,1075200,1075200,1075200,1075200,1075200,1075200,652800,1401600,927,15,15,891,15,21,277,59,67,117,21,38,254,41,35,142,20,45,204,81,181,12,0,0,646110,18913,12229,539903,13307,24503,265692,128107,224354,111878,24552,223646,208985,63275,54284,128965,27462,220263,233705,162286,373454,264,0,0,1098.0699487179486,0.6546666666666666
1658184528992,39.244003,0.5294118,0.375,0.3846154,0.6666667,0.61538464,0.04,1.0,0.08,1.0,59.300003,58.9,58.600002,58.300003,58.600002,58.9,57.9,60.9,58.300003,60.9,56.300003,55.9,3778293,-1531983,1075200,1075200,1075200,1075200,1075200,1075200,652800,1401600,900,31,55,809,53,88,175,34,68,89,21,33,92,14,41,0,1,0,231,109,200,4,0,0,650015,35622,51053,603795,81743,101391,164010,74640,339555,87814,51909,289079,81445,25772,509775,0,368,0,256597,226372,393398,92,0,0,1130.94215576324,0.7211962616822429
1658184530007,39.278004,0.6127451,0.4347826,0.56,0.33333334,0.6785714,0.4,1.0,0.42857143,1.0,59.300003,59.300003,58.300003,58.9,59.300003,59.600002,58.300003,61.300003,58.9,60.9,56.9,56.300003,3780239,-1375733,1075200,1075200,1075200,1075200,1075200,1075200,652800,1401600,998,20,36,953,31,47,409,61,82,206,27,53,145,17,38,4,0,1,198,106,199,11,0,0,728063,25887,31727,600511,43110,60111,360954,89401,163540,174182,42907,279425,149048,22998,393891,3010,0,602,261547,229779,393914,313,0,0,1212.4273788819876,0.7725714285714286
1658184531068,39.301003,0.60115606,0.33333334,0.45454547,0.45,0.5,0.54545456,1.0,0.47826087,1.0,59.9,59.600002,58.600002,59.9,59.9,59.9,58.9,61.300003,59.300003,61.600002,57.300003,56.600002,3780823,-1569520,1075200,1075200,1075200,1075200,1075200,1075200,652800,1401600,1047,20,22,969,19,28,199,34,61,339,58,72,147,19,33,38,6,13,310,116,150,6,0,3,716808,22789,19797,623498,18886,29823,178900,74008,428390,297275,112239,189312,137095,27772,139427,37418,6164,47279,308442,207598,300802,2326,0,3985,1305.3678392581144,0.7741329211746522
1658184532078,39.349003,0.5527638,0.3043478,0.52,0.64,0.92,0.8076923,0.04,0.16,1.0,59.9,59.9,59.300003,59.300003,59.600002,60.300003,58.9,61.600002,59.600002,61.600002,57.600002,56.600002,3775179,-1609498,1075200,1075200,1075200,1075200,1075200,1075200,652800,1401600,1066,33,46,923,29,38,133,10,35,138,24,52,89,14,28,0,0,0,434,106,143,0,0,0,727387,37647,43486,602416,46150,41652,133200,25308,433941,130927,41373,504874,78172,27033,152721,0,0,0,350987,156141,210741,0,0,0,1418.6532670807453,0.8869068322981367
1658184533095,39.386,0.56565654,0.6,0.20833333,0.96153843,1.0,0.15384616,0.4074074,0.24,1.0,60.600002,60.300003,59.600002,59.600002,59.9,59.9,58.9,61.600002,59.600002,62.300003,57.9,57.300003,3754742,-1734925,1075200,1075200,1075200,1075200,1075200,1075200,652800,1401600,1060,28,45,900,17,25,90,17,38,69,12,42,77,11,33,94,18,27,288,109,209,4,0,2,709773,27868,44625,532986,12065,23857,69663,45658,327486,69320,22157,378212,66296,14055,464865,70777,45534,288783,334900,202454,362388,89,0,889,1556.9608930232557,0.8913364341085271
1658184534137,39.437,0.56084657,0.33333334,0.3181818,0.6956522,0.77272725,0.16666667,1.0,0.20833333,1.0,61.300003,60.9,59.9,60.300003,59.9,60.300003,59.600002,62.300003,60.300003,62.300003,57.9,57.300003,3774984,-1740113,1075200,1075200,1075200,1075200,1075200,1075200,652800,1401600,967,10,6,868,12,28,135,30,65,45,11,19,211,37,54,57,3,17,320,87,233,2,0,1,574669,6782,7599,552523,13608,22042,135879,55728,354560,37115,20473,186684,168108,71215,525210,49184,8800,327581,318471,136795,390347,43,0,386,1730.0256732026144,1.007372549019608
1658184535174,39.484,0.5940594,0.56,0.48,0.6923077,0.37037036,0.32142857,1.0,0.3846154,1.0,60.9,60.600002,60.300003,59.9,60.600002,60.9,59.9,62.300003,60.9,62.600002,58.300003,57.300003,3753574,-1811219,1075200,1075200,1075200,1075200,1075200,1075200,652800,1401600,1150,13,25,1136,19,36,400,51,70,142,23,41,168,17,51,2,0,3,342,62,240,4,0,4,689458,14360,23514,719273,17708,31009,305912,102703,172979,152070,36521,157020,143230,32205,504316,0,0,260,334525,92417,415081,85,0,1772,1908.8956918138042,1.034991974317817
1658184536181,39.538002,0.6117647,0.5,0.3809524,0.61904764,0.85714287,0.14285715,1.0,0.3809524,1.0,60.9,60.9,60.300003,60.600002,60.300003,60.600002,59.9,62.600002,60.600002,62.600002,58.600002,57.600002,3768756,-1637879,1075200,1075200,1075200,1075200,1075200,1075200,652800,1401600,1011,0,0,910,7,28,121,27,42,216,28,95,140,21,46,2,1,0,370,96,194,8,0,0,528083,0,0,561350,4405,24813,107917,46352,220213,155369,65656,531176,132674,35396,368616,1932,1679,0,327692,140492,295559,212,0,0,2065.428539534884,1.1299720930232557
1658184537225,39.589,0.6292683,0.56,0.375,0.68,0.8,0.34615386,0.8518519,0.42857143,1.0,61.600002,61.600002,60.9,61.300003,60.9,61.600002,60.9,63.600002,61.9,63.600002,59.300003,58.300003,3760581,-1794434,1075200,1075200,1075200,1075200,1075200,1075200,652800,1401600,1312,2,12,1283,6,10,182,32,66,204,39,70,255,22,61,15,2,4,420,58,251,10,0,0,732296,2192,9271,642915,5285,7335,160325,76458,304911,196848,59748,179220,190604,29254,367358,11319,2431,4225,394668,84948,347561,1192,0,0,2053.0371294851793,1.103276131045242
1658184538260,39.629,0.6059113,0.52,0.4642857,0.36,0.20833333,1.0,0.9230769,0.32,1.0,61.9,62.300003,61.300003,61.9,62.300003,61.9,60.9,63.600002,61.600002,63.600002,59.300003,58.600002,3760581,-1761170,1075200,1075200,1075200,1075200,1075200,1075200,652800,1401600,1087,2,8,1221,8,32,209,30,53,94,19,40,101,10,21,79,3,19,412,72,242,7,0,0,560693,1062,6293,699654,7489,25683,160861,57292,201042,85048,37114,399458,90517,14829,73072,52769,1631,464813,387105,95653,369556,165,0,0,2080.1939378881984,1.0845714285714287
1658184539320,39.683002,0.65841585,0.41666666,0.48,0.2962963,0.96153843,0.61538464,0.84,0.64,1.0,62.300003,62.300003,61.9,61.600002,61.9,62.300003,60.9,64.3,61.9,63.9,59.600002,58.9,3759024,-1814576,1075200,1075200,1075200,1075200,1075200,1075200,652800,1401600,1231,1,3,1334,3,12,219,29,66,138,33,54,65,5,17,56,10,23,441,70,228,6,0,0,641903,1390,2743,686599,2790,8318,182895,56212,354092,139977,69006,328619,54603,10151,144934,46486,22343,179179,378534,97018,308457,128,0,0,2098.299222395023,1.085611197511664
1658184540336,39.724003,0.55440414,0.3478261,0.54545456,1.0,0.2173913,1.0,0.083333336,0.20833333,1.0,62.600002,62.300003,61.600002,62.600002,62.300003,62.600002,61.600002,63.9,62.300003,64.3,59.9,58.9,3755131,-1819459,1075200,1075200,1075200,1075200,1075200,1075200,652800,1401600,1295,4,7,1191,9,56,197,39,84,2,0,2,250,10,17,183,51,75,444,86,211,3,0,0,689717,3864,4060,754858,9520,45123,156764,89140,480016,66,0,34232,100157,15903,126616,182318,98002,282102,342400,105602,287523,93,0,0,2100.6617320872274,1.0626791277258567
1658184541339,39.778004,0.72115386,0.7307692,0.5925926,0.61538464,0.6,1.0,0.8076923,0.42307693,1.0,62.300003,62.300003,61.9,61.300003,61.9,61.600002,60.300003,63.9,61.300003,63.9,59.9,58.600002,3786857,-1515504,1075200,1075200,1075200,1075200,1075200,1075200,652800,1401600,1180,9,10,1145,9,15,95,15,37,123,18,39,111,9,29,56,9,21,347,57,241,7,0,0,671958,24192,20419,593006,14025,13893,91283,20941,316035,120853,32990,386725,78915,10442,276520,75441,26561,206765,310124,85267,426114,341,0,0,0.0020161550888529887,6.720516962843296E-4
1658184542406,39.835003,0.827027,0.7916667,0.75,0.82608694,0.65217394,0.77272725,0.77272725,1.0,1.0,60.300003,60.600002,59.9,60.600002,60.9,61.300003,60.600002,62.600002,61.300003,62.9,57.600002,57.600002,3847389,-686035,1075200,1075200,1075200,1075200,1075200,1075200,652800,1401600,649,13,14,865,7,12,422,55,60,217,17,16,0,0,0,120,19,56,535,3,48,4,0,0,587546,16972,35069,596831,12423,43919,337752,115042,197460,185014,26804,48855,0,0,0,110875,27398,410754,260391,12668,526915,111,0,0,0.0033333333333333335,0.0022264150943396227
1658184543460,39.876003,0.8537736,0.7777778,0.84,0.72,0.7586207,0.72,1.0,1.0,1.0,60.300003,60.300003,59.600002,59.9,60.300003,60.600002,60.9,62.600002,61.300003,62.300003,57.300003,56.9,3835516,-816345,1075200,1075200,1075200,1075200,1075200,1075200,652800,1401600,113,0,0,451,0,0,160,5,7,243,6,10,357,7,14,200,7,7,303,7,8,1,0,0,67759,0,0,168713,0,0,194727,8813,12447,227456,11018,22919,215310,10780,28897,173113,11073,12622,246161,5426,13947,54,0,0,-1.0,-1.0
1658184544507,39.9,0.89767444,1.0,1.0,0.96153843,0.85714287,1.0,1.0,0.29166666,1.0,59.9,59.9,59.600002,59.9,60.600002,61.300003,60.9,61.9,61.300003,61.9,57.300003,56.600002,3813133,-1193848,1075200,1075200,1075200,1075200,1075200,1075200,652800,1401600,345,0,0,633,0,0,366,30,47,469,15,29,358,25,26,18,2,6,0,0,0,0,0,0,114696,0,0,350036,0,0,282949,38431,112620,268115,18101,79106,233268,45813,73840,20557,2857,14991,0,0,0,0,0,0,-1.0,-1.0
1658184545566,39.920002,0.6865672,0.5833333,0.72,0.32,0.64,0.89285713,0.92,0.3043478,1.0,59.600002,59.600002,59.300003,59.9,60.300003,60.600002,59.600002,61.300003,60.300003,61.9,56.300003,56.300003,3849335,-621338,1075200,1075200,1075200,1075200,1075200,1075200,652800,1401600,137,0,0,112,0,0,219,1,2,213,2,5,22,0,0,220,0,0,506,56,32,0,0,0,77888,0,0,64229,0,0,147429,1237,3147,143536,2920,21406,16158,0,0,100863,0,0,240455,85665,50623,0,0,0,312.04597200622084,1.139433903576983
1658184546614,39.916,0.6555024,0.28,0.64,0.23076923,0.64,1.0,1.0,0.42857143,1.0,59.9,59.9,59.300003,59.9,59.9,60.300003,59.600002,61.300003,60.300003,61.600002,56.9,56.600002,3786468,-1626893,1075200,1075200,1075200,1075200,1075200,1075200,652800,1401600,407,17,22,603,12,21,453,59,49,262,45,65,71,11,10,21,2,3,537,78,143,8,0,0,341105,28626,29122,428892,19299,38878,379841,115258,97614,217342,106014,204158,65731,18497,40853,14139,747,9778,362184,103824,220959,246,0,0,1564.5619937694705,1.1708909657320872
1658184547650,39.93,0.73913044,0.5925926,0.68,0.5,0.6086956,1.0,1.0,0.52,1.0,60.300003,60.300003,59.9,59.9,60.300003,60.300003,59.300003,61.9,60.300003,62.300003,57.600002,56.9,3770702,-1684571,1075200,1075200,1075200,1075200,1075200,1075200,652800,1401600,957,12,27,795,17,38,461,40,55,168,22,43,5,0,4,1,0,0,453,125,174,0,0,0,652605,11948,25404,523806,14862,34102,449441,76650,79913,189555,39635,125870,1856,0,2950,11,0,0,325611,161121,306304,36,0,0,2097.0892939346813,1.185244167962675
1658184548701,39.954002,0.62801933,0.375,0.9230769,0.24,0.32,0.7777778,1.0,0.29166666,1.0,61.600002,61.300003,60.9,61.300003,61.300003,60.9,59.9,62.600002,60.600002,62.600002,58.600002,57.9,3762917,-1637879,1075200,1075200,1075200,1075200,1075200,1075200,652800,1401600,1058,2,6,797,8,10,614,13,35,334,19,28,13,0,0,1,0,1,471,105,184,5,0,0,599580,3367,8878,449949,8920,8959,472892,15175,41037,258971,22730,35503,738,0,0,53,0,290,320103,119830,242855,118,0,0,1548.481393468118,0.9820964230171073
1658184549758,39.987003,0.75233644,0.7407407,0.5,0.5769231,0.7407407,1.0,1.0,0.4074074,1.0,61.600002,61.600002,60.600002,61.300003,61.300003,61.300003,60.600002,62.9,61.300003,62.9,58.600002,57.9,3772843,-1733399,1075200,1075200,1075200,1075200,1075200,1075200,652800,1401600,918,15,49,363,5,16,496,61,88,350,48,71,21,9,14,0,0,0,685,97,165,3,0,0,613495,8996,47826,220574,4585,13486,467385,94584,111458,325782,63864,69730,11611,27338,67814,0,0,0,435519,114898,216516,418,0,0,1552.1803229813663,1.0012422360248447
1658184550854,40.039,0.63106793,0.68,0.3846154,0.23076923,0.46153846,1.0,1.0,0.28,1.0,62.300003,61.9,61.300003,61.9,61.9,61.9,60.9,63.600002,61.9,63.9,59.300003,58.300003,3756494,-1725159,1075200,1075200,1075200,1075200,1075200,1075200,652800,1401600,576,3,13,786,5,17,573,37,44,466,46,70,3,0,1,0,0,1,491,84,230,7,0,0,356410,5397,11498,447727,4797,16205,428282,55442,54007,401987,52810,62262,30,0,632,0,0,31,376705,117389,340406,205,0,0,1547.9724513137558,0.9901700154559505
1658184551955,40.099003,0.62068963,0.4,0.8,0.35714287,0.26923078,0.92,1.0,0.28,1.0,61.9,62.300003,61.300003,61.600002,61.600002,61.9,61.300003,63.9,61.9,63.9,59.300003,58.600002,3754353,-1755982,1075200,1075200,1075200,1075200,1075200,1075200,652800,1401600,556,7,18,588,19,36,470,57,90,366,54,84,19,3,6,0,0,1,663,126,77,1,0,0,386992,4228,14689,399724,25259,37394,437347,79743,106983,353630,75375,92115,13232,6448,18848,0,0,269,388662,126465,101382,26,0,0,1550.5892043681747,0.9955444617784711
1658184553008,40.148003,0.6551724,0.47826087,0.61538464,0.33333334,0.6,1.0,1.0,0.16,1.0,62.600002,62.300003,61.300003,61.9,62.300003,62.300003,61.300003,64.3,62.600002,64.3,59.600002,58.600002,3749292,-1750489,1075200,1075200,1075200,1075200,1075200,1075200,652800,1401600,824,15,37,757,13,21,469,68,76,355,47,57,6,0,4,0,0,0,685,132,137,3,0,0,595788,16973,33712,474835,16816,26038,466144,116571,84139,321280,68234,59352,6548,0,25043,0,0,0,409874,132903,161300,107,0,0,1548.8884589147287,1.007429457364341
1658184554075,40.193,0.71497583,0.7083333,0.8,0.42307693,0.5,0.9230769,1.0,0.4642857,1.0,62.300003,62.600002,61.9,61.9,62.300003,61.9,61.300003,63.9,61.600002,63.9,59.600002,58.9,3763695,-1631776,1075200,1075200,1075200,1075200,1075200,1075200,652800,1401600,867,8,15,566,12,18,426,60,83,451,47,63,0,1,3,0,0,0,515,163,135,3,0,0,563679,7631,15237,396197,11699,24913,416737,104092,94266,387385,56763,64526,0,3605,954,0,0,0,356020,192994,191805,101,0,0,1547.034168224299,1.0088971962616822
1658184555113,40.258003,0.6502463,0.46153846,0.375,0.5,0.46153846,1.0,1.0,0.3478261,1.0,62.9,62.600002,61.600002,62.300003,62.300003,62.300003,60.9,64.3,61.600002,64.3,59.600002,58.9,3761165,-1668092,1075200,1075200,1075200,1075200,1075200,1075200,652800,1401600,708,11,28,611,7,18,514,37,72,472,36,47,49,0,2,0,0,0,422,177,164,2,0,0,484687,11461,30048,410437,6553,16167,465529,57054,91780,372445,51792,48020,25714,0,7661,0,0,0,342114,243829,235277,56,0,0,1549.8761555209953,1.0021524105754276
1658184556151,40.307003,0.684466,0.64,0.52,0.3846154,0.7307692,0.84615386,1.0,0.30769232,1.0,62.9,63.300003,61.9,62.300003,62.600002,62.600002,61.600002,64.600006,62.300003,64.600006,59.9,59.300003,3764668,-1663514,1075200,1075200,1075200,1075200,1075200,1075200,652800,1401600,638,15,34,453,11,21,468,47,74,374,51,58,10,1,6,0,0,1,598,151,108,1,0,0,472341,13267,32136,305927,14154,22325,461231,65149,91342,308282,80751,58082,9640,1263,13476,0,0,32,387013,195797,119781,30,0,0,1538.148748068006,1.0178176197836166
1658184557209,40.352,0.6878049,0.53846157,0.5555556,0.68,0.52,0.96153843,1.0,0.24,1.0,63.300003,62.9,61.9,62.9,62.9,62.9,61.9,64.600006,62.9,64.600006,60.300003,59.600002,3766809,-1712342,1075200,1075200,1075200,1075200,1075200,1075200,652800,1401600,781,4,22,738,19,34,502,71,93,294,50,68,18,0,7,0,0,1,579,123,157,4,0,0,516471,2714,20647,499161,24403,37790,512776,110824,109287,299079,77406,71056,12434,0,33516,0,0,30,381168,127282,184374,420,0,0,1546.856124610592,1.0361121495327101
1658184558245,40.397003,0.67980295,0.6086956,0.61538464,0.44,0.6666667,0.96153843,1.0,0.115384616,1.0,63.300003,63.300003,62.300003,62.9,63.300003,62.9,61.600002,64.9,62.300003,64.9,59.9,59.600002,3755326,-1674500,1075200,1075200,1075200,1075200,1075200,1075200,652800,1401600,686,7,21,588,16,31,533,52,61,479,76,75,12,1,3,0,0,0,569,84,202,1,0,0,452828,5261,25757,402231,24078,31245,484382,74492,69117,436121,106610,77541,1716,2270,7337,0,0,0,392356,96260,247041,26,0,0,1546.8460185758515,0.9813993808049535
1658184559280,40.465,0.6502463,0.5652174,0.84,0.3478261,0.28,0.96153843,1.0,0.14814815,1.0,63.300003,62.9,62.600002,62.9,62.9,62.9,61.9,64.9,62.300003,64.9,60.300003,59.300003,3776541,-1589661,1075200,1075200,1075200,1075200,1075200,1075200,652800,1401600,599,16,24,674,23,28,551,44,50,423,35,39,10,2,2,0,0,0,394,79,243,3,0,0,430091,15210,20887,434814,29343,29486,449240,67879,56686,296881,50584,42702,3116,5911,70442,0,0,0,327386,113526,357235,102,0,0,1548.8583529411765,0.9833312693498452
1658184560330,40.495003,0.64705884,0.32,0.6,0.3846154,0.64285713,0.962963,1.0,0.28,1.0,63.600002,63.600002,62.9,62.9,63.300003,62.9,61.9,65.3,62.600002,65.3,60.600002,59.600002,3768172,-1637269,1075200,1075200,1075200,1075200,1075200,1075200,652800,1401600,803,10,24,487,13,32,696,41,44,430,57,68,19,1,9,1,0,1,546,97,198,2,0,0,488005,11693,20787,336753,21258,40414,559772,51288,45749,359915,84637,66803,16056,503,61611,141,0,336,389772,130191,234631,66,0,0,1552.4021150855365,0.9943888024883358
1658184561361,40.544003,0.64356434,0.47826087,0.46153846,0.3478261,0.7307692,0.875,1.0,0.22222222,1.0,63.600002,63.600002,62.600002,63.300003,63.600002,63.300003,61.9,65.3,63.300003,65.600006,60.600002,59.600002,3762527,-1604615,1075200,1075200,1075200,1075200,1075200,1075200,652800,1401600,891,20,43,580,23,37,466,40,57,445,54,73,20,5,5,1,0,0,584,120,147,5,0,0,607897,22253,47058,414758,30094,39044,404781,50617,72363,401742,85282,78629,14779,10549,18400,86,0,0,360994,137065,168004,176,0,0,1549.2834782608695,1.0064099378881988
1658184562423,40.586002,0.65048546,0.3846154,0.37931034,0.8,0.3846154,1.0,1.0,0.28,1.0,63.600002,63.9,62.9,63.600002,63.300003,63.600002,62.600002,65.3,63.300003,65.3,60.600002,60.300003,3768172,-1737977,1075200,1075200,1075200,1075200,1075200,1075200,652800,1401600,819,10,20,758,18,27,416,41,61,477,40,54,57,4,13,1,0,0,507,139,159,3,0,0,536285,9596,21661,495514,21978,25504,378308,65315,66703,367490,48537,56528,39947,7685,67011,11,0,0,356822,161391,225627,96,0,0,1546.7906086956523,0.9831552795031056
1658184563482,40.635002,0.6453202,0.48,0.375,0.53846157,0.6923077,1.0,1.0,0.07692308,1.0,63.9,63.600002,62.9,63.300003,63.600002,63.300003,62.600002,65.600006,63.300003,65.600006,60.600002,60.300003,3756883,-1696778,1075200,1075200,1075200,1075200,1075200,1075200,652800,1401600,1009,11,46,644,24,48,393,44,55,341,45,65,37,5,5,0,0,0,603,127,150,4,0,0,666968,15551,41611,436651,33387,53121,363531,63408,64319,308424,67039,70049,28367,12631,3192,0,0,0,400637,156325,184423,128,0,0,1558.8096099843992,0.9572542901716068
1658184564518,40.661003,0.6881188,0.5769231,0.6086956,0.5,0.53846157,1.0,1.0,0.24,1.0,63.9,63.600002,62.600002,63.600002,63.600002,63.600002,62.300003,65.600006,62.9,65.600006,60.600002,59.9,3766225,-1694642,1075200,1075200,1075200,1075200,1075200,1075200,652800,1401600,712,8,15,618,22,45,495,37,53,545,53,67,11,0,1,0,0,0,450,121,199,8,0,0,439509,5064,11685,406089,30303,45866,413140,53656,64075,430123,75481,68686,695,0,23,0,0,0,345528,164503,309556,228,0,0,1551.9108180404353,0.9678631415241057
1658184565557,40.710003,0.63084114,0.96153843,0.2962963,0.16666667,1.0,0.4074074,0.96428573,0.14814815,1.0,64.3,63.9,63.300003,63.9,64.3,63.9,63.300003,65.600006,63.9,65.9,60.9,60.600002,3761943,-1761475,1075200,1075200,1075200,1075200,1075200,1075200,652800,1401600,790,9,20,843,4,7,674,28,45,371,29,42,25,0,2,1,0,1,379,62,242,2,0,0,502951,14096,20261,497405,5520,6852,505804,31328,45792,258775,37209,38298,9353,0,9108,280,0,26,322273,83095,359515,64,0,0,727.7724110929853,0.49665252854812403
1658184566705,40.752003,0.8899522,1.0,0.92,0.8888889,0.7407407,0.8076923,0.8518519,1.0,1.0,62.600002,62.9,61.9,62.600002,62.9,63.300003,62.600002,64.600006,63.300003,65.3,59.9,59.600002,3837073,-675964,1075200,1075200,1075200,1075200,1075200,1075200,652800,1401600,370,4,25,595,20,46,350,58,71,98,21,26,63,13,32,7,0,1,1008,53,94,2,0,0,266504,3352,110943,467565,30930,91149,345580,106809,254398,100401,28577,59965,66223,33973,166206,4821,0,3114,504486,96582,297113,63,0,0,0.0032716049382716045,0.0021851851851851854
1658184567900,40.767002,0.9529914,0.9310345,0.96666664,1.0,0.8148148,1.0,0.9,1.0,1.0,61.600002,61.600002,61.600002,61.9,61.9,62.300003,62.600002,63.9,63.300003,64.3,58.300003,57.9,3829288,-919190,1075200,1075200,1075200,1075200,1075200,1075200,652800,1401600,101,0,0,160,0,0,245,5,13,357,9,6,83,6,8,241,5,8,464,1,1,2,0,0,68796,0,0,106944,0,0,215270,10369,28805,276518,27790,24363,65165,4408,19412,261424,10847,8243,332893,410,1321,53,0,0,-1.0,-1.0
1658184569054,40.782,0.8935185,0.96153843,0.8076923,0.8076923,0.78571427,0.7586207,1.0,1.0,1.0,60.600002,61.300003,60.600002,61.300003,61.600002,61.9,61.600002,63.300003,61.9,63.300003,58.300003,57.9,3817610,-938721,1075200,1075200,1075200,1075200,1075200,1075200,652800,1401600,176,1,4,184,0,0,115,15,6,292,37,35,47,1,2,292,30,41,0,0,0,0,0,0,208644,373,25568,70016,0,0,78495,16297,21208,213212,64999,125659,27967,0,0,183100,76602,123879,0,0,0,0,0,0,-1.0,-1.0
1658184570253,40.759003,0.9315069,0.96428573,1.0,1.0,1.0,0.962963,1.0,0.5,1.0,60.600002,60.600002,60.300003,60.9,61.300003,61.600002,61.300003,62.9,61.9,63.300003,57.300003,57.300003,3833959,-836182,1075200,1075200,1075200,1075200,1075200,1075200,652800,1401600,78,0,0,116,0,0,281,0,0,264,0,0,165,0,0,30,0,0,19,0,0,1,0,0,46859,0,0,79859,0,0,224533,0,0,164355,0,0,164213,0,0,20580,0,0,9074,0,0,41,0,0,-1.0,-1.0
1658184571441,40.74,0.73429954,0.6296296,0.8076923,0.84,0.56,0.72,1.0,0.33333334,1.0,60.600002,60.9,60.300003,60.600002,61.300003,61.300003,60.300003,62.300003,61.300003,62.600002,56.9,56.9,3850893,-523376,1075200,1075200,1075200,1075200,1075200,1075200,652800,1401600,157,0,0,5,0,0,11,0,1,8,0,0,99,3,3,0,0,0,614,135,59,5,0,0,40377,0,0,1529,0,0,6093,0,435,4206,0,0,60702,3043,7254,0,0,0,384639,176828,95651,271,0,0,38.572112149532714,0.48262928348909656
1658184572502,40.710003,0.7414634,0.5416667,0.7916667,0.9230769,0.5185185,1.0,1.0,0.27586207,1.0,60.600002,60.600002,59.600002,60.9,60.9,60.9,59.9,61.9,60.600002,62.600002,57.600002,57.300003,3767004,-1647950,1075200,1075200,1075200,1075200,1075200,1075200,652800,1401600,289,4,13,142,7,9,243,19,26,270,27,38,160,12,19,0,0,1,439,90,94,8,0,0,203286,5262,21966,108933,9999,12967,156789,23175,48069,209106,44634,93893,99999,19388,72286,0,0,722,280499,139683,240387,223,0,0,1643.1367465007775,1.0540590979782272
1658184573536,40.699,0.7352941,0.30769232,0.5769231,0.9259259,0.6923077,1.0,1.0,0.3043478,1.0,61.600002,61.600002,60.600002,61.300003,61.600002,61.600002,60.300003,62.9,61.300003,62.9,58.300003,57.9,3768561,-1635743,1075200,1075200,1075200,1075200,1075200,1075200,652800,1401600,748,15,30,243,4,9,150,16,35,328,34,64,12,0,3,4,0,1,529,149,104,3,0,0,496335,15705,26370,140659,4620,14389,150362,18433,50430,305672,55246,107537,5283,0,7279,1687,0,1872,354905,181637,151896,66,0,0,1899.9991028037384,0.9862180685358255
1658184574573,40.703003,0.7943925,0.5833333,0.84615386,0.7407407,0.7407407,1.0,1.0,0.44444445,1.0,62.300003,62.600002,61.600002,62.300003,62.300003,61.9,60.600002,63.600002,61.600002,63.9,59.300003,58.300003,3766809,-1682435,1075200,1075200,1075200,1075200,1075200,1075200,652800,1401600,914,16,53,365,10,17,295,27,38,139,25,34,26,4,5,0,0,0,588,150,73,3,0,0,582472,16632,42217,245088,14158,20234,228628,29176,45776,146495,39684,40925,20714,7053,39971,0,0,0,366283,145556,84479,98,0,0,1549.369968847352,0.886429906542056
1658184575603,40.721,0.8516746,0.8518519,0.6923077,0.7777778,1.0,1.0,1.0,0.41666666,1.0,62.9,62.9,62.600002,62.9,62.9,63.300003,61.9,64.3,62.9,64.600006,59.9,59.300003,3759413,-1780396,1075200,1075200,1075200,1075200,1075200,1075200,652800,1401600,589,8,16,287,15,24,253,31,45,392,42,44,24,3,6,0,0,0,550,129,75,1,0,0,352854,7895,20508,178764,22077,29761,204937,49686,47695,267844,54273,47232,20579,2300,43404,0,0,0,337965,149847,93975,0,0,0,1551.528386895476,0.887163806552262
1658184576670,40.748,0.7832512,0.625,0.6923077,0.53846157,0.96,0.9583333,1.0,0.53846157,1.0,63.600002,63.600002,62.600002,63.300003,63.300003,63.300003,62.600002,64.9,62.9,65.3,59.9,59.600002,3765642,-1749268,1075200,1075200,1075200,1075200,1075200,1075200,652800,1401600,659,16,36,206,11,14,314,25,37,244,31,32,4,0,1,4,3,4,588,122,88,3,0,0,426580,21946,42309,135598,16486,12816,230511,31992,37144,190719,43321,34471,1354,0,6264,5702,6595,65760,385581,141348,124181,240,0,0,1546.8983141524104,0.89152099533437
1658184577750,40.763,0.7294686,0.76,0.5,0.65384614,0.6,1.0,1.0,0.34615386,1.0,63.600002,63.300003,62.600002,63.600002,63.600002,63.600002,62.9,64.9,63.9,65.600006,60.600002,59.9,3759413,-1744080,1075200,1075200,1075200,1075200,1075200,1075200,652800,1401600,398,4,11,272,8,14,271,25,30,296,27,44,8,1,4,2,0,0,591,142,57,1,0,0,241088,6882,8976,164781,10859,14564,215885,32159,32148,245867,31074,59296,8075,30,22830,19,0,0,368126,154385,60387,25,0,0,1552.3584898595943,0.7963057722308892
1658184578768,40.797,0.7429907,0.34615386,0.5185185,1.0,0.96,0.9230769,0.88461536,0.33333334,1.0,63.300003,63.9,63.300003,63.600002,63.600002,63.300003,62.300003,64.9,63.300003,65.3,60.600002,59.9,3756299,-1743165,1075200,1075200,1075200,1075200,1075200,1075200,652800,1401600,380,12,23,288,11,24,153,28,39,182,38,51,16,1,0,1,0,0,634,127,101,1,0,0,254712,16482,20813,223059,16037,19874,165500,43685,49379,173195,65355,49035,6071,33,0,10,0,0,403689,150308,128079,35,0,0,1546.596984423676,0.92401246105919
1658184579788,40.850002,0.8067633,0.7777778,0.7307692,0.88461536,0.5769231,0.9230769,1.0,0.5862069,1.0,63.9,64.3,63.600002,63.9,63.600002,63.600002,62.9,65.600006,63.300003,65.600006,60.9,59.600002,3757856,-1660157,1075200,1075200,1075200,1075200,1075200,1075200,652800,1401600,812,21,44,525,17,31,115,22,26,194,10,22,27,0,5,1,0,2,576,140,80,2,0,0,534485,23028,44596,360090,19979,31756,104459,39358,22363,136887,13467,29954,15027,0,28738,1345,0,26559,383129,147732,102772,42,0,0,1544.896847352025,0.8831900311526479
1658184580811,40.88,0.7819905,0.6785714,0.9166667,0.60714287,0.84615386,1.0,0.96153843,0.34615386,1.0,63.9,63.9,63.600002,64.3,64.3,63.9,63.300003,65.600006,63.9,65.9,60.9,59.9,3755715,-1731873,1075200,1075200,1075200,1075200,1075200,1075200,652800,1401600,558,4,13,336,1,4,270,25,40,345,34,42,18,3,3,2,0,0,448,151,86,0,0,0,350302,4968,12852,196652,484,5774,217018,30066,37791,271490,47274,42626,8836,3579,6638,181,0,0,308738,201900,129876,0,0,0,1552.5408198757764,0.8978881987577639
1658184581845,40.921,0.8019324,0.7037037,0.7692308,0.42307693,0.96153843,0.96,0.962963,0.5555556,1.0,64.3,64.600006,63.600002,64.3,64.3,64.3,62.9,65.600006,64.3,65.9,61.600002,60.600002,3749097,-1916200,1075200,1075200,1075200,1075200,1075200,1075200,652800,1401600,569,13,31,237,9,20,251,42,44,249,33,46,12,3,2,2,0,2,636,156,93,2,0,0,388001,11142,31074,171992,7942,26667,210004,70978,53041,199508,46091,41589,5256,5270,1917,1139,0,15406,413147,164278,125071,49,0,0,1545.0059130434784,0.9043478260869565
1658184582879,40.97,0.7609756,0.32,1.0,0.61538464,0.9583333,0.88461536,0.96153843,0.34615386,1.0,65.3,64.9,63.600002,64.600006,64.600006,64.600006,63.300003,65.9,64.3,66.600006,61.300003,60.600002,3761360,-1737977,1075200,1075200,1075200,1075200,1075200,1075200,652800,1401600,657,12,25,377,10,10,403,30,43,240,20,16,19,1,6,0,1,0,510,121,89,1,0,0,433527,13518,23359,245434,9682,9752,297184,38572,48731,161799,20929,15745,11765,2206,51857,0,531,0,320781,131931,116976,15,0,0,1549.596241435563,0.9093637846655791
1658184583926,41.012,0.7853659,0.7692308,0.5769231,0.5925926,0.96153843,1.0,1.0,0.44,1.0,64.9,64.9,63.9,64.600006,64.600006,64.600006,63.600002,65.9,64.600006,66.600006,61.300003,60.9,3757467,-1781007,1075200,1075200,1075200,1075200,1075200,1075200,652800,1401600,664,30,52,415,14,35,264,28,39,176,34,40,26,2,7,4,0,3,573,137,125,4,0,0,466095,32352,45379,299925,15846,33540,203200,33964,37182,148276,54451,48873,16211,1026,47722,3011,0,15593,379824,169019,162393,345,0,0,1542.1967875968992,0.8861767441860465
1658184584960,41.061,0.7874396,0.7037037,0.6923077,0.9230769,0.6923077,1.0,1.0,0.28,1.0,64.9,65.600006,64.3,64.3,64.9,64.9,63.9,66.3,64.9,66.600006,61.600002,60.9,3753379,-1747132,1075200,1075200,1075200,1075200,1075200,1075200,652800,1401600,587,13,25,436,20,35,378,32,44,167,10,16,15,3,3,1,1,0,490,106,127,3,0,0,373902,15343,22241,310996,27270,40364,280282,36253,47986,121529,8224,17102,6941,6248,8547,9,20,0,367726,133714,175781,96,0,0,1551.1832310077518,0.8816620155038759
1658184585985,41.106003,0.8106796,0.6086956,0.8148148,0.962963,0.56,1.0,1.0,0.53571427,1.0,64.9,65.3,64.600006,64.9,64.9,64.600006,63.9,66.600006,64.600006,66.600006,61.9,60.9,3755910,-1783143,1075200,1075200,1075200,1075200,1075200,1075200,652800,1401600,709,15,19,427,10,18,279,30,44,219,21,33,5,0,0,1,0,0,453,129,117,1,0,0,437345,16132,20494,295394,16323,19923,219093,41903,43444,178002,19300,35876,849,0,0,6,0,0,331006,171388,165814,20,0,0,1540.7844713178295,0.9081054263565891
1658184587028,41.159,0.79881656,0.54545456,0.8181818,0.95238096,0.8181818,0.8095238,1.0,0.5,1.0,65.600006,65.3,64.600006,65.3,65.3,65.3,64.3,66.600006,65.3,66.9,61.9,60.9,3745789,-1813660,1075200,1075200,1075200,1075200,1075200,1075200,652800,1401600,529,10,25,483,24,39,271,44,56,183,30,36,9,1,2,0,0,1,494,137,110,0,0,0,353170,10613,23975,330345,32468,34790,261956,69861,55733,181154,38592,42622,1816,559,3382,0,0,315,330699,180256,147326,0,0,0,1548.4951762870514,0.9364867394695787
1658184588036,41.193,0.7772277,0.8,0.75,0.8076923,0.7916667,0.88461536,0.96153843,0.15384616,1.0,65.600006,65.9,64.600006,65.600006,65.600006,65.600006,64.600006,66.9,65.600006,66.9,62.300003,61.300003,3752212,-1815797,1075200,1075200,1075200,1075200,1075200,1075200,652800,1401600,715,20,32,399,5,11,178,14,24,207,38,49,24,1,12,2,0,0,568,134,86,3,0,0,466642,22341,28172,242077,4066,10024,131459,19820,24515,218431,59906,51197,20090,2368,132360,28,0,0,390991,135591,115025,68,0,0,1552.1594009360374,0.8878127925117004
1658184589061,41.235,0.75124377,0.48,0.7083333,0.92,0.875,0.96,0.8076923,0.25,1.0,65.600006,65.9,64.9,65.3,64.600006,64.9,63.9,66.9,65.3,66.9,61.9,61.300003,3772454,-1646729,1075200,1075200,1075200,1075200,1075200,1075200,652800,1401600,446,1,3,390,9,16,410,30,44,345,25,26,23,0,3,3,0,0,434,142,131,4,0,0,271216,875,2754,228195,10457,16189,304304,32958,40388,234559,34117,30770,15834,0,34557,2458,0,0,334343,217198,196483,100,0,0,1531.2722962962964,0.910962962962963
1658184590112,41.268,0.78431374,0.7307692,0.9230769,0.61538464,0.56,1.0,1.0,0.375,1.0,65.9,65.9,65.3,65.600006,65.600006,65.3,64.3,67.3,65.3,67.3,62.300003,61.300003,3742285,-1849061,1075200,1075200,1075200,1075200,1075200,1075200,652800,1401600,787,21,36,548,20,31,206,14,21,126,16,30,4,0,5,24,0,3,599,129,87,3,0,0,525172,17873,36308,355965,28833,33394,141999,11073,30057,109003,26528,29108,6326,0,55074,12356,0,51890,382899,149865,111617,240,0,0,1549.2941337480559,0.9109300155520995
1658184591124,41.302002,0.74384236,0.48,0.7037037,0.96153843,0.7307692,0.8076923,1.0,0.18181819,1.0,65.9,66.3,65.3,65.600006,65.9,65.600006,64.600006,67.3,65.3,67.600006,62.600002,61.9,3765058,-1821595,1075200,1075200,1075200,1075200,1075200,1075200,652800,1401600,534,7,16,241,11,18,364,32,44,298,43,52,0,0,1,36,3,9,541,114,115,1,0,0,332400,8844,12251,168220,16265,16536,283178,43117,46811,290314,58358,54606,0,0,20,12502,4319,79075,354708,123811,130158,25,0,0,1551.2424510108865,0.9070482115085536
1658184592135,41.325,0.907767,0.84,1.0,1.0,0.9130435,0.96153843,1.0,0.5,1.0,65.600006,65.3,64.9,65.3,64.600006,64.9,63.9,67.3,64.3,67.3,62.300003,61.300003,3769534,-1492310,1075200,1075200,1075200,1075200,1075200,1075200,652800,1401600,587,14,33,299,9,18,374,41,73,184,27,34,36,2,6,1,0,1,604,141,61,2,0,0,415080,20079,37584,209065,12636,29245,336317,52430,85680,163369,42211,32925,29281,5496,52917,17,0,29,395858,164222,86552,43,0,0,0.0020594059405940595,6.864686468646865E-4
1658184593147,41.351,0.7688679,0.962963,0.8518519,0.4814815,0.9285714,0.89285713,0.75,0.16666667,1.0,64.3,64.9,64.3,64.9,65.600006,65.9,64.600006,66.3,64.9,66.600006,60.9,60.600002,3838825,-722961,1075200,1075200,1075200,1075200,1075200,1075200,652800,1401600,282,3,5,85,0,0,51,6,19,146,27,21,212,28,61,8,2,2,709,49,68,3,0,0,86510,0,17027,70423,0,0,39433,12054,133037,153624,42761,59680,160076,44801,253540,7081,3145,3595,243362,143798,226172,64,0,0,-1.0,-1.0
1658184594205,41.389004,0.7380952,1.0,1.0,0.33333334,0.96153843,0.33333334,1.0,0.25925925,1.0,62.600002,62.9,61.600002,62.9,62.9,62.600002,62.300003,64.9,62.9,64.9,59.300003,58.9,3826368,-1115723,1075200,1075200,1075200,1075200,1075200,1075200,652800,1401600,61,0,0,52,0,0,186,13,25,144,0,3,60,3,7,109,16,21,735,109,50,1,0,0,35805,0,0,46576,0,0,164534,27171,139359,162699,0,16301,58548,5873,15119,72425,22926,44846,422691,206390,112828,48,0,0,-1.0,-1.0
