1658434022953,31.645002,0.9195402,1.0,1.0,1.0,1.0,1.0,0.7,0.65217394,1.0,40.600002,40.9,40.300003,41.600002,41.300003,41.9,41.300003,40.9,41.9,42.300003,36.9,37.300003,3935754,-554504,1075200,1075200,1075200,1075200,1075200,1075200,652800,1401600,1897581,69246,295312,2008173,70035,283901,933200,102684,283651,922917,106888,295464,699435,66219,273616,653531,60877,268205,852002,183421,266028,317240,29711,117049,1529883724,141920084,7002022757,1624476326,137884329,7022595897,804459357,221813398,7720171782,791420172,234267494,7698600017,580190874,147622343,7764765920,549761899,136724752,7674223676,659887327,375247247,8279801872,184988821,69769878,7599984019,-1.0,-1.0
1658434024139,31.680002,0.9087452,1.0,1.0,1.0,1.0,1.0,1.0,0.2,1.0,40.9,41.600002,41.300003,41.600002,42.300003,41.600002,41.300003,42.300003,41.9,42.300003,37.9,38.300003,3916680,-866699,1075200,1075200,1075200,1075200,1075200,1075200,652800,1401600,1,0,0,6,0,0,8,0,0,5,0,0,2,0,0,63,3,0,602,21,19,5,0,1,363,0,0,1754,0,0,2984,0,0,6576,0,0,1648,0,0,101555,6732,0,347375,59112,59131,2181,0,536,-1.0,-1.0
1658434025448,31.711002,0.67420816,0.14814815,1.0,1.0,0.962963,0.9285714,0.21428572,0.074074075,1.0,41.300003,41.600002,40.9,41.600002,41.9,41.600002,41.300003,42.600002,41.9,42.9,37.9,38.300003,3934586,-581360,1075200,1075200,1075200,1075200,1075200,1075200,652800,1401600,0,0,0,0,0,0,0,0,0,13,0,0,0,0,0,2,0,0,987,116,50,0,0,0,0,0,0,0,0,0,0,0,0,4031,0,0,0,0,0,548,0,0,475324,183947,105465,0,0,0,-1.0,-1.0
1658434026683,31.737001,0.80751175,1.0,1.0,1.0,0.5185185,1.0,0.64285713,0.26923078,1.0,39.9,39.600002,38.9,39.600002,39.600002,39.9,39.300003,41.300003,39.600002,41.600002,37.300003,36.9,3944318,-527954,1075200,1075200,1075200,1075200,1075200,1075200,652800,1401600,115,2,12,102,0,0,90,4,28,25,3,11,29,0,7,23,7,21,479,162,140,0,0,0,133652,3832,111067,159559,0,0,66142,7706,409854,21803,7705,236066,13527,0,26613,32599,22060,228811,265055,331378,445608,0,0,0,-1.0,-1.0
1658434028005,31.775002,0.9353448,1.0,1.0,1.0,1.0,1.0,1.0,0.46153846,1.0,39.9,40.300003,39.9,40.600002,40.600002,40.9,40.600002,41.9,40.600002,41.9,37.600002,37.600002,3933419,-592956,1075200,1075200,1075200,1075200,1075200,1075200,652800,1401600,188,4,11,28,0,4,73,2,17,49,4,15,4,0,0,87,8,22,848,159,129,0,0,0,198938,6579,55526,69771,0,113053,44273,1524,133611,44992,7571,233320,1776,0,0,70236,22252,316947,418882,348560,377597,0,0,0,-1.0,-1.0
1658434029331,31.800001,0.7355769,0.8888889,1.0,0.4,1.0,0.5,1.0,0.11111111,1.0,41.300003,41.300003,40.9,41.600002,41.600002,41.600002,41.300003,42.600002,41.300003,42.600002,37.9,38.300003,3944708,-459595,1075200,1075200,1075200,1075200,1075200,1075200,652800,1401600,25,0,0,0,0,0,4,1,1,70,11,16,11,0,2,12,0,0,819,120,62,0,0,0,18196,0,0,0,0,0,1336,430,1780,55926,25316,40977,9427,0,1267,3388,0,0,393887,208378,139103,0,0,0,-1.0,-1.0
1658434030559,31.845001,0.84375,1.0,1.0,0.75,0.962963,0.9655172,0.88461536,0.115384616,1.0,41.300003,41.600002,41.300003,41.600002,41.9,41.9,41.600002,42.600002,42.600002,42.9,38.300003,38.300003,3938674,-570679,1075200,1075200,1075200,1075200,1075200,1075200,652800,1401600,227,0,0,0,0,0,68,15,26,108,7,17,136,7,19,4,0,1,722,117,84,15,0,1,110054,0,0,0,0,0,60056,28489,75539,43709,6517,56099,61826,13283,96806,2972,0,7773,371447,234488,212945,6056,0,538,-1.0,-1.0
1658434031701,31.874002,0.6903553,0.041666668,1.0,1.0,1.0,1.0,0.4,0.041666668,1.0,40.9,41.300003,40.600002,41.600002,41.600002,41.600002,41.300003,41.600002,41.9,42.9,37.9,38.300003,3941204,-555115,1075200,1075200,1075200,1075200,1075200,1075200,652800,1401600,160,0,0,61,12,20,36,12,21,79,6,11,46,3,6,42,4,9,534,103,94,1,0,0,38180,0,0,64522,33552,99145,44633,32254,132155,43993,13240,117602,23103,2755,6578,38070,4680,22181,298421,195237,330688,12,0,0,-1.0,-1.0
1658434032858,31.902002,0.6730769,1.0,1.0,0.16,1.0,1.0,0.2,0.03846154,1.0,41.300003,41.600002,41.300003,41.600002,41.600002,41.300003,40.600002,41.9,41.300003,42.300003,37.600002,37.9,3928942,-668335,1075200,1075200,1075200,1075200,1075200,1075200,652800,1401600,167,19,50,74,0,0,0,1,2,47,2,5,5,1,1,55,12,30,288,100,130,9,0,0,140013,39947,260697,148096,0,0,0,4377,8639,12994,3564,16686,4603,690,7522,40066,37838,432602,301771,216912,457705,228,0,0,-1.0,-1.0
1658434034019,31.947002,0.7613636,0.90909094,1.0,0.42857143,0.77272725,0.65217394,1.0,0.3043478,1.0,40.300003,39.9,39.600002,40.300003,39.9,39.600002,39.600002,41.600002,39.9,41.9,37.600002,37.600002,3956191,-337829,1075200,1075200,1075200,1075200,1075200,1075200,652800,1401600,85,0,12,44,0,0,43,10,28,1,4,6,19,7,14,57,9,14,210,119,125,0,0,0,142090,0,85395,58176,0,0,66847,20772,197721,808,17539,80445,16689,25207,180994,66197,26209,181787,163193,282841,459110,0,0,0,-1.0,-1.0
1658434035080,31.982002,0.7357513,0.9230769,1.0,0.4347826,1.0,0.32,1.0,0.09090909,1.0,40.600002,40.600002,39.9,40.300003,40.600002,40.9,40.300003,41.600002,40.9,42.300003,37.600002,37.600002,3944318,-491028,1075200,1075200,1075200,1075200,1075200,1075200,652800,1401600,42,0,0,4,0,0,182,29,26,101,12,30,162,23,56,31,7,21,205,158,112,5,0,0,30200,0,0,0,0,0,149503,48254,94788,86362,18562,78145,167502,49048,196074,36130,14625,109403,186974,349281,312376,162,0,0,-1.0,-1.0
1658434036145,32.010002,0.8251121,1.0,1.0,1.0,0.4814815,0.6296296,1.0,0.4642857,1.0,40.300003,39.9,39.9,40.600002,40.600002,40.9,40.300003,41.600002,40.300003,41.9,37.600002,37.600002,3949379,-463257,1075200,1075200,1075200,1075200,1075200,1075200,652800,1401600,52,0,0,15,0,0,144,19,51,0,0,1,100,14,44,0,0,0,157,119,136,0,0,0,104857,0,0,9028,0,0,110737,41091,608907,0,0,443,100578,30845,598255,0,0,0,146799,240760,563612,0,0,0,-1.0,-1.0
1658434037280,32.042,0.8786765,1.0,1.0,0.969697,0.8484849,0.9722222,1.0,0.12903225,1.0,39.9,39.9,39.600002,39.600002,39.9,40.300003,39.600002,41.600002,40.300003,41.9,37.600002,37.300003,3958138,-328369,1075200,1075200,1075200,1075200,1075200,1075200,652800,1401600,6,0,0,0,0,0,62,8,25,47,4,19,66,9,34,0,0,0,200,87,146,0,0,0,0,0,0,0,0,0,34223,21826,500804,47435,5606,189147,63458,14642,575903,150,0,0,130887,190149,556985,0,0,0,-1.0,-1.0
1658434038478,32.09,0.71014494,0.4,1.0,0.61538464,0.84615386,0.84615386,0.72,0.16,1.0,40.600002,40.9,39.9,40.600002,40.9,40.9,39.9,41.9,40.600002,41.9,38.300003,38.300003,3933224,-649414,1075200,1075200,1075200,1075200,1075200,1075200,652800,1401600,82,1,28,16,0,0,50,1,2,12,3,5,25,2,9,37,6,23,409,119,142,0,0,0,141055,775,249456,66168,0,0,27583,959,11073,12143,1332,35523,20277,1621,81932,34354,15946,374784,291307,195174,497905,0,0,0,9.510504672897195,0.20786292834890965
1658434039607,32.128002,0.7609756,0.6666667,1.0,0.68,0.65384614,0.84615386,0.96153843,0.25,1.0,41.300003,41.600002,40.9,41.600002,41.300003,41.300003,40.9,42.9,41.600002,42.600002,39.600002,38.9,3864712,-1365357,1075200,1075200,1075200,1075200,1075200,1075200,652800,1401600,254,21,40,63,7,13,232,21,52,68,10,24,48,5,10,58,10,14,636,91,92,0,0,0,216455,29314,99371,65178,11719,24715,195412,41043,193768,52083,25319,89044,40300,11839,53997,39997,23810,50693,466284,157574,193431,0,0,0,271.43468421052637,0.9305263157894738
1658434040670,32.16,0.7378641,0.7307692,0.6923077,0.61538464,0.7777778,1.0,0.96153843,0.083333336,1.0,42.600002,42.9,41.9,42.300003,42.300003,42.300003,41.600002,43.9,42.300003,43.9,40.600002,39.9,3864712,-1417237,1075200,1075200,1075200,1075200,1075200,1075200,652800,1401600,216,13,22,3,0,0,98,8,20,92,11,21,39,7,15,33,0,4,579,135,47,0,0,0,180192,15195,29411,1635,0,0,84485,9669,61337,85754,16800,39110,38118,16220,62937,16481,0,10348,423754,172527,75658,0,0,0,207.91453416149068,0.1808695652173913
1658434041842,32.217003,0.75247526,0.65384614,0.88,0.5,0.7083333,1.0,0.96,0.26086956,1.0,43.300003,43.300003,42.600002,42.9,43.300003,42.9,41.9,44.600002,42.600002,44.300003,40.600002,40.300003,3878142,-1209107,1075200,1075200,1075200,1075200,1075200,1075200,652800,1401600,116,7,8,60,0,2,211,58,67,150,30,58,54,11,16,75,14,17,552,185,70,0,0,0,99503,9977,12819,95566,0,2071,242335,127027,241603,154917,62728,210163,30249,33344,70980,63031,34435,66872,496994,313667,102700,0,0,0,206.93682242990656,0.16393769470404984
1658434042947,32.293003,0.7952381,0.7692308,0.88461536,0.53846157,0.7692308,1.0,0.9259259,0.4642857,1.0,43.600002,43.9,43.300003,43.600002,43.9,43.600002,43.300003,44.9,43.9,45.300003,41.600002,40.9,3854007,-1459046,1075200,1075200,1075200,1075200,1075200,1075200,652800,1401600,309,11,22,115,0,0,233,48,53,80,26,46,5,4,4,34,1,5,446,167,80,0,0,0,238285,11937,37998,76211,0,0,227287,105710,158497,100688,61789,183241,6704,8979,11426,22382,835,13254,385729,290066,149471,0,0,0,209.94916770186336,0.1621366459627329
1658434044039,32.382,0.7326733,0.88,1.0,0.3478261,0.4074074,0.96153843,1.0,0.13636364,1.0,44.300003,43.9,43.600002,44.300003,43.9,43.9,43.300003,45.300003,43.600002,45.600002,41.600002,41.600002,3869772,-1230469,1075200,1075200,1075200,1075200,1075200,1075200,652800,1401600,125,1,2,31,0,0,239,46,61,125,46,40,17,1,6,68,17,25,459,179,70,0,0,0,106320,861,4628,28101,0,0,261029,96994,119122,171579,100419,120041,10780,1438,62108,52773,33278,136154,387637,319464,139253,0,0,0,205.47452241112828,0.16138485316846984
1658434045119,32.481003,0.71707314,0.52,0.7692308,0.65384614,0.7307692,0.88,1.0,0.13043478,1.0,44.600002,44.600002,43.9,43.9,43.9,43.600002,43.300003,45.600002,43.600002,45.9,41.9,41.600002,3868215,-1357117,1075200,1075200,1075200,1075200,1075200,1075200,652800,1401600,198,6,13,166,2,5,282,77,67,121,34,54,23,3,1,21,5,8,408,180,69,0,0,0,171283,7536,18763,135729,2715,4814,333250,184296,193908,124660,75243,262266,21896,4740,5236,24512,12392,28115,357716,344396,146737,0,0,0,204.74401317957165,0.16722240527182866
1658434046160,32.58,0.70731705,0.26923078,1.0,0.5185185,0.8076923,0.9230769,0.96153843,0.13043478,1.0,44.600002,44.600002,44.300003,44.600002,44.300003,44.300003,43.600002,45.9,44.300003,45.9,41.9,41.600002,3867826,-1235352,1075200,1075200,1075200,1075200,1075200,1075200,652800,1401600,269,14,24,247,4,6,264,61,59,61,20,34,22,10,19,57,9,15,332,170,81,0,0,0,215341,16001,23163,191335,5616,10076,272686,111670,131228,77440,50141,122060,19397,25077,147317,45004,12089,31974,297504,344700,195532,0,0,0,205.21849609984397,0.1557566302652106
1658434047230,32.685,0.7198068,0.8148148,1.0,0.44444445,0.96153843,0.6296296,0.7777778,0.18518518,1.0,44.9,45.300003,44.600002,44.9,44.9,44.9,44.300003,46.300003,44.600002,46.600002,42.600002,42.300003,3876779,-1180115,1075200,1075200,1075200,1075200,1075200,1075200,652800,1401600,407,6,13,188,1,1,250,53,71,60,32,42,21,4,6,4,0,2,482,166,62,0,0,0,388853,8299,12610,166339,563,902,240081,114063,293850,83571,98919,182266,21655,10077,52701,4658,0,5970,435913,293800,130056,0,0,0,209.86065359477124,0.15837908496732025
1658434048300,32.777,0.66137564,0.8,1.0,0.45833334,0.41666666,0.73913044,0.7826087,0.08695652,1.0,45.600002,45.300003,44.9,45.300003,44.9,44.9,43.9,46.600002,44.600002,46.600002,42.9,42.600002,3867437,-1256409,1075200,1075200,1075200,1075200,1075200,1075200,652800,1401600,341,12,20,133,9,12,284,65,74,41,5,20,21,6,7,23,6,10,598,154,51,0,0,0,262282,13848,29032,131691,21145,21410,290378,134012,189898,42418,4282,97258,22399,13222,63943,38268,12496,52057,479732,261503,99934,0,0,0,209.56417391304348,0.15050931677018634
1658434049396,32.878002,0.702439,0.625,0.84,0.5555556,0.7037037,0.68,1.0,0.16,1.0,45.9,45.600002,44.9,45.300003,44.600002,44.600002,43.9,46.9,44.300003,46.9,42.9,42.300003,3878531,-1182862,1075200,1075200,1075200,1075200,1075200,1075200,652800,1401600,168,7,12,123,0,0,153,67,58,100,31,62,27,10,9,55,13,19,448,138,77,0,0,0,149155,9745,18298,128357,0,0,230058,143007,180232,99864,69348,296312,25223,27791,63836,53674,32096,56133,388667,297604,165341,0,0,0,205.22428705148207,0.18236505460218408
1658434050472,32.99,0.6699507,0.3478261,0.7692308,0.5925926,0.9230769,0.56,1.0,0.04,1.0,45.600002,45.9,44.9,45.600002,45.600002,45.9,44.9,47.300003,45.9,47.300003,43.600002,42.9,3867242,-1303711,1075200,1075200,1075200,1075200,1075200,1075200,652800,1401600,397,13,11,200,3,3,396,59,65,80,18,39,42,11,20,6,6,1,456,161,76,0,0,0,333700,17057,13897,153987,4269,4773,346303,109952,108302,101453,34966,130808,52586,30213,67518,8294,13491,2018,350208,297545,165735,0,0,0,209.5942857142857,0.1595527950310559
1658434051553,33.085003,0.68095237,0.61538464,1.0,0.34615386,0.5833333,0.9166667,0.8888889,0.0,1.0,46.300003,46.300003,44.600002,45.600002,45.300003,45.300003,44.9,47.300003,45.600002,47.300003,43.600002,42.9,3859262,-1256104,1075200,1075200,1075200,1075200,1075200,1075200,652800,1401600,333,25,22,92,8,15,185,63,57,95,30,41,49,17,20,3,0,1,413,172,102,0,0,0,314461,34098,24382,91365,9223,26623,210378,143477,186413,105158,63906,165990,58062,38848,103492,2466,0,3630,370856,321748,220233,0,0,0,206.5426065318818,0.16539968895800933
1658434052624,33.177002,0.7745098,0.6666667,0.8888889,0.5,0.84,0.96,0.96,0.36,1.0,46.600002,46.300003,45.300003,45.9,45.9,45.9,45.300003,47.9,45.600002,47.9,43.9,43.300003,3862571,-1226502,1075200,1075200,1075200,1075200,1075200,1075200,652800,1401600,310,23,30,68,0,0,235,63,74,50,17,25,109,22,26,19,4,11,387,138,85,0,0,0,275583,33847,43450,56471,0,0,271876,138226,216945,69147,43117,99288,107167,42421,52190,19821,10069,36734,302904,287399,269156,0,0,0,210.9052031007752,0.1547906976744186
1658434053705,33.282,0.7419355,0.9230769,0.65384614,0.7037037,0.53571427,0.89285713,1.0,0.15384616,1.0,46.9,46.600002,45.9,46.300003,45.9,46.300003,45.9,48.600002,46.300003,47.9,44.300003,43.600002,3861792,-1218872,1075200,1075200,1075200,1075200,1075200,1075200,652800,1401600,362,12,27,154,1,4,203,38,44,47,15,13,91,15,23,37,4,9,481,164,45,0,0,0,325922,18546,31209,127026,3178,4885,202921,65153,90456,62222,34677,36216,79606,22476,121246,27684,7387,70410,404231,301135,88756,0,0,0,209.56596273291925,0.17440993788819875
1658434054846,33.387,0.7192118,0.96153843,0.52,0.32,0.7307692,1.0,0.96,0.25,1.0,46.9,46.9,46.300003,46.9,46.9,46.9,46.300003,48.600002,46.9,48.300003,44.600002,44.300003,3862376,-1349793,1075200,1075200,1075200,1075200,1075200,1075200,652800,1401600,276,27,39,183,12,15,231,50,45,116,29,40,13,4,7,4,6,3,486,183,82,0,0,0,243910,34469,59499,162234,21412,26855,263882,102847,112012,120077,53952,136417,17375,8599,66773,3112,15820,37806,392395,322217,180756,0,0,0,208.21230482115084,0.18503265940902022
1658434055947,33.483,0.7830688,1.0,0.9583333,0.375,0.9130435,0.9166667,0.8695652,0.17391305,1.0,47.300003,47.300003,45.9,46.9,46.9,46.600002,46.300003,48.300003,47.300003,48.600002,44.600002,43.9,3861792,-1302185,1075200,1075200,1075200,1075200,1075200,1075200,652800,1401600,99,6,10,225,6,12,246,74,57,137,45,62,16,4,7,37,4,3,397,173,72,0,0,0,83494,4801,20066,187385,9187,18781,277397,162708,188192,152636,108515,232710,15075,3467,23526,27492,7744,7125,347125,321634,174730,0,0,0,209.91895489891135,0.160447900466563
1658434056994,33.585003,0.7941176,0.96153843,0.8518519,0.65384614,0.6923077,0.962963,0.9230769,0.33333334,1.0,47.300003,46.9,46.9,47.300003,46.9,46.9,46.300003,48.600002,46.9,48.9,44.600002,44.300003,3858873,-1304932,1075200,1075200,1075200,1075200,1075200,1075200,652800,1401600,123,0,1,90,0,1,274,53,67,188,38,69,5,0,4,36,7,9,435,170,57,0,0,0,85816,0,412,76217,0,1375,327553,88947,201632,188899,74182,215417,5099,0,11512,32957,17139,49430,378407,300289,124357,0,0,0,206.5187931570762,0.16756454121306374
1658434058104,33.674,0.7252252,1.0,0.30769232,0.79310346,0.7037037,1.0,0.6551724,0.35714287,1.0,47.9,47.600002,46.9,47.300003,47.600002,47.600002,46.9,48.9,47.300003,49.300003,45.300003,44.600002,3845832,-1352540,1075200,1075200,1075200,1075200,1075200,1075200,652800,1401600,119,0,0,99,0,0,208,52,69,139,39,55,47,7,21,9,3,4,674,139,63,0,0,0,98824,0,0,84715,0,0,218788,111518,235080,153696,82804,179830,37410,15618,107015,7211,3150,46403,463679,252450,140427,0,0,0,204.19646511627906,0.17994418604651163
1658434059267,33.772003,0.684466,0.36,0.8076923,1.0,0.42307693,1.0,0.8076923,0.041666668,1.0,46.600002,46.600002,45.600002,46.300003,46.600002,46.9,46.300003,48.9,47.300003,48.600002,44.9,44.300003,3918821,-386047,1075200,1075200,1075200,1075200,1075200,1075200,652800,1401600,171,8,11,259,15,19,322,53,67,130,25,41,4,1,2,25,8,15,476,147,92,0,0,0,162469,11893,9345,206578,28854,115811,335200,92698,163205,135708,51422,171033,4820,857,4790,24682,19300,113913,367623,276005,224331,0,0,0,-1.0,-1.0
1658434060394,33.871002,0.79904306,1.0,1.0,1.0,0.5769231,0.5,0.96428573,0.36,1.0,45.600002,46.300003,45.600002,46.300003,45.9,46.300003,45.300003,47.9,46.300003,47.9,43.600002,43.300003,3937895,-346374,1075200,1075200,1075200,1075200,1075200,1075200,652800,1401600,111,15,28,51,0,3,173,13,48,185,32,63,1,1,1,48,1,6,125,118,144,0,0,0,161545,33256,102114,54143,0,33209,124592,17901,242461,161904,53774,347469,420,4289,4169,28440,3825,41564,103057,288752,526639,0,0,0,-1.0,-1.0
1658434061471,33.938,0.90707964,0.96428573,1.0,0.962963,0.9285714,1.0,1.0,0.42857143,1.0,45.9,45.300003,45.300003,45.9,45.9,45.9,45.300003,47.9,45.9,47.9,43.300003,42.9,3935949,-340271,1075200,1075200,1075200,1075200,1075200,1075200,652800,1401600,115,25,48,24,5,9,32,2,18,26,6,18,75,8,18,59,9,19,153,111,109,2,0,0,161753,54592,172060,21904,14640,56821,36562,4767,112833,29392,8541,182634,49050,12729,126787,34775,16972,123023,96997,269814,463826,62,0,0,-1.0,-1.0
1658434062579,33.992,0.7352941,0.61538464,0.56,1.0,0.5,1.0,1.0,0.17391305,1.0,46.600002,46.600002,45.9,46.600002,46.600002,46.300003,45.9,47.9,46.9,48.300003,43.9,43.300003,3872497,-1109009,1075200,1075200,1075200,1075200,1075200,1075200,652800,1401600,96,4,25,7,8,9,36,7,6,39,5,10,44,3,18,6,0,7,657,78,107,0,0,0,121218,9231,195378,11866,25706,127017,25475,10121,23182,40978,7895,29256,39939,1490,259411,10773,0,118011,316088,165527,343203,0,0,0,282.78841550387597,1.4176248062015504
1658434063645,34.030003,0.6989247,0.95652175,0.95454544,1.0,0.26086956,0.28,1.0,0.1,1.0,47.300003,47.600002,46.9,47.300003,47.600002,47.600002,46.600002,48.600002,47.300003,48.9,44.600002,44.300003,3863155,-1309205,1075200,1075200,1075200,1075200,1075200,1075200,652800,1401600,516,20,25,277,8,14,23,5,8,343,45,90,21,1,5,0,0,0,497,153,72,1,0,0,402191,28121,36185,238779,9773,25427,27015,8709,30925,328258,97937,272599,8973,1842,3476,0,0,0,393829,243390,116547,37,0,0,563.9557632000001,0.3747328
1658434064658,34.103,0.71428573,0.88461536,0.5416667,0.7692308,0.42307693,0.88461536,0.96,0.2,1.0,48.600002,48.300003,47.600002,47.9,47.9,47.600002,47.300003,49.600002,47.300003,49.300003,45.600002,44.600002,3850309,-1415406,1075200,1075200,1075200,1075200,1075200,1075200,652800,1401600,547,13,20,145,4,13,34,6,6,347,67,93,41,13,28,6,2,0,458,140,82,1,0,0,376521,13406,25142,96159,5113,19038,22538,9168,10153,360760,138261,176835,49833,22507,150026,6990,1381,0,394049,214751,154046,22,0,0,412.67563862928347,0.2585420560747664
1658434065765,34.163002,0.72105265,0.9583333,0.7826087,0.9583333,0.1904762,0.5,1.0,0.24,1.0,48.300003,47.9,47.600002,48.300003,48.600002,48.600002,47.300003,49.9,47.9,49.600002,45.600002,45.300003,3851671,-1304017,1075200,1075200,1075200,1075200,1075200,1075200,652800,1401600,313,26,42,364,16,18,7,2,8,150,42,41,20,2,6,98,17,43,410,133,78,1,0,0,262605,32532,56423,288273,19148,33895,9695,4273,47768,157179,85444,111745,16084,4164,12702,98765,35969,290521,374665,277466,212606,67,0,0,412.2618452012384,0.2678885448916408
1658434066834,34.233,0.6813725,0.76,0.84615386,1.0,0.4,0.34615386,1.0,0.11111111,1.0,48.600002,48.300003,47.9,47.600002,47.9,47.9,47.300003,50.300003,47.600002,49.9,45.9,45.300003,3866464,-1250000,1075200,1075200,1075200,1075200,1075200,1075200,652800,1401600,148,8,22,228,6,9,2,1,1,273,76,106,67,21,42,13,7,9,392,171,74,1,0,0,129656,8332,41427,207851,8151,20805,1229,560,2058,286051,178861,278925,73807,56243,185035,14838,24066,55776,376035,333353,174019,46,0,0,413.7778221528861,0.2712761310452418
1658434067950,34.306,0.6937799,0.9285714,0.2962963,1.0,0.1923077,0.962963,1.0,0.083333336,1.0,48.9,48.9,48.300003,47.9,48.600002,48.300003,47.600002,50.300003,48.600002,50.300003,45.9,45.600002,3861014,-1246949,1075200,1075200,1075200,1075200,1075200,1075200,652800,1401600,188,6,9,222,7,8,3,0,3,279,52,69,144,18,32,0,0,0,290,158,101,0,0,0,148437,8171,9732,176962,9100,18142,5339,0,10686,292702,114901,141981,107953,35637,134388,0,0,0,297224,337098,276962,0,0,0,412.8905426356589,0.2721736434108527
1658434069059,34.402,0.7011494,1.0,0.875,1.0,0.8695652,0.1904762,0.4090909,0.23809524,1.0,49.300003,48.9,48.600002,48.600002,48.600002,48.300003,47.9,50.600002,48.300003,50.600002,45.9,45.9,3861014,-1358948,1075200,1075200,1075200,1075200,1075200,1075200,652800,1401600,295,7,7,325,25,30,9,2,3,258,86,112,44,8,17,0,2,2,406,167,84,0,0,0,232292,7946,9983,312808,43668,45259,7165,2328,23370,297486,192989,257966,39012,14625,181047,0,8474,9186,365219,325359,194942,0,0,0,411.0622954898911,0.27819595645412126
1658434070159,34.478,0.66853935,1.0,0.55,1.0,0.82608694,0.13043478,0.72727275,0.09090909,1.0,49.9,49.9,48.9,49.300003,49.300003,49.600002,48.9,51.300003,49.600002,51.300003,46.9,46.600002,3849530,-1523438,1075200,1075200,1075200,1075200,1075200,1075200,652800,1401600,103,6,8,256,5,7,8,3,3,231,51,61,96,19,42,136,27,54,439,144,52,3,0,0,92010,5577,12691,231196,6483,17487,9874,3662,8877,233121,100124,153028,72535,42032,166121,124368,49915,196968,373097,257178,124217,234,0,0,416.939015576324,0.2753894080996885
1658434071177,34.564003,0.6945813,1.0,0.4074074,1.0,0.24,0.9583333,0.84,0.083333336,1.0,49.9,49.9,48.9,48.600002,48.9,49.300003,48.300003,51.300003,48.9,51.300003,46.600002,45.9,3861598,-1257325,1075200,1075200,1075200,1075200,1075200,1075200,652800,1401600,185,5,11,213,21,29,0,0,0,130,54,64,86,34,56,3,1,7,385,128,97,1,0,0,191848,4686,22704,204339,35798,58269,0,0,0,158625,133213,179570,105126,83611,427867,4131,2152,55883,372811,261401,230940,20,0,0,411.3678761609907,0.2736842105263158
1658434072265,34.644,0.7570093,0.7407407,0.7,0.8888889,0.4074074,1.0,1.0,0.29166666,1.0,50.300003,49.600002,49.300003,49.600002,49.300003,49.600002,48.9,51.300003,49.300003,51.300003,46.9,46.600002,3857510,-1271058,1075200,1075200,1075200,1075200,1075200,1075200,652800,1401600,114,5,10,510,22,36,23,8,16,72,37,57,51,7,13,57,10,19,390,160,70,1,0,0,98298,8418,17224,438122,37814,64989,32761,17540,47392,100636,104180,145093,34955,7591,70705,60732,18750,96586,354149,298657,185992,23,0,0,413.93375163398696,0.2739346405228758
1658434073326,34.723003,0.7592593,0.88461536,0.56,0.962963,0.44444445,0.9230769,0.96,0.37931034,1.0,50.600002,50.300003,49.600002,49.600002,49.600002,49.9,48.9,51.9,49.600002,51.600002,47.600002,46.9,3855369,-1294251,1075200,1075200,1075200,1075200,1075200,1075200,652800,1401600,231,6,12,302,12,16,14,5,8,308,66,90,75,4,11,66,10,19,441,157,61,1,0,0,247234,6027,20250,258641,15621,25460,13048,15338,53937,316290,134142,198231,37975,8352,28710,49744,12804,78144,392120,268896,119222,30,0,0,414.02977847113885,0.3119625585023401
1658434074426,34.812,0.73170733,1.0,0.5769231,1.0,0.42307693,0.5769231,0.962963,0.30769232,1.0,50.600002,50.600002,49.600002,49.9,49.9,49.9,49.300003,51.9,50.300003,51.9,47.300003,47.300003,3861208,-1246643,1075200,1075200,1075200,1075200,1075200,1075200,652800,1401600,104,11,18,529,20,22,2,1,3,273,58,80,69,15,24,6,0,1,372,168,82,3,0,0,107513,20352,26644,450381,33428,41430,3804,24,14449,284772,124268,219272,54405,34730,119919,3396,0,4968,348936,284474,208458,108,0,0,412.04869135802466,0.2920987654320988
1658434075520,34.888,0.69902915,1.0,0.44,1.0,0.6,0.30769232,1.0,0.12,1.0,50.9,50.600002,50.300003,50.600002,50.600002,50.600002,49.9,52.300003,50.300003,52.300003,47.9,47.600002,3845248,-1340332,1075200,1075200,1075200,1075200,1075200,1075200,652800,1401600,8,0,2,567,34,48,10,1,3,365,56,78,74,12,15,5,1,1,393,173,88,1,0,0,8495,0,12738,493665,37862,64066,11463,24,5691,381904,103096,186028,53974,21544,49615,4091,1589,7016,394909,272285,176292,82,0,0,416.636335483871,0.2831483870967742
1658434076550,34.984,0.77403843,1.0,0.5769231,0.96428573,0.5,0.79310346,1.0,0.37037036,1.0,51.300003,51.300003,50.600002,50.600002,50.300003,50.9,50.300003,52.300003,50.600002,52.9,48.300003,47.300003,3849530,-1318055,1075200,1075200,1075200,1075200,1075200,1075200,652800,1401600,17,0,3,675,27,34,4,2,0,187,41,58,153,30,36,0,0,0,457,142,88,1,0,0,19596,0,7530,581577,35548,59919,3121,772,0,205267,87513,140513,130253,51967,217751,0,0,0,426708,209562,155735,33,0,0,414.48141835147743,0.28401866251944013
1658434077610,35.057003,0.7818182,0.9655172,0.5185185,0.9285714,0.6551724,0.8518519,1.0,0.30769232,1.0,51.300003,50.9,50.300003,50.600002,50.9,50.9,50.300003,52.600002,50.600002,52.600002,48.300003,47.9,3839020,-1478882,1075200,1075200,1075200,1075200,1075200,1075200,652800,1401600,22,0,0,742,38,46,30,5,8,265,58,74,42,5,10,0,0,1,354,161,124,0,0,0,14993,0,0,619129,62327,59064,33062,9319,22030,311264,126292,185748,39770,4635,31660,0,0,26,336942,322918,186051,0,0,0,416.3247925117005,0.28685179407176287
1658434078712,35.152,0.74157304,1.0,0.3478261,0.95652175,0.5,0.9047619,1.0,0.1904762,1.0,50.9,50.600002,50.600002,50.300003,50.9,50.600002,49.9,52.600002,51.300003,52.600002,48.300003,47.9,3850698,-1246338,1075200,1075200,1075200,1075200,1075200,1075200,652800,1401600,11,0,0,533,25,40,12,2,3,263,68,83,32,2,9,0,0,0,439,170,80,0,0,0,10766,0,0,455675,38371,54178,10354,2894,13946,315911,153529,206194,27105,621,23535,0,0,0,390222,323246,152856,0,0,0,413.8143602484472,0.29068322981366457
1658434079785,35.226,0.7178218,1.0,0.5,0.88461536,0.32,0.8076923,1.0,0.16666667,1.0,51.300003,50.9,50.600002,50.9,50.600002,50.600002,49.9,52.9,50.600002,52.9,48.600002,47.600002,3852255,-1305848,1075200,1075200,1075200,1075200,1075200,1075200,652800,1401600,0,0,0,646,20,32,103,15,26,245,52,66,28,1,6,0,0,0,446,153,95,0,0,0,0,0,0,516834,32569,52741,88535,26046,41550,290298,119217,175589,19626,2033,20461,0,0,0,430117,229938,166726,0,0,0,412.26201880877744,0.29015673981191226
1658434080845,35.304,0.6896552,0.92,0.53846157,0.7407407,0.48,0.65384614,1.0,0.12,1.0,51.600002,51.300003,50.9,51.300003,50.9,51.300003,50.300003,53.300003,50.9,52.9,48.600002,48.300003,3845637,-1351929,1075200,1075200,1075200,1075200,1075200,1075200,652800,1401600,0,0,1,588,26,32,29,5,13,267,49,89,113,15,27,0,0,0,486,152,63,0,0,0,0,0,4700,443799,38944,48867,24202,11680,35409,305419,81117,193149,94897,33363,168064,0,0,0,443083,239425,128781,0,0,0,414.65832098765435,0.27155555555555555
1658434081890,35.388,0.74038464,0.9259259,0.44444445,0.52,0.8888889,1.0,0.7692308,0.36,1.0,52.300003,51.9,51.300003,51.300003,51.600002,51.300003,50.600002,53.300003,51.300003,53.300003,48.600002,48.300003,3840966,-1341858,1075200,1075200,1075200,1075200,1075200,1075200,652800,1401600,34,0,1,574,24,37,93,18,30,238,58,68,31,5,16,28,1,4,396,162,85,1,0,0,22184,0,243,489466,33252,53355,91154,44958,82433,255948,125404,166629,39758,12360,125320,17217,2646,6157,377312,265767,161550,30,0,0,373.3417160686427,0.2698783151326053
1658434082933,35.47,0.65829146,0.6,0.52,0.5416667,1.0,1.0,0.53846157,0.0,1.0,51.300003,50.9,50.300003,51.300003,50.9,50.9,50.300003,52.9,50.9,52.9,48.300003,47.9,3924076,-965882,1075200,1075200,1075200,1075200,1075200,1075200,652800,1401600,4,0,0,418,14,29,88,18,20,176,30,43,9,3,6,157,8,30,465,123,75,0,0,0,14202,0,0,350077,14329,75406,78855,30075,77894,153209,53847,134267,9321,5028,27613,121456,9798,107499,336022,242894,168301,0,0,0,-1.0,-1.0
1658434083983,35.54,0.6824645,1.0,0.8518519,0.23076923,1.0,1.0,0.35714287,0.03846154,1.0,49.9,49.600002,48.600002,49.600002,49.600002,49.300003,48.9,51.300003,49.300003,51.600002,46.9,46.600002,3934976,-330810,1075200,1075200,1075200,1075200,1075200,1075200,652800,1401600,112,1,9,107,8,39,93,13,32,55,7,16,0,0,0,151,13,52,167,124,134,0,0,0,115942,282,109605,172123,22603,317343,80198,30271,200953,43737,17019,97791,0,0,0,138626,20745,296165,141807,289166,443500,0,0,0,-1.0,-1.0
1658434085063,35.615,0.7794118,1.0,0.72,1.0,1.0,1.0,0.39130434,0.0,1.0,48.600002,48.9,47.9,48.300003,48.600002,48.600002,47.600002,50.600002,48.300003,50.9,46.300003,45.600002,3933029,-310669,1075200,1075200,1075200,1075200,1075200,1075200,652800,1401600,0,0,0,18,2,12,141,16,88,0,0,0,102,12,43,77,10,27,113,114,152,0,0,0,0,0,0,26239,3675,48675,146240,35880,607975,0,0,0,88733,28692,261777,66563,16294,219738,110058,270389,634936,0,0,0,-1.0,-1.0
1658434086091,35.652,0.7184466,1.0,0.36,0.6923077,0.6666667,1.0,0.84,0.13043478,1.0,48.600002,48.600002,48.600002,48.9,49.300003,48.600002,48.300003,50.600002,48.9,50.600002,45.9,45.300003,3917264,-406494,1075200,1075200,1075200,1075200,1075200,1075200,652800,1401600,0,0,0,79,11,19,31,6,12,26,9,9,0,0,0,162,38,63,181,152,103,0,0,0,0,0,0,71462,15655,34200,25749,15217,24808,27354,27964,40476,0,0,0,148595,71215,177897,171297,333439,265005,0,0,0,2.9161716171617162,0.08458085808580858
1658434087106,35.682003,0.76616913,1.0,0.41666666,0.9259259,0.5185185,1.0,1.0,0.17391305,1.0,49.600002,49.600002,49.300003,49.600002,49.9,49.300003,48.9,51.300003,49.600002,51.300003,46.9,46.300003,3850503,-1372986,1075200,1075200,1075200,1075200,1075200,1075200,652800,1401600,0,0,0,312,16,20,54,12,14,71,9,26,12,0,3,50,6,13,627,106,86,0,0,0,0,0,0,225175,23451,28735,56120,28057,34714,63677,23059,196495,7671,0,2428,31762,10939,170755,381447,172438,156921,0,0,0,427.78980685358255,0.6977694704049844
1658434088169,35.726,0.75,0.96153843,0.4,0.5652174,0.9230769,1.0,0.9230769,0.13043478,1.0,50.9,51.300003,50.300003,50.9,50.9,50.600002,49.600002,52.300003,50.300003,52.300003,47.9,47.600002,3830650,-1436463,1075200,1075200,1075200,1075200,1075200,1075200,652800,1401600,0,0,0,721,14,29,223,30,38,174,29,37,0,0,0,31,5,15,457,126,74,2,0,0,0,0,0,615224,21197,34665,196820,53319,77244,173939,46605,78452,0,0,0,30168,8323,36044,417911,188475,121715,78,0,0,548.33175,0.46215
1658434089193,35.760002,0.7979798,0.68,0.6,0.96,0.96153843,1.0,0.9583333,0.25925925,1.0,51.600002,51.300003,50.600002,51.300003,50.9,51.300003,50.300003,52.9,50.600002,52.600002,48.600002,48.300003,3853034,-1395569,1075200,1075200,1075200,1075200,1075200,1075200,652800,1401600,5,0,2,826,27,39,225,25,54,48,17,15,15,0,2,67,10,26,516,128,73,0,0,0,4269,0,8106,628107,37857,57698,193062,27519,125323,51474,29700,30879,17408,0,4398,75849,20610,138236,412037,205322,130342,0,0,0,551.5398878504674,0.39202492211838
1658434090223,35.824,0.74396133,1.0,0.375,0.88461536,0.96153843,1.0,0.56,0.12,1.0,51.9,51.9,51.300003,51.600002,51.600002,51.600002,50.9,53.300003,51.9,53.600002,48.9,48.600002,3844080,-1534730,1075200,1075200,1075200,1075200,1075200,1075200,652800,1401600,17,0,10,616,16,29,195,32,47,161,29,49,0,0,0,31,0,4,478,134,63,0,0,0,15313,0,66223,510834,17563,47511,186142,52285,114159,165368,43897,119357,0,0,0,23721,0,8229,424401,198767,100395,0,0,0,560.3375676516329,0.3933561430793157
1658434091312,35.889,0.7751196,1.0,0.41666666,0.6666667,0.9259259,1.0,0.96153843,0.22222222,1.0,51.9,51.600002,50.9,51.300003,51.300003,51.300003,50.300003,53.300003,51.300003,53.300003,48.9,48.600002,3850309,-1342774,1075200,1075200,1075200,1075200,1075200,1075200,652800,1401600,6,0,0,754,22,35,269,39,42,68,11,15,2,1,2,56,17,20,490,158,104,0,0,0,5570,0,0,633173,28354,58666,228648,66626,92197,67568,16692,34797,33,268,2056,39262,39692,97822,448622,264676,216986,0,0,0,540.3288888888889,0.3717037037037037
1658434092467,35.963,0.785,1.0,0.7083333,0.5769231,0.5833333,1.0,1.0,0.375,1.0,52.300003,51.600002,51.600002,51.9,51.9,51.600002,50.9,53.600002,51.600002,53.600002,49.300003,48.600002,3835322,-1375428,1075200,1075200,1075200,1075200,1075200,1075200,652800,1401600,0,0,0,686,19,39,107,33,27,19,4,6,7,1,3,28,1,5,465,149,82,0,0,0,0,0,0,531739,24963,56795,119617,72218,66407,17312,5562,15055,5427,939,19039,20779,24,15646,423430,213087,164633,0,0,0,558.2687550702028,0.366028081123245
1658434093490,36.030003,0.75490195,1.0,0.3478261,0.7307692,0.8888889,1.0,0.84,0.21428572,1.0,52.9,52.9,51.600002,52.600002,52.9,52.9,51.9,53.9,52.300003,54.300003,49.600002,49.600002,3830261,-1594544,1075200,1075200,1075200,1075200,1075200,1075200,652800,1401600,14,0,2,518,9,18,333,50,74,227,33,40,3,0,1,7,1,2,364,144,75,1,0,0,8457,0,2265,423490,9726,25000,309961,101737,180812,191820,57551,78200,2365,0,1646,2820,1741,3766,319879,241915,181105,28,0,0,569.1764118564743,0.3926365054602184
1658434094529,36.101,0.7562189,1.0,0.3181818,0.68,0.8888889,1.0,0.92,0.16666667,1.0,52.9,52.300003,51.9,52.600002,52.600002,51.9,51.600002,54.300003,51.9,54.300003,49.9,49.300003,3828509,-1430359,1075200,1075200,1075200,1075200,1075200,1075200,652800,1401600,0,0,0,805,42,65,131,32,45,107,33,51,1,0,1,40,5,10,423,144,94,1,0,0,0,0,0,672352,61441,89166,134160,68948,108903,139962,75726,153108,9,0,22,43746,5792,21366,410696,258079,193578,25,0,0,575.1101614906833,0.3901614906832298
1658434095634,36.172,0.76076555,1.0,0.68,0.65384614,0.6923077,0.8888889,0.8888889,0.25925925,1.0,52.9,52.600002,51.9,52.300003,52.9,52.9,52.600002,54.600002,53.300003,54.600002,50.300003,49.600002,3840771,-1372681,1075200,1075200,1075200,1075200,1075200,1075200,652800,1401600,6,0,0,657,38,53,268,47,64,92,13,10,3,2,4,55,12,17,404,145,85,2,0,0,7802,0,0,586072,50611,69731,269656,92873,191814,85546,19142,13410,1973,4492,4818,59494,25256,59089,365858,270346,175736,97,0,0,582.1412713178295,0.3818170542635659
1658434096718,36.25,0.7892157,0.962963,0.53846157,0.7692308,0.8,0.8518519,1.0,0.32,1.0,53.300003,52.9,52.9,52.9,52.9,52.600002,51.9,54.600002,52.600002,54.9,50.600002,49.9,3834348,-1469117,1075200,1075200,1075200,1075200,1075200,1075200,652800,1401600,1,0,0,610,24,33,223,39,44,101,30,38,31,4,5,10,1,2,458,146,97,0,0,0,87,0,0,503234,35173,42829,220959,59843,84835,125909,53488,93933,25293,4229,29084,20064,791,6798,380722,241772,165424,0,0,0,593.5932710280373,0.40692834890965734
1658434097779,36.318,0.80097085,1.0,0.6818182,0.77272725,0.56,0.96153843,1.0,0.44444445,1.0,53.600002,53.600002,52.600002,53.300003,53.300003,53.600002,52.9,54.9,53.600002,54.9,50.600002,50.300003,3838241,-1458130,1075200,1075200,1075200,1075200,1075200,1075200,652800,1401600,15,3,5,716,32,44,205,46,48,101,29,36,25,7,5,1,0,0,444,135,85,2,0,0,17884,2334,16817,602421,34944,66922,212544,88796,123683,96947,65442,99768,18875,15075,33361,7,0,0,383815,239072,190610,62,0,0,600.9436012461059,0.37582554517133954
1658434098838,36.395,0.7609756,1.0,0.29166666,0.962963,0.5769231,0.96,1.0,0.24,1.0,53.9,53.9,52.9,52.9,53.600002,53.600002,52.300003,55.300003,53.300003,55.300003,50.600002,50.300003,3834738,-1448365,1075200,1075200,1075200,1075200,1075200,1075200,652800,1401600,25,3,5,577,35,54,201,39,66,184,36,48,13,2,2,1,2,4,488,143,71,1,0,0,21199,7913,20648,483187,40152,74755,206367,99540,160881,182395,71692,95015,7360,3825,7401,433,4910,25464,447040,214337,130672,30,0,0,608.3396080870917,0.37524105754276826
1658434099880,36.446003,0.7512195,0.9230769,0.5925926,0.5769231,0.8,0.88,1.0,0.26923078,1.0,54.300003,53.600002,53.300003,53.9,53.9,53.9,52.9,55.600002,53.300003,55.600002,50.9,50.300003,3826952,-1405335,1075200,1075200,1075200,1075200,1075200,1075200,652800,1401600,1,1,1,678,28,33,204,30,67,206,37,57,15,1,3,1,0,0,412,147,93,0,0,0,901,394,2489,565904,35185,44487,202285,48461,167218,201173,71566,119646,12738,298,4213,12,0,0,362884,239528,191767,0,0,0,646.7783088923557,0.38744461778471134
1658434100926,36.534,0.76303315,0.71428573,0.48,0.8076923,0.92,0.9285714,1.0,0.23076923,1.0,54.300003,53.9,53.600002,53.9,53.9,53.9,52.600002,55.600002,53.600002,55.600002,50.9,50.600002,3832402,-1470032,1075200,1075200,1075200,1075200,1075200,1075200,652800,1401600,6,2,2,570,30,44,250,54,68,186,31,42,20,7,4,3,0,4,461,135,84,2,0,0,8810,1315,10979,505509,36164,60170,241117,84613,187545,219181,45521,83221,12226,17631,17113,5331,0,14737,405058,222742,147574,73,0,0,699.7572593800978,0.4295725938009788
1658434101943,36.605003,0.75,1.0,0.5,0.7307692,0.76,0.7407407,1.0,0.2173913,1.0,54.9,53.9,53.9,54.300003,54.300003,53.9,53.600002,56.300003,53.9,55.9,51.600002,50.9,3826563,-1452942,1075200,1075200,1075200,1075200,1075200,1075200,652800,1401600,30,9,13,693,16,27,207,29,46,117,28,43,26,3,8,8,2,2,447,129,70,1,0,0,37793,17547,44603,573520,20161,33912,184384,47998,78065,133620,43240,103239,27541,8851,32021,2634,4512,5184,385630,186352,180616,34,0,0,758.911600624025,0.4458533541341653
1658434102993,36.669003,0.92788464,1.0,1.0,1.0,1.0,1.0,1.0,0.3846154,1.0,54.9,54.600002,53.9,54.300003,54.300003,54.300003,53.300003,55.9,53.9,56.300003,51.300003,51.300003,3836489,-1434632,1075200,1075200,1075200,1075200,1075200,1075200,652800,1401600,16,0,1,684,27,53,143,40,37,216,30,48,30,4,18,0,0,1,522,123,85,1,0,0,7083,0,3380,569115,31901,60752,145124,83569,80790,189162,54071,102321,31363,8011,162375,0,0,6771,442542,187797,134691,29,0,0,833.3551974317817,0.48143820224719097
1658434104036,36.75,0.74396133,1.0,0.44444445,0.5769231,0.8888889,1.0,0.8888889,0.2,1.0,55.600002,55.300003,54.300003,54.9,54.9,54.600002,53.600002,56.300003,54.300003,56.300003,51.9,51.300003,3805347,-1639405,1075200,1075200,1075200,1075200,1075200,1075200,652800,1401600,23,0,2,447,19,22,109,20,28,103,20,34,22,0,5,13,1,0,524,124,69,0,0,0,18436,0,2544,369973,26928,20414,123173,34860,52913,109804,26639,82053,21935,0,44409,6021,716,0,396080,185682,134349,0,0,0,792.5879254658385,0.5723229813664596
1658434105100,36.811,0.72115386,0.5925926,0.5555556,0.6923077,0.7307692,1.0,1.0,0.16666667,1.0,55.300003,54.600002,54.600002,54.9,54.9,54.600002,53.9,56.9,54.600002,56.600002,52.300003,51.600002,3839993,-1427918,1075200,1075200,1075200,1075200,1075200,1075200,652800,1401600,7,3,1,680,30,50,149,28,50,105,30,35,10,5,11,36,1,6,397,152,86,0,0,0,10195,1028,1530,585194,37101,56262,161658,59218,102221,119274,54321,83078,14147,11100,69540,32429,1693,13489,351634,244984,179159,0,0,0,726.8358071539657,0.41858786936236386
1658434106143,36.895,0.7512195,0.9583333,0.7692308,0.96153843,0.36,0.7692308,0.7692308,0.42307693,1.0,55.300003,54.9,54.300003,54.9,54.9,54.9,53.9,56.600002,54.300003,56.600002,51.9,51.300003,3840771,-1387024,1075200,1075200,1075200,1075200,1075200,1075200,652800,1401600,106,1,7,568,31,43,238,38,65,113,32,29,4,3,7,6,1,2,395,151,86,0,0,0,123478,2538,20028,505638,40612,50743,232561,82062,131917,136423,57435,69822,7119,8612,36145,5822,493,22884,357186,243650,166590,0,0,0,519.774168224299,0.34203115264797507
1658434107214,36.963,0.6788991,1.0,1.0,0.6296296,0.6666667,0.4642857,0.5714286,0.0,1.0,54.300003,54.300003,53.300003,53.9,53.9,54.300003,53.300003,55.9,53.9,55.9,51.300003,50.9,3916291,-451965,1075200,1075200,1075200,1075200,1075200,1075200,652800,1401600,43,0,0,207,0,1,140,31,39,244,36,51,62,4,7,32,3,21,510,105,81,0,0,0,33497,0,0,189582,0,2593,148352,61392,139297,225134,60272,180275,47342,4297,24999,40793,3967,95187,400928,198183,178849,0,0,0,-1.0,-1.0
1658434108327,37.041,0.6666667,0.6923077,0.03846154,1.0,1.0,0.56,1.0,0.071428575,1.0,52.300003,52.300003,51.600002,51.9,51.600002,51.9,51.300003,54.300003,51.9,54.600002,49.9,49.600002,3919405,-481872,1075200,1075200,1075200,1075200,1075200,1075200,652800,1401600,185,3,11,63,6,21,111,11,37,91,8,42,52,10,13,55,3,22,123,123,164,0,0,0,239666,5482,135610,50954,9036,115111,111183,24954,189625,77125,22526,271435,45106,28793,140507,47849,6590,162334,128629,299993,499383,0,0,0,-1.0,-1.0
1658434109432,37.091003,0.6338798,1.0,1.0,0.0,1.0,0.08695652,1.0,0.0,1.0,51.600002,51.600002,50.600002,50.9,51.300003,51.300003,50.600002,53.300003,51.300003,53.600002,48.300003,48.300003,3908116,-737610,1075200,1075200,1075200,1075200,1075200,1075200,652800,1401600,64,14,31,140,10,42,29,2,16,43,12,26,70,11,28,31,1,13,176,113,151,1,0,0,67981,38724,276576,150981,21621,199154,35364,825,78843,51416,28865,133122,61205,22625,127201,25512,515,124434,149564,252784,553885,22,0,0,-1.0,-1.0
1658434110505,37.125,0.8867925,1.0,1.0,0.65384614,1.0,1.0,1.0,0.4,1.0,51.300003,50.9,49.600002,50.9,50.600002,50.9,50.300003,52.9,50.9,52.9,48.300003,47.9,3908505,-498047,1075200,1075200,1075200,1075200,1075200,1075200,652800,1401600,19,0,0,70,6,19,31,9,22,10,3,7,64,3,17,6,0,7,110,86,133,0,0,0,14223,0,0,80776,17824,166037,27819,25139,391210,9952,9009,61155,44371,4896,250280,9201,0,127528,101229,200113,544844,0,0,0,155.90681047765796,1.1359137134052386
1658434111585,37.156002,0.7703349,1.0,0.41666666,0.5833333,0.7037037,1.0,1.0,0.42857143,1.0,52.600002,52.600002,51.9,52.9,52.600002,52.9,52.300003,53.9,52.9,53.9,49.9,49.600002,3840382,-1513062,1075200,1075200,1075200,1075200,1075200,1075200,652800,1401600,0,0,0,32,0,0,266,9,8,15,4,4,30,0,1,10,5,5,791,85,48,0,0,0,0,0,0,19710,0,0,206161,14610,30679,13576,4507,5318,15511,0,753,9177,9513,3337,376753,109450,80095,0,0,0,967.3238260869565,0.6078509316770186
1658434112659,37.173,0.73039216,1.0,0.5416667,0.41666666,0.8,1.0,1.0,0.083333336,1.0,53.600002,53.600002,52.600002,53.300003,53.300003,53.600002,52.600002,54.600002,53.300003,54.9,50.9,50.300003,3839214,-1428223,1075200,1075200,1075200,1075200,1075200,1075200,652800,1401600,12,0,0,569,27,54,416,24,48,189,26,39,8,0,2,0,0,0,492,149,64,0,0,0,9587,0,0,538118,29534,57648,394424,33901,90387,151168,42139,66278,2804,0,557,0,0,0,382463,208577,95716,0,0,0,905.5444105754276,0.5887402799377917
1658434113715,37.227,0.79357797,1.0,0.86206895,0.45833334,0.5185185,0.96153843,1.0,0.5,1.0,53.600002,53.300003,52.9,53.600002,53.600002,53.600002,52.300003,54.9,53.300003,54.9,51.300003,50.300003,3836684,-1371460,1075200,1075200,1075200,1075200,1075200,1075200,652800,1401600,15,0,1,555,16,34,523,28,34,195,34,30,10,3,4,1,0,0,394,147,149,0,0,0,12401,0,4813,440061,24087,34022,462823,44272,52547,169963,64796,42073,7764,4281,7252,13,0,0,362936,228265,239907,0,0,0,831.3945420560748,0.554018691588785
1658434114785,37.25,0.7871287,1.0,0.4,0.65384614,0.9166667,1.0,1.0,0.25,1.0,54.300003,53.9,52.9,53.9,53.9,53.9,52.9,55.600002,53.9,55.600002,51.600002,50.9,3832207,-1428528,1075200,1075200,1075200,1075200,1075200,1075200,652800,1401600,2,0,1,455,9,18,409,18,40,291,35,53,12,3,4,0,0,0,565,152,54,0,0,0,3252,0,3405,401430,7347,15310,351509,24555,70486,261402,59834,76285,6875,2834,12635,0,0,0,375847,217113,81991,0,0,0,823.8330154798762,0.5634674922600619
1658434115918,37.308002,0.8235294,1.0,0.8148148,0.71428573,0.5416667,0.962963,1.0,0.47826087,1.0,54.300003,53.9,53.600002,53.9,53.9,54.300003,53.300003,55.600002,54.300003,55.9,51.9,50.9,3825200,-1590577,1075200,1075200,1075200,1075200,1075200,1075200,652800,1401600,4,3,2,631,27,55,315,25,35,127,12,21,2,0,1,0,0,0,549,169,89,0,0,0,5059,5106,4629,589431,31849,57331,303416,48667,62199,112541,22591,44406,18,0,39,0,0,0,416307,247528,122998,0,0,0,819.6328822652757,0.5685126676602087
1658434117091,37.375,0.7326733,0.96153843,0.375,0.64,0.625,1.0,1.0,0.2173913,1.0,54.9,54.9,53.9,54.600002,54.600002,54.9,53.9,56.300003,54.300003,56.600002,52.300003,51.600002,3830066,-1500245,1075200,1075200,1075200,1075200,1075200,1075200,652800,1401600,5,1,0,275,5,15,363,17,22,170,19,20,7,4,5,1,0,0,644,146,82,0,0,0,4600,447,0,226147,7246,17121,313677,19656,33655,157698,28532,44753,4207,9013,18688,15,0,0,450509,202326,98196,0,0,0,829.2471055900621,0.5587577639751553
1658434118177,37.433002,0.7647059,1.0,0.76,0.54545456,0.3846154,1.0,1.0,0.36,1.0,54.9,54.600002,54.300003,54.600002,54.600002,54.600002,53.600002,56.600002,54.300003,56.600002,52.300003,51.9,3832986,-1414795,1075200,1075200,1075200,1075200,1075200,1075200,652800,1401600,42,1,2,373,16,36,348,25,31,268,39,57,5,0,3,1,0,0,591,158,79,0,0,0,19338,429,3796,386077,20974,41763,372413,49072,54508,268198,59797,124259,4398,0,688,12,0,0,446647,210855,96330,0,0,0,822.9238390092879,0.5480123839009288
1658434119262,37.487003,0.8672986,1.0,0.8148148,0.89285713,0.88,1.0,1.0,0.37037036,1.0,55.300003,54.600002,54.300003,54.600002,54.600002,54.9,53.9,56.600002,54.600002,56.600002,52.300003,51.600002,3825006,-1415406,1075200,1075200,1075200,1075200,1075200,1075200,652800,1401600,4,0,0,532,23,39,365,30,34,250,35,55,7,1,2,0,0,0,565,159,81,0,0,0,2136,0,0,491857,30884,55622,355961,51210,58742,270492,48822,105838,3813,511,3497,0,0,0,417721,223682,115263,0,0,0,827.4890931677019,0.5658633540372671
1658434120352,37.551003,0.7804878,0.96153843,0.7037037,0.52,0.8888889,0.9259259,1.0,0.25925925,1.0,55.300003,55.300003,54.600002,54.9,54.9,54.9,53.9,56.9,54.300003,56.600002,52.600002,51.9,3820335,-1477662,1075200,1075200,1075200,1075200,1075200,1075200,652800,1401600,13,1,2,406,25,43,248,15,22,208,18,25,5,1,1,0,0,0,576,150,87,0,0,0,12538,263,3440,411228,38334,54491,257437,21860,45148,135513,36529,43342,1861,506,2108,0,0,0,448994,187621,113575,0,0,0,824.5237267080746,0.5355031055900621
1658434121467,37.612003,0.86384976,1.0,0.84615386,0.89285713,0.8888889,0.96153843,1.0,0.32,1.0,55.600002,55.300003,54.9,55.300003,55.300003,55.300003,54.300003,56.9,54.9,56.9,52.600002,51.9,3836295,-1473084,1075200,1075200,1075200,1075200,1075200,1075200,652800,1401600,28,1,6,330,13,28,366,30,29,161,26,34,53,3,5,0,0,0,679,147,87,0,0,0,26632,965,9210,283842,14852,29188,357864,50637,40598,164729,53690,60686,23489,3823,4204,0,0,0,452341,185327,128258,0,0,0,823.0649550387598,0.507584496124031
1658434122593,37.679,0.73170733,0.9259259,0.8076923,0.53846157,0.3846154,1.0,1.0,0.16,1.0,56.300003,55.9,55.300003,55.9,55.600002,55.600002,54.9,57.600002,55.9,57.600002,53.300003,52.9,3836295,-1541138,1075200,1075200,1075200,1075200,1075200,1075200,652800,1401600,3,1,1,79,3,2,233,20,20,107,6,5,11,2,3,0,0,0,548,165,69,1,0,0,3389,2559,635,59658,4130,1716,195635,28758,32273,85197,7046,6625,8555,2182,9274,0,0,0,370395,198079,88956,33,0,0,826.2218136645962,0.5316273291925465
1658434123673,37.757,0.7183908,0.95454544,0.25,0.6956522,0.7083333,0.95238096,1.0,0.0952381,1.0,55.9,55.600002,55.300003,55.300003,55.300003,55.600002,54.600002,57.600002,55.600002,57.600002,52.9,52.9,3828704,-1498719,1075200,1075200,1075200,1075200,1075200,1075200,652800,1401600,6,2,1,388,19,29,299,33,35,237,35,65,12,0,0,4,0,0,526,185,96,0,0,0,7174,3838,3045,351267,30606,33817,335924,59426,59605,278875,60837,121648,7469,0,0,492,0,0,417233,226838,154033,0,0,0,828.2577916018663,0.510457231726283
1658434124682,37.815002,0.77386934,1.0,0.76,0.53846157,0.5,0.9259259,1.0,0.4347826,1.0,56.300003,55.9,55.600002,55.600002,55.300003,55.9,54.600002,57.9,55.300003,57.300003,53.300003,52.600002,3829677,-1447754,1075200,1075200,1075200,1075200,1075200,1075200,652800,1401600,21,0,2,602,19,35,286,20,27,257,22,36,35,5,6,0,0,0,481,102,137,0,0,0,9506,0,8699,564048,26061,40276,278831,27698,44755,231457,25797,53394,26387,5880,14384,0,0,0,387672,136110,198204,0,0,0,827.0615479876161,0.5299814241486068
1658434125767,37.886,0.7320574,0.962963,0.32,0.71428573,0.7692308,0.84615386,1.0,0.083333336,1.0,56.300003,55.9,55.600002,56.300003,56.300003,56.300003,55.300003,57.9,55.9,57.9,53.300003,52.9,3829288,-1495057,1075200,1075200,1075200,1075200,1075200,1075200,652800,1401600,6,0,0,311,0,3,507,27,49,292,50,81,20,0,5,0,0,0,542,138,82,0,0,0,4291,0,0,232428,0,1337,463668,35378,85075,293943,97091,153960,14228,0,16813,0,0,0,388561,165771,110417,0,0,0,828.2384773790952,0.5373603744149765
1658434126833,37.960003,0.73399013,1.0,0.68,0.4814815,0.45833334,1.0,1.0,0.26923078,1.0,56.600002,56.300003,54.9,56.300003,55.600002,55.9,55.300003,57.9,55.9,57.9,53.600002,52.9,3820529,-1443787,1075200,1075200,1075200,1075200,1075200,1075200,652800,1401600,22,1,4,513,33,40,333,35,51,159,29,40,32,6,6,5,1,5,471,152,140,0,0,0,15755,974,9349,491994,40551,39990,298832,60749,91416,171079,43334,80201,17749,16376,17680,4279,2148,27971,382613,225535,187176,0,0,0,829.3302360248447,0.5148322981366459
1658434127905,38.024002,0.8755556,1.0,0.8965517,0.83870965,0.8965517,0.9655172,1.0,0.28,1.0,56.9,56.600002,55.600002,55.9,56.300003,56.600002,55.9,58.300003,56.300003,58.300003,53.9,53.300003,3818777,-1498108,1075200,1075200,1075200,1075200,1075200,1075200,652800,1401600,17,2,4,272,16,26,395,33,50,337,49,79,24,2,5,0,0,0,487,162,103,0,0,0,13969,3851,6481,288316,19835,32515,397733,61807,80089,318118,78321,163784,14121,5007,19661,0,0,0,352872,219449,173906,0,0,0,819.2113516819571,0.5266788990825688
1658434129094,38.085003,0.7826087,1.0,0.61538464,0.625,0.53846157,1.0,1.0,0.48,1.0,56.300003,56.300003,54.9,55.600002,55.9,55.9,55.300003,57.9,55.9,57.9,53.9,52.9,3833181,-1434937,1075200,1075200,1075200,1075200,1075200,1075200,652800,1401600,18,1,0,256,8,9,289,18,31,205,20,43,8,1,2,0,0,1,491,167,98,0,0,0,11264,1207,0,242196,12404,12601,273501,26701,59119,177647,37308,83193,8359,215,1649,0,0,36,369516,213915,149032,0,0,0,825.5893664596273,0.5594037267080746
1658434130188,38.153004,0.68926555,1.0,0.6956522,0.3809524,0.75,0.5,1.0,0.05263158,1.0,56.9,56.600002,55.600002,56.600002,56.600002,56.300003,55.600002,58.300003,55.9,58.300003,54.300003,53.300003,3836100,-1418763,1075200,1075200,1075200,1075200,1075200,1075200,652800,1401600,18,0,0,477,20,29,233,19,28,248,36,39,24,5,10,5,0,1,663,130,85,0,0,0,17971,0,0,468647,37200,33142,214246,26041,45796,217152,56705,69101,28982,8489,38665,2615,0,3928,471781,174760,104525,0,0,0,822.0499469578783,0.5081560062402496
1658434131227,38.213,0.776699,0.88,0.96153843,0.625,0.32,1.0,1.0,0.4,1.0,56.600002,56.300003,55.9,56.300003,56.300003,56.300003,55.600002,58.300003,56.300003,58.300003,53.9,53.300003,3837073,-1299134,1075200,1075200,1075200,1075200,1075200,1075200,652800,1401600,5,0,1,296,16,30,240,15,35,184,28,36,69,11,14,0,0,0,535,132,64,0,0,0,3972,0,1392,279844,21659,42720,216125,19696,122348,183251,48769,58276,49153,28074,75779,0,0,0,362528,195049,115827,0,0,0,-1.0,-1.0
1658434132295,38.274002,0.65363127,1.0,1.0,0.08695652,1.0,0.13043478,1.0,0.13043478,1.0,54.600002,54.600002,54.300003,54.300003,54.300003,54.9,54.300003,56.9,54.600002,56.9,51.600002,51.600002,3919015,-346374,1075200,1075200,1075200,1075200,1075200,1075200,652800,1401600,153,1,12,17,0,0,220,42,76,118,25,38,39,5,11,0,0,0,83,117,124,0,0,0,248687,560,145300,33953,0,0,231982,86342,271688,94578,51264,159502,34219,4354,48401,0,0,0,67519,294693,480761,0,0,0,-1.0,-1.0
1658434133290,38.321003,0.6859504,1.0,1.0,1.0,0.25,0.23333333,1.0,0.03448276,1.0,52.9,53.600002,53.300003,53.600002,53.300003,53.9,53.300003,55.600002,53.600002,55.9,50.9,50.300003,3877169,-865784,1075200,1075200,1075200,1075200,1075200,1075200,652800,1401600,40,0,2,0,0,0,105,7,46,48,1,31,86,1,57,0,0,0,138,94,158,0,0,0,54238,0,23873,0,0,0,98661,18502,339961,53711,3999,263563,92350,286,598446,0,0,0,144528,216527,545494,0,0,0,-1.0,-1.0
1658434134400,38.365,0.8308824,0.93939394,0.78125,0.7352941,0.85294116,1.0,1.0,0.44444445,1.0,52.9,52.600002,51.9,52.9,52.9,53.300003,52.600002,54.9,53.300003,55.300003,50.600002,49.9,3912787,-381775,1075200,1075200,1075200,1075200,1075200,1075200,652800,1401600,37,12,31,0,0,0,79,5,16,66,13,26,70,4,30,0,0,0,233,106,142,1,0,0,47590,33297,224798,0,0,0,44147,10350,112096,52323,33370,355882,66373,7897,356110,0,0,0,184339,214945,464279,27,0,0,0.007378995433789955,0.012712328767123287
1658434135584,38.372,0.7902439,0.96153843,0.46153846,0.5416667,0.96153843,1.0,1.0,0.3846154,1.0,54.300003,54.300003,53.300003,54.300003,54.300003,54.300003,53.300003,55.9,53.600002,55.600002,51.300003,50.9,3833375,-1520386,1075200,1075200,1075200,1075200,1075200,1075200,652800,1401600,112,9,42,119,1,7,120,16,19,38,8,7,24,3,11,0,0,0,586,98,120,0,0,0,98220,21737,311215,117692,1716,13393,132017,32698,54904,20857,15668,14819,18733,6361,348767,0,0,0,325422,138461,349703,0,0,0,1029.1858881987578,0.6330434782608695
1658434136609,38.392002,0.7609756,0.962963,0.37037036,0.52,1.0,0.962963,1.0,0.28,1.0,55.600002,55.600002,54.9,55.300003,55.300003,55.300003,54.300003,56.600002,54.9,56.9,52.600002,51.9,3830650,-1513367,1075200,1075200,1075200,1075200,1075200,1075200,652800,1401600,21,7,7,708,23,43,399,52,70,22,3,4,35,2,7,0,0,0,499,151,64,0,0,0,23177,10431,15383,704497,34433,50590,353436,85685,109629,17558,5225,10417,27471,1125,8661,0,0,0,370073,194316,91538,0,0,0,1206.3744099378882,0.7415652173913043
1658434137640,38.419003,0.75980395,1.0,0.34615386,0.45833334,1.0,1.0,1.0,0.26923078,1.0,56.300003,55.9,55.600002,55.9,55.600002,55.600002,54.600002,57.600002,55.9,57.600002,52.9,52.600002,3812744,-1490784,1075200,1075200,1075200,1075200,1075200,1075200,652800,1401600,30,5,14,725,29,40,470,53,79,10,4,7,32,1,2,0,0,0,609,131,55,0,0,0,33005,11946,36541,710124,34967,45551,391215,76118,122521,11566,10365,27865,19841,20,4621,0,0,0,421264,159423,78485,0,0,0,1031.656523364486,0.6343676012461058
1658434138674,38.467003,0.74371856,1.0,0.4,0.4814815,1.0,0.88,1.0,0.20833333,1.0,56.9,56.600002,55.9,56.600002,56.600002,56.300003,55.300003,57.9,55.9,58.300003,53.600002,53.300003,3820724,-1534424,1075200,1075200,1075200,1075200,1075200,1075200,652800,1401600,32,2,1,738,21,27,423,63,84,6,2,3,22,1,11,0,0,0,596,134,76,0,0,0,15256,2143,3429,689749,29775,32345,355347,110292,112422,5469,1509,6508,22196,2546,74284,0,0,0,443921,170478,100752,0,0,0,1033.1367216174183,0.6547309486780715
1658434139748,38.517002,0.74371856,0.96153843,0.29166666,0.39130434,1.0,1.0,1.0,0.17391305,1.0,57.600002,56.600002,56.600002,56.9,56.9,57.300003,56.300003,58.9,56.9,58.600002,54.300003,53.600002,3811965,-1585694,1075200,1075200,1075200,1075200,1075200,1075200,652800,1401600,60,0,0,657,23,39,391,65,95,12,3,6,19,1,6,0,0,0,584,150,66,1,0,0,44376,0,0,635155,28276,50705,366253,127945,166735,16735,6740,26593,13256,457,27042,0,0,0,431252,176835,80943,21,0,0,1036.8385780525502,0.637823802163833
1658434140787,38.568,0.75980395,0.625,0.42307693,0.76,1.0,1.0,1.0,0.34615386,1.0,57.600002,57.300003,56.600002,56.9,57.300003,56.9,55.600002,58.600002,56.300003,58.9,54.300003,53.600002,3819556,-1495362,1075200,1075200,1075200,1075200,1075200,1075200,652800,1401600,38,1,1,428,19,31,306,54,82,2,2,2,50,3,13,0,0,1,684,130,70,2,0,0,31510,3033,409,444672,28810,38981,322836,84402,136583,3541,2990,3767,26601,8222,71536,0,0,27,465991,154000,89140,57,0,0,1032.4871664074649,0.6333810264385692
1658434141812,38.619003,0.776699,0.96153843,0.46153846,0.47826087,0.9230769,0.96153843,1.0,0.32,1.0,57.600002,57.600002,56.9,57.600002,57.9,57.600002,56.9,59.300003,57.600002,59.300003,54.9,53.9,3816053,-1644288,1075200,1075200,1075200,1075200,1075200,1075200,652800,1401600,108,6,10,683,16,34,424,53,81,2,0,1,15,1,7,13,1,2,573,138,58,1,0,0,102676,10651,27401,632097,16540,42192,400692,76396,142054,2703,0,386,11581,216,39141,3116,3481,1926,389217,180237,94934,18,0,0,1023.3969155145929,0.6569093701996928
1658434142882,38.683002,0.74509805,1.0,0.3846154,0.75,1.0,1.0,0.61538464,0.24,1.0,58.300003,57.9,56.9,58.300003,58.300003,58.300003,56.9,59.300003,57.600002,59.600002,55.300003,54.300003,3789582,-1735230,1075200,1075200,1075200,1075200,1075200,1075200,652800,1401600,15,1,0,647,23,39,433,76,114,19,2,4,16,6,12,0,0,0,598,148,75,1,0,0,7383,2658,0,631031,30093,47950,400148,134644,177272,18004,1738,3021,15821,5597,48609,0,0,0,407567,185974,108965,25,0,0,1033.776049689441,0.6511304347826087
1658434143909,38.754,0.7684729,1.0,0.44444445,0.82608694,1.0,0.6923077,1.0,0.20833333,1.0,58.600002,57.600002,57.600002,57.9,57.9,57.300003,56.9,59.300003,57.600002,59.600002,54.9,54.300003,3810408,-1594239,1075200,1075200,1075200,1075200,1075200,1075200,652800,1401600,16,1,1,668,38,62,255,52,73,8,2,8,0,0,1,47,8,16,583,156,88,0,0,0,11617,2169,316,682682,55422,82877,276442,81391,134606,13438,2450,41522,0,0,32,40591,21729,153571,404037,227985,120832,0,0,0,1037.3351775700935,0.6466791277258567
1658434144944,38.815002,0.8106796,0.96,0.53846157,0.5925926,0.9259259,1.0,1.0,0.48,1.0,58.600002,58.600002,57.9,58.300003,58.600002,57.9,56.9,59.600002,57.9,59.9,55.300003,54.600002,3816831,-1552735,1075200,1075200,1075200,1075200,1075200,1075200,652800,1401600,24,0,0,680,23,33,330,48,69,0,0,0,12,1,9,18,2,8,641,133,61,2,0,0,7569,0,0,646320,32831,41445,306848,67211,111806,0,0,0,18041,533,63457,20694,3067,37095,438604,164360,98306,10,0,0,1027.7168847352025,0.6545046728971963
1658434145985,38.869003,0.81313133,0.962963,0.48,0.5652174,1.0,1.0,0.96,0.5,1.0,58.9,58.600002,57.9,58.600002,58.9,58.9,57.9,60.300003,58.300003,60.600002,55.600002,54.9,3789971,-1798096,1075200,1075200,1075200,1075200,1075200,1075200,652800,1401600,35,2,1,575,16,27,425,64,94,8,1,4,39,8,17,4,0,1,560,130,65,3,0,0,22386,2987,3037,548794,23566,27805,407826,107190,149553,8820,294,8911,38141,13600,38867,371,0,32,371737,160724,93592,50,0,0,995.7753032659409,0.6133250388802488
1658434147018,38.940002,0.75961536,1.0,0.42307693,0.42307693,0.96153843,1.0,1.0,0.3448276,1.0,59.300003,58.9,58.300003,58.9,58.9,58.9,57.9,60.300003,58.600002,60.600002,55.9,54.9,3816831,-1557313,1075200,1075200,1075200,1075200,1075200,1075200,652800,1401600,55,0,1,687,30,53,395,69,82,4,2,2,7,8,8,5,0,3,556,142,75,0,0,0,18980,0,313,686372,46446,58501,396820,109386,121251,2114,6687,4959,12402,23075,62396,5322,0,1281,399712,175795,108616,0,0,0,957.2772130637636,0.6372628304821151
1658434148049,38.991,0.79512197,1.0,0.5416667,0.6296296,0.6956522,1.0,1.0,0.44,1.0,59.300003,58.600002,58.300003,58.9,58.9,58.300003,57.9,60.300003,58.600002,60.300003,55.9,55.300003,3821892,-1527405,1075200,1075200,1075200,1075200,1075200,1075200,652800,1401600,25,6,13,618,51,71,323,71,92,18,0,1,4,4,6,21,1,2,620,137,77,1,0,0,30565,9773,43995,630705,69849,85685,335556,139099,171436,6337,0,2829,6768,14178,24412,10044,4170,15505,435867,180631,128804,25,0,0,970.2431900311526,0.6233520249221184
1658434149094,39.048,0.77,1.0,0.3478261,0.36,1.0,1.0,1.0,0.36363637,1.0,59.600002,58.9,58.600002,59.300003,58.9,58.9,57.9,60.9,58.600002,60.600002,55.9,55.300003,3805153,-1701661,1075200,1075200,1075200,1075200,1075200,1075200,652800,1401600,12,1,0,646,21,26,430,55,94,42,6,8,1,0,2,35,4,5,574,128,67,2,0,0,12431,25,0,649210,26775,34187,398587,81600,150070,39824,17372,23646,7,0,13151,19907,4669,11053,377293,172492,91713,46,0,0,972.2582395023328,0.606208398133748
1658434150124,39.102,0.7621359,1.0,0.46153846,0.33333334,1.0,0.96,1.0,0.42307693,1.0,59.9,59.300003,58.300003,59.300003,59.600002,59.300003,57.9,60.600002,58.9,60.9,56.300003,55.600002,3807294,-1548157,1075200,1075200,1075200,1075200,1075200,1075200,652800,1401600,22,0,0,670,19,33,434,66,101,3,3,4,5,4,7,3,1,0,596,128,64,1,0,0,20537,0,0,649104,30025,40426,422709,113077,182643,2534,8647,7271,6869,9721,39228,36,243,0,425659,157861,97536,26,0,0,982.8119063962558,0.5951201248049922
1658434151147,39.163002,0.75247526,1.0,0.4,0.28,1.0,1.0,1.0,0.25,1.0,59.9,59.600002,58.9,59.600002,59.600002,59.600002,58.300003,60.9,58.9,60.9,56.300003,55.600002,3825590,-1519471,1075200,1075200,1075200,1075200,1075200,1075200,652800,1401600,15,1,4,662,21,31,378,70,110,26,3,8,11,2,5,2,0,1,548,137,75,0,0,0,13882,575,14033,617035,32438,36938,394206,142389,174888,25390,2148,29476,9592,5389,13432,73,0,260,391703,175686,101368,0,0,0,985.9177777777778,0.622074074074074
1658434152182,39.22,0.74752474,0.962963,0.28,0.44,1.0,1.0,0.88,0.2857143,1.0,59.9,59.600002,59.300003,59.600002,59.600002,59.600002,58.300003,61.300003,58.9,61.300003,56.300003,55.9,3817999,-1519776,1075200,1075200,1075200,1075200,1075200,1075200,652800,1401600,66,0,2,669,15,33,428,72,94,7,0,2,9,2,9,0,0,1,531,157,102,2,0,0,38472,0,2565,635122,20029,44454,401565,115079,147407,3129,0,1952,14031,4468,50871,0,0,23,378862,201743,126753,49,0,0,1006.2549797822705,0.6379097978227061
1658434153212,39.274002,0.76616913,0.96153843,0.375,0.27272728,0.962963,1.0,1.0,0.4,1.0,60.300003,60.300003,58.9,59.9,59.9,60.300003,59.600002,61.300003,60.300003,61.600002,56.9,55.9,3813133,-1650086,1075200,1075200,1075200,1075200,1075200,1075200,652800,1401600,55,4,9,686,42,53,318,64,100,0,0,0,0,0,1,18,0,9,637,123,72,1,0,0,50528,10442,27433,648284,69633,60817,330043,123232,171145,0,0,0,0,0,5534,10960,0,48574,439843,155383,88913,32,0,0,1021.2557770897834,0.6413869969040248
1658434154254,39.332,0.77729255,1.0,0.5714286,0.4,1.0,1.0,1.0,0.1923077,1.0,60.300003,59.9,59.300003,59.9,60.300003,60.300003,59.300003,61.300003,59.600002,61.9,57.300003,56.300003,3802039,-1784058,1075200,1075200,1075200,1075200,1075200,1075200,652800,1401600,31,3,4,657,31,53,409,74,107,30,0,3,0,2,1,3,1,5,586,134,96,6,0,1,27637,2902,9701,648077,44848,67102,404434,120174,187832,5999,0,8329,0,2380,856,2028,1433,24122,419295,161936,139499,2614,0,495,1011.2098691588784,0.6246479750778816
1658434155352,39.376003,0.6831683,0.7692308,1.0,0.083333336,1.0,0.33333334,1.0,0.16,1.0,60.300003,60.300003,59.300003,59.600002,59.600002,59.600002,58.300003,61.600002,59.300003,61.9,56.600002,56.300003,3841939,-1421204,1075200,1075200,1075200,1075200,1075200,1075200,652800,1401600,22,0,1,504,28,36,445,68,94,3,1,1,22,1,1,0,0,2,688,158,68,0,0,0,12156,0,1393,490041,34503,55520,428382,118424,153303,2050,2552,264,11135,16,7361,0,0,431,453013,200778,92144,0,0,0,0.011751552795031055,0.005826086956521739
1658434156403,39.437,0.65384614,1.0,1.0,0.045454547,1.0,0.09090909,1.0,0.0,1.0,57.9,57.9,57.300003,57.300003,57.600002,57.9,57.300003,59.9,58.300003,60.300003,54.600002,54.600002,3892156,-478515,1075200,1075200,1075200,1075200,1075200,1075200,652800,1401600,474,3,4,24,4,7,190,30,54,34,3,3,272,47,83,0,0,0,110,30,128,0,0,0,452162,11479,9549,23271,8979,6132,174177,70464,257473,21654,4850,22294,223395,86423,272980,0,0,0,99622,99400,607547,0,0,0,-1.0,-1.0
1658434157423,39.464,0.7936508,1.0,1.0,0.8484849,0.75757575,0.61764705,1.0,0.15625,1.0,56.300003,56.300003,55.300003,55.9,55.9,56.300003,55.300003,58.600002,56.300003,58.600002,53.600002,52.9,3911425,-359192,1075200,1075200,1075200,1075200,1075200,1075200,652800,1401600,50,0,3,0,0,0,238,47,104,4,2,1,97,13,45,0,0,0,95,78,144,0,0,0,89097,0,14185,0,0,0,229365,101634,493926,5504,2618,5064,97734,29786,423830,0,0,0,87402,211234,636574,0,0,0,-1.0,-1.0
1658434158553,39.480003,0.86893207,0.96428573,1.0,0.7777778,1.0,0.7692308,1.0,0.41666666,1.0,56.300003,55.9,55.300003,55.600002,55.600002,56.300003,55.300003,57.9,55.9,57.9,53.300003,52.600002,3912398,-362549,1075200,1075200,1075200,1075200,1075200,1075200,652800,1401600,6,0,0,0,0,0,12,0,6,11,5,12,145,24,64,102,1,32,203,103,149,0,0,0,11956,0,0,27,0,0,8175,0,37571,12913,13451,148543,114442,62070,397645,79908,681,310183,140964,234818,480911,0,0,0,0.003897125567322239,0.005785173978819969
1658434159615,39.494003,0.91284406,1.0,0.9230769,0.8148148,1.0,1.0,1.0,0.5769231,1.0,56.300003,56.600002,55.9,56.600002,56.600002,56.600002,55.600002,57.9,56.600002,58.300003,53.300003,52.9,3832402,-1371766,1075200,1075200,1075200,1075200,1075200,1075200,652800,1401600,76,0,0,25,0,0,57,13,15,9,0,0,63,4,21,69,23,50,582,47,45,0,0,0,22901,0,0,25363,0,0,59652,32764,36092,2867,0,0,52799,6818,478444,84033,56734,301415,274859,70949,461493,0,0,0,1217.2242229102167,0.9186377708978328
1658434160743,39.521004,0.79908675,0.96428573,0.4814815,0.5,1.0,1.0,1.0,0.4827586,1.0,57.300003,57.300003,56.600002,57.300003,56.9,56.9,56.300003,58.600002,56.600002,58.9,54.9,54.300003,3812744,-1633301,1075200,1075200,1075200,1075200,1075200,1075200,652800,1401600,12,0,0,268,7,9,299,19,29,5,0,2,5,1,0,0,0,0,607,74,111,0,0,0,5976,0,0,238350,8818,15979,245764,25227,72049,3291,0,4412,2302,2893,0,0,0,0,318948,98285,144708,0,0,0,1334.4871055900621,0.8571925465838509
1658434161844,39.541,0.80382776,1.0,0.5,0.5,1.0,0.962963,1.0,0.36,1.0,58.300003,57.9,56.9,57.600002,57.600002,57.600002,57.300003,59.600002,57.600002,59.600002,55.600002,54.600002,3820140,-1528321,1075200,1075200,1075200,1075200,1075200,1075200,652800,1401600,13,3,5,700,23,40,543,61,78,1,3,3,0,0,2,3,1,1,568,91,70,0,0,0,12646,4542,13417,671060,28832,36208,458644,87340,87515,22,4274,4756,0,0,55,1368,447,2205,404357,124846,89909,0,0,0,1241.9159127725857,0.8409221183800623
1658434162954,39.565002,0.79227054,0.76,0.4,0.76,1.0,0.96153843,1.0,0.42307693,1.0,58.600002,58.300003,57.9,58.300003,58.300003,58.300003,57.600002,59.9,58.300003,60.300003,55.9,55.300003,3804180,-1669617,1075200,1075200,1075200,1075200,1075200,1075200,652800,1401600,3,0,0,585,25,30,390,34,60,2,0,1,7,1,4,0,0,0,666,61,53,0,0,0,152,0,0,549588,33091,36457,368552,52833,85486,1609,0,954,5171,404,7531,0,0,0,407219,68032,74214,0,0,0,1125.217142857143,0.7625341614906832
1658434164049,39.602,0.78109455,0.875,0.47826087,0.5833333,1.0,1.0,0.92,0.33333334,1.0,59.300003,58.600002,57.9,58.9,58.600002,58.9,58.300003,60.300003,59.300003,60.600002,56.300003,55.600002,3808267,-1537476,1075200,1075200,1075200,1075200,1075200,1075200,652800,1401600,33,7,11,613,26,48,491,59,64,4,0,2,22,1,6,0,0,1,562,91,61,0,0,0,32406,13919,24784,635560,33746,50959,426632,90556,85280,765,0,6285,10590,2571,18773,0,0,4256,382980,113424,88815,0,0,0,1125.2707720930232,0.6804341085271317
1658434165126,39.639004,0.8309179,1.0,0.44,0.8518519,1.0,0.75,1.0,0.6,1.0,59.600002,58.9,58.9,58.9,58.9,58.600002,57.9,60.600002,58.9,60.9,56.600002,55.600002,3812744,-1526795,1075200,1075200,1075200,1075200,1075200,1075200,652800,1401600,29,3,4,390,18,27,283,45,55,0,0,0,1,0,0,9,3,4,652,103,61,0,0,0,20882,8877,5955,395112,24671,30484,271980,80243,92442,0,0,0,9,0,0,2747,10245,10050,451742,114240,79250,0,0,0,1133.0244984423675,0.6648224299065421
1658434166186,39.693,0.8507463,0.96153843,0.5,0.64,1.0,1.0,1.0,0.6666667,1.0,59.600002,59.300003,59.300003,59.600002,59.9,59.9,58.9,61.300003,60.300003,61.300003,57.300003,56.600002,3798341,-1656495,1075200,1075200,1075200,1075200,1075200,1075200,652800,1401600,34,6,11,663,15,19,392,46,58,10,0,1,27,4,17,0,0,0,522,86,42,0,0,0,34479,11004,21168,680711,19419,19363,322855,69269,79734,2449,0,1017,24522,7282,67049,0,0,0,351604,103001,57438,0,0,0,1145.5507120743034,0.7508606811145511
1658434167245,39.737003,0.85714287,1.0,0.5416667,0.65384614,0.96,0.96153843,1.0,0.625,1.0,59.9,59.600002,58.9,59.9,59.600002,59.600002,58.9,61.300003,59.9,61.600002,56.9,56.300003,3819167,-1543275,1075200,1075200,1075200,1075200,1075200,1075200,652800,1401600,31,1,2,627,32,46,374,71,86,3,1,2,35,8,12,0,0,0,581,92,31,0,0,0,24114,19,6024,654360,56577,53644,387520,121249,139044,2506,289,9453,30508,12839,33890,0,0,0,399720,122227,39643,0,0,0,1159.8796403100773,0.7610542635658915
1658434168291,39.788002,0.8069307,0.96428573,0.37037036,0.64,1.0,0.9259259,1.0,0.48,1.0,60.600002,60.300003,59.300003,59.600002,59.9,59.9,59.300003,61.600002,59.9,61.9,57.300003,56.600002,3813133,-1642762,1075200,1075200,1075200,1075200,1075200,1075200,652800,1401600,50,0,0,656,32,40,469,50,61,4,0,2,5,3,3,2,0,1,529,106,58,0,0,0,32256,0,0,674307,38094,45390,429848,74723,77531,5663,0,760,1995,7333,7503,326,0,33,384733,151851,89084,0,0,0,1147.8088460342144,0.703253499222395
1658434169360,39.849003,0.84236455,1.0,0.47826087,0.64,1.0,1.0,1.0,0.5769231,1.0,60.300003,60.300003,59.300003,59.9,59.9,60.300003,59.600002,61.9,60.600002,61.9,57.600002,56.600002,3805153,-1750184,1075200,1075200,1075200,1075200,1075200,1075200,652800,1401600,40,0,4,619,48,71,409,70,80,1,0,1,25,0,6,0,0,0,591,97,56,0,0,0,26177,0,6804,675107,75402,67891,431917,122169,114186,3005,297,1602,4564,0,24275,0,0,0,394518,129010,77886,0,0,0,1175.9800623052959,0.7918255451713395
1658434170454,39.893,0.7941176,1.0,0.41666666,0.61538464,1.0,1.0,1.0,0.34615386,1.0,60.300003,59.9,59.600002,59.600002,60.300003,59.9,59.600002,61.600002,60.300003,62.300003,57.600002,57.300003,3806126,-1732484,1075200,1075200,1075200,1075200,1075200,1075200,652800,1401600,27,10,9,590,28,42,366,62,69,5,1,2,6,0,2,0,0,0,589,102,71,0,0,0,25229,14992,15532,629517,41932,53594,397466,105922,104371,0,0,353,6610,0,823,0,0,0,401738,122679,89300,0,0,0,1177.8846826156298,0.7185454545454546
1658434171567,39.954002,0.8069307,1.0,0.4,0.52,1.0,1.0,1.0,0.47826087,1.0,60.9,60.600002,59.9,60.300003,60.600002,60.300003,59.600002,62.300003,60.600002,62.300003,57.600002,56.9,3790360,-1742860,1075200,1075200,1075200,1075200,1075200,1075200,652800,1401600,37,0,1,661,21,26,383,43,57,4,1,2,5,1,3,0,0,1,547,98,63,0,0,0,16998,0,626,637860,24418,27846,294904,80298,86461,3904,701,3229,4806,422,4986,0,0,416,372355,144697,77760,0,0,0,1193.7007776049766,0.7213685847589425
1658434172622,40.009003,0.8106796,1.0,0.52,0.7083333,1.0,0.78571427,1.0,0.4642857,1.0,61.300003,60.300003,59.600002,60.600002,60.9,60.9,59.600002,62.300003,60.300003,62.600002,57.9,57.300003,3810408,-1562501,1075200,1075200,1075200,1075200,1075200,1075200,652800,1401600,25,0,0,677,29,45,458,71,97,0,1,1,2,0,3,1,0,0,578,87,38,0,0,0,19984,0,0,727727,41447,51653,447485,123281,144303,0,261,6596,54,0,986,15,0,0,370966,118875,50291,0,0,0,1184.3196510903429,0.748411214953271
1658434173668,40.065002,0.8835979,1.0,0.6956522,0.9130435,1.0,0.9583333,1.0,0.5217391,1.0,61.300003,60.600002,60.300003,60.9,60.600002,60.9,59.9,62.600002,60.600002,62.9,58.300003,57.300003,3804374,-1673280,1075200,1075200,1075200,1075200,1075200,1075200,652800,1401600,27,0,2,714,26,47,382,59,68,10,0,1,25,2,7,0,0,0,613,89,31,0,0,0,11928,0,4419,705176,33807,46922,354701,104305,101180,3760,0,257,16915,3869,36092,0,0,0,429924,115227,38051,0,0,0,1211.6403665086887,0.7557661927330174
1658434174713,40.118,0.8039216,1.0,0.5,0.5925926,1.0,0.96428573,0.9259259,0.44,1.0,61.300003,60.600002,60.300003,60.9,60.9,60.9,59.600002,62.600002,60.600002,62.9,58.300003,57.600002,3811381,-1596070,1075200,1075200,1075200,1075200,1075200,1075200,652800,1401600,27,4,8,622,14,27,279,35,50,65,9,15,22,2,3,0,0,0,510,78,76,0,0,0,25111,2898,18436,585132,15840,27511,265650,49419,63491,52386,11471,20006,11732,1905,1109,0,0,0,340035,106045,94577,0,0,0,1219.5202492211838,0.7659065420560747
1658434175755,40.163002,0.8097561,1.0,0.44,0.56,0.962963,1.0,1.0,0.45833334,1.0,61.600002,61.300003,60.300003,60.9,60.9,60.9,59.9,62.9,60.9,62.9,58.300003,57.600002,3811965,-1618653,1075200,1075200,1075200,1075200,1075200,1075200,652800,1401600,8,0,0,702,28,56,414,69,88,4,0,0,19,0,4,5,1,5,578,92,41,0,0,0,357,0,0,678450,38613,72457,403348,110982,124344,5009,0,0,13450,0,13315,7150,18,11052,400638,123273,45643,0,0,0,1230.0198818040435,0.7491881804043545
1658434176803,40.224003,0.79611653,1.0,0.41666666,0.6666667,1.0,1.0,0.84,0.46153846,1.0,61.600002,61.300003,60.600002,60.9,60.9,60.9,59.9,62.9,60.600002,63.300003,58.300003,57.600002,3821892,-1603089,1075200,1075200,1075200,1075200,1075200,1075200,652800,1401600,7,2,2,693,36,63,443,64,80,10,0,0,3,2,3,0,0,1,542,125,48,0,0,0,4575,3354,2660,679952,55472,72340,432343,115614,132518,6369,0,0,1634,4335,3122,0,0,25,379808,142542,62687,0,0,0,1249.0618724727838,0.7563048211508554
1658434177877,40.291,0.8039216,1.0,0.4814815,0.61538464,1.0,1.0,1.0,0.42307693,1.0,61.600002,61.600002,60.9,61.600002,61.300003,60.9,59.9,63.300003,60.9,63.300003,58.600002,57.9,3804764,-1561890,1075200,1075200,1075200,1075200,1075200,1075200,652800,1401600,1,0,0,688,29,58,464,46,67,1,1,1,11,0,2,6,3,7,616,81,35,0,0,0,29,0,0,732873,40205,56081,404981,75159,95880,21,1098,1326,8816,0,1677,9628,14996,21370,425984,103512,48703,0,0,0,1291.5123239875388,0.7432274143302181
1658434178916,40.348003,0.7978142,0.45454547,0.9583333,0.96,0.9166667,1.0,0.52380955,0.45454547,1.0,61.9,61.300003,61.300003,61.300003,61.600002,61.300003,60.600002,63.300003,61.300003,63.300003,58.600002,57.9,3805542,-1704102,1075200,1075200,1075200,1075200,1075200,1075200,652800,1401600,0,0,0,751,21,35,414,62,85,16,0,2,0,0,0,33,3,3,591,82,32,0,0,0,0,0,0,716667,29946,45465,390884,112731,109205,5028,0,8233,0,0,0,21698,1862,9914,391831,103345,42681,0,0,0,1077.9963738317756,0.5785420560747663
1658434179954,40.405003,0.6834171,0.56,1.0,0.26923078,1.0,1.0,0.5,0.125,1.0,60.600002,60.9,59.600002,60.600002,60.600002,60.300003,59.600002,62.600002,60.300003,62.600002,57.300003,57.300003,3886706,-527649,1075200,1075200,1075200,1075200,1075200,1075200,652800,1401600,198,1,1,272,10,20,197,22,38,17,5,3,3,0,1,75,7,16,476,74,70,0,0,0,161283,2662,1104,260693,20658,90512,185821,46491,128169,19586,5209,5187,2125,0,3001,56746,8167,59916,310114,102201,178267,0,0,0,-1.0,-1.0
1658434181006,40.442,0.65700483,0.0,1.0,0.8148148,1.0,1.0,0.30769232,0.041666668,1.0,58.300003,58.9,58.300003,59.300003,58.9,58.600002,58.300003,60.9,58.9,60.9,55.600002,55.600002,3905391,-387878,1075200,1075200,1075200,1075200,1075200,1075200,652800,1401600,164,14,24,7,0,0,77,24,25,14,0,4,3,0,4,122,24,57,204,124,130,0,0,0,173819,43198,121570,11768,0,0,88765,45462,137503,11398,0,19673,5342,0,6863,123525,46824,273962,145647,277880,394694,0,0,0,-1.0,-1.0
1658434182011,40.484,0.6757991,1.0,0.5555556,0.14285715,1.0,1.0,0.64285713,0.10714286,1.0,57.300003,57.9,57.300003,57.9,57.9,57.600002,56.9,59.9,57.9,60.300003,54.9,54.600002,3907143,-364685,1075200,1075200,1075200,1075200,1075200,1075200,652800,1401600,102,8,31,0,0,0,65,9,36,0,0,0,0,0,0,154,12,55,157,99,163,0,0,0,151074,27126,190025,0,0,0,56830,32165,287492,0,0,0,0,0,0,121088,17464,466712,167839,227674,516236,0,0,0,-1.0,-1.0
1658434183085,40.495003,0.78109455,1.0,0.6666667,0.5217391,0.88461536,0.8,1.0,0.29166666,1.0,56.9,56.600002,56.600002,57.300003,57.300003,56.9,56.300003,59.300003,56.9,59.600002,54.300003,53.600002,3910646,-378723,1075200,1075200,1075200,1075200,1075200,1075200,652800,1401600,44,9,20,34,1,5,62,5,21,20,1,1,2,1,0,60,8,27,184,127,129,1,0,0,39179,14260,110593,90374,4335,60908,32708,17760,295521,8555,1144,1246,733,51,0,51698,25037,235977,116899,292263,409769,46,0,0,2.0700124223602483,0.06105590062111801
1658434184126,40.499,0.8712871,1.0,0.7037037,0.8333333,1.0,1.0,1.0,0.46153846,1.0,57.9,57.9,56.9,57.600002,57.9,57.9,56.9,59.600002,57.600002,59.9,55.300003,54.600002,3816831,-1500550,1075200,1075200,1075200,1075200,1075200,1075200,652800,1401600,6,0,0,119,12,17,157,25,17,41,1,6,32,3,11,13,3,12,860,82,70,0,0,0,6887,0,0,133644,17203,281950,181560,54724,42577,21028,808,19406,24484,3481,42852,15121,1349,172378,373930,100807,195971,0,0,0,957.5693312788906,0.6403451463790446
1658434185214,40.503002,0.8606965,1.0,0.64,0.8636364,1.0,1.0,1.0,0.39130434,1.0,59.300003,59.300003,58.600002,58.9,58.9,59.300003,57.9,60.300003,58.9,60.600002,56.600002,55.9,3810213,-1695557,1075200,1075200,1075200,1075200,1075200,1075200,652800,1401600,6,0,0,428,11,17,409,29,44,119,14,30,3,1,3,6,0,4,426,129,98,0,0,0,50,0,0,445446,16480,19387,374825,41152,78394,109578,19742,66947,5339,2456,6106,6120,0,13740,306852,167070,125747,0,0,0,2083.3700246913577,1.454716049382716
1658434186291,40.510002,0.8866995,1.0,0.84,0.88,1.0,1.0,1.0,0.33333334,1.0,60.600002,60.600002,59.600002,60.300003,60.300003,59.9,59.300003,61.600002,60.300003,61.9,57.600002,56.9,3802039,-1816407,1075200,1075200,1075200,1075200,1075200,1075200,652800,1401600,0,0,0,516,1,5,472,3,12,15,0,3,0,0,1,7,0,2,586,93,96,0,0,0,0,0,0,442149,981,6240,362345,3231,14830,1775,0,1039,0,0,415,570,0,466,333385,101426,110651,0,0,0,1442.0419659969086,0.9088098918083461
1658434187393,40.556004,0.7970297,1.0,0.45454547,0.8,0.8076923,1.0,1.0,0.32,1.0,60.9,60.600002,59.600002,60.300003,60.300003,59.9,59.300003,61.9,59.600002,61.9,57.9,57.300003,3810992,-1576234,1075200,1075200,1075200,1075200,1075200,1075200,652800,1401600,0,0,0,473,10,24,354,19,37,27,1,2,0,0,0,6,0,2,610,148,114,0,0,0,0,0,0,474429,12892,27134,324312,25028,56610,10554,563,1811,0,0,0,1313,0,364,409970,173838,134832,0,0,0,1449.153393468118,0.8999315707620529
1658434188470,40.59,0.8829268,1.0,0.7083333,0.7083333,1.0,1.0,1.0,0.6666667,1.0,61.300003,61.300003,60.300003,60.9,60.600002,60.600002,59.600002,62.300003,60.600002,62.600002,58.300003,57.600002,3807488,-1634827,1075200,1075200,1075200,1075200,1075200,1075200,652800,1401600,6,0,2,644,12,30,424,24,42,56,8,13,5,3,1,1,1,0,571,119,102,0,0,0,4043,0,5989,637976,15170,29893,388194,33792,58780,43925,7591,14477,2312,7340,405,7,327,0,376938,128530,130324,0,0,0,1436.9492179289027,0.9110850077279753
1658434189563,40.627003,0.8516746,1.0,0.65384614,0.6,1.0,1.0,1.0,0.61538464,1.0,61.9,61.300003,60.600002,60.9,61.300003,60.9,60.300003,62.9,60.9,63.300003,58.600002,57.9,3810213,-1634827,1075200,1075200,1075200,1075200,1075200,1075200,652800,1401600,1,0,0,433,6,7,417,24,33,28,0,0,3,0,1,2,0,1,470,109,91,0,0,0,2763,0,0,384908,6449,7306,368739,27994,42669,15510,0,0,28,0,8398,281,0,463,316503,142496,121630,0,0,0,1446.4525038880247,0.8792286158631415
1658434190622,40.669003,0.7980769,1.0,0.48,0.7307692,0.72,1.0,1.0,0.39130434,1.0,61.9,61.9,60.9,61.300003,61.600002,61.300003,60.600002,63.300003,60.9,63.300003,58.9,58.300003,3808851,-1601868,1075200,1075200,1075200,1075200,1075200,1075200,652800,1401600,0,0,0,633,10,20,432,31,53,60,6,4,2,2,1,4,0,0,499,127,106,0,0,0,0,0,0,567860,13155,23272,428932,48777,70464,27331,4468,4224,1255,3865,880,763,0,0,349031,140659,134522,0,0,0,1450.478956521739,0.9366459627329192
1658434191680,40.710003,0.8325123,1.0,0.5416667,0.68,0.88461536,1.0,1.0,0.45833334,1.0,62.300003,61.600002,61.600002,61.9,61.9,61.600002,60.600002,63.600002,61.600002,63.600002,59.300003,58.600002,3797562,-1707764,1075200,1075200,1075200,1075200,1075200,1075200,652800,1401600,1,0,0,666,19,44,452,29,57,115,14,18,0,0,0,1,0,1,581,116,82,0,0,1,28,0,0,655289,25931,55313,422579,37428,69902,86732,17880,23036,0,0,0,256,0,33,380504,123269,106876,0,0,526,1446.17415576324,0.859214953271028
1658434192773,40.771004,0.8490566,1.0,0.65384614,0.71428573,1.0,1.0,1.0,0.4,1.0,62.300003,61.9,61.300003,61.9,61.9,61.9,61.600002,63.600002,61.9,63.9,59.600002,58.600002,3794642,-1794740,1075200,1075200,1075200,1075200,1075200,1075200,652800,1401600,0,1,1,583,10,19,397,23,36,53,8,12,1,0,1,3,1,1,504,136,118,0,0,0,0,465,6327,566182,14053,19312,383783,37143,43982,41844,4871,12770,107,0,404,487,27,346,337593,155678,170441,0,0,0,1440.3233736434108,0.8017860465116279
1658434193902,40.831,0.815534,1.0,0.5833333,0.5,1.0,1.0,1.0,0.36,1.0,62.300003,61.9,61.300003,61.9,61.600002,61.9,60.9,63.9,61.9,63.9,59.600002,58.300003,3805153,-1801453,1075200,1075200,1075200,1075200,1075200,1075200,652800,1401600,1,0,0,461,8,18,339,16,27,28,0,1,4,0,1,1,0,0,540,111,115,0,0,0,539,0,0,462930,9078,21003,316619,22983,28939,8075,0,1893,811,0,36,11,0,0,345477,131533,147085,0,0,0,1444.2442236024845,0.9153291925465838
1658434194998,40.876003,0.84689,1.0,0.72,0.625,1.0,1.0,0.96428573,0.4642857,1.0,62.300003,62.300003,61.600002,61.9,61.9,61.9,61.300003,64.3,61.9,63.9,59.600002,58.9,3807099,-1588135,1075200,1075200,1075200,1075200,1075200,1075200,652800,1401600,1,0,0,511,16,18,420,25,43,44,1,1,10,0,1,0,0,0,569,137,101,0,0,0,21,0,0,501473,22089,20847,378096,38113,53979,11273,382,776,4636,0,631,0,0,0,375149,172007,125276,0,0,0,1447.0830654205606,0.9207725856697819
1658434196116,40.936,0.7970297,1.0,0.5,0.625,0.96153843,0.96153843,1.0,0.29166666,1.0,62.600002,62.300003,61.600002,62.300003,61.9,62.300003,61.300003,63.600002,62.300003,64.3,59.600002,58.9,3816636,-1574097,1075200,1075200,1075200,1075200,1075200,1075200,652800,1401600,0,0,0,560,9,19,415,22,42,15,1,1,5,1,1,2,0,1,591,133,97,0,0,0,0,0,0,520813,14179,20317,413085,37424,51522,809,472,600,1626,370,8067,1302,0,7775,388240,139441,119090,0,0,0,1448.5313592534992,0.8074152410575427
1658434197211,40.989002,0.7970297,1.0,0.5,0.5,1.0,1.0,1.0,0.28,1.0,62.9,62.600002,61.600002,62.300003,62.300003,62.300003,61.300003,64.600006,62.300003,64.3,59.9,58.9,3803985,-1576234,1075200,1075200,1075200,1075200,1075200,1075200,652800,1401600,3,0,0,562,21,29,416,23,55,37,0,2,4,3,1,1,0,0,555,116,95,0,0,0,180,0,0,558749,25417,34096,434669,34634,70953,15982,0,3833,2811,3043,2077,8,0,0,365379,127768,128271,0,0,0,1443.2476765163299,0.8876391912908242
1658434198327,41.050003,0.75980395,1.0,0.4,0.47826087,0.8076923,1.0,1.0,0.28,1.0,63.300003,62.600002,61.9,62.9,62.600002,62.600002,62.300003,64.600006,62.9,64.600006,60.300003,59.300003,3806321,-1685181,1075200,1075200,1075200,1075200,1075200,1075200,652800,1401600,1,0,0,480,14,20,472,22,35,19,1,0,4,1,4,2,0,2,484,127,110,0,0,0,9,0,0,446933,19545,26091,436641,26097,43365,2783,398,0,2608,2074,6669,1145,0,1064,314529,143226,165414,0,0,0,1428.4762584615382,0.9024
1658434199418,41.118004,0.78640777,1.0,0.44,0.41666666,1.0,1.0,1.0,0.36,1.0,62.9,62.600002,62.300003,62.600002,62.9,62.600002,61.300003,64.600006,61.9,64.600006,59.9,59.300003,3799703,-1616212,1075200,1075200,1075200,1075200,1075200,1075200,652800,1401600,1,0,0,678,21,43,331,20,41,133,21,24,2,0,3,3,0,0,597,148,98,0,0,0,198,0,0,652686,28037,49462,340217,32269,53434,110839,29916,28322,637,0,91,26,0,0,395504,158990,125208,0,0,0,1446.190753894081,0.8872772585669781
1658434200516,41.174004,0.86255926,1.0,0.5833333,0.6666667,1.0,0.962963,1.0,0.65384614,1.0,63.300003,63.300003,61.9,62.600002,62.600002,62.600002,61.600002,64.600006,62.600002,64.9,60.600002,59.600002,3809046,-1736146,1075200,1075200,1075200,1075200,1075200,1075200,652800,1401600,1,0,0,515,9,16,368,20,29,179,13,24,2,0,2,0,0,0,560,111,121,0,0,0,17,0,0,504475,10960,17181,339812,26927,40685,120979,14886,28821,304,0,473,0,0,0,346622,138317,147502,0,0,0,1446.4528051118211,0.8612396166134185
1658434201614,41.231003,0.8109453,1.0,0.45833334,0.47826087,0.96,1.0,1.0,0.45833334,1.0,63.600002,62.9,62.300003,62.9,62.9,62.9,61.9,65.3,62.600002,64.9,60.600002,59.600002,3783548,-1772767,1075200,1075200,1075200,1075200,1075200,1075200,652800,1401600,0,0,0,565,4,11,413,22,41,13,1,1,8,0,2,1,0,1,533,151,89,0,0,0,0,0,0,542958,6480,12378,396861,31969,52479,1306,715,464,3959,0,999,49,0,35,343533,161801,91457,0,0,0,1435.7324760432766,0.9200865533230294
1658434202740,41.284,0.9134199,1.0,1.0,0.8965517,1.0,0.9655172,1.0,0.4074074,1.0,63.9,63.600002,62.9,63.300003,63.300003,63.600002,62.9,64.9,62.9,65.600006,60.9,60.300003,3795226,-1665040,1075200,1075200,1075200,1075200,1075200,1075200,652800,1401600,1,0,0,581,13,20,477,26,58,34,1,1,3,0,0,1,0,0,612,130,67,0,0,0,20,0,0,555979,18080,29677,455928,42186,80407,12328,637,371,627,0,0,198,0,0,372744,127424,87022,0,0,0,1434.8696790123456,0.8711604938271604
1658434203843,41.336002,0.6576087,1.0,1.0,0.045454547,0.95652175,0.13043478,1.0,0.04347826,1.0,63.9,63.600002,63.300003,63.600002,63.600002,62.9,61.9,64.9,62.600002,65.3,60.600002,59.9,3805347,-1646729,1075200,1075200,1075200,1075200,1075200,1075200,652800,1401600,0,0,0,213,3,7,230,10,14,17,1,2,10,1,2,0,0,0,617,117,83,0,0,0,0,0,0,186720,4518,8798,212897,14097,15973,9781,1136,1755,7445,1016,7642,0,0,0,380033,137802,115125,0,0,0,0.013688013136288998,0.014174055829228245
1658434204896,41.397003,0.80930233,1.0,1.0,0.7307692,0.7692308,0.85714287,1.0,0.04,1.0,61.300003,61.300003,60.300003,60.600002,60.9,61.300003,60.9,63.300003,61.300003,63.600002,58.300003,57.9,3890404,-829773,1075200,1075200,1075200,1075200,1075200,1075200,652800,1401600,71,0,0,2,0,0,33,3,22,253,23,51,80,9,41,0,0,0,237,112,106,0,0,0,47216,0,0,480,0,0,39552,7919,192925,201972,52237,247545,77064,14002,332456,0,0,0,173469,251458,352137,0,0,0,-1.0,-1.0
1658434205997,41.434002,0.775,1.0,1.0,1.0,1.0,0.5833333,0.56,0.083333336,1.0,59.300003,59.9,58.9,59.9,60.300003,60.300003,59.600002,61.9,60.300003,61.9,56.600002,56.600002,3889820,-509033,1075200,1075200,1075200,1075200,1075200,1075200,652800,1401600,139,2,21,28,0,0,133,5,30,158,17,28,32,4,10,1,1,1,188,121,119,0,0,0,165932,2345,235014,41011,0,0,150287,10325,234054,129553,31105,86441,24187,6700,19075,1123,1294,1935,254341,289660,379120,0,0,0,-1.0,-1.0
1658434207033,41.472,0.94466406,1.0,1.0,1.0,1.0,1.0,1.0,0.51724136,1.0,58.600002,58.9,58.600002,58.9,58.9,58.9,57.9,61.300003,58.600002,60.9,55.600002,55.300003,3901887,-570068,1075200,1075200,1075200,1075200,1075200,1075200,652800,1401600,356,31,56,0,0,0,21,0,0,318,49,69,115,25,51,122,11,42,117,79,153,0,0,0,251129,32065,110219,0,0,0,18401,0,0,210494,74817,134390,105941,40578,134234,87590,8799,100037,106151,198302,628719,0,0,0,-1.0,-1.0
