1658437637231,28.572,0.42937854,0.4,0.3478261,0.41666666,0.2857143,0.3478261,0.36363637,0.27272728,1.0,36.600002,36.9,36.300003,36.9,37.600002,37.600002,37.300003,37.300003,37.9,38.600002,34.300003,33.9,3807099,-863037,1075200,1075200,1075200,1075200,1075200,1075200,652800,1401600,2370009,85668,356505,2595241,89420,344714,1244445,140091,355613,1186375,140599,367996,861895,82680,344752,793228,75085,336238,1227139,269530,358357,379473,39494,142140,1911335724,172988059,8561279200,2102375349,172259738,8595758218,1096280908,297601336,9414670691,1036104905,301731554,9405338099,719171880,182966341,9455127134,673360192,168498548,9326844328,936066759,522102177,10148402629,229490637,92464121,9252050855,-1.0,-1.0
1658437638215,28.590002,0.25153375,0.0,0.3181818,0.13636364,0.15,0.14285715,0.14285715,0.15789473,1.0,36.300003,36.9,36.600002,36.9,36.9,37.600002,36.9,37.9,37.300003,38.600002,34.300003,34.300003,3825979,-659485,1075200,1075200,1075200,1075200,1075200,1075200,652800,1401600,1587,3,7,1506,5,2,621,20,26,830,13,34,452,14,36,635,6,22,566,11,41,65,0,2,500885,3757,15724,528879,6759,4223,371282,49690,111724,374482,25896,111197,368112,26949,148158,333033,11933,148610,389049,32169,237913,5892,0,1736,-1.0,-1.0
1658437639208,28.596,0.30366492,0.17391305,0.28,0.16,0.24,0.22727273,0.33333334,0.041666668,1.0,35.9,36.600002,35.9,36.300003,36.300003,36.9,36.600002,38.300003,37.300003,38.300003,34.600002,34.600002,3818583,-712585,1075200,1075200,1075200,1075200,1075200,1075200,652800,1401600,1715,0,0,1545,0,0,760,0,0,705,0,0,760,0,0,436,0,0,473,0,0,85,0,0,741904,0,0,711878,0,0,748801,0,0,702398,0,5042,738003,0,0,751150,0,0,701252,0,0,19855,0,0,-1.0,-1.0
1658437640239,28.607002,0.54146343,0.5555556,0.39130434,0.53846157,0.44,0.5,0.6666667,0.2,1.0,35.9,35.9,35.300003,35.9,36.600002,36.600002,36.300003,38.300003,36.600002,37.9,33.9,33.9,3842134,-316772,1075200,1075200,1075200,1075200,1075200,1075200,652800,1401600,545,0,0,672,0,0,390,13,43,417,31,60,335,17,39,274,13,42,357,79,114,103,1,14,468544,0,0,497593,0,0,212941,18692,290154,231255,83057,220849,162885,39002,155614,184973,21887,185864,231112,200091,364220,24823,380,13960,-1.0,-1.0
1658437641348,28.622002,0.42487046,0.30769232,0.25,0.36,0.22727273,0.33333334,0.7083333,0.2,1.0,36.600002,36.600002,36.300003,36.9,37.300003,37.600002,37.300003,38.300003,37.600002,38.9,34.600002,34.600002,3825395,-554504,1075200,1075200,1075200,1075200,1075200,1075200,652800,1401600,1041,0,0,804,0,0,726,30,67,488,23,63,420,16,42,447,39,42,441,37,88,162,1,5,587251,0,0,570145,0,0,358602,53493,199907,333707,45549,216550,247956,26031,229757,270567,89659,111164,305755,50774,471735,25847,393,8019,-1.0,-1.0
1658437642430,28.640001,0.2580645,0.18181819,0.25,0.13043478,0.2,0.18181819,0.09090909,0.04347826,0.95454544,37.600002,37.600002,36.600002,37.300003,37.600002,38.300003,37.600002,38.300003,37.9,38.600002,34.9,34.9,3808462,-854187,1075200,1075200,1075200,1075200,1075200,1075200,652800,1401600,1035,0,0,1019,0,0,540,33,47,352,16,61,478,14,33,363,10,24,535,70,114,279,0,10,526010,0,0,517967,0,0,280901,71080,183251,291831,22993,198202,272394,24660,209929,213287,11822,139233,367235,135451,264886,52353,0,8809,-1.0,-1.0
1658437643469,28.658,0.3258427,0.14285715,0.13636364,0.13636364,0.4347826,0.26086956,0.3478261,0.08695652,1.0,36.300003,36.300003,36.300003,36.600002,36.9,37.300003,36.600002,38.300003,37.600002,38.300003,34.9,34.300003,3834932,-430908,1075200,1075200,1075200,1075200,1075200,1075200,652800,1401600,1066,0,0,814,0,0,511,45,67,346,36,78,386,28,54,380,25,54,208,16,88,44,1,9,669660,0,0,646591,0,0,302986,104143,232095,272477,90170,326296,266272,69109,291078,273233,51647,206030,196171,41070,634169,9110,3359,17653,-1.0,-1.0
1658437644515,28.667002,0.22905028,0.13636364,0.17391305,0.20833333,0.13636364,0.17391305,0.09090909,0.04347826,1.0,36.300003,36.600002,36.300003,36.9,37.600002,37.300003,37.300003,37.600002,37.300003,37.9,34.600002,34.600002,3829872,-572510,1075200,1075200,1075200,1075200,1075200,1075200,652800,1401600,1021,11,27,1148,0,11,597,19,54,481,41,49,373,14,48,318,12,39,402,20,97,69,0,0,610910,15805,125052,531735,0,117138,337729,48113,367990,343953,89498,220095,264286,32218,366388,240812,34266,365719,293013,54023,509848,18418,0,0,-1.0,-1.0
1658437645547,28.697,0.43243244,0.4347826,0.375,0.33333334,0.375,0.375,0.45833334,0.20833333,1.0,35.600002,35.600002,34.600002,35.300003,35.9,35.600002,35.300003,37.600002,36.300003,37.9,34.300003,34.300003,3849335,-344848,1075200,1075200,1075200,1075200,1075200,1075200,652800,1401600,916,6,23,900,10,17,295,26,67,280,42,80,311,17,64,294,22,71,142,40,79,13,0,3,680679,12817,79454,715378,18403,72177,196277,41045,532984,210741,87587,423713,186087,30332,504275,201447,35218,490937,144283,95339,713657,414,0,4907,-1.0,-1.0
1658437646632,28.718,0.18627451,0.08,0.041666668,0.0,0.041666668,0.115384616,0.0,0.074074075,1.0,35.9,35.9,35.600002,35.9,36.300003,36.300003,35.9,38.300003,36.300003,38.300003,34.300003,34.600002,3850503,-326538,1075200,1075200,1075200,1075200,1075200,1075200,652800,1401600,615,26,31,495,11,23,310,26,47,226,30,51,338,34,75,365,13,32,197,8,45,105,0,1,447649,59518,175216,455515,30669,232144,254563,64195,347996,210694,68251,361829,299630,68605,346828,212610,35564,360327,175256,17037,654548,20597,0,486,-1.0,-1.0
1658437647724,28.738,0.4573991,0.25925925,0.11111111,0.35714287,0.14285715,0.82758623,0.9310345,0.0,1.0,35.300003,34.9,34.600002,34.9,34.9,35.300003,35.300003,37.600002,35.600002,37.300003,34.600002,33.9,3832791,-464172,1075200,1075200,1075200,1075200,1075200,1075200,652800,1401600,451,53,94,404,50,106,129,30,87,55,13,42,45,14,37,165,44,63,12,0,20,0,0,0,487417,91264,432266,499493,91759,386412,179252,65751,781053,88406,24076,794894,81948,45141,758309,190174,102583,626607,9556,0,1076782,0,0,0,-1.0,-1.0
1658437648819,28.768002,0.3902439,0.16,0.125,0.14814815,0.07692308,0.78571427,0.85714287,0.03846154,1.0,35.9,35.600002,35.300003,35.600002,36.300003,35.9,35.600002,38.300003,36.600002,37.9,34.300003,33.9,3845053,-351867,1075200,1075200,1075200,1075200,1075200,1075200,652800,1401600,502,19,37,599,37,63,267,57,107,209,36,89,138,20,59,121,24,35,71,123,120,16,0,6,463735,36252,72400,575275,65752,152977,253414,127294,422824,174924,74136,597473,124292,26665,314374,104974,50680,176028,85104,329622,538094,3496,0,3658,-1.0,-1.0
1658437649928,28.786001,0.1724138,0.0,0.04347826,0.0,0.1,0.09090909,0.08695652,0.0,1.0,35.9,35.9,35.300003,35.600002,35.9,35.9,35.9,37.9,36.300003,37.9,33.9,34.300003,3846805,-362243,1075200,1075200,1075200,1075200,1075200,1075200,652800,1401600,527,22,35,645,23,42,230,24,70,271,19,59,105,11,26,184,22,39,321,166,109,2,0,3,633738,49130,143877,688358,38439,169772,302857,31549,581646,302439,26588,623875,64818,28998,292114,139440,53768,386494,227242,389890,363599,51,0,1494,-1.0,-1.0
1658437650937,28.804,0.30890054,0.12,0.17391305,0.04347826,0.083333336,0.84615386,0.125,0.08,1.0,35.600002,35.600002,34.9,35.600002,35.9,35.600002,35.300003,37.9,35.9,37.600002,34.600002,33.9,3851476,-290222,1075200,1075200,1075200,1075200,1075200,1075200,652800,1401600,486,49,74,254,9,34,110,33,63,247,61,113,111,11,31,126,13,46,160,28,44,38,1,1,458435,109355,270173,342179,12506,497412,119215,101402,620651,255724,137718,422159,90514,23792,575245,110249,33716,612914,84026,58293,737008,5596,1370,456,0.011608832807570978,0.019242902208201892
1658437651978,28.825,0.24324325,0.09090909,0.22727273,0.08695652,0.04347826,0.083333336,0.125,0.25,1.0,36.300003,35.9,35.9,35.9,36.300003,36.300003,35.9,38.600002,36.300003,38.300003,35.300003,35.300003,3781407,-1000061,1075200,1075200,1075200,1075200,1075200,1075200,652800,1401600,725,26,45,565,21,41,518,53,64,230,46,89,146,15,46,108,12,30,509,35,90,43,4,20,629910,47701,119648,546349,55489,168150,399841,109678,287433,223279,90197,417459,135351,37916,376317,89292,23715,301754,326699,78114,460117,25330,3841,24224,247.52244951140068,3.3256547231270357
1658437653005,28.828001,0.21463415,0.12,0.1923077,0.07692308,0.0,0.115384616,0.08,0.1923077,0.9230769,37.9,37.600002,36.9,37.600002,37.300003,36.9,36.9,39.600002,37.600002,39.300003,36.600002,36.300003,3761360,-1284485,1075200,1075200,1075200,1075200,1075200,1075200,652800,1401600,573,35,51,582,42,52,281,35,89,323,51,109,143,27,58,156,23,61,456,101,159,5,2,3,601581,59957,156612,590637,78908,77135,251262,59959,511091,280763,98958,482896,152997,49085,538834,125644,44608,560292,358972,202821,339605,3489,2484,2731,204.48816801292406,1.1690080775444265
1658437654047,28.869001,0.3010204,0.125,0.3478261,0.04347826,0.15384616,0.3478261,0.08695652,0.16666667,1.0,38.300003,37.9,37.300003,37.600002,37.600002,37.600002,37.300003,40.300003,37.9,39.9,36.9,36.600002,3744815,-1290894,1075200,1075200,1075200,1075200,1075200,1075200,652800,1401600,591,69,96,542,71,97,202,32,98,344,86,113,88,18,46,341,70,90,230,75,156,0,0,3,593955,111362,218804,642297,117358,167800,221385,65286,655327,354828,163363,433168,119854,37870,619881,299346,145420,393699,281513,189868,475872,0,0,19223,207.58608372093022,1.440843410852713
1658437655103,28.923002,0.20111732,0.045454547,0.14285715,0.08695652,0.04347826,0.045454547,0.09090909,0.05,1.0,38.9,38.9,37.600002,38.300003,38.300003,38.300003,37.9,40.600002,38.600002,40.9,37.9,36.9,3741896,-1393738,1075200,1075200,1075200,1075200,1075200,1075200,652800,1401600,472,71,113,473,75,104,297,58,118,196,57,92,76,15,36,302,58,99,210,73,146,3,0,1,490672,139574,316333,552184,115535,198010,307548,109833,445599,197803,145492,625224,95096,30861,705621,318135,97588,461633,268054,183164,512925,96,0,762,210.49094193548387,1.381367741935484
1658437656119,28.985,0.20289855,0.14814815,0.08695652,0.074074075,0.074074075,0.074074075,0.11111111,0.08,0.96153843,39.300003,39.300003,38.300003,38.600002,38.600002,38.9,38.600002,40.9,38.9,41.300003,38.300003,37.600002,3742285,-1410523,1075200,1075200,1075200,1075200,1075200,1075200,652800,1401600,625,37,76,563,50,74,283,72,116,205,53,84,196,50,77,162,23,62,288,79,133,5,1,2,657055,63963,206291,691756,80817,128564,307533,163345,475910,225688,110015,580637,210330,99116,519910,190130,47775,555536,309431,164896,416841,4109,3098,2060,205.01016077170416,1.5626495176848874
1658437657147,29.048002,0.1849711,0.04761905,0.14285715,0.05,0.045454547,0.045454547,0.09090909,0.09090909,1.0,39.600002,39.600002,38.600002,39.300003,39.600002,39.300003,38.9,41.600002,39.300003,41.9,38.300003,37.9,3763501,-1128846,1075200,1075200,1075200,1075200,1075200,1075200,652800,1401600,716,47,82,594,54,79,328,79,89,217,56,98,103,26,53,109,25,62,175,75,129,3,0,2,617351,75448,217167,677148,84007,145254,352772,181319,344240,254814,126544,566798,107079,58794,374514,120642,55384,634638,174839,179278,568352,2269,0,6857,209.57724092409242,1.464924092409241
1658437658153,29.096,0.17989418,0.04347826,0.16666667,0.04347826,0.0,0.04347826,0.0,0.125,1.0,39.9,39.9,38.9,39.300003,39.300003,39.300003,38.9,41.600002,39.600002,41.9,38.600002,38.300003,3759997,-1220398,1075200,1075200,1075200,1075200,1075200,1075200,652800,1401600,705,37,72,599,46,57,277,52,87,169,41,70,188,45,90,145,31,68,206,57,128,1,2,2,666471,50369,177816,696242,83011,101937,261887,104054,481743,189895,91995,642454,207125,110854,604200,171592,68654,569916,238386,141558,482744,36,1113,18302,206.7051197511664,1.338774494556765
1658437659187,29.125002,0.21468927,0.045454547,0.22727273,0.09090909,0.04347826,0.0952381,0.09090909,0.09090909,1.0,40.600002,40.300003,39.600002,39.600002,39.9,39.600002,39.300003,42.300003,40.300003,42.300003,39.300003,38.600002,3757661,-1226502,1075200,1075200,1075200,1075200,1075200,1075200,652800,1401600,853,47,63,608,41,63,381,83,117,237,47,88,153,29,88,54,26,63,220,60,141,1,1,0,728190,63540,124236,718481,68674,133013,401083,166244,314624,260763,94087,594885,182620,67885,593289,73585,68412,481484,268985,138226,497523,30,791,0,210.4397809983897,1.4908599033816423
1658437660184,29.146002,0.22705314,0.115384616,0.22222222,0.04,0.10714286,0.2,0.0,0.115384616,1.0,40.600002,40.600002,39.9,40.300003,40.300003,40.300003,40.300003,42.600002,40.600002,42.600002,39.600002,38.9,3764474,-1200257,1075200,1075200,1075200,1075200,1075200,1075200,652800,1401600,657,39,57,599,50,63,340,85,111,268,79,92,147,33,71,148,19,51,174,52,127,0,0,1,643408,71702,202866,679011,76990,111590,371430,154230,332905,276671,170363,422154,180354,66742,566891,139712,23527,638871,213212,166998,526073,0,0,690,209.88640498442368,1.239576323987539
1658437661265,29.149002,0.23595506,0.08695652,0.1904762,0.04347826,0.045454547,0.3478261,0.04761905,0.04761905,1.0,40.9,41.300003,40.300003,40.9,40.600002,41.300003,40.600002,42.9,41.300003,42.9,39.9,39.600002,3737225,-1408997,1075200,1075200,1075200,1075200,1075200,1075200,652800,1401600,725,34,51,616,35,54,256,68,82,350,87,112,142,24,71,271,72,88,256,79,135,3,1,6,750947,64690,142592,783897,55034,118472,266005,149568,579147,377524,177570,443672,139250,45139,645939,303769,157630,485492,250046,188617,478300,1050,343,14142,207.3246984126984,1.326374603174603
1658437662278,29.161001,0.24242425,0.041666668,0.16666667,0.12,0.15384616,0.23076923,0.12,0.125,1.0,41.300003,41.600002,40.600002,40.600002,40.9,40.9,40.600002,43.300003,41.600002,42.9,39.9,39.600002,3752795,-1376038,1075200,1075200,1075200,1075200,1075200,1075200,652800,1401600,593,39,68,582,49,65,221,63,83,192,43,68,85,13,51,284,79,91,258,80,133,2,0,0,646324,69745,215494,685136,81965,133479,238277,133891,571478,210034,79358,647066,111301,31154,740465,321995,158996,334909,291921,176922,413411,359,437,0,206.57114191419143,1.4096369636963697
1658437663284,29.158,0.18390805,0.045454547,0.25,0.0,0.04761905,0.13043478,0.0,0.09090909,1.0,41.600002,41.9,40.9,41.300003,41.300003,41.300003,41.300003,43.600002,41.600002,43.600002,40.600002,39.9,3750460,-1359864,1075200,1075200,1075200,1075200,1075200,1075200,652800,1401600,734,41,60,629,42,63,221,49,75,195,54,75,239,50,83,90,16,42,273,66,137,4,3,3,698534,80861,126487,723394,74012,101915,263919,98923,547608,227866,104145,575174,235931,81795,501434,97815,33970,692349,260444,159895,463281,5517,2279,2596,204.63790849673202,1.3950326797385622
1658437664291,29.152002,0.24019608,0.08,0.16,0.0,0.0,0.11111111,0.46153846,0.07692308,1.0,41.9,42.300003,41.300003,41.300003,41.600002,41.600002,41.600002,43.9,41.9,43.9,40.600002,39.9,3749292,-1326294,1075200,1075200,1075200,1075200,1075200,1075200,652800,1401600,677,43,63,587,46,66,263,59,90,351,86,101,69,16,61,129,33,66,217,81,119,9,2,1,633600,84548,180071,685063,67270,129428,246020,120591,485515,372530,163867,345851,76462,40988,688893,128821,89578,670857,248052,204754,410976,1957,2140,3148,212.3622316476346,1.5117781402936379
1658437665303,29.137001,0.18,0.08,0.2,0.04,0.03846154,0.0,0.115384616,0.115384616,0.96153843,42.300003,41.600002,40.9,41.600002,41.9,41.300003,41.300003,44.300003,41.600002,44.300003,40.9,39.9,3750849,-1225586,1075200,1075200,1075200,1075200,1075200,1075200,652800,1401600,695,73,80,516,64,95,183,67,97,258,81,103,50,16,41,79,24,65,236,64,125,2,1,1,680401,105136,137983,628915,122102,166601,252738,151224,551053,293492,197417,449217,53723,49710,735887,89761,65414,663153,275014,164299,485369,876,308,815,206.68972151898734,1.2128101265822784
1658437666326,29.137001,0.2,0.045454547,0.14285715,0.04761905,0.045454547,0.08695652,0.0952381,0.14285715,1.0,41.9,41.9,40.9,41.300003,41.300003,41.600002,40.9,43.9,41.9,43.9,40.600002,40.300003,3758635,-1245423,1075200,1075200,1075200,1075200,1075200,1075200,652800,1401600,763,46,63,541,41,62,505,110,103,138,48,92,122,23,63,206,54,75,231,76,118,0,2,1,739912,55824,127152,695771,71249,129683,528473,159918,218401,163921,153636,601356,162863,36828,711996,222403,108266,503864,263231,194803,439594,0,2778,3138,204.55649673202615,1.2754509803921568
1658437667345,29.131,0.20231214,0.0,0.15,0.13043478,0.09090909,0.0,0.04761905,0.0952381,0.95454544,42.300003,41.9,41.300003,41.600002,41.600002,41.9,41.600002,44.300003,41.9,44.300003,40.600002,40.300003,3756494,-1271668,1075200,1075200,1075200,1075200,1075200,1075200,652800,1401600,863,16,43,615,26,41,385,82,108,163,46,85,226,44,73,285,50,90,269,73,136,2,0,0,755869,20254,148969,788009,38700,79701,412016,147927,345724,145673,103899,624669,257467,106367,557784,261568,111795,436821,289842,144358,419848,2288,0,0,206.2227611202636,1.221851729818781
1658437668349,29.131,0.22033899,0.09090909,0.22727273,0.0,0.125,0.0,0.09090909,0.18181819,1.0,42.300003,41.9,41.300003,41.9,41.9,42.300003,41.9,44.300003,42.300003,44.300003,40.600002,40.300003,3748513,-1247254,1075200,1075200,1075200,1075200,1075200,1075200,652800,1401600,707,38,68,588,37,64,342,78,96,187,43,96,200,36,74,134,28,58,221,37,135,0,0,2,694105,55570,143541,718604,56539,101508,342840,149195,388429,187402,98722,576978,184315,76429,660733,139765,66329,614104,251513,94222,527200,0,0,7415,206.98070743801654,1.3428363636363638
1658437669377,29.119001,0.21393035,0.041666668,0.16,0.07692308,0.07692308,0.17857143,0.0,0.25,0.962963,42.600002,42.300003,41.300003,42.300003,41.9,41.9,41.9,44.600002,42.300003,44.600002,41.300003,40.600002,3745399,-1372986,1075200,1075200,1075200,1075200,1075200,1075200,652800,1401600,808,35,52,632,34,44,237,49,81,257,73,89,168,41,84,160,39,67,193,66,119,4,0,1,783250,44083,99807,768885,53379,76980,226257,102068,615869,263371,147059,469526,177192,103621,670762,138625,133063,566081,215014,162837,508511,596,0,8682,211.99298199672668,1.23810147299509
1658437670386,29.119001,0.43564355,0.25,0.36,0.34615386,0.24,0.44,0.56,0.25,1.0,42.9,42.300003,41.9,42.300003,42.600002,42.300003,42.300003,44.600002,42.9,44.9,40.9,40.600002,3745983,-1338196,1075200,1075200,1075200,1075200,1075200,1075200,652800,1401600,670,43,59,609,31,58,166,56,87,230,72,102,151,31,56,295,74,90,295,67,128,10,1,1,672412,106828,132735,730833,54418,104211,163973,129726,607518,269169,151089,487055,164823,68738,616982,310599,146467,369669,311430,150625,401809,4151,2846,829,206.5658085808581,1.5292937293729372
1658437671389,29.11,0.23671497,0.12,0.08,0.08,0.083333336,0.12,0.15384616,0.18518518,1.0,43.600002,43.600002,42.9,43.300003,43.300003,43.300003,42.9,45.600002,43.600002,45.300003,41.9,41.300003,3733916,-1436768,1075200,1075200,1075200,1075200,1075200,1075200,652800,1401600,666,29,64,591,41,52,285,60,63,283,63,97,180,27,57,118,12,47,350,72,123,4,3,1,607989,46240,172179,657413,70277,98176,238024,139926,374376,275867,136115,461189,183675,63100,590648,112010,22231,582602,304815,167143,372328,2161,3584,1042,105.41706666666667,0.7174222222222223
1658437672437,29.11,0.25268817,0.3043478,0.04347826,0.04761905,0.125,0.083333336,0.44,0.0,1.0,41.9,41.9,41.300003,41.600002,41.600002,41.9,41.600002,44.300003,42.300003,44.300003,40.300003,39.9,3831040,-299988,1075200,1075200,1075200,1075200,1075200,1075200,652800,1401600,769,39,54,505,26,57,264,80,109,250,29,113,342,52,86,107,16,70,89,32,114,1,0,1,721148,61810,151613,668744,46550,224585,274214,185363,491004,273876,62532,608289,331200,96075,491019,124817,41969,678751,109503,91482,678373,33,0,503,-1.0,-1.0
1658437673477,29.113,0.591133,0.5217391,0.45833334,0.41666666,0.61538464,0.6296296,0.5925926,0.44,0.92,40.9,40.600002,40.300003,40.300003,40.600002,40.9,40.600002,43.300003,41.300003,43.300003,39.300003,39.300003,3838241,-267944,1075200,1075200,1075200,1075200,1075200,1075200,652800,1401600,498,30,84,308,17,58,286,90,117,197,30,85,117,18,61,142,4,66,3,0,69,0,0,0,507531,47231,360216,419507,24444,505198,294492,162912,466144,179503,73073,688329,129019,42837,776724,124126,9191,632293,4299,0,955947,0,0,0,-1.0,-1.0
1658437674501,29.107002,0.42162162,0.3043478,0.33333334,0.1904762,0.23809524,0.5217391,0.47826087,0.2173913,1.0,41.600002,41.300003,41.300003,41.600002,41.600002,41.600002,41.300003,43.300003,41.600002,43.600002,39.300003,39.300003,3808851,-536499,1075200,1075200,1075200,1075200,1075200,1075200,652800,1401600,511,12,72,252,5,26,306,34,104,166,20,80,260,20,78,119,9,34,153,13,87,19,1,7,406970,17136,387220,300342,7021,514126,210695,65972,446887,155573,45771,571885,181940,34671,542941,79585,12736,482729,76785,29988,772894,6270,1109,10015,-1.0,-1.0
1658437675525,29.101002,0.2882353,0.04761905,0.33333334,0.05,0.39130434,0.04761905,0.29166666,0.14285715,0.95652175,41.300003,41.300003,40.9,41.300003,41.300003,41.300003,40.9,42.9,41.600002,43.300003,39.600002,39.300003,3760581,-1077576,1075200,1075200,1075200,1075200,1075200,1075200,652800,1401600,420,47,83,289,8,28,190,21,28,238,7,39,108,9,30,109,6,17,77,56,69,9,1,9,370108,145332,335317,300952,18829,562525,136219,45059,673316,120878,14431,746520,68014,27213,756303,52100,17676,596212,74925,166101,670645,4354,2193,9854,207.93035761589405,2.978185430463576
1658437676557,29.090002,0.24257426,0.12,0.23076923,0.041666668,0.24,0.11111111,0.115384616,0.083333336,1.0,41.9,42.300003,41.300003,41.9,41.600002,41.600002,40.9,43.600002,41.600002,43.9,40.9,40.300003,3729439,-1456910,1075200,1075200,1075200,1075200,1075200,1075200,652800,1401600,727,16,45,628,24,39,467,97,107,361,59,93,345,78,108,195,31,72,204,105,139,9,1,5,753035,34555,118732,761578,30216,61411,427793,154328,296577,421001,115277,323854,344064,150938,395611,215541,48505,521735,182457,243549,429502,1920,305,8501,535.0917573872473,3.674674961119751
1658437677584,29.093002,0.21764706,0.04761905,0.27272728,0.0952381,0.22727273,0.0,0.0952381,0.13636364,0.95238096,42.9,42.600002,41.9,42.300003,42.300003,42.600002,41.9,44.600002,42.300003,44.600002,41.600002,41.300003,3740533,-1473389,1075200,1075200,1075200,1075200,1075200,1075200,652800,1401600,556,45,81,585,56,71,372,58,102,424,53,92,229,42,96,216,31,74,255,102,139,11,5,4,607957,68612,232390,683115,97141,107521,391355,85505,451625,486742,90339,326137,241260,95087,564041,215263,57560,551198,263579,225261,416522,6977,1928,6230,412.0551831442463,2.5365056726094006
1658437678588,29.096,0.24752475,0.11111111,0.13043478,0.07692308,0.23076923,0.12,0.12,0.08695652,0.96428573,43.600002,43.600002,42.600002,42.9,42.9,42.9,42.600002,45.300003,43.300003,44.9,41.9,41.600002,3712895,-1579896,1075200,1075200,1075200,1075200,1075200,1075200,652800,1401600,548,30,72,538,55,63,394,77,110,313,74,103,203,44,76,167,22,76,261,138,151,10,4,7,606912,58314,247056,657078,113849,113642,397822,135954,375617,387088,153262,354197,231908,87709,527360,151642,47735,632596,278179,246740,339788,9073,7391,5960,412.58846153846156,2.767230769230769
1658437679612,29.096,0.37688443,0.17857143,0.25,0.08,0.24,0.6,0.5925926,0.16666667,1.0,43.9,43.600002,42.600002,43.300003,42.9,42.9,42.600002,45.9,43.300003,45.600002,42.300003,41.9,3718150,-1420899,1075200,1075200,1075200,1075200,1075200,1075200,652800,1401600,637,18,53,623,42,45,205,55,90,400,70,97,160,45,73,94,13,52,311,170,113,12,2,10,708976,29954,170145,746050,79748,75799,231377,124858,556755,440860,166821,313602,167815,109651,584350,107932,24875,656822,315900,293422,253683,7816,2974,22432,413.94832298136646,2.311900621118012
1658437680641,29.104002,0.4456522,0.375,0.4090909,0.29166666,0.44,0.56,0.3478261,0.26086956,1.0,44.300003,44.300003,43.300003,43.600002,44.300003,44.300003,43.9,46.300003,44.600002,45.9,42.9,41.9,3709975,-1466370,1075200,1075200,1075200,1075200,1075200,1075200,652800,1401600,566,40,66,581,53,71,199,41,108,344,72,112,141,28,50,47,13,30,406,178,92,1,3,0,614968,92023,224506,703799,80968,115478,193327,80455,682663,405305,171369,350962,156050,60741,535724,37938,33024,621592,410948,299732,164563,36,4544,0,414.43438880248834,2.8604914463452564
1658437681654,29.113,0.24431819,0.09090909,0.23809524,0.045454547,0.26086956,0.13636364,0.2173913,0.04761905,1.0,44.9,44.300003,43.9,43.9,44.300003,44.300003,43.9,46.600002,44.600002,46.300003,43.300003,42.600002,3709391,-1517640,1075200,1075200,1075200,1075200,1075200,1075200,652800,1401600,574,13,49,557,32,43,115,53,84,278,56,87,141,15,55,113,10,52,522,180,69,5,0,6,585464,28411,176145,641757,57182,76032,136034,144178,470026,333095,128466,308967,150343,22513,554332,104098,20053,513392,452464,273303,109794,6679,0,10096,412.72434536891683,3.084558869701727
1658437682659,29.11,0.29651162,0.0,0.2,0.27272728,0.33333334,0.04761905,0.14285715,0.18181819,0.95652175,45.300003,44.600002,43.600002,43.9,44.300003,43.9,43.600002,46.600002,44.300003,46.600002,43.300003,42.600002,3719123,-1362305,1075200,1075200,1075200,1075200,1075200,1075200,652800,1401600,561,12,45,604,36,49,220,35,93,338,71,98,160,20,63,117,30,61,404,152,113,20,0,2,662027,20662,182452,710467,58138,97696,204106,72981,604379,360840,175843,325633,150669,32271,612004,136332,71388,652540,358248,238228,233629,7024,0,1203,413.79035634028895,2.8270433386837883
1658437683690,29.122002,0.2977528,0.17391305,0.2173913,0.22727273,0.26086956,0.16666667,0.17391305,0.33333334,1.0,44.9,44.9,43.9,44.600002,44.600002,44.9,44.300003,46.9,45.300003,46.9,43.9,42.9,3733137,-1464844,1075200,1075200,1075200,1075200,1075200,1075200,652800,1401600,518,21,72,603,54,71,95,26,57,326,69,104,112,20,57,122,27,61,402,168,105,8,2,4,604484,38229,325158,734898,79785,120254,104762,62061,764919,376471,180209,358470,125396,35440,797758,138351,55141,674408,362817,304939,218471,6549,3250,5738,413.7478260869565,2.8868571428571426
1658437684701,29.131,0.25520834,0.08695652,0.20833333,0.34615386,0.2962963,0.041666668,0.115384616,0.045454547,1.0,45.300003,45.300003,44.300003,44.9,44.9,45.300003,44.600002,46.9,45.9,47.300003,43.9,43.300003,3730996,-1557007,1075200,1075200,1075200,1075200,1075200,1075200,652800,1401600,488,27,69,569,47,69,96,40,59,341,60,102,101,14,59,88,14,55,339,149,107,2,0,2,551831,68056,303457,703381,83832,104111,98673,119390,686362,412540,122355,374331,122990,23118,779609,85772,40008,712224,312836,280742,256444,770,0,916,414.41054426229505,2.8120131147540985
1658437685731,29.134,0.2601156,0.04761905,0.1904762,0.3043478,0.1904762,0.13636364,0.04761905,0.04761905,1.0,45.600002,45.300003,44.600002,44.9,44.9,45.300003,44.600002,47.600002,45.600002,47.300003,43.9,43.300003,3738003,-1387940,1075200,1075200,1075200,1075200,1075200,1075200,652800,1401600,585,22,47,621,39,45,188,47,82,362,71,93,147,27,75,112,19,59,427,180,93,1,4,3,703405,46454,178338,776105,60877,69551,212080,102752,541641,431038,183758,310466,165612,78936,690982,120951,38631,695389,393593,274065,181618,1046,7629,1817,411.7371719745223,2.8301656050955417
1658437686741,29.152002,0.3114754,0.13636364,0.22727273,0.16666667,0.3043478,0.17391305,0.17391305,0.27272728,1.0,45.9,45.300003,44.600002,45.300003,44.9,44.9,44.600002,47.300003,45.300003,46.9,43.9,43.600002,3729828,-1423951,1075200,1075200,1075200,1075200,1075200,1075200,652800,1401600,596,18,49,562,38,39,162,48,84,355,61,93,131,25,67,89,24,50,437,169,96,7,0,6,691680,34647,194526,738120,74556,74558,163883,119056,634772,400263,145578,356412,141853,65923,681856,117205,56848,659655,379092,285895,176649,4868,0,13467,413.81555279503107,2.7513540372670806
1658437687752,29.161001,0.273743,0.04761905,0.22727273,0.08695652,0.26086956,0.09090909,0.13636364,0.27272728,0.96,45.9,45.9,45.300003,45.600002,45.600002,45.600002,45.300003,47.9,45.600002,47.9,44.300003,43.600002,3727493,-1483155,1075200,1075200,1075200,1075200,1075200,1075200,652800,1401600,546,40,77,572,56,67,107,50,61,347,60,95,88,22,52,110,22,56,379,151,114,4,1,1,560523,99221,258212,710380,88548,111906,126829,133124,633660,387983,125303,387350,93920,49388,660844,122677,45998,758770,384000,271020,205966,2003,763,446,412.8600126182965,2.713488958990536
1658437688753,29.167002,0.21311475,0.04347826,0.25,0.0,0.25,0.08695652,0.04347826,0.125,1.0,46.300003,45.9,45.9,45.600002,46.300003,45.600002,45.300003,47.9,45.9,47.9,44.300003,43.600002,3726714,-1531983,1075200,1075200,1075200,1075200,1075200,1075200,652800,1401600,516,42,71,569,53,58,96,20,53,349,62,90,80,26,55,78,12,58,429,156,100,7,0,4,530747,115559,267014,677013,90796,115066,97521,48118,743958,405346,150907,334941,99651,54484,695597,76496,31067,755912,383439,259089,197302,4667,0,3743,416.68964296998416,2.7350142180094785
1658437689794,29.179,0.2371134,0.083333336,0.20833333,0.0,0.2173913,0.083333336,0.04347826,0.08695652,1.0,46.300003,45.9,44.9,45.300003,45.300003,44.9,44.9,47.600002,45.300003,48.300003,44.600002,43.9,3730996,-1393128,1075200,1075200,1075200,1075200,1075200,1075200,652800,1401600,595,27,57,685,40,44,176,37,70,347,57,105,76,20,46,156,27,68,377,170,109,6,3,5,675205,76121,203820,808706,57978,62140,178033,84352,713872,448738,107745,380446,98728,54330,712307,138306,60782,778368,363062,304149,211653,3948,958,5264,414.5086369426752,2.8935541401273883
1658437690799,29.206001,0.21978022,0.04761905,0.2173913,0.0,0.29166666,0.0,0.16,0.045454547,1.0,46.300003,45.9,45.600002,45.600002,45.9,45.600002,45.300003,48.300003,45.9,48.300003,44.9,44.300003,3719513,-1602479,1075200,1075200,1075200,1075200,1075200,1075200,652800,1401600,618,35,50,632,32,51,295,67,100,321,66,100,105,22,47,236,35,86,312,138,127,3,3,2,673997,70436,140070,738051,44656,84205,311318,131727,447479,345446,159150,366601,102434,54572,646499,254075,66292,568078,274758,257370,299456,2177,7805,2697,414.08476821192056,2.9549668874172186
1658437691841,29.206001,0.2753623,0.14814815,0.20833333,0.08,0.24,0.11111111,0.12,0.33333334,1.0,46.600002,45.9,45.600002,45.9,45.600002,45.300003,44.9,48.300003,45.300003,47.9,44.600002,43.9,3709781,-1442566,1075200,1075200,1075200,1075200,1075200,1075200,652800,1401600,817,35,55,615,44,63,217,48,92,365,67,103,83,31,69,171,26,60,262,172,123,10,1,3,722191,65350,145517,763200,70335,89483,231166,103865,641027,415270,158341,370133,102467,84793,698542,172607,51936,652204,275702,337362,304900,2113,360,1895,412.20541935483874,2.7731096774193547
1658437692864,29.223001,0.25414366,0.08695652,0.2173913,0.0,0.26086956,0.08695652,0.16666667,0.22727273,1.0,46.300003,46.600002,45.600002,45.9,45.9,45.600002,45.300003,47.9,45.9,47.9,44.9,44.300003,3709391,-1381531,1075200,1075200,1075200,1075200,1075200,1075200,652800,1401600,533,40,75,642,48,61,214,55,77,324,58,102,90,24,63,156,39,77,318,172,107,3,5,6,597556,88324,242144,740933,82641,77948,208551,110775,617657,427079,114253,386397,97721,53698,777894,230597,72196,530842,318352,307537,242771,1564,7317,17245,412.3826798679868,2.85586798679868
1658437693895,29.244001,0.22,0.07692308,0.2,0.07692308,0.25925925,0.03846154,0.08,0.16,1.0,46.600002,46.300003,45.300003,45.600002,45.600002,45.9,45.600002,48.600002,45.9,48.9,44.9,44.300003,3708224,-1463624,1075200,1075200,1075200,1075200,1075200,1075200,652800,1401600,480,42,71,573,51,60,286,49,96,367,59,98,115,21,48,86,11,45,342,190,104,0,2,0,585402,93467,254623,713573,87142,98065,267442,86403,577144,412063,129146,371380,125967,39854,699757,79367,35420,744390,346063,309012,207294,0,571,0,418.65715599343184,2.799238095238095
1658437694948,29.268002,0.21839081,0.0,0.04761905,0.09090909,0.0952381,0.0,0.09090909,0.26086956,1.0,47.300003,46.600002,45.9,46.300003,45.9,46.300003,45.9,48.600002,46.300003,48.600002,45.300003,44.600002,3730218,-1520386,1075200,1075200,1075200,1075200,1075200,1075200,652800,1401600,534,31,32,825,24,32,347,58,93,433,65,102,191,25,62,247,24,56,384,206,104,12,0,0,691448,83067,90314,806471,42372,61323,256551,114278,459021,410981,139794,333197,152568,61185,528038,178800,50474,596761,373576,329530,185512,2676,0,0,413.2031683168317,2.854759075907591
1658437695953,29.277002,0.23076923,0.083333336,0.0,0.083333336,0.115384616,0.16,0.083333336,0.28,1.0,46.600002,46.300003,45.300003,45.9,45.600002,45.9,45.600002,48.600002,46.600002,48.600002,44.9,44.300003,3756494,-1076660,1075200,1075200,1075200,1075200,1075200,1075200,652800,1401600,631,24,53,588,39,41,221,48,70,301,63,89,156,19,55,109,7,50,584,133,75,0,2,1,625352,48557,196420,681094,71139,112779,225511,106806,551751,329302,135136,397150,143565,45951,635602,134670,10115,621700,434277,224917,143394,0,768,542,-1.0,-1.0
1658437696990,29.301,0.14973262,0.0,0.041666668,0.0,0.0,0.0,0.083333336,0.04347826,1.0,44.600002,44.600002,43.600002,44.300003,44.300003,44.300003,44.300003,46.9,44.600002,47.300003,42.600002,42.600002,3809630,-662537,1075200,1075200,1075200,1075200,1075200,1075200,652800,1401600,556,7,26,442,7,19,195,48,114,177,34,103,111,11,49,222,43,87,54,43,152,0,0,0,713379,11980,215727,684799,28196,237368,226889,104480,607932,219021,76627,656212,114055,20287,667923,243935,107542,536460,64918,135842,666939,0,0,0,-1.0,-1.0
1658437698036,29.310001,0.1590909,0.04347826,0.0,0.0,0.04347826,0.09090909,0.045454547,0.0,1.0,43.300003,43.300003,42.600002,42.9,42.9,43.600002,43.300003,45.9,43.600002,45.600002,41.9,41.600002,3818388,-338745,1075200,1075200,1075200,1075200,1075200,1075200,652800,1401600,248,17,72,186,26,49,207,39,95,146,7,82,111,22,57,103,5,38,57,74,168,0,0,0,285944,36685,639925,283591,59388,639062,197942,96040,686792,163988,10651,825109,98091,58491,750937,90931,16544,768031,71651,193787,734340,0,0,0,-1.0,-1.0
1658437699048,29.325,0.29239765,0.0952381,0.27272728,0.23809524,0.26086956,0.17391305,0.13636364,0.3181818,0.9166667,42.600002,42.600002,42.300003,42.600002,42.600002,42.9,42.600002,45.300003,43.300003,45.300003,41.600002,41.300003,3822086,-413818,1075200,1075200,1075200,1075200,1075200,1075200,652800,1401600,380,25,46,234,3,17,121,10,61,207,31,104,160,23,52,197,18,55,177,91,152,10,0,8,416621,75776,328514,363260,2400,391772,102007,15407,693367,177565,78336,573621,103764,64447,556901,154121,24595,611923,138580,240613,458573,3026,0,11131,0.00982456140350877,0.017786283891547048
1658437700084,29.334002,0.33333334,0.083333336,0.27272728,0.44444445,0.20833333,0.25,0.12,0.125,1.0,44.300003,43.600002,43.300003,43.600002,43.300003,43.9,42.9,45.600002,43.600002,45.9,42.600002,41.9,3720291,-1527711,1075200,1075200,1075200,1075200,1075200,1075200,652800,1401600,582,30,55,562,15,24,367,38,48,393,49,105,242,8,50,211,16,49,287,57,158,14,5,6,478018,67772,277218,458451,29550,376859,327631,72533,453880,374684,94509,388377,180111,8610,595590,174196,20099,537336,193128,121704,509533,4963,4284,17782,584.9314716981132,4.1974842767295595
1658437701087,29.346,0.33522728,0.04761905,0.2857143,0.39130434,0.36363637,0.29166666,0.13043478,0.18181819,1.0,45.300003,45.300003,44.9,45.300003,45.300003,44.9,44.300003,46.9,44.9,46.9,43.9,43.300003,3712506,-1485291,1075200,1075200,1075200,1075200,1075200,1075200,652800,1401600,628,20,42,656,22,25,429,67,66,444,61,92,255,43,75,205,36,72,320,111,180,1,2,6,734013,38521,133473,760884,39270,30491,505551,146583,185157,511282,106290,250042,247062,79169,458113,209658,92403,518615,317110,183587,332741,1090,712,33514,575.2025372168284,3.9244530744336568
1658437702122,29.351002,0.29353234,0.07692308,0.28,0.37037036,0.2173913,0.24,0.07692308,0.0,1.0,45.600002,45.600002,44.9,44.9,45.300003,44.9,44.600002,47.600002,45.300003,47.300003,44.300003,43.600002,3729828,-1431275,1075200,1075200,1075200,1075200,1075200,1075200,652800,1401600,499,30,69,572,55,66,359,67,70,405,79,79,165,49,70,188,30,99,357,156,161,0,2,2,582619,58058,295026,715463,98161,94088,473912,171044,220713,543904,169921,174379,186674,125128,560181,187235,59957,604899,349225,264249,269278,0,3231,6843,586.343960461285,4.074332784184514
1658437703133,29.378002,0.26966292,0.04761905,0.23809524,0.375,0.26086956,0.045454547,0.09090909,0.04761905,1.0,46.300003,46.300003,45.9,45.9,45.600002,45.600002,44.9,48.300003,45.600002,47.9,44.600002,43.9,3709002,-1550599,1075200,1075200,1075200,1075200,1075200,1075200,652800,1401600,534,20,60,596,36,45,431,58,71,390,70,84,145,33,57,113,22,74,399,193,107,7,2,4,639946,44901,213850,742386,48654,52555,521919,120744,196591,484421,146367,206399,150498,82071,543579,123900,53179,654619,375663,248939,188336,3555,907,9370,594.5101835147744,4.033741835147745
1658437704132,29.387001,0.27325583,0.04761905,0.15789473,0.3478261,0.29166666,0.18181819,0.04761905,0.09090909,1.0,46.9,46.600002,45.9,46.600002,46.300003,45.9,45.300003,48.600002,45.9,48.600002,45.600002,44.600002,3721848,-1487122,1075200,1075200,1075200,1075200,1075200,1075200,652800,1401600,496,34,61,608,36,59,408,76,78,342,89,86,147,38,78,98,18,52,335,201,114,0,2,0,598999,85128,252274,741826,59820,78593,500352,183890,180534,471148,206764,208924,166934,82149,624560,109848,37361,698688,320328,313744,220713,0,1286,0,604.5027215815486,4.246457990115322
1658437705178,29.405,0.28,0.115384616,0.2173913,0.32,0.30769232,0.115384616,0.08,0.115384616,1.0,47.300003,47.300003,46.300003,46.600002,46.600002,46.600002,45.9,48.600002,46.300003,48.600002,45.600002,44.600002,3730412,-1445923,1075200,1075200,1075200,1075200,1075200,1075200,652800,1401600,498,36,69,608,46,58,439,58,79,397,93,90,115,26,49,105,22,46,302,205,133,0,0,0,592322,82989,267378,756408,75495,76768,544039,106635,185320,455163,217737,210937,113866,43547,634158,116696,57015,553110,300124,330300,253809,0,0,0,607.0203726708074,4.121888198757764
1658437706207,29.423002,0.28787878,0.08,0.29166666,0.34615386,0.4,0.083333336,0.04,0.041666668,1.0,47.300003,47.300003,46.600002,46.9,46.300003,46.300003,45.9,48.9,46.600002,49.300003,45.600002,44.9,3708029,-1472169,1075200,1075200,1075200,1075200,1075200,1075200,652800,1401600,549,28,63,636,44,51,387,76,65,389,73,98,116,33,75,114,21,66,386,191,122,0,1,1,663039,57833,225475,759163,79247,73746,489635,181043,176465,496966,165755,246320,109921,95196,747334,141017,43166,684299,384026,269286,215635,0,2696,399,620.8194716981131,4.466364779874214
1658437707226,29.441002,0.29032257,0.08695652,0.27272728,0.3478261,0.33333334,0.08695652,0.08695652,0.083333336,0.875,47.600002,47.300003,46.9,46.9,46.9,46.9,45.9,48.600002,46.600002,48.600002,45.600002,45.300003,3716204,-1423340,1075200,1075200,1075200,1075200,1075200,1075200,652800,1401600,460,23,65,611,37,52,397,63,76,313,87,81,110,26,72,130,19,72,357,197,120,3,4,7,568514,55528,283245,759081,60511,53338,491655,148553,205086,438932,225448,200433,146164,82415,600299,126639,48859,714295,372276,306978,177615,1694,10569,24545,622.6024326018809,4.312175548589341
1658437708264,29.462002,0.26341462,0.04,0.25,0.28,0.26923078,0.115384616,0.03846154,0.08,1.0,47.9,48.300003,47.300003,47.300003,46.9,47.300003,46.9,49.300003,47.300003,49.600002,45.9,45.600002,3719902,-1514588,1075200,1075200,1075200,1075200,1075200,1075200,652800,1401600,615,30,52,620,29,42,441,62,69,438,57,71,166,38,91,191,26,72,293,167,141,4,2,4,672641,46752,187124,771636,48239,51982,489960,137663,194949,567493,131327,156299,205360,100558,631764,202233,37482,616811,293891,280799,294026,2398,11553,12415,638.2525304212169,4.132892355694228
1658437709295,29.479002,0.2857143,0.083333336,0.26086956,0.29166666,0.36,0.09090909,0.083333336,0.04347826,1.0,47.9,47.9,46.9,47.300003,47.300003,46.9,46.600002,49.600002,47.300003,49.600002,45.9,45.600002,3715620,-1532288,1075200,1075200,1075200,1075200,1075200,1075200,652800,1401600,465,41,66,612,47,57,381,77,83,373,91,88,115,19,46,116,20,66,445,149,140,1,0,2,545718,112624,265600,762548,76516,63743,473896,163006,233401,468640,214927,207955,121721,44753,645960,140636,53458,735309,430249,232492,209021,1014,0,7694,644.7067870967742,4.694348387096774
1658437710329,29.494001,0.2795699,0.04347826,0.26086956,0.3043478,0.33333334,0.08,0.125,0.0,1.0,48.300003,47.9,47.300003,47.300003,47.300003,47.300003,46.9,49.9,47.300003,49.9,46.600002,45.9,3707640,-1515504,1075200,1075200,1075200,1075200,1075200,1075200,652800,1401600,621,33,65,640,40,49,448,64,81,358,68,79,225,50,88,146,31,53,299,205,136,2,0,2,656364,65034,228719,782748,68443,65529,550983,126953,211474,533054,176956,198418,291651,85878,516908,177480,80966,563839,281196,327262,283329,1397,0,4100,636.5766305418719,3.73144170771757
1658437711368,29.512001,0.26486486,0.12,0.22727273,0.26086956,0.3043478,0.045454547,0.125,0.0,1.0,48.600002,48.600002,47.600002,48.600002,47.9,47.9,47.600002,50.300003,48.600002,50.300003,46.9,46.300003,3709002,-1654969,1075200,1075200,1075200,1075200,1075200,1075200,652800,1401600,679,14,49,672,34,37,400,80,88,399,61,87,135,42,61,121,25,54,462,174,111,10,1,3,734966,19504,178161,807228,48382,49894,512326,175497,198756,507264,138406,205324,187340,95149,606990,107725,60104,690456,418110,231112,160856,7222,507,4740,662.2774,4.40125
1658437712400,29.536001,0.3045977,0.13636364,0.3181818,0.33333334,0.39130434,0.13043478,0.13636364,0.0952381,1.0,48.600002,48.300003,47.600002,47.600002,47.600002,47.600002,46.9,49.9,47.600002,50.300003,46.600002,45.9,3705304,-1548768,1075200,1075200,1075200,1075200,1075200,1075200,652800,1401600,484,44,78,602,56,73,390,88,93,368,70,94,283,86,107,80,22,44,239,147,159,5,3,1,537206,98907,289906,712216,95865,104945,490400,186150,243888,497874,178113,221131,332911,181634,413607,70897,59419,665888,251137,257328,417363,4825,2474,832,670.800987012987,4.38187012987013
1658437713407,29.551,0.5340314,0.54545456,0.5,0.56,0.56,0.41666666,0.5217391,0.16,1.0,48.9,48.9,47.9,48.600002,48.300003,47.9,47.600002,50.600002,48.300003,50.600002,47.300003,46.600002,3708418,-1634827,1075200,1075200,1075200,1075200,1075200,1075200,652800,1401600,845,24,41,698,25,26,396,75,77,358,81,79,186,41,82,181,28,70,300,163,116,1,1,1,738495,36137,84058,791545,36549,44728,495231,161531,182639,424238,213865,188461,198477,83672,575606,195439,69561,551508,273433,295315,238803,32,283,771,682.7906425041186,4.444731466227348
1658437714427,29.575,0.30729166,0.083333336,0.2857143,0.41666666,0.4,0.041666668,0.125,0.04347826,1.0,49.300003,48.9,48.600002,48.9,48.600002,48.300003,47.300003,50.9,48.300003,50.600002,47.600002,46.600002,3712311,-1534119,1075200,1075200,1075200,1075200,1075200,1075200,652800,1401600,497,40,64,503,32,51,360,52,77,358,57,58,235,28,77,119,16,57,334,173,124,0,0,0,502441,48541,202309,628545,51784,69599,463540,108760,173163,462887,141315,160083,121020,70702,537560,90923,31451,496934,324572,293115,285831,0,0,0,617.370819047619,3.736736507936508
1658437715449,29.593002,0.35227272,0.14285715,0.25,0.45833334,0.375,0.22727273,0.13043478,0.15,0.9583333,49.300003,49.300003,48.600002,48.600002,48.300003,48.300003,47.9,50.9,48.300003,50.9,47.600002,46.600002,3703942,-1490784,1075200,1075200,1075200,1075200,1075200,1075200,652800,1401600,538,37,68,602,43,51,399,48,64,344,79,82,139,29,57,113,27,62,300,122,182,1,0,3,576713,90211,218598,721820,72926,63524,525484,115998,172513,468396,198853,204330,146050,65050,642413,133047,54841,558334,295517,217754,342299,2484,0,1476,619.315249612403,3.8599937984496124
1658437716449,29.616001,0.26344085,0.08,0.27272728,0.3478261,0.29166666,0.0,0.125,0.0,1.0,49.300003,49.300003,48.300003,48.9,48.600002,48.600002,48.600002,50.9,48.9,50.9,47.600002,46.9,3688955,-1729127,1075200,1075200,1075200,1075200,1075200,1075200,652800,1401600,728,17,31,671,15,25,456,49,63,430,69,68,127,29,57,166,30,82,308,116,194,7,0,3,709161,37427,114037,796254,23262,27870,520595,111458,160183,496425,174430,153050,133506,65259,528952,180923,69390,579590,319541,159717,294321,3202,0,5133,625.6326347107438,3.959114049586777
1658437717487,29.634,0.24855492,0.0,0.2,0.25,0.22727273,0.0,0.0952381,0.045454547,1.0,49.300003,48.9,48.300003,48.300003,48.300003,48.300003,47.300003,50.9,47.9,50.600002,47.600002,46.600002,3693820,-1539612,1075200,1075200,1075200,1075200,1075200,1075200,652800,1401600,513,64,102,616,68,68,417,54,73,398,102,87,268,69,90,169,39,76,115,77,149,1,0,0,568661,105690,278109,714952,115042,79146,576708,108245,203788,484226,253848,190869,280900,134504,476451,175278,93500,627727,124756,172196,674636,29,0,0,621.6245962732919,4.236571428571428
1658437718529,29.655,0.3236994,0.17391305,0.2857143,0.4347826,0.36363637,0.17391305,0.09090909,0.21052632,0.95652175,49.300003,49.300003,48.300003,48.600002,48.600002,48.300003,48.300003,51.300003,48.300003,51.300003,47.600002,46.9,3717955,-1539002,1075200,1075200,1075200,1075200,1075200,1075200,652800,1401600,612,32,66,729,49,52,442,64,75,369,85,93,135,20,77,192,57,93,255,157,154,1,2,3,593432,80125,268738,751125,83793,74146,555007,123687,226687,494041,207520,223306,148553,44051,714960,223068,127427,511829,259286,299211,331937,22,3710,2837,617.4621184,4.0215552
1658437719574,29.679,0.1452514,0.04347826,0.0,0.04347826,0.0,0.045454547,0.08695652,0.0,1.0,50.300003,50.300003,49.600002,49.9,49.9,49.600002,48.9,51.600002,49.9,51.600002,48.300003,47.600002,3702579,-1674195,1075200,1075200,1075200,1075200,1075200,1075200,652800,1401600,692,12,25,695,17,23,499,59,62,382,72,78,157,31,71,211,30,86,500,167,81,5,1,5,728658,28652,104868,785757,29159,37392,538291,114272,161580,482151,180427,179908,180641,74058,480227,200390,43815,555910,406832,241418,149314,4519,3092,8927,166.6780129032258,1.049716129032258
1658437720575,29.694002,0.3529412,0.26923078,0.083333336,0.46153846,0.48,0.25925925,0.26923078,0.0,1.0,47.600002,47.300003,46.600002,46.9,46.9,46.9,46.9,49.9,47.600002,49.600002,45.600002,45.300003,3820918,-290832,1075200,1075200,1075200,1075200,1075200,1075200,652800,1401600,497,38,69,386,24,48,233,31,79,251,53,106,194,31,84,143,30,68,215,47,109,0,0,0,518829,77468,318421,530798,42612,330421,255908,55924,591546,294020,107734,507346,191040,57284,625301,169833,68949,579568,182690,117969,551811,0,0,0,-1.0,-1.0
1658437721575,29.715002,0.5320197,0.42307693,0.39130434,0.36,0.41666666,0.6,0.84,0.1923077,1.0,46.600002,46.300003,45.600002,46.300003,46.300003,46.300003,46.300003,48.600002,46.600002,48.9,44.300003,44.300003,3811381,-481262,1075200,1075200,1075200,1075200,1075200,1075200,652800,1401600,519,29,55,376,21,42,213,60,110,155,45,88,151,25,63,151,18,79,9,24,97,0,0,0,524736,60116,230126,531549,41040,326785,231172,113462,449677,154439,109525,437956,158153,77895,573861,133722,50909,654741,15500,99910,773992,0,0,0,-1.0,-1.0
1658437722645,29.726002,0.2513089,0.083333336,0.083333336,0.04347826,0.041666668,0.29166666,0.45833334,0.041666668,1.0,46.600002,46.9,45.9,46.9,47.600002,46.9,46.600002,47.9,47.300003,48.9,44.300003,43.9,3794253,-622253,1075200,1075200,1075200,1075200,1075200,1075200,652800,1401600,326,35,91,334,35,78,206,18,50,126,12,52,132,11,51,111,5,49,126,39,108,8,0,8,301669,71733,433462,294475,69171,416162,164107,33150,289699,106300,26002,412293,101843,26377,577656,83186,3917,568876,75975,80801,752809,1662,0,6406,-1.0,-1.0
1658437723676,29.756,0.31638417,0.17391305,0.25,0.375,0.0952381,0.13636364,0.20833333,0.3181818,1.0,45.600002,45.600002,45.300003,45.300003,45.600002,45.9,44.9,47.600002,45.600002,47.600002,43.300003,43.600002,3774595,-763245,1075200,1075200,1075200,1075200,1075200,1075200,652800,1401600,437,47,64,289,25,57,164,27,82,169,9,45,52,1,23,80,13,37,174,19,81,14,3,4,427332,115241,319681,375100,56328,451457,146350,69350,655190,117547,12324,725354,36725,1169,599949,68202,28745,657333,104646,55326,785596,8577,933,6476,273.44156913183275,3.0154726688102893
1658437724690,29.768002,0.3021978,0.045454547,0.35,0.6956522,0.0,0.08695652,0.0,0.125,1.0,46.9,46.300003,46.300003,45.9,45.9,45.9,45.9,48.300003,46.300003,48.600002,45.300003,44.600002,3714257,-1542969,1075200,1075200,1075200,1075200,1075200,1075200,652800,1401600,960,14,30,667,20,24,331,54,70,433,78,102,231,27,83,279,38,95,357,71,142,10,2,5,737984,30520,62477,734547,34330,27717,398281,135666,233902,420583,121366,298584,203272,58244,505594,255097,86271,524803,218475,131235,397110,4935,735,5244,579.5742381729201,3.745357259380098
1658437725741,29.783,0.39325842,0.13636364,0.4090909,0.6818182,0.18181819,0.09090909,0.14285715,0.41666666,1.0,47.600002,47.300003,46.600002,46.600002,46.300003,46.300003,45.9,48.9,46.600002,48.9,45.9,45.600002,3715814,-1638184,1075200,1075200,1075200,1075200,1075200,1075200,652800,1401600,758,57,100,527,68,57,304,38,43,261,57,99,223,37,83,257,46,94,352,90,237,0,0,0,663414,83861,180608,665857,127426,87078,447026,101893,174544,281469,136981,554158,248467,63251,559390,250038,89079,585881,321356,159421,467169,0,0,0,803.224933125972,5.664746500777605
1658437726747,29.810001,0.2755102,0.04347826,0.33333334,0.48,0.08,0.083333336,0.08,0.12,0.9230769,48.600002,48.300003,47.9,47.600002,47.600002,47.9,47.300003,49.9,47.600002,49.9,46.9,45.9,3713868,-1514588,1075200,1075200,1075200,1075200,1075200,1075200,652800,1401600,805,11,32,549,9,17,246,26,26,487,81,61,313,47,106,259,57,92,313,54,204,15,0,13,686796,29676,112337,725802,14533,20669,422952,82873,83000,470502,169332,194068,272988,83327,431762,246957,108850,309298,242893,114392,424082,9418,0,21844,711.6835776397515,4.726062111801243
1658437727758,29.813002,0.31862745,0.07692308,0.33333334,0.5,0.04,0.36,0.14814815,0.125,1.0,48.9,48.300003,47.600002,47.600002,47.600002,47.600002,47.300003,49.9,47.9,49.9,47.300003,46.300003,3696545,-1612244,1075200,1075200,1075200,1075200,1075200,1075200,652800,1401600,587,48,101,562,46,61,376,55,51,518,88,88,246,52,93,157,23,44,135,94,178,3,3,4,562145,95556,241529,719668,78275,72272,526463,136499,131853,529404,148558,222758,233093,111732,563488,126685,50537,623395,151792,208330,556798,787,7270,7826,736.6586752411575,4.648488745980707
1658437728763,29.840002,0.33695653,0.08695652,0.3181818,0.45454547,0.2,0.13636364,0.0,0.39130434,1.0,48.9,48.600002,48.600002,48.300003,48.600002,47.9,47.600002,50.600002,48.300003,50.300003,47.300003,46.300003,3708808,-1596070,1075200,1075200,1075200,1075200,1075200,1075200,652800,1401600,709,38,46,618,30,44,389,40,56,311,50,81,221,50,81,252,46,93,248,93,214,6,0,1,694951,78537,157244,763960,57454,65417,568167,110053,155921,297244,92680,535019,233086,96135,379107,292215,65431,444185,246519,169821,490503,3768,0,388,768.7398009630818,5.587467094703049
1658437729817,29.854002,0.28735632,0.09090909,0.3,0.5217391,0.045454547,0.04761905,0.045454547,0.14285715,1.0,49.300003,49.300003,48.600002,48.600002,48.300003,48.300003,48.300003,50.9,48.600002,50.9,47.600002,46.9,3702579,-1575928,1075200,1075200,1075200,1075200,1075200,1075200,652800,1401600,701,20,26,589,11,18,389,37,42,415,60,110,160,35,59,104,27,76,478,95,168,39,11,13,743747,28730,75514,739412,18586,26743,552363,102606,106307,385299,102495,295309,166963,95129,400601,127307,74002,547773,330108,130706,310990,16867,14421,17181,760.548862745098,4.668392156862745
1658437730835,29.869001,0.31868133,0.0,0.4090909,0.6666667,0.04347826,0.08695652,0.13043478,0.17391305,1.0,49.9,49.600002,48.9,48.9,48.9,48.9,48.600002,51.300003,49.300003,51.300003,47.9,47.600002,3695767,-1725465,1075200,1075200,1075200,1075200,1075200,1075200,652800,1401600,566,39,72,568,41,61,367,40,48,177,53,90,227,49,84,100,13,49,581,104,205,4,0,4,605294,74128,237896,723800,62696,83826,538511,97771,151146,170630,120306,647960,243547,90782,560903,74554,39170,706733,437081,124467,290131,1199,0,2803,805.6424818897638,5.961222047244094
1658437731839,29.890001,0.37853107,0.13636364,0.36363637,0.5833333,0.13043478,0.13636364,0.3181818,0.33333334,0.95652175,49.9,50.300003,49.300003,49.600002,49.9,49.600002,49.300003,51.600002,50.300003,51.600002,48.300003,47.300003,3694794,-1676636,1075200,1075200,1075200,1075200,1075200,1075200,652800,1401600,570,22,63,580,26,31,363,23,37,143,34,90,57,15,53,140,12,53,727,124,177,1,0,0,658977,44644,214902,774089,43008,43123,593251,52790,106780,140774,68553,729362,81909,38099,708547,114614,27207,706751,478427,118537,205279,25,0,0,791.2802084690554,5.541889250814332
1658437732877,29.908,0.35326087,0.16666667,0.33333334,0.5416667,0.04347826,0.16666667,0.33333334,0.22727273,1.0,50.300003,49.9,49.300003,49.300003,49.600002,49.300003,48.600002,51.9,49.300003,51.600002,48.600002,47.600002,3707834,-1546937,1075200,1075200,1075200,1075200,1075200,1075200,652800,1401600,633,20,55,628,25,34,351,39,38,271,53,95,135,22,71,140,32,74,671,122,171,10,6,11,707045,44584,168358,810074,38117,48441,569459,105016,114576,267649,107246,561510,173700,48631,625824,130073,81149,665934,439212,159047,191572,10990,3439,18593,784.6438019801981,6.120079207920792
1658437733917,29.932001,0.37278107,0.1,0.36842105,0.6363636,0.25,0.0952381,0.18181819,0.23809524,1.0,50.600002,50.300003,49.600002,49.300003,49.600002,49.600002,49.300003,51.9,49.9,51.9,48.600002,48.300003,3687787,-1775513,1075200,1075200,1075200,1075200,1075200,1075200,652800,1401600,638,37,93,606,33,41,398,35,33,420,86,95,131,30,73,114,19,59,637,84,236,12,0,5,634626,61324,236294,754487,58030,63451,610559,101250,86323,437850,171447,305891,146902,81071,719234,90706,45373,686733,401741,117504,315209,9027,0,9364,787.1328311688312,5.810025974025974
1658437734934,29.944002,0.33526012,0.22727273,0.35,0.5,0.22727273,0.045454547,0.0952381,0.10526316,1.0,50.600002,50.300003,50.300003,49.9,49.9,49.600002,49.300003,52.300003,50.300003,51.9,48.9,47.9,3696351,-1614991,1075200,1075200,1075200,1075200,1075200,1075200,652800,1401600,698,42,72,640,31,37,373,36,41,211,52,70,161,30,75,85,17,57,609,109,192,1,0,0,670588,81413,161807,764508,46216,50501,584261,94956,133561,219915,106918,582506,143208,78716,676522,100410,47771,714358,431468,130418,257672,23,0,0,791.333435897436,5.472820512820513
1658437735945,29.967001,0.4342857,0.1904762,0.47368422,0.75,0.3478261,0.09090909,0.22727273,0.25,1.0,50.600002,50.300003,49.9,49.9,49.600002,49.9,49.300003,52.300003,50.300003,52.300003,48.9,47.9,3680974,-1647340,1075200,1075200,1075200,1075200,1075200,1075200,652800,1401600,545,36,51,573,31,42,355,34,43,127,40,84,169,29,68,116,18,47,721,115,172,7,0,5,615332,81475,165743,719370,60130,67301,556180,80950,103996,143515,93128,654506,184048,71337,674341,124063,38097,671551,472096,121026,187301,4966,0,7789,796.6019247135843,5.237891980360065
1658437736953,29.982002,0.37688443,0.16666667,0.375,0.56,0.28,0.16,0.083333336,0.2962963,1.0,50.9,50.9,49.9,49.9,50.300003,50.300003,49.600002,52.600002,50.300003,52.600002,49.300003,48.300003,3676692,-1716920,1075200,1075200,1075200,1075200,1075200,1075200,652800,1401600,656,36,51,542,35,43,286,44,41,137,36,64,175,41,76,108,24,41,651,125,191,13,10,17,598754,69418,156992,705166,54149,61026,482242,131464,119645,140134,109482,637180,169771,119348,640740,88307,71638,655642,417363,131390,267540,15882,13102,37192,821.2578583196047,6.172309719934102
1658437737952,30.010002,0.31088084,0.125,0.3478261,0.4814815,0.18181819,0.041666668,0.125,0.12,1.0,51.300003,50.9,50.300003,50.600002,50.9,50.600002,49.9,52.600002,50.9,52.600002,49.300003,48.300003,3679223,-1712952,1075200,1075200,1075200,1075200,1075200,1075200,652800,1401600,705,46,60,616,27,46,366,30,38,226,46,86,319,65,73,139,31,54,224,79,207,2,1,1,588151,82599,169267,703059,41154,52482,560574,78223,114285,164917,91577,598989,282475,108570,410739,120551,79652,621478,223102,181449,454447,1698,326,477,816.2245981308412,5.8019688473520254
1658437738951,30.029001,0.31609195,0.0952381,0.36363637,0.5416667,0.09090909,0.0952381,0.13636364,0.2,1.0,51.300003,50.9,50.600002,50.300003,50.300003,49.9,49.600002,52.600002,50.300003,52.600002,49.300003,48.600002,3694988,-1629639,1075200,1075200,1075200,1075200,1075200,1075200,652800,1401600,784,31,41,626,28,39,336,45,48,259,49,93,211,46,95,265,59,96,201,96,216,3,0,3,672968,47263,135181,730711,47666,59153,523830,101837,127810,255210,89402,491851,221244,106578,579352,292448,105429,405975,189450,190170,480258,394,0,2824,826.5245090909091,5.41164958677686
1658437739959,30.054,0.34134614,0.041666668,0.4347826,0.73333335,0.08,0.03846154,0.08,0.22222222,1.0,51.600002,51.600002,50.9,50.9,50.600002,50.600002,50.300003,52.9,50.600002,52.600002,49.600002,48.9,3682532,-1798707,1075200,1075200,1075200,1075200,1075200,1075200,652800,1401600,650,36,76,648,22,38,338,42,38,414,75,103,265,37,100,96,16,48,264,103,226,14,7,17,634113,62460,188627,730091,41114,53028,528052,110229,94423,381520,133804,313776,228335,73504,612425,88133,37529,675449,246950,156553,458787,12554,16088,32683,841.432,5.80735
1658437740992,30.073002,0.28780487,0.04,0.33333334,0.5862069,0.074074075,0.03846154,0.04,0.23076923,1.0,51.600002,51.600002,50.9,50.9,50.9,50.9,50.300003,53.300003,51.300003,53.300003,49.600002,48.600002,3666571,-1769105,1075200,1075200,1075200,1075200,1075200,1075200,652800,1401600,645,26,59,603,21,30,330,32,39,183,50,70,255,60,107,126,21,61,604,113,212,5,1,3,680380,62112,183129,757024,41477,49841,554981,80065,105482,192063,113263,557629,254297,115457,533460,144845,44721,668008,429297,132793,279108,2819,333,1829,826.2738421052633,5.454736842105263
1658437741996,30.089,0.3463687,0.13636364,0.2857143,0.54545456,0.16666667,0.0952381,0.2,0.36,1.0,51.9,51.600002,50.9,50.9,50.9,50.600002,50.600002,53.300003,51.300003,53.300003,49.9,49.300003,3659370,-1737061,1075200,1075200,1075200,1075200,1075200,1075200,652800,1401600,632,35,69,570,25,41,301,46,38,193,38,82,190,22,64,80,20,47,580,135,177,5,0,6,639278,56296,156708,714901,41714,60976,474302,130523,120075,146560,84492,650684,167429,46636,687565,96324,49120,671654,376541,159763,234389,2258,0,4658,854.2305942492013,6.419322683706071
1658437743009,30.121002,0.53608245,0.42307693,0.54545456,0.76,0.3478261,0.44,0.41666666,0.45833334,1.0,51.9,52.300003,51.600002,51.300003,50.9,50.9,50.600002,53.600002,51.600002,53.600002,49.9,49.300003,3682142,-1714173,1075200,1075200,1075200,1075200,1075200,1075200,652800,1401600,568,50,67,578,33,45,309,41,41,367,75,118,213,42,92,231,40,64,317,158,173,13,3,9,642953,99394,144389,745462,53498,57730,527995,99490,120899,372493,123771,347422,221441,71572,588403,187900,83218,611003,259925,278559,314161,10135,3071,19418,852.5233548387097,5.875716129032258
1658437744023,30.137001,0.32,0.1904762,0.18181819,0.13636364,0.22727273,0.29166666,0.18181819,0.4347826,1.0,52.300003,51.600002,50.9,51.300003,51.300003,51.300003,51.300003,53.600002,51.9,53.9,50.300003,49.600002,3669491,-1741944,1075200,1075200,1075200,1075200,1075200,1075200,652800,1401600,581,31,58,565,27,31,287,27,42,175,24,56,161,46,57,287,57,98,697,165,124,0,0,0,561862,63580,198665,698729,40531,49780,487332,72573,133367,162600,42420,599016,159222,127607,481938,324854,94782,270819,432124,189267,178752,0,0,0,0.014006600660066008,0.007564356435643564
1658437745066,30.162,0.16748768,0.03846154,0.03846154,0.0,0.03846154,0.12,0.0,0.04,1.0,48.9,48.600002,47.9,48.600002,48.600002,48.9,48.600002,51.600002,48.9,51.600002,47.300003,46.600002,3816442,-274658,1075200,1075200,1075200,1075200,1075200,1075200,652800,1401600,633,6,23,459,6,17,240,56,108,170,40,85,228,33,113,212,39,79,154,63,108,0,0,0,762282,9497,101586,740014,11914,89717,241276,126801,563060,176927,100531,593841,220270,66241,606895,245735,86796,527181,117837,202596,485758,0,0,0,-1.0,-1.0
1658437746085,30.188002,0.26881722,0.13636364,0.13636364,0.29166666,0.23076923,0.17391305,0.13043478,0.08695652,1.0,47.300003,47.300003,46.600002,46.9,47.300003,47.300003,46.9,49.9,47.9,49.9,45.300003,45.300003,3815663,-474853,1075200,1075200,1075200,1075200,1075200,1075200,652800,1401600,268,23,80,113,14,49,153,18,80,156,26,81,99,3,39,152,10,69,56,73,113,0,0,0,300362,44015,596195,181026,24663,672048,152778,44485,758771,134629,72913,756981,89186,3867,782403,140856,20135,767088,62199,202485,692837,0,0,0,-1.0,-1.0
1658437747094,30.194002,0.5524862,0.4347826,0.5416667,0.45454547,0.47826087,0.6363636,0.6086956,0.25,0.95652175,46.9,46.300003,45.9,46.300003,46.9,46.9,46.600002,49.300003,47.300003,49.300003,44.9,44.9,3813912,-292663,1075200,1075200,1075200,1075200,1075200,1075200,652800,1401600,426,25,63,245,1,26,197,31,73,152,14,74,171,23,66,235,41,95,101,23,100,12,0,2,432180,48390,407267,342639,670,542172,169241,68601,608974,120964,29559,693255,147099,43210,584170,207889,69894,565763,61784,72031,712017,344,0,1002,-1.0,-1.0
1658437748095,30.217001,0.26455027,0.083333336,0.3181818,0.22727273,0.04347826,0.08695652,0.08695652,0.2,1.0,46.9,46.9,46.300003,46.9,47.300003,47.300003,47.300003,49.300003,47.600002,49.300003,45.300003,44.9,3748319,-1150208,1075200,1075200,1075200,1075200,1075200,1075200,652800,1401600,597,23,67,321,3,15,256,42,79,246,14,46,124,7,29,183,17,39,338,50,127,17,1,9,444491,43155,348754,324542,3646,496065,197769,76073,542102,165609,23998,630748,62330,9348,678889,133016,28326,620582,209780,97707,513748,7855,716,6163,529.3563236245955,4.721294498381877
1658437749142,30.242,0.3699422,0.18181819,0.47619048,0.625,0.0952381,0.1,0.17391305,0.25,1.0,48.300003,47.9,47.600002,47.300003,47.600002,47.600002,46.9,49.9,48.300003,49.9,46.9,45.9,3722432,-1546631,1075200,1075200,1075200,1075200,1075200,1075200,652800,1401600,584,37,61,510,42,45,425,66,108,169,54,91,96,25,65,261,50,112,484,180,139,14,1,4,665539,69899,199797,714952,79316,87420,506585,129975,281617,176728,142318,632650,103240,72505,704997,273700,95100,581522,399927,258024,193125,4507,602,2848,803.0237100494235,5.63969686985173
1658437750146,30.248001,0.3988764,0.04761905,0.45454547,0.64,0.14285715,0.18181819,0.23809524,0.33333334,1.0,49.9,49.600002,48.600002,48.9,48.9,49.300003,48.600002,50.9,49.600002,51.300003,48.300003,47.300003,3697908,-1731873,1075200,1075200,1075200,1075200,1075200,1075200,652800,1401600,634,42,62,548,28,39,272,36,49,229,55,109,124,25,67,237,45,93,507,162,143,4,0,3,658821,57849,142173,695521,47797,58778,381732,91316,207623,224406,102433,553914,136187,65742,644951,229086,100926,548131,370198,200361,220697,1797,0,5173,1169.104771384137,8.113916018662518
1658437751159,30.277002,0.2777778,0.041666668,0.39130434,0.5,0.041666668,0.08,0.083333336,0.08,1.0,50.600002,50.300003,49.9,49.9,49.600002,49.600002,49.300003,51.9,50.300003,51.9,48.9,47.600002,3699854,-1705018,1075200,1075200,1075200,1075200,1075200,1075200,652800,1401600,675,45,61,586,14,21,239,24,27,345,40,78,186,27,95,329,69,101,448,86,188,14,3,6,649970,64999,127707,721693,23055,25241,369567,65766,78728,283843,53394,505270,194262,55844,576181,314724,136316,370726,277317,106553,372179,8908,2576,5546,895.739837398374,5.803343089430895
1658437752164,30.29,0.4566474,0.17391305,0.45,0.5,0.0952381,0.9130435,0.26086956,0.25,1.0,50.9,50.300003,49.9,49.9,49.9,49.9,49.600002,52.300003,49.9,51.9,48.600002,47.9,3693237,-1641541,1075200,1075200,1075200,1075200,1075200,1075200,652800,1401600,666,32,50,622,28,37,410,47,59,358,76,104,244,53,82,297,51,84,183,70,203,10,0,3,667172,57411,144997,757792,48097,48303,563432,114555,118628,336816,140231,360009,260154,104666,528130,298179,79762,416330,214112,132543,515427,4750,0,3784,884.5591272727272,6.264912396694215
1658437753174,30.315,0.2741117,0.041666668,0.375,0.4347826,0.04,0.04,0.041666668,0.041666668,1.0,51.300003,50.9,50.600002,50.600002,49.9,50.300003,49.9,52.600002,50.300003,52.600002,49.300003,48.300003,3679417,-1783753,1075200,1075200,1075200,1075200,1075200,1075200,652800,1401600,621,30,67,594,22,37,429,40,42,293,67,78,127,33,74,200,45,85,275,98,212,2,1,1,641149,64604,190829,753043,37163,49100,629026,83330,92195,292280,130867,474613,141884,85073,438449,225112,83912,463416,253325,184487,437868,47,406,758,889.7704139020537,5.649036334913112
1658437754180,30.344002,0.3392857,0.18181819,0.35,0.5,0.17391305,0.0952381,0.14285715,0.2857143,0.95652175,51.300003,50.9,49.9,50.300003,50.300003,50.300003,49.600002,52.600002,50.300003,52.9,49.300003,48.600002,3707640,-1557007,1075200,1075200,1075200,1075200,1075200,1075200,652800,1401600,785,42,56,611,24,33,373,43,50,431,71,109,73,12,60,261,63,96,138,93,186,6,0,5,676668,60501,117067,723266,38201,45424,559876,104282,112838,420521,131201,318528,88349,27574,689315,270920,125071,422977,161497,209981,493802,1527,0,4589,894.3943529411765,5.804601307189543
1658437755194,30.36,0.33918127,0.14285715,0.4090909,0.5217391,0.0952381,0.0952381,0.2173913,0.3043478,1.0,51.600002,51.300003,50.9,50.9,50.9,50.600002,50.300003,52.9,50.600002,53.300003,49.600002,48.9,3689344,-1722718,1075200,1075200,1075200,1075200,1075200,1075200,652800,1401600,700,45,51,606,27,41,398,44,53,276,78,110,104,24,73,463,90,110,123,70,192,8,2,6,699063,65847,106064,756825,46829,57070,541465,98804,122183,278400,170435,461238,132564,54210,675486,449796,154030,264098,155744,161466,576774,4235,1524,6648,905.1462347107438,5.81484958677686
1658437756233,30.372002,0.30555555,0.14285715,0.35,0.5,0.09090909,0.04761905,0.2,0.18181819,1.0,51.600002,51.9,50.9,50.600002,50.9,50.9,50.300003,53.300003,50.600002,53.300003,49.9,48.9,3696740,-1603394,1075200,1075200,1075200,1075200,1075200,1075200,652800,1401600,638,38,59,619,22,29,431,42,65,496,78,96,374,70,103,105,26,51,170,74,209,11,4,9,685047,53208,162086,759549,35519,33513,574273,87448,126941,428527,127358,328403,352131,118632,447227,131679,48192,703946,185966,155610,573326,7980,4030,15845,943.003857605178,5.610045307443365
1658437757264,30.404001,0.3025641,0.12,0.3478261,0.46153846,0.08695652,0.15384616,0.125,0.16,0.96,52.300003,51.9,50.9,50.9,50.9,50.9,50.300003,53.300003,51.300003,53.300003,50.300003,49.300003,3688176,-1640626,1075200,1075200,1075200,1075200,1075200,1075200,652800,1401600,820,33,55,636,20,31,441,54,71,237,72,97,391,76,100,164,19,57,147,66,193,10,3,6,683348,37469,145311,803971,28920,43039,544400,101052,162986,227625,189272,509476,356729,131243,361586,145695,31595,654328,181538,166414,543829,2003,1977,9431,989.952645962733,6.434782608695652
1658437758281,30.420002,0.34078214,0.17391305,0.33333334,0.45454547,0.09090909,0.13636364,0.125,0.375,1.0,51.9,51.9,51.300003,51.9,51.300003,50.9,50.9,53.300003,50.9,53.600002,50.300003,49.300003,3659175,-1766663,1075200,1075200,1075200,1075200,1075200,1075200,652800,1401600,716,44,55,620,27,31,480,37,50,409,83,117,122,29,54,266,68,91,162,95,201,10,4,4,679665,75989,110728,757345,40885,47806,612698,68677,117930,383489,144382,350422,143238,54867,576585,274553,143564,441208,180639,205533,495687,5268,3463,5131,1009.0177585139319,6.724755417956656
1658437759277,30.433,0.42857143,0.23809524,0.5714286,0.5416667,0.05,0.1904762,0.375,0.4090909,0.96,52.600002,52.300003,51.300003,51.600002,51.600002,51.600002,50.600002,53.9,51.300003,53.9,50.600002,49.9,3687203,-1681214,1075200,1075200,1075200,1075200,1075200,1075200,652800,1401600,554,30,60,562,19,26,437,56,61,467,88,122,157,36,60,346,36,85,209,127,160,11,0,4,596319,84497,190970,690730,33644,35175,518111,121515,133559,461356,125553,247276,151386,77253,518995,217922,89917,589567,198338,251412,387747,7237,0,6849,803.478528,4.8337408
1658437760279,30.468002,0.2982456,0.0952381,0.4,0.47619048,0.09090909,0.17391305,0.04761905,0.2173913,1.0,52.9,52.300003,51.300003,51.300003,51.9,51.600002,50.600002,53.9,51.600002,53.9,50.600002,49.600002,3679807,-1764527,1075200,1075200,1075200,1075200,1075200,1075200,652800,1401600,663,33,66,480,28,40,425,39,68,357,79,96,218,30,49,167,30,70,277,117,187,20,1,14,596138,77309,161157,625107,49271,104414,473447,91193,211463,356201,134607,367975,179292,68822,587089,169796,61872,537787,231448,235141,382012,6657,481,13124,1020.8808284789644,6.055922330097087
1658437761317,30.474,0.34444445,0.1904762,0.4090909,0.45833334,0.13636364,0.13636364,0.13043478,0.29166666,0.96,52.600002,52.600002,51.9,51.600002,51.9,51.600002,50.9,54.300003,51.9,54.300003,50.9,49.9,3684867,-1779786,1075200,1075200,1075200,1075200,1075200,1075200,652800,1401600,787,41,61,629,17,31,462,45,60,408,81,104,278,53,98,148,40,78,181,76,222,3,4,4,680619,59395,163650,788502,30379,43557,582631,83947,131112,390740,134776,377148,283139,89639,471766,135593,113433,612701,203357,148371,539807,2559,8064,9036,1017.3259810725552,6.115179810725552
1658437762344,30.500002,0.36,0.2,0.42857143,0.4,0.1,0.17391305,0.13043478,0.33333334,1.0,52.9,52.600002,52.300003,52.300003,51.9,51.600002,51.300003,54.600002,51.600002,54.300003,51.300003,49.9,3685062,-1707154,1075200,1075200,1075200,1075200,1075200,1075200,652800,1401600,850,38,56,663,26,35,415,64,66,429,92,128,149,24,67,164,61,77,157,74,196,9,0,5,700822,50178,122158,787532,41310,43280,523913,136995,140495,448865,179702,263585,159986,46304,635667,174989,185986,529539,169257,163787,560629,5597,0,4064,1034.8709473684212,6.4594736842105265
1658437763346,30.515001,0.35,0.20833333,0.36363637,0.45454547,0.17391305,0.13043478,0.3043478,0.22727273,0.95652175,53.300003,52.9,52.300003,52.300003,51.9,51.9,51.600002,54.9,51.9,54.600002,51.300003,50.300003,3681169,-1738892,1075200,1075200,1075200,1075200,1075200,1075200,652800,1401600,733,26,59,584,19,30,418,54,46,394,71,111,112,19,54,163,36,70,326,69,211,15,5,19,659490,30683,113806,742330,27805,43028,529336,119872,96915,384237,136188,349739,120741,42854,649240,198249,83394,582017,285363,108519,455697,11362,6583,34325,1052.8767790507366,7.043142389525369
1658437764397,30.544,0.35748792,0.22222222,0.3478261,0.42307693,0.23076923,0.16,0.25,0.32142857,1.0,53.300003,52.9,52.300003,52.600002,52.300003,51.9,51.300003,54.9,51.9,54.600002,51.300003,50.600002,3648470,-1838685,1075200,1075200,1075200,1075200,1075200,1075200,652800,1401600,653,40,58,629,12,28,459,51,60,332,69,88,115,39,63,142,44,82,470,129,209,13,0,5,698351,61838,171420,826057,20839,37152,586013,110208,136303,348908,159793,432205,145540,104191,632774,147227,115133,624468,340387,166313,340701,3025,0,7451,1055.399829228243,6.833234811165846
1658437765395,30.563002,0.40229884,0.2,0.45,0.5833333,0.1904762,0.2173913,0.36363637,0.23809524,0.95454544,53.600002,53.300003,52.600002,52.600002,52.300003,52.300003,51.600002,54.9,52.300003,55.300003,51.600002,50.600002,3685840,-1730347,1075200,1075200,1075200,1075200,1075200,1075200,652800,1401600,654,41,57,583,16,25,449,49,64,401,92,105,229,51,96,215,35,76,180,53,212,3,3,4,613166,72766,127921,759631,23601,42479,593989,86816,137952,376845,175852,294833,250574,98471,458333,219022,73050,552178,181986,113344,570771,2885,2199,10097,1064.2684305772232,6.6142652106084245
1658437766415,30.598001,0.36627907,0.26086956,0.5217391,0.5,0.05,0.0952381,0.3181818,0.2,1.0,53.600002,53.600002,52.600002,52.9,52.600002,52.300003,51.9,55.300003,52.600002,54.9,51.600002,50.9,3696545,-1689759,1075200,1075200,1075200,1075200,1075200,1075200,652800,1401600,680,46,62,614,20,32,446,46,66,246,72,94,210,51,88,330,78,94,181,59,214,18,1,8,624868,78442,164955,783995,29666,37448,533715,100828,148572,272729,169042,492625,225284,100250,514532,336041,148023,335209,206198,117903,558921,6934,483,19821,1061.2050683229813,6.9982111801242235
1658437767454,30.630001,0.31034482,0.15,0.375,0.09090909,0.13636364,0.1904762,0.23809524,0.23809524,1.0,53.600002,53.9,53.300003,52.9,52.9,52.600002,51.9,55.300003,53.300003,55.300003,51.9,50.9,3674941,-1874696,1075200,1075200,1075200,1075200,1075200,1075200,652800,1401600,657,44,56,564,21,32,440,37,51,438,78,111,120,17,66,196,34,77,500,84,238,9,3,6,631108,87621,168402,738923,39567,48679,587167,83161,125011,434287,136790,319209,146364,28974,702213,194844,72874,651137,362611,118941,363529,3667,2677,7526,1084.2139607843137,7.2769281045751635
1658437768474,30.636002,0.23428571,0.04761905,0.045454547,0.05,0.09090909,0.09090909,0.13636364,0.36363637,1.0,52.9,52.300003,51.600002,51.9,52.300003,51.9,51.600002,54.9,52.300003,54.9,50.600002,49.9,3789777,-520935,1075200,1075200,1075200,1075200,1075200,1075200,652800,1401600,985,24,39,581,12,22,433,55,76,336,34,81,134,19,53,300,40,74,290,91,148,4,0,1,713414,36908,72519,708988,16153,27404,503601,102818,203215,295529,66322,503403,140808,33163,557501,251100,53479,461259,224808,199650,366061,2997,0,471,-1.0,-1.0
1658437769488,30.668001,0.16753927,0.04,0.08,0.0,0.0,0.08695652,0.041666668,0.04347826,1.0,49.9,49.9,48.9,49.600002,49.9,49.9,49.600002,52.600002,50.300003,52.9,48.300003,47.9,3814106,-257568,1075200,1075200,1075200,1075200,1075200,1075200,652800,1401600,536,19,54,286,3,12,232,55,120,149,35,86,202,56,129,107,13,70,42,35,93,0,0,0,681201,41094,209015,606945,4324,352853,240107,112790,578463,194464,89375,631768,242986,115545,573281,122852,21407,699354,41580,147202,671532,0,0,0,-1.0,-1.0
1658437770526,30.687002,0.14942528,0.0,0.0,0.045454547,0.0,0.09090909,0.0,0.045454547,1.0,48.300003,48.300003,47.600002,47.9,48.300003,48.600002,48.300003,50.9,48.9,51.300003,46.600002,46.600002,3816247,-310363,1075200,1075200,1075200,1075200,1075200,1075200,652800,1401600,238,22,66,98,3,15,143,27,90,96,7,62,102,10,42,151,3,66,100,118,154,0,0,0,286063,52958,638629,163572,12900,723123,162258,53483,764814,107798,16121,841667,74211,20160,784337,135730,5459,807553,102850,307753,545879,0,0,0,-1.0,-1.0
1658437771569,30.703001,0.2755102,0.04347826,0.17391305,0.41666666,0.08,0.08695652,0.04347826,0.12,1.0,47.600002,47.600002,46.600002,47.300003,47.600002,47.600002,47.300003,50.300003,47.600002,50.300003,45.9,45.9,3810213,-280151,1075200,1075200,1075200,1075200,1075200,1075200,652800,1401600,399,21,75,338,20,61,145,13,52,260,31,85,109,12,37,196,38,69,138,28,87,12,0,0,419429,45126,410838,410086,26096,503586,108771,25623,744539,177970,78034,640639,69779,24585,682940,157580,119460,583848,98635,60385,761217,311,0,0,0.8999688958009331,0.03915396578538103
1658437772578,30.716002,0.33707866,0.22727273,0.39130434,0.5217391,0.04761905,0.09090909,0.32,0.13636364,0.95454544,48.9,48.9,48.600002,48.600002,48.600002,47.9,47.600002,50.600002,48.300003,50.600002,47.300003,46.300003,3697324,-1635133,1075200,1075200,1075200,1075200,1075200,1075200,652800,1401600,726,35,56,581,24,53,432,32,44,406,35,68,249,37,42,372,28,61,148,28,92,13,0,0,528877,60103,204844,531990,42816,210292,324769,51847,380761,277904,55934,493070,181050,86652,403492,303344,40475,438052,96344,48424,693411,371,0,0,480.1077487922705,3.997062801932367
1658437773619,30.738,0.33142856,0.14285715,0.36363637,0.5,0.14285715,0.18181819,0.26086956,0.04761905,0.95454544,49.600002,49.300003,48.9,48.9,48.9,48.9,48.300003,49.600002,48.9,50.300003,47.9,47.300003,3705499,-1559449,1075200,1075200,1075200,1075200,1075200,1075200,652800,1401600,913,52,70,564,43,52,365,45,29,282,71,99,406,71,125,242,43,103,27,14,94,10,1,7,720534,56377,106730,718722,72318,85193,600738,126531,103974,270684,167376,497892,400342,84894,378215,234427,78340,570234,39797,31251,828751,7588,280,12745,567.70425477707,4.037350318471337
1658437774658,30.757002,0.33333334,0.17391305,0.42857143,0.6666667,0.08695652,0.29166666,0.04347826,0.0,1.0,50.300003,50.300003,49.600002,49.600002,49.300003,49.300003,48.9,51.9,49.300003,51.9,48.600002,47.9,3706472,-1590272,1075200,1075200,1075200,1075200,1075200,1075200,652800,1401600,588,40,65,536,39,50,347,48,41,409,89,124,188,36,85,195,25,101,285,104,205,6,6,5,635350,85951,198035,735438,58178,66510,542402,123484,143487,433719,134655,331619,179309,88401,575225,205032,57301,636465,303881,171289,380383,2767,8420,12229,583.737974025974,3.75574025974026
1658437775661,30.776001,0.41935483,0.3846154,0.45454547,0.6923077,0.18181819,0.4,0.17391305,0.0,1.0,50.600002,50.600002,49.9,49.9,49.9,49.600002,48.9,52.300003,49.600002,52.600002,48.9,48.300003,3698103,-1599732,1075200,1075200,1075200,1075200,1075200,1075200,652800,1401600,822,36,48,537,26,33,301,29,30,339,47,115,97,16,68,266,53,84,160,45,111,2,1,0,719768,45142,84943,687400,45587,57356,515223,94448,78092,348438,87706,368840,103480,43382,645358,269633,141465,495258,175075,72921,612351,138,1172,0,633.6116457326892,5.196161030595813
1658437776700,30.802002,0.29,0.12,0.36,0.61538464,0.04,0.03846154,0.07692308,0.0,1.0,51.300003,51.300003,50.600002,50.300003,50.300003,50.300003,49.600002,52.9,50.300003,53.300003,49.9,48.600002,3677471,-1664429,1075200,1075200,1075200,1075200,1075200,1075200,652800,1401600,685,32,60,551,21,31,260,25,16,182,36,72,171,21,67,174,36,65,343,129,148,4,1,2,617178,42766,134839,649776,38266,46281,494248,72835,49504,179203,93935,510367,174144,36809,589726,181356,76450,504798,316244,204386,298675,2405,1194,3729,681.1539378881987,5.341714285714286
1658437777721,30.818,0.28,0.05,0.36363637,0.5416667,0.08695652,0.045454547,0.04347826,0.04761905,1.0,51.9,51.9,50.9,51.600002,51.300003,51.300003,50.600002,53.300003,50.9,53.600002,49.600002,48.9,3684283,-1878358,1075200,1075200,1075200,1075200,1075200,1075200,652800,1401600,601,32,64,563,28,38,289,25,20,201,27,96,144,32,66,71,6,35,391,173,132,2,0,1,681669,60275,153078,716836,53000,55804,494872,79503,74306,172709,53041,679673,130821,70148,634751,80940,11039,527849,363430,252026,194310,41,0,1228,724.9336529968454,5.826473186119874
1658437778745,30.837002,0.297561,0.041666668,0.36,0.64,0.03846154,0.07692308,0.074074075,0.115384616,1.0,51.9,51.9,51.300003,51.300003,51.300003,50.9,50.300003,53.300003,50.9,53.600002,49.9,49.300003,3684089,-1712037,1075200,1075200,1075200,1075200,1075200,1075200,652800,1401600,715,42,71,570,28,35,279,33,33,160,39,82,81,19,61,170,39,70,348,166,136,4,1,3,666256,73441,149469,699935,45409,58311,479466,104737,122129,142349,97762,645219,92901,50220,711772,182310,82974,658398,330962,250195,240794,301,2590,2942,741.7747375201288,5.9245346215781005
1658437779746,30.859001,0.28901735,0.16666667,0.35,0.5652174,0.0952381,0.09090909,0.13636364,0.09090909,1.0,52.300003,52.300003,51.300003,50.9,51.300003,50.600002,50.300003,53.600002,51.300003,53.9,50.600002,49.300003,3697129,-1644593,1075200,1075200,1075200,1075200,1075200,1075200,652800,1401600,658,47,70,514,29,41,306,15,28,114,34,72,77,8,62,157,22,78,376,151,150,0,0,0,631833,82899,156413,707958,52605,64376,558803,43039,93412,142710,80130,683872,90962,9032,735371,132109,52519,729232,379613,213174,229240,0,0,0,789.6329305331179,6.141260096930533
1658437780787,30.875002,0.3068182,0.09090909,0.42857143,0.5833333,0.045454547,0.0952381,0.083333336,0.125,1.0,52.300003,51.9,50.9,50.9,50.9,51.300003,50.600002,53.600002,50.9,53.300003,50.600002,49.600002,3697519,-1589051,1075200,1075200,1075200,1075200,1075200,1075200,652800,1401600,614,46,67,548,30,43,298,33,38,192,43,82,151,36,92,138,27,79,329,149,136,1,0,1,645105,89046,193599,732623,50109,76476,536526,96315,122744,211679,96658,599720,155937,103227,678760,179416,61319,655101,316492,226176,326167,34,0,1101,842.1750588235295,6.913202614379085
1658437781791,30.894001,0.31840795,0.12,0.41666666,0.64,0.07692308,0.03846154,0.16,0.041666668,0.96428573,52.9,52.600002,51.9,51.9,51.600002,51.600002,51.300003,53.9,51.9,54.300003,50.9,50.300003,3669102,-1834412,1075200,1075200,1075200,1075200,1075200,1075200,652800,1401600,718,25,41,530,12,28,245,21,24,311,54,98,181,37,89,279,45,93,201,114,114,0,0,0,699500,38617,102453,692350,20020,37345,421489,73378,87374,294938,122016,423234,222651,90258,473810,240195,79601,544665,198256,221988,365549,0,0,0,902.7502662538699,6.822489164086687
1658437782824,30.910002,0.31034482,0.04761905,0.42105263,0.7083333,0.045454547,0.04761905,0.09090909,0.0952381,1.0,52.600002,52.600002,51.9,51.9,51.600002,51.600002,50.9,54.300003,51.600002,54.300003,50.9,49.9,3689733,-1699830,1075200,1075200,1075200,1075200,1075200,1075200,652800,1401600,532,42,84,517,27,47,320,13,27,165,34,86,140,21,53,131,17,39,435,179,124,3,0,3,521302,72134,226597,665505,44621,73980,554831,29925,82095,135549,102939,646747,126703,64604,644913,106140,34089,467249,417526,240954,199357,2549,0,2842,914.264,6.4023
1658437783820,30.935001,0.2947977,0.04761905,0.42857143,0.5,0.08695652,0.045454547,0.04761905,0.0952381,1.0,53.300003,53.300003,52.600002,52.300003,52.300003,51.9,51.300003,54.9,52.300003,54.9,50.9,50.300003,3681169,-1610413,1075200,1075200,1075200,1075200,1075200,1075200,652800,1401600,691,48,62,601,18,36,281,20,27,172,39,84,238,38,84,202,31,74,307,122,130,10,0,4,617033,103927,148549,713794,35484,50726,444161,50208,77243,203488,74399,521199,241795,68220,460249,192314,63049,525910,266017,192566,318736,5458,0,2211,901.930616113744,5.597270142180094
1658437784823,30.948002,0.3068182,0.13636364,0.3809524,0.54545456,0.09090909,0.09090909,0.13043478,0.04761905,1.0,53.600002,53.300003,52.600002,52.9,52.600002,52.600002,51.9,54.9,52.600002,54.9,51.600002,50.600002,3669102,-1830140,1075200,1075200,1075200,1075200,1075200,1075200,652800,1401600,650,33,50,590,16,25,379,28,32,167,45,71,214,41,89,158,26,72,452,113,189,1,0,0,695255,71055,125350,759107,28145,34821,592681,65829,81496,187850,109620,590909,215731,83251,612003,146253,68363,626129,381785,132201,240831,25,0,0,899.5227894736842,6.491631578947369
1658437785852,30.961002,0.31460676,0.17391305,0.4090909,0.5652174,0.045454547,0.17391305,0.045454547,0.09090909,1.0,53.300003,53.300003,52.300003,52.300003,52.300003,51.9,51.300003,54.9,51.9,54.9,51.300003,50.600002,3697908,-1612244,1075200,1075200,1075200,1075200,1075200,1075200,652800,1401600,566,34,53,529,28,33,299,32,38,140,34,70,100,15,66,164,25,86,394,128,179,17,2,14,628825,67171,158504,714241,60879,50210,455920,91872,117426,105411,82356,702293,107295,30864,732034,170481,69768,684540,370326,189026,263177,10438,833,20318,908.393563812601,6.707799676898223
1658437786863,30.980001,0.3409091,0.14285715,0.3809524,0.6818182,0.04761905,0.13043478,0.13636364,0.2173913,1.0,53.600002,53.300003,52.600002,52.9,52.9,52.300003,52.300003,55.300003,52.9,54.9,51.9,50.600002,3687592,-1776734,1075200,1075200,1075200,1075200,1075200,1075200,652800,1401600,774,24,39,587,17,25,280,23,30,277,65,101,244,32,73,264,49,94,216,62,178,6,2,6,727112,43216,97991,774743,22758,37655,518113,56205,86991,267247,139763,475103,185365,79599,557994,264171,91180,538942,210253,152251,461314,3485,7924,8605,912.8659505766062,6.2681515650741355
1658437787871,31.005001,0.30392158,0.07692308,0.45833334,0.6666667,0.04347826,0.04,0.07692308,0.0,1.0,53.9,53.600002,53.300003,52.9,52.9,52.9,52.300003,55.300003,53.300003,55.300003,51.9,50.9,3686619,-1579285,1075200,1075200,1075200,1075200,1075200,1075200,652800,1401600,754,28,45,485,18,23,193,25,24,345,64,94,255,55,78,153,32,56,67,44,102,10,1,9,620629,31340,89552,595808,25205,35281,379950,76185,75241,301125,131199,311404,261486,128963,427320,154690,85493,525035,58466,110924,580746,7140,2442,10876,953.6852998430141,6.640125588697017
1658437788891,31.021002,0.35260117,0.2173913,0.4,0.72727275,0.04761905,0.13043478,0.13636364,0.0952381,1.0,53.9,53.600002,52.300003,52.600002,52.600002,52.600002,51.600002,55.300003,52.300003,54.9,51.600002,50.600002,3673189,-1687928,1075200,1075200,1075200,1075200,1075200,1075200,652800,1401600,583,56,78,504,30,53,271,22,35,322,63,110,379,75,119,171,40,67,68,33,76,9,0,1,584169,91780,206521,654844,48552,84677,444209,57287,127831,348343,85695,436344,352783,132016,419156,166791,87831,586950,68974,63992,815016,1098,0,816,949.3536,6.919659016393442
1658437789895,31.047,0.34857142,0.0952381,0.47619048,0.5714286,0.16666667,0.0952381,0.0952381,0.29166666,1.0,54.300003,54.300003,53.300003,53.600002,53.300003,53.600002,52.600002,55.600002,53.300003,55.600002,52.300003,51.300003,3680391,-1839295,1075200,1075200,1075200,1075200,1075200,1075200,652800,1401600,889,22,40,534,15,21,233,23,26,296,53,95,454,80,102,244,24,66,94,20,82,3,0,0,646292,21186,58040,669000,22664,29410,377452,74331,80958,240339,112207,439914,414732,126062,233309,193228,44980,541879,44646,63926,685831,113,0,0,984.1087793880837,7.1606827697262485
1658437790910,31.063002,0.3678161,0.0952381,0.52380955,0.77272725,0.16666667,0.04761905,0.20833333,0.23809524,1.0,54.300003,53.9,53.300003,53.600002,53.300003,53.600002,52.9,55.9,54.300003,55.9,52.300003,51.600002,3679028,-1828309,1075200,1075200,1075200,1075200,1075200,1075200,652800,1401600,768,31,64,574,17,23,251,26,38,229,43,85,285,51,101,174,35,68,260,85,152,13,3,11,692468,63670,141265,732077,27813,34454,418262,67789,127407,204537,90813,562565,279988,104205,476994,160024,65205,597636,252317,136305,401604,7828,3884,26722,999.1155342902712,7.241441786283891
1658437791915,31.069002,0.20588236,0.07692308,0.0,0.04,0.08,0.07692308,0.115384616,0.25,1.0,54.600002,54.600002,53.600002,53.9,53.9,53.600002,53.600002,56.300003,54.300003,56.300003,52.600002,51.9,3686814,-1872254,1075200,1075200,1075200,1075200,1075200,1075200,652800,1401600,635,42,59,521,24,30,317,20,25,180,40,80,179,34,80,167,36,68,273,96,203,1,0,3,624349,93442,123324,673417,41871,43553,531582,42439,63584,166407,85733,578250,194134,75607,606325,138987,86927,594644,284572,157536,333354,38,0,2467,525.9835954323001,4.114022838499184
1658437792938,31.104002,0.1436464,0.041666668,0.0,0.041666668,0.0,0.04347826,0.045454547,0.0,1.0,51.9,51.600002,50.9,51.600002,51.9,51.9,51.300003,54.9,51.9,54.300003,49.9,49.600002,3806321,-274963,1075200,1075200,1075200,1075200,1075200,1075200,652800,1401600,597,33,59,530,23,40,185,31,71,219,31,88,192,36,73,118,18,68,311,45,130,0,0,0,612253,51756,196734,653901,32214,139067,252715,79891,451671,227594,67324,572591,183477,103650,509852,159109,35657,596619,232636,78760,474951,0,0,0,-1.0,-1.0
1658437793989,31.123001,0.1557789,0.10714286,0.0,0.07692308,0.041666668,0.08,0.0,0.0,1.0,49.9,49.600002,48.9,49.600002,49.600002,49.9,49.600002,52.600002,50.300003,52.600002,48.300003,47.600002,3765058,-650024,1075200,1075200,1075200,1075200,1075200,1075200,652800,1401600,524,25,62,303,15,52,166,28,90,153,25,94,131,18,75,101,13,53,31,23,119,0,0,0,571177,44693,349665,487400,28818,442625,170890,65720,736084,178433,58507,735152,134648,39358,744302,133278,23744,697577,36292,90542,766428,0,0,0,-1.0,-1.0
1658437795013,31.145002,0.14754099,0.083333336,0.0,0.041666668,0.0,0.0,0.125,0.0,1.0,49.300003,49.300003,48.600002,49.300003,49.600002,49.9,49.600002,50.600002,49.9,51.9,47.600002,46.9,3785105,-569153,1075200,1075200,1075200,1075200,1075200,1075200,652800,1401600,393,20,103,217,17,68,179,18,84,200,28,107,140,1,47,155,3,68,38,4,89,3,0,1,324563,24461,572689,227968,27145,637297,161039,45059,706752,166409,70586,666784,93502,7025,785802,145698,5793,777518,29981,6208,899522,94,0,387,-1.0,-1.0
1658437796024,31.158,0.3838384,0.09090909,0.375,0.25,0.53571427,0.13636364,0.12,0.44,1.0,47.600002,47.600002,46.9,47.300003,47.300003,47.600002,47.600002,50.300003,47.9,50.300003,46.300003,46.300003,3769729,-466308,1075200,1075200,1075200,1075200,1075200,1075200,652800,1401600,467,34,76,82,11,24,202,15,48,59,8,43,173,52,120,88,5,38,54,8,65,5,0,0,454999,59060,391695,307751,32967,563330,120746,20839,768832,54824,15650,840482,173865,123996,540512,72398,10770,735329,45227,24407,874574,129,0,0,171.10264052287582,2.1019477124183004
1658437797051,31.167002,0.37688443,0.083333336,0.5,0.32,0.7307692,0.08,0.08,0.1923077,1.0,49.600002,49.600002,49.300003,49.600002,49.600002,49.300003,49.300003,51.600002,49.600002,51.600002,48.600002,47.9,3697713,-1604310,1075200,1075200,1075200,1075200,1075200,1075200,652800,1401600,933,19,25,673,16,24,544,60,93,500,38,61,401,68,89,302,49,106,366,103,114,13,0,0,721593,28205,56962,673874,26765,36026,429467,105141,248973,470706,90427,158693,361815,95994,218502,240567,98670,440073,241135,183850,268451,1458,0,0,600.8566797385621,4.469437908496732
1658437798065,31.177002,0.60209423,0.47619048,0.7083333,0.5217391,0.7037037,0.29166666,0.5,0.5,1.0,50.600002,50.300003,49.600002,50.300003,49.600002,49.600002,48.9,52.600002,49.9,52.300003,49.300003,48.300003,3694404,-1630860,1075200,1075200,1075200,1075200,1075200,1075200,652800,1401600,674,57,113,480,47,49,394,55,103,251,33,34,196,40,85,413,72,124,383,136,194,0,0,0,574261,64245,254820,608162,86090,93027,432165,104363,322956,394010,94176,161123,185828,93150,536383,382443,118304,382553,334412,195468,343099,0,0,0,1107.666487725041,7.124320785597381
1658437799065,31.193,0.44886363,0.2,0.54545456,0.5,0.6818182,0.14285715,0.09090909,0.3478261,1.0,51.9,51.9,50.9,51.600002,51.300003,50.9,50.9,53.600002,51.600002,53.300003,50.300003,49.300003,3673773,-1840211,1075200,1075200,1075200,1075200,1075200,1075200,652800,1401600,802,15,21,436,5,10,520,21,60,231,27,36,293,67,80,352,56,75,927,93,141,0,0,0,638695,28244,20241,572578,5276,19556,505149,28648,134411,339825,87203,89118,276988,125761,293347,316515,83080,183382,304845,118964,244911,0,0,0,1112.506735483871,7.314683870967742
1658437800074,31.218002,0.84615386,0.88,0.96,0.84,0.8695652,0.7916667,0.76,0.625,1.0,52.300003,52.300003,51.600002,51.9,51.600002,50.9,50.600002,53.600002,51.600002,53.600002,50.300003,49.600002,3654698,-2063600,1075200,1075200,1075200,1075200,1075200,1075200,652800,1401600,620,49,61,451,24,30,450,30,65,172,20,41,282,59,79,170,28,73,1018,63,193,0,0,0,523169,82228,130028,584984,45692,52933,497341,57677,165819,274772,41368,186319,249536,96795,245277,157578,50462,583808,329913,111388,339590,0,0,0,1025.7315555555556,6.101751633986929
1658437801168,31.234001,0.93162394,0.93333334,1.0,1.0,0.9677419,1.0,0.9655172,0.53571427,1.0,52.9,52.9,51.9,52.600002,52.300003,52.300003,51.600002,54.300003,52.300003,54.600002,51.300003,50.600002,3672605,-1744691,1075200,1075200,1075200,1075200,1075200,1075200,652800,1401600,502,12,21,323,1,2,353,30,54,217,16,35,281,49,48,259,49,75,458,37,181,0,0,0,469970,21073,36599,451560,306,2623,391182,54797,151772,331561,38344,133894,220362,81162,273463,265849,68254,254021,338499,48257,313656,0,0,0,703.3193941267388,5.460673879443586
1658437802403,31.253002,0.56149733,0.25,0.8181818,0.5217391,0.7916667,0.65217394,0.27272728,0.16666667,1.0,53.600002,53.300003,52.600002,52.9,52.600002,52.600002,52.600002,54.600002,53.300003,54.9,51.600002,50.9,3662095,-2001954,1075200,1075200,1075200,1075200,1075200,1075200,652800,1401600,73,5,11,8,0,0,365,9,24,357,4,18,30,6,6,26,4,6,431,94,125,0,0,0,61768,7106,36940,15866,0,0,321241,15197,48904,353288,5841,38841,28127,20459,23007,17026,5697,4778,233690,111409,173881,0,0,0,1187.7575345911948,9.652176100628932
1658437803504,31.272001,0.81447965,0.7586207,1.0,0.75,0.89285713,0.71428573,0.75,0.6785714,1.0,53.300003,53.600002,52.600002,52.9,52.600002,52.9,52.300003,55.300003,52.9,54.9,51.600002,50.9,3676498,-1636353,1075200,1075200,1075200,1075200,1075200,1075200,652800,1401600,578,34,42,302,7,7,633,26,63,222,18,32,246,43,61,345,41,94,986,58,192,0,0,0,495598,67454,105708,365083,12810,15012,585059,37198,117489,357615,40234,137695,194573,97836,242206,270792,65758,328027,456833,69525,298338,0,0,0,1026.6911270358305,7.015400651465797
1658437804705,31.298002,0.4903846,0.16,0.625,0.5185185,0.7777778,0.34615386,0.17857143,0.29166666,1.0,53.9,53.600002,52.9,52.9,52.9,52.9,52.300003,55.300003,53.300003,55.300003,51.9,50.9,3673968,-1864015,1075200,1075200,1075200,1075200,1075200,1075200,652800,1401600,321,25,32,67,8,7,460,18,43,120,6,17,174,36,64,163,31,52,592,94,187,0,0,0,289851,49018,75699,70381,18736,8297,538381,32335,137633,240012,27880,97783,146497,97298,316834,130727,68991,296218,328163,140297,288370,0,0,0,1053.6381984251968,8.23060157480315
1658437805825,31.314001,0.45,0.26086956,0.6923077,0.44,0.72,0.16,0.115384616,0.20833333,1.0,54.300003,53.9,53.300003,53.600002,53.300003,52.9,52.600002,55.600002,52.9,55.300003,52.300003,51.300003,3659954,-2171022,1075200,1075200,1075200,1075200,1075200,1075200,652800,1401600,406,36,47,220,9,17,533,28,52,167,16,27,226,46,78,252,44,63,1003,67,182,0,0,0,411539,54787,94636,291472,13495,22761,559465,44493,127744,306177,44462,143247,224857,70807,301791,218930,86071,255896,346839,87693,250892,0,0,0,1176.0581386138613,8.258904290429044
1658437806840,31.330002,0.4375,0.23076923,0.5652174,0.375,0.7307692,0.18181819,0.125,0.29166666,1.0,54.9,53.9,53.600002,53.9,53.300003,52.9,52.600002,55.600002,53.300003,55.9,52.600002,51.300003,3652363,-1794740,1075200,1075200,1075200,1075200,1075200,1075200,652800,1401600,539,19,35,427,16,11,674,36,60,203,14,32,317,40,61,248,56,106,1556,34,152,0,0,0,462136,28463,71478,524028,24426,19156,577556,64729,115240,302958,24714,150996,260633,56362,299578,237524,101882,341920,403462,45799,250334,0,0,0,1093.2400129659643,6.860654781199352
1658437807851,31.349,0.5260417,0.6,0.6666667,0.46153846,0.9166667,0.2173913,0.1923077,0.08695652,1.0,54.600002,54.300003,53.300003,53.300003,53.300003,53.300003,52.600002,55.9,53.300003,55.9,52.600002,51.600002,3678833,-1758424,1075200,1075200,1075200,1075200,1075200,1075200,652800,1401600,555,42,62,444,13,18,621,52,54,150,17,29,286,44,83,233,32,64,1365,34,167,4,0,3,558723,85834,133743,572110,19059,31770,580653,88696,96922,270593,36027,116314,274294,73798,393985,195579,71043,394789,404608,48519,258623,2001,0,5191,1151.6521178294572,7.173407751937985
1658437808920,31.368002,0.48,0.24,0.65217394,0.52,0.64,0.3846154,0.23076923,0.2,1.0,55.300003,54.600002,53.600002,53.9,53.9,53.9,53.300003,56.300003,54.300003,56.300003,53.300003,52.300003,3678639,-1793824,1075200,1075200,1075200,1075200,1075200,1075200,652800,1401600,608,32,46,496,8,15,623,49,83,170,14,28,337,65,88,210,50,94,824,54,229,0,0,0,573581,52570,81799,630231,15812,18670,555231,76357,172999,301081,37154,97634,315292,122669,270816,232085,99334,442244,349461,76036,378504,0,0,0,1110.6140977198695,7.857459283387622
1658437809943,31.381002,0.44751382,0.33333334,0.5714286,0.45833334,0.72727275,0.16666667,0.17391305,0.33333334,1.0,55.300003,55.300003,54.600002,54.600002,54.600002,54.300003,53.9,56.600002,54.9,56.600002,52.9,52.300003,3665403,-1896363,1075200,1075200,1075200,1075200,1075200,1075200,652800,1401600,597,34,48,426,11,15,532,36,58,141,16,32,213,54,74,383,51,102,1415,56,159,0,0,0,525520,64396,95719,507581,19018,24003,488971,51098,147122,225313,44451,155746,223408,126131,337745,342258,72181,339911,341949,88694,268091,0,0,0,1135.0297539432177,7.243255520504731
1658437811019,31.406002,0.45142856,0.18181819,0.5,0.4347826,0.73913044,0.14285715,0.18181819,0.4347826,1.0,54.9,54.9,54.300003,54.300003,53.9,53.600002,53.300003,56.600002,53.9,56.600002,52.9,52.300003,3687981,-1735841,1075200,1075200,1075200,1075200,1075200,1075200,652800,1401600,687,36,50,536,10,11,567,51,71,244,18,39,246,50,69,328,71,100,1351,42,203,0,0,0,624577,63297,87837,652137,18860,20676,593453,100597,156270,397229,42883,138914,224510,107714,435482,290706,141380,339851,444369,69290,314600,0,0,0,1163.701417721519,7.68486075949367
1658437812073,31.409002,0.3872549,0.125,0.52,0.32,0.71428573,0.04,0.08,0.16,1.0,55.600002,55.300003,54.300003,55.300003,54.600002,54.9,54.300003,56.9,54.9,56.9,53.600002,52.600002,3663457,-1914063,1075200,1075200,1075200,1075200,1075200,1075200,652800,1401600,769,19,24,495,8,11,656,40,67,187,14,27,324,42,75,273,42,82,1329,37,155,0,0,0,583242,25414,55369,630803,5194,13269,572995,73512,103630,321753,34734,108795,268485,75060,350738,245915,73335,407642,371053,45093,220676,0,0,0,1181.650047393365,8.156157977883096
1658437813108,31.438002,0.519774,0.2631579,0.6,0.42857143,0.75,0.29166666,0.15,0.5217391,1.0,55.300003,55.300003,54.600002,54.9,54.600002,53.9,53.600002,56.9,54.300003,56.600002,53.300003,52.9,3675525,-1738282,1075200,1075200,1075200,1075200,1075200,1075200,652800,1401600,560,59,102,527,17,31,686,59,99,136,17,19,143,35,71,504,90,114,1253,56,200,0,0,0,553362,89496,219679,672107,31917,46094,632810,92383,151714,266464,55507,70534,145048,77996,537557,446976,172568,246914,451468,85343,297930,0,0,0,1211.9940356564018,7.430638573743923
1658437814138,31.454002,0.59090906,0.23809524,0.68421054,0.54545456,0.8636364,0.5833333,0.33333334,0.5652174,1.0,55.9,55.600002,55.300003,54.9,54.9,55.300003,54.600002,57.300003,55.600002,57.300003,53.9,52.9,3665014,-1898499,1075200,1075200,1075200,1075200,1075200,1075200,652800,1401600,760,25,26,557,9,5,686,46,69,192,16,29,234,40,69,448,81,88,1241,29,163,0,0,0,686715,42842,33655,676291,15572,6916,619558,71874,119410,277495,42465,87221,252505,71410,350600,363381,127604,227045,349494,48023,248304,0,0,0,1239.3065178294573,8.238387596899225
1658437815155,31.479002,0.5,0.36363637,0.7619048,0.42857143,0.8695652,0.0952381,0.1904762,0.22727273,1.0,56.300003,56.300003,55.600002,55.9,55.300003,55.300003,54.9,57.600002,55.300003,57.9,54.300003,53.300003,3677082,-1786500,1075200,1075200,1075200,1075200,1075200,1075200,652800,1401600,675,33,54,521,7,13,645,49,56,136,13,21,176,24,68,341,52,54,2102,38,116,0,0,0,589615,31896,111612,640522,17004,17701,575398,72373,102334,263297,38148,64031,163428,40395,511195,256749,86633,365950,442839,57740,169593,0,0,0,1212.8377,7.9902
1658437816295,31.508001,0.16393442,0.04347826,0.0,0.04347826,0.045454547,0.13043478,0.083333336,0.08,1.0,56.300003,56.300003,55.300003,55.300003,55.600002,55.300003,54.9,57.9,55.600002,57.9,54.300003,53.600002,3653920,-1957704,1075200,1075200,1075200,1075200,1075200,1075200,652800,1401600,543,33,67,399,9,14,523,47,65,171,18,31,278,53,83,151,22,81,1409,44,165,0,0,0,455778,49071,163775,468595,12644,21512,490290,73322,123593,303452,41076,86307,288251,88524,339386,161011,36714,521754,476163,53724,257674,0,0,0,85.43643870967742,0.5842967741935484
1658437817331,31.520002,0.42647058,0.25,0.4814815,0.28,0.32,0.65384614,0.26923078,0.08,1.0,53.300003,52.600002,51.9,52.300003,52.300003,52.600002,52.300003,55.9,52.600002,55.600002,51.300003,50.9,3803206,-404358,1075200,1075200,1075200,1075200,1075200,1075200,652800,1401600,518,17,51,368,10,32,282,58,89,123,21,78,135,30,65,161,23,64,152,30,115,0,0,0,599232,23341,241679,585904,24571,256918,243900,141056,461912,142128,41728,598275,158245,61662,594467,146857,39302,574741,103125,102395,588973,0,0,0,-1.0,-1.0
1658437818364,31.536001,0.1875,0.13636364,0.045454547,0.09090909,0.045454547,0.13043478,0.08695652,0.04761905,1.0,51.600002,51.300003,50.9,51.300003,51.300003,51.9,51.300003,54.300003,51.9,53.9,49.300003,49.300003,3757856,-644226,1075200,1075200,1075200,1075200,1075200,1075200,652800,1401600,604,22,55,316,13,30,250,24,84,287,50,97,216,32,73,165,15,67,99,48,110,0,0,0,514295,48268,292544,490463,30795,327056,229670,49334,580462,302601,90578,452445,193459,79883,478761,153597,33007,643486,169879,132877,562152,0,0,0,-1.0,-1.0
1658437819368,31.562002,0.26666668,0.15,0.14285715,0.1904762,0.22727273,0.15,0.1,0.14285715,1.0,49.9,49.600002,49.300003,49.600002,49.9,49.9,49.600002,52.600002,50.300003,52.9,48.300003,47.9,3754742,-812378,1075200,1075200,1075200,1075200,1075200,1075200,652800,1401600,686,50,155,393,0,0,357,0,0,226,49,106,148,20,69,264,50,132,83,96,154,0,0,0,527075,57714,327063,883189,0,0,895822,0,0,193034,103177,616905,141556,43160,658086,244327,96008,564471,98775,283039,557772,0,0,0,-1.0,-1.0
1658437820415,31.587002,0.33830845,0.37037036,0.16666667,0.24,0.20833333,0.28,0.20833333,0.2,1.0,51.600002,51.9,51.300003,51.9,52.300003,52.300003,51.600002,53.9,52.300003,53.9,49.600002,49.600002,3730023,-1226807,1075200,1075200,1075200,1075200,1075200,1075200,652800,1401600,1349,26,59,1485,0,0,735,0,0,592,6,56,421,1,21,461,1,23,459,39,69,26,0,0,517293,32376,105413,723588,0,0,716997,0,0,446261,17419,266492,390654,420,309002,377900,416,307799,496564,90661,227110,4455,0,0,-1.0,-1.0
