1660158686481,31.877,0.030120483,0.04761905,0.13043478,0.0,0.0,0.0,0.0,0.0,0.0,40.600002,40.9,39.600002,41.300003,42.9,43.300003,43.9,43.9,46.600002,47.300003,36.9,37.300003,3818583,-861206,1804800,1804800,1804800,1804800,1804800,1804800,2208000,2400000,1800617,35817,116821,1747695,26031,89211,786217,89554,186728,814774,91809,187243,641009,77140,180000,627116,75630,177476,552417,76462,261200,501169,67703,245275,1362829077,66129489,1097493480,1397534962,48504442,1105191240,635755229,172447055,1736267438,653480483,176012771,1702004927,509101719,147830034,1832126148,498701619,143789982,1829399702,414219003,156922831,2047640608,345949759,140260932,2056186398,-1.0,-1.0
1660158687493,31.87,0.12804878,0.18181819,0.05263158,0.0,0.1904762,0.14285715,0.1,0.14285715,0.15,37.9,37.600002,37.300003,37.600002,37.600002,37.600002,37.600002,38.300003,37.9,39.300003,35.9,36.300003,3870356,-301819,1804800,1804800,1804800,1804800,1804800,1804800,2208000,2400000,840,0,11,641,3,9,217,33,95,347,52,103,181,30,81,303,59,94,54,10,70,47,6,34,745530,0,81223,728631,11510,62315,194733,65711,556785,215413,93039,489395,141053,59101,611016,241071,135951,414801,52833,16040,761670,22327,12096,762068,-1.0,-1.0
1660158688503,31.874002,0.055214725,0.05,0.1,0.09090909,0.05,0.0,0.05,0.05,0.045454547,36.9,36.9,35.9,36.600002,36.9,36.600002,36.300003,36.9,36.9,37.600002,35.600002,35.600002,3879310,-148925,1804800,1804800,1804800,1804800,1804800,1804800,2208000,2400000,462,2,42,301,4,47,162,34,73,126,38,51,191,26,66,176,25,55,11,3,48,5,2,32,454191,2171,510555,444703,11590,491789,124032,85650,758472,97506,87027,777483,131835,55797,776486,119022,50932,799348,18893,13840,904531,8360,8473,925504,-1.0,-1.0
1660158689491,31.874002,0.042682927,0.04761905,0.13636364,0.1,0.05,0.04761905,0.0,0.0,0.0,36.600002,36.600002,36.300003,36.600002,36.600002,36.300003,36.300003,36.300003,36.600002,36.600002,35.300003,35.300003,3871524,-177917,1804800,1804800,1804800,1804800,1804800,1804800,2208000,2400000,733,1,15,519,0,10,242,51,92,150,40,103,234,46,102,207,45,100,15,0,61,7,7,32,813923,415,65260,790613,0,121409,201339,133634,553925,153588,97713,649393,181721,119096,581189,170339,126932,593108,19839,0,881050,10420,24641,934634,-1.0,-1.0
1660158690488,31.874002,0.09876543,0.10526316,0.14285715,0.05,0.18181819,0.1,0.1,0.05,0.04761905,36.300003,36.300003,35.9,36.300003,36.300003,36.300003,36.300003,36.300003,36.300003,36.300003,35.300003,35.300003,3875222,-195922,1804800,1804800,1804800,1804800,1804800,1804800,2208000,2400000,282,4,46,188,3,45,112,16,42,76,6,48,67,9,49,132,27,56,6,4,27,2,2,12,329059,2645,619249,324804,8707,613876,56916,33716,861848,39806,23545,891461,49148,21145,902771,91979,78539,789940,9209,22682,908475,1448,11601,938119,-1.0,-1.0
1660158691486,31.874002,0.6331361,0.33333334,0.45454547,0.3181818,0.47619048,0.6363636,0.9047619,1.0,1.0,37.600002,37.9,37.300003,37.600002,37.600002,38.300003,38.300003,44.600002,38.600002,43.9,35.600002,35.9,3851087,-464477,1804800,1804800,1804800,1804800,1804800,1804800,2208000,2400000,742,7,51,818,14,47,398,30,67,314,28,62,401,14,56,262,15,46,73,6,44,71,1,35,349998,7680,468079,433736,28760,385250,198166,59368,626452,226859,36718,565132,183998,28567,678680,144873,17478,557762,57303,3068,848281,65164,5792,752948,-1.0,-1.0
1660158692486,31.880001,0.9705882,0.90909094,1.0,0.95238096,0.95238096,1.0,1.0,1.0,1.0,45.300003,45.300003,43.600002,44.9,46.600002,48.9,51.300003,51.300003,51.9,51.9,37.9,37.9,3812938,-920410,1804800,1804800,1804800,1804800,1804800,1804800,2208000,2400000,1595,0,0,1241,0,0,1079,46,93,472,23,59,509,22,54,249,6,31,59,2,18,0,0,0,677623,0,0,594661,0,0,423946,51043,252749,252720,32246,194360,264368,22705,184653,183447,4142,127041,65519,561,48526,0,0,0,-1.0,-1.0
1660158693485,31.889002,1.0,1.0,1.0,1.0,1.0,1.0,1.0,1.0,1.0,48.300003,49.600002,48.9,50.600002,51.9,53.300003,54.9,55.300003,55.600002,54.9,39.9,39.9,3802623,-1006165,1804800,1804800,1804800,1804800,1804800,1804800,2208000,2400000,163,0,0,227,0,0,276,27,30,160,11,18,63,4,6,4,0,1,0,0,0,0,0,0,62200,0,0,128466,0,0,162948,32897,55975,95224,13527,24079,33418,5374,26375,2270,0,333,0,0,0,0,0,0,-1.0,-1.0
1660158694481,31.886002,1.0,1.0,1.0,1.0,1.0,1.0,1.0,1.0,1.0,49.9,50.9,50.300003,51.9,53.600002,54.9,56.300003,54.9,57.300003,56.600002,40.600002,40.300003,3810213,-925293,1804800,1804800,1804800,1804800,1804800,1804800,2208000,2400000,0,0,0,0,0,0,0,0,0,0,0,0,0,0,0,0,0,0,0,0,0,0,0,0,0,0,0,0,0,0,0,0,0,0,0,0,0,0,0,0,0,0,0,0,0,0,0,0,-1.0,-1.0
1660158695482,31.896002,1.0,1.0,1.0,1.0,1.0,1.0,1.0,1.0,1.0,51.300003,52.300003,51.600002,53.600002,54.9,56.300003,57.600002,56.300003,58.600002,57.9,41.600002,41.600002,3809630,-953369,1804800,1804800,1804800,1804800,1804800,1804800,2208000,2400000,0,0,0,0,0,0,0,0,0,0,0,0,0,0,0,0,0,0,0,0,0,0,0,0,0,0,0,0,0,0,0,0,0,0,0,0,0,0,0,0,0,0,0,0,0,0,0,0,-1.0,-1.0
1660158696482,31.889002,1.0,1.0,1.0,1.0,1.0,1.0,1.0,1.0,1.0,51.9,52.9,52.300003,54.300003,55.600002,56.9,58.600002,57.9,58.9,58.600002,42.300003,41.9,3807099,-929260,1804800,1804800,1804800,1804800,1804800,1804800,2208000,2400000,0,0,0,0,0,0,0,0,0,0,0,0,0,0,0,0,0,0,0,0,0,0,0,0,0,0,0,0,0,0,0,0,0,0,0,0,0,0,0,0,0,0,0,0,0,0,0,0,-1.0,-1.0
1660158697482,31.896002,1.0,1.0,1.0,1.0,1.0,1.0,1.0,1.0,1.0,52.9,53.600002,52.9,54.9,56.300003,57.600002,59.300003,58.9,59.9,59.600002,42.9,42.600002,3806905,-918274,1804800,1804800,1804800,1804800,1804800,1804800,2208000,2400000,0,0,0,0,0,0,0,0,0,0,0,0,0,0,0,0,0,0,0,0,0,0,0,0,0,0,0,0,0,0,0,0,0,0,0,0,0,0,0,0,0,0,0,0,0,0,0,0,-1.0,-1.0
1660158698482,31.899002,1.0,1.0,1.0,1.0,1.0,1.0,1.0,1.0,1.0,53.600002,54.300003,53.9,55.600002,56.9,58.600002,59.9,59.9,60.9,60.300003,43.600002,43.300003,3806905,-928955,1804800,1804800,1804800,1804800,1804800,1804800,2208000,2400000,0,0,0,0,0,0,0,0,0,0,0,0,3,0,0,0,0,0,0,0,0,0,0,0,0,0,0,0,0,0,0,0,0,0,0,0,1100,0,0,0,0,0,0,0,0,0,0,0,-1.0,-1.0
1660158699483,31.902002,1.0,1.0,1.0,1.0,1.0,1.0,1.0,1.0,1.0,53.9,54.600002,53.9,55.600002,57.300003,58.9,60.300003,60.300003,61.300003,60.600002,43.9,43.600002,3803401,-955200,1804800,1804800,1804800,1804800,1804800,1804800,2208000,2400000,0,0,0,0,0,0,0,0,0,0,0,0,0,0,0,0,0,0,0,0,0,0,0,0,0,0,0,0,0,0,0,0,0,0,0,0,0,0,0,0,0,0,0,0,0,0,0,0,-1.0,-1.0
1660158700482,31.905,1.0,1.0,1.0,1.0,1.0,1.0,1.0,1.0,1.0,54.600002,55.300003,54.9,56.300003,57.9,59.300003,60.9,60.9,61.600002,61.300003,44.600002,44.300003,3803401,-956421,1804800,1804800,1804800,1804800,1804800,1804800,2208000,2400000,0,0,0,0,0,0,0,0,0,0,0,0,0,0,0,0,0,0,0,0,0,0,0,0,0,0,0,0,0,0,0,0,0,0,0,0,0,0,0,0,0,0,0,0,0,0,0,0,-1.0,-1.0
1660158701483,31.908,1.0,1.0,1.0,1.0,1.0,1.0,1.0,1.0,1.0,54.9,56.300003,55.300003,56.9,58.300003,59.600002,61.600002,60.9,62.300003,61.600002,44.9,44.600002,3803985,-946655,1804800,1804800,1804800,1804800,1804800,1804800,2208000,2400000,0,0,0,0,0,0,0,0,0,0,0,0,0,0,0,0,0,0,0,0,0,0,0,0,0,0,0,0,0,0,0,0,0,0,0,0,0,0,0,0,0,0,0,0,0,0,0,0,-1.0,-1.0
1660158702482,31.908,1.0,1.0,1.0,1.0,1.0,1.0,1.0,1.0,1.0,55.600002,56.300003,55.600002,57.600002,58.600002,60.300003,61.9,61.300003,62.600002,62.300003,45.300003,44.9,3804180,-956116,1804800,1804800,1804800,1804800,1804800,1804800,2208000,2400000,0,0,0,0,0,0,0,0,0,0,0,0,0,0,0,0,0,0,0,0,0,0,0,0,0,0,0,0,0,0,0,0,0,0,0,0,0,0,0,0,0,0,0,0,0,0,0,0,-1.0,-1.0
1660158703483,31.915,1.0,1.0,1.0,1.0,1.0,1.0,1.0,1.0,1.0,55.600002,56.600002,55.600002,57.600002,58.9,60.9,62.300003,61.600002,62.9,62.300003,45.300003,44.9,3801844,-978089,1804800,1804800,1804800,1804800,1804800,1804800,2208000,2400000,0,0,0,0,0,0,0,0,0,0,0,0,0,0,0,0,0,0,0,0,0,0,0,0,0,0,0,0,0,0,0,0,0,0,0,0,0,0,0,0,0,0,0,0,0,0,0,0,-1.0,-1.0
1660158704482,31.934002,1.0,1.0,1.0,1.0,1.0,1.0,1.0,1.0,1.0,56.300003,56.9,56.600002,58.300003,59.600002,60.9,62.600002,61.9,63.300003,62.9,45.600002,45.600002,3799898,-986328,1804800,1804800,1804800,1804800,1804800,1804800,2208000,2400000,0,0,0,0,0,0,0,0,0,0,0,0,0,0,0,0,0,0,0,0,0,0,0,0,0,0,0,0,0,0,0,0,0,0,0,0,0,0,0,0,0,0,0,0,0,0,0,0,-1.0,-1.0
1660158705483,31.943,1.0,1.0,1.0,1.0,1.0,1.0,1.0,1.0,1.0,56.600002,57.300003,56.600002,58.300003,59.9,61.300003,63.600002,62.600002,63.600002,63.300003,46.300003,45.9,3798730,-981140,1804800,1804800,1804800,1804800,1804800,1804800,2208000,2400000,0,0,0,0,0,0,0,0,0,0,0,0,0,0,0,0,0,0,0,0,0,0,0,0,0,0,0,0,0,0,0,0,0,0,0,0,0,0,0,0,0,0,0,0,0,0,0,0,-1.0,-1.0
1660158706484,31.953001,1.0,1.0,1.0,1.0,1.0,1.0,1.0,1.0,1.0,56.600002,57.600002,56.9,58.9,59.9,61.600002,62.9,62.9,63.600002,63.600002,46.300003,45.9,3801844,-978394,1804800,1804800,1804800,1804800,1804800,1804800,2208000,2400000,0,0,0,0,0,0,0,0,0,0,0,0,0,0,0,0,0,0,0,0,0,0,0,0,0,0,0,0,0,0,0,0,0,0,0,0,0,0,0,0,0,0,0,0,0,0,0,0,-1.0,-1.0
1660158707482,31.969002,1.0,1.0,1.0,1.0,1.0,1.0,1.0,1.0,1.0,56.9,57.9,57.300003,59.300003,60.600002,61.9,63.9,63.600002,64.600006,64.3,46.9,46.600002,3796783,-1001892,1804800,1804800,1804800,1804800,1804800,1804800,2208000,2400000,0,0,0,0,0,0,0,0,0,0,0,0,0,0,0,0,0,0,0,0,0,0,0,0,0,0,0,0,0,0,0,0,0,0,0,0,0,0,0,0,0,0,0,0,0,0,0,0,-1.0,-1.0
1660158708483,31.994001,1.0,1.0,1.0,1.0,1.0,1.0,1.0,1.0,1.0,57.600002,58.600002,57.600002,59.600002,60.9,62.600002,64.3,63.600002,64.600006,64.3,46.9,46.600002,3796394,-990601,1804800,1804800,1804800,1804800,1804800,1804800,2208000,2400000,0,0,0,0,0,0,0,0,0,0,0,0,0,0,0,0,0,0,0,0,0,0,0,0,0,0,0,0,0,0,0,0,0,0,0,0,0,0,0,0,0,0,0,0,0,0,0,0,-1.0,-1.0
1660158709483,32.007,1.0,1.0,1.0,1.0,1.0,1.0,1.0,1.0,1.0,57.600002,58.300003,57.9,59.600002,61.300003,62.600002,64.600006,63.9,64.9,64.600006,47.300003,46.9,3792307,-999146,1804800,1804800,1804800,1804800,1804800,1804800,2208000,2400000,0,0,0,0,0,0,0,0,0,0,0,0,0,0,0,0,0,0,0,0,0,0,0,0,0,0,0,0,0,0,0,0,0,0,0,0,0,0,0,0,0,0,0,0,0,0,0,0,-1.0,-1.0
1660158710483,32.042,1.0,1.0,1.0,1.0,1.0,1.0,1.0,1.0,1.0,57.9,58.9,57.9,59.9,61.300003,62.9,64.600006,64.3,65.3,64.9,47.600002,46.9,3784521,-1003418,1804800,1804800,1804800,1804800,1804800,1804800,2208000,2400000,0,0,0,0,0,0,0,0,0,0,0,0,0,0,0,0,0,0,0,0,0,0,0,0,0,0,0,0,0,0,0,0,0,0,0,0,0,0,0,0,0,0,0,0,0,0,0,0,-1.0,-1.0
1660158711483,32.048,1.0,1.0,1.0,1.0,1.0,1.0,1.0,1.0,1.0,58.300003,58.9,58.300003,60.300003,61.600002,63.300003,65.3,64.600006,65.9,65.3,47.600002,47.600002,3793475,-1021424,1804800,1804800,1804800,1804800,1804800,1804800,2208000,2400000,0,0,0,0,0,0,0,0,0,0,0,0,0,0,0,0,0,0,0,0,0,0,0,0,0,0,0,0,0,0,0,0,0,0,0,0,0,0,0,0,0,0,0,0,0,0,0,0,-1.0,-1.0
1660158712482,32.071003,1.0,1.0,1.0,1.0,1.0,1.0,1.0,1.0,1.0,58.300003,59.300003,58.9,60.600002,61.9,63.600002,65.3,63.9,65.9,65.600006,47.600002,47.600002,3791723,-1025086,1804800,1804800,1804800,1804800,1804800,1804800,2208000,2400000,0,0,0,0,0,0,0,0,0,0,0,0,0,0,0,0,0,0,0,0,0,0,0,0,0,0,0,0,0,0,0,0,0,0,0,0,0,0,0,0,0,0,0,0,0,0,0,0,-1.0,-1.0
1660158713483,32.09,1.0,1.0,1.0,1.0,1.0,1.0,1.0,1.0,1.0,58.300003,59.600002,58.600002,60.9,62.300003,63.600002,65.600006,64.600006,66.3,66.3,47.9,47.600002,3791139,-1070862,1804800,1804800,1804800,1804800,1804800,1804800,2208000,2400000,0,0,0,0,0,0,0,0,0,0,0,0,0,0,0,0,0,0,0,0,0,0,0,0,0,0,0,0,0,0,0,0,0,0,0,0,0,0,0,0,0,0,0,0,0,0,0,0,-1.0,-1.0
1660158714483,32.122,1.0,1.0,1.0,1.0,1.0,1.0,1.0,1.0,1.0,58.9,59.9,59.600002,60.9,62.600002,63.9,65.9,65.3,66.3,65.9,47.9,47.9,3795421,-1075745,1804800,1804800,1804800,1804800,1804800,1804800,2208000,2400000,0,0,0,0,0,0,0,0,0,0,0,0,0,0,0,0,0,0,0,0,0,0,0,0,0,0,0,0,0,0,0,0,0,0,0,0,0,0,0,0,0,0,0,0,0,0,0,0,-1.0,-1.0
1660158715495,32.141003,1.0,1.0,1.0,1.0,1.0,1.0,1.0,1.0,1.0,58.9,59.9,59.300003,60.9,62.9,63.9,66.3,65.9,66.600006,66.3,48.300003,48.300003,3794642,-996399,1804800,1804800,1804800,1804800,1804800,1804800,2208000,2400000,0,0,0,0,0,0,0,0,0,0,0,0,0,0,0,0,0,0,0,0,0,0,0,0,0,0,0,0,0,0,0,0,0,0,0,0,0,0,0,0,0,0,0,0,0,0,0,0,-1.0,-1.0
1660158716492,32.169003,1.0,1.0,1.0,1.0,1.0,1.0,1.0,1.0,1.0,59.300003,59.9,59.600002,61.300003,62.9,64.600006,66.3,65.600006,66.9,66.600006,48.600002,48.300003,3794253,-984497,1804800,1804800,1804800,1804800,1804800,1804800,2208000,2400000,0,0,0,0,0,0,0,0,0,0,0,0,0,0,0,0,0,0,0,0,0,0,0,0,0,0,0,0,0,0,0,0,0,0,0,0,0,0,0,0,0,0,0,0,0,0,0,0,-1.0,-1.0
1660158717494,32.211002,1.0,1.0,1.0,1.0,1.0,1.0,1.0,1.0,1.0,59.600002,60.300003,59.9,61.600002,63.300003,64.600006,66.600006,66.3,67.3,67.3,48.600002,48.600002,3796005,-992737,1804800,1804800,1804800,1804800,1804800,1804800,2208000,2400000,0,0,0,0,0,0,0,0,0,0,0,0,0,0,0,0,0,0,0,0,0,0,0,0,0,0,0,0,0,0,0,0,0,0,0,0,0,0,0,0,0,0,0,0,0,0,0,0,-1.0,-1.0
1660158718491,32.233,1.0,1.0,1.0,1.0,1.0,1.0,1.0,1.0,1.0,59.600002,60.600002,59.600002,61.600002,63.300003,64.9,66.600006,65.600006,67.3,67.3,49.300003,48.600002,3782575,-1150208,1804800,1804800,1804800,1804800,1804800,1804800,2208000,2400000,0,0,0,0,0,0,0,0,0,0,0,0,0,0,0,0,0,0,0,0,0,0,0,0,0,0,0,0,0,0,0,0,0,0,0,0,0,0,0,0,0,0,0,0,0,0,0,0,-1.0,-1.0
1660158719493,32.262,1.0,1.0,1.0,1.0,1.0,1.0,1.0,1.0,1.0,59.9,60.9,59.9,61.600002,63.300003,65.3,66.9,66.3,67.3,66.9,49.300003,48.9,3782575,-1119080,1804800,1804800,1804800,1804800,1804800,1804800,2208000,2400000,0,0,0,0,0,0,0,0,0,0,0,0,0,0,0,0,0,0,0,0,0,0,0,0,0,0,0,0,0,0,0,0,0,0,0,0,0,0,0,0,0,0,0,0,0,0,0,0,-1.0,-1.0
1660158720490,32.293003,1.0,1.0,1.0,1.0,1.0,1.0,1.0,1.0,1.0,60.300003,61.300003,60.300003,62.300003,63.600002,65.3,67.3,66.3,67.600006,67.600006,49.600002,48.9,3783548,-1140137,1804800,1804800,1804800,1804800,1804800,1804800,2208000,2400000,0,0,0,0,0,0,0,0,0,0,0,0,0,0,0,0,0,0,0,0,0,0,0,0,0,0,0,0,0,0,0,0,0,0,0,0,0,0,0,0,0,0,0,0,0,0,0,0,-1.0,-1.0
1660158721487,32.335003,1.0,1.0,1.0,1.0,1.0,1.0,1.0,1.0,1.0,60.300003,60.9,60.300003,62.300003,63.9,65.3,67.3,66.9,67.9,67.600006,49.600002,49.300003,3794448,-1020813,1804800,1804800,1804800,1804800,1804800,1804800,2208000,2400000,0,0,0,0,0,0,0,0,0,0,0,0,0,0,0,0,0,0,0,0,0,0,0,0,0,0,0,0,0,0,0,0,0,0,0,0,0,0,0,0,0,0,0,0,0,0,0,0,7.960199004975125E-4,7.960199004975125E-4
1660158722487,32.354,1.0,1.0,1.0,1.0,1.0,1.0,1.0,1.0,1.0,60.9,61.9,61.300003,63.300003,64.3,65.9,67.600006,67.9,68.3,67.9,50.600002,49.9,3775957,-1201783,1804800,1804800,1804800,1804800,1804800,1804800,2208000,2400000,0,0,0,0,0,0,0,0,0,0,0,0,0,0,0,0,0,0,0,0,0,0,0,0,0,0,0,0,0,0,0,0,0,0,0,0,0,0,0,0,0,0,0,0,0,0,0,0,-1.0,-1.0
1660158723488,32.389,1.0,1.0,1.0,1.0,1.0,1.0,1.0,1.0,1.0,60.9,61.600002,60.9,62.9,64.3,65.600006,67.9,67.9,68.3,68.600006,49.9,49.9,3782380,-1091919,1804800,1804800,1804800,1804800,1804800,1804800,2208000,2400000,0,0,0,0,0,0,0,0,0,0,0,0,0,0,0,0,0,0,0,0,0,0,0,0,0,0,0,0,0,0,0,0,0,0,0,0,0,0,0,0,0,0,0,0,0,0,0,0,-1.0,-1.0
1660158724487,32.427002,1.0,1.0,1.0,1.0,1.0,1.0,1.0,1.0,1.0,61.300003,61.9,60.9,62.9,64.600006,66.3,67.9,68.3,68.600006,68.600006,50.600002,49.9,3782770,-1053772,1804800,1804800,1804800,1804800,1804800,1804800,2208000,2400000,0,0,0,0,0,0,0,0,0,0,0,0,0,0,0,0,0,0,0,0,0,0,0,0,0,0,0,0,0,0,0,0,0,0,0,0,0,0,0,0,0,0,0,0,0,0,0,0,-1.0,-1.0
1660158725485,32.446003,1.0,1.0,1.0,1.0,1.0,1.0,1.0,1.0,1.0,60.9,61.600002,61.300003,63.300003,64.600006,65.9,67.9,67.600006,68.600006,68.3,50.600002,50.300003,3776736,-1261597,1804800,1804800,1804800,1804800,1804800,1804800,2208000,2400000,0,0,0,0,0,0,0,0,0,0,0,0,0,0,0,0,0,0,0,0,0,0,0,0,0,0,0,0,0,0,0,0,0,0,0,0,0,0,0,0,0,0,0,0,0,0,0,0,-1.0,-1.0
1660158726486,32.494003,1.0,1.0,1.0,1.0,1.0,1.0,1.0,1.0,1.0,61.600002,62.300003,61.300003,63.300003,64.9,65.9,68.3,67.600006,68.600006,68.3,50.600002,50.300003,3791139,-994873,1804800,1804800,1804800,1804800,1804800,1804800,2208000,2400000,0,0,0,0,0,0,0,0,0,0,0,0,0,0,0,0,0,0,0,0,0,0,0,0,0,0,0,0,0,0,0,0,0,0,0,0,0,0,0,0,0,0,0,0,0,0,0,0,-1.0,-1.0
1660158727486,32.522003,1.0,1.0,1.0,1.0,1.0,1.0,1.0,1.0,1.0,61.300003,61.9,61.300003,63.300003,64.600006,66.3,67.9,67.9,68.600006,68.600006,50.300003,50.300003,3788414,-1010132,1804800,1804800,1804800,1804800,1804800,1804800,2208000,2400000,0,0,0,0,0,0,0,0,0,0,0,0,0,0,0,0,0,0,0,0,0,0,0,0,0,0,0,0,0,0,0,0,0,0,0,0,0,0,0,0,0,0,0,0,0,0,0,0,-1.0,-1.0
1660158728488,32.564003,1.0,1.0,1.0,1.0,1.0,1.0,1.0,1.0,1.0,61.600002,62.300003,61.600002,62.9,64.9,66.3,68.600006,68.3,68.9,68.9,50.600002,50.600002,3788609,-1026306,1804800,1804800,1804800,1804800,1804800,1804800,2208000,2400000,0,0,0,0,0,0,0,0,0,0,0,0,0,0,0,0,0,0,0,0,0,0,0,0,0,0,0,0,0,0,0,0,0,0,0,0,0,0,0,0,0,0,0,0,0,0,0,0,-1.0,-1.0
1660158729487,32.589,1.0,1.0,1.0,1.0,1.0,1.0,1.0,1.0,1.0,61.9,62.600002,61.9,63.600002,64.9,66.9,68.9,68.600006,69.600006,69.3,51.600002,50.9,3774011,-1220093,1804800,1804800,1804800,1804800,1804800,1804800,2208000,2400000,0,0,0,0,0,0,0,0,0,0,0,0,0,0,0,0,0,0,0,0,0,0,0,0,0,0,0,0,0,0,0,0,0,0,0,0,0,0,0,0,0,0,0,0,0,0,0,0,-1.0,-1.0
1660158730488,32.634003,1.0,1.0,1.0,1.0,1.0,1.0,1.0,1.0,1.0,61.9,62.300003,61.9,63.9,65.600006,66.9,68.9,68.9,69.600006,68.9,50.9,50.600002,3788414,-1069641,1804800,1804800,1804800,1804800,1804800,1804800,2208000,2400000,0,0,0,0,0,0,0,0,0,0,0,0,0,0,0,0,0,0,0,0,0,0,0,0,0,0,0,0,0,0,0,0,0,0,0,0,0,0,0,0,0,0,0,0,0,0,0,0,-1.0,-1.0
1660158731490,32.669003,1.0,1.0,1.0,1.0,1.0,1.0,1.0,1.0,1.0,61.600002,62.9,61.9,63.9,65.600006,66.9,68.9,68.9,69.3,69.3,50.9,50.9,3781018,-1159973,1804800,1804800,1804800,1804800,1804800,1804800,2208000,2400000,0,0,0,0,0,0,0,0,0,0,0,0,0,0,0,0,0,0,0,0,0,0,0,0,0,0,0,0,0,0,0,0,0,0,0,0,0,0,0,0,0,0,0,0,0,0,0,0,-1.0,-1.0
1660158732505,32.697002,1.0,1.0,1.0,1.0,1.0,1.0,1.0,1.0,1.0,61.9,62.600002,61.9,63.9,65.600006,67.3,68.9,69.3,69.600006,69.3,50.9,50.600002,3781212,-1074219,1804800,1804800,1804800,1804800,1804800,1804800,2208000,2400000,0,0,0,0,0,0,0,0,0,0,0,0,0,0,0,0,0,0,0,0,0,0,0,0,0,0,0,0,0,0,0,0,0,0,0,0,0,0,0,0,0,0,0,0,0,0,0,0,-1.0,-1.0
1660158733503,32.729,1.0,1.0,1.0,1.0,1.0,1.0,1.0,1.0,1.0,62.300003,62.9,61.9,64.3,65.3,67.3,68.9,69.3,69.3,69.600006,50.9,50.9,3788998,-990601,1804800,1804800,1804800,1804800,1804800,1804800,2208000,2400000,0,0,0,0,0,0,0,0,0,0,0,0,0,0,0,0,0,0,0,0,0,0,0,0,0,0,0,0,0,0,0,0,0,0,0,0,0,0,0,0,0,0,0,0,0,0,0,0,-1.0,-1.0
1660158734503,32.77,1.0,1.0,1.0,1.0,1.0,1.0,1.0,1.0,1.0,61.9,62.600002,62.300003,64.3,65.600006,67.3,68.9,69.3,69.600006,69.600006,51.300003,50.9,3780629,-971985,1804800,1804800,1804800,1804800,1804800,1804800,2208000,2400000,0,0,0,0,0,0,0,0,0,0,0,0,0,0,0,0,0,0,0,0,0,0,0,0,0,0,0,0,0,0,0,0,0,0,0,0,0,0,0,0,0,0,0,0,0,0,0,0,-1.0,-1.0
1660158735507,32.802002,1.0,1.0,1.0,1.0,1.0,1.0,1.0,1.0,1.0,61.600002,62.9,61.9,63.9,65.600006,67.600006,69.3,69.600006,69.9,69.9,51.300003,51.300003,3785689,-1068421,1804800,1804800,1804800,1804800,1804800,1804800,2208000,2400000,0,0,0,0,0,0,0,0,0,0,0,0,0,0,0,0,0,0,0,0,0,0,0,0,0,0,0,0,0,0,0,0,0,0,0,0,0,0,0,0,0,0,0,0,0,0,0,0,-1.0,-1.0
1660158736502,32.847,1.0,1.0,1.0,1.0,1.0,1.0,1.0,1.0,1.0,61.9,63.300003,62.300003,63.9,65.600006,67.600006,69.3,67.9,69.9,69.9,51.300003,50.9,3789193,-1033631,1804800,1804800,1804800,1804800,1804800,1804800,2208000,2400000,0,0,0,0,0,0,0,0,0,0,0,0,0,0,0,0,0,0,0,0,0,0,0,0,0,0,0,0,0,0,0,0,0,0,0,0,0,0,0,0,0,0,0,0,0,0,0,0,-1.0,-1.0
1660158737502,32.875,1.0,1.0,1.0,1.0,1.0,1.0,1.0,1.0,1.0,61.9,62.9,62.300003,64.3,65.600006,67.600006,69.3,68.3,69.600006,69.9,51.600002,50.9,3788803,-1024475,1804800,1804800,1804800,1804800,1804800,1804800,2208000,2400000,0,0,0,0,0,0,0,0,0,0,0,0,0,0,0,0,0,0,0,0,0,0,0,0,0,0,0,0,0,0,0,0,0,0,0,0,0,0,0,0,0,0,0,0,0,0,0,0,-1.0,-1.0
1660158738503,32.913002,1.0,1.0,1.0,1.0,1.0,1.0,1.0,1.0,1.0,62.300003,63.600002,62.600002,64.600006,66.3,67.600006,69.600006,68.600006,69.9,69.9,51.300003,51.300003,3781018,-997009,1804800,1804800,1804800,1804800,1804800,1804800,2208000,2400000,0,0,0,0,0,0,0,0,0,0,0,0,25,1,0,0,0,0,0,0,0,0,0,0,0,0,0,0,0,0,0,0,0,0,0,0,8525,2356,0,0,0,0,0,0,0,0,0,0,-1.0,-1.0
1660158739518,32.952,1.0,1.0,1.0,1.0,1.0,1.0,1.0,1.0,1.0,62.600002,63.300003,62.9,64.600006,65.9,67.600006,69.600006,68.600006,69.9,69.9,51.600002,51.300003,3787830,-1032105,1804800,1804800,1804800,1804800,1804800,1804800,2208000,2400000,0,0,0,0,0,0,0,0,0,0,0,0,0,0,0,0,0,0,0,0,0,0,0,0,0,0,0,0,0,0,0,0,0,0,0,0,0,0,0,0,0,0,0,0,0,0,0,0,-1.0,-1.0
1660158740515,32.983,1.0,1.0,1.0,1.0,1.0,1.0,1.0,1.0,1.0,62.600002,63.600002,62.600002,64.9,66.3,67.600006,69.9,69.600006,70.3,69.9,51.600002,51.300003,3785300,-1031494,1804800,1804800,1804800,1804800,1804800,1804800,2208000,2400000,0,0,0,0,0,0,0,0,0,0,0,0,0,0,0,0,0,0,0,0,0,0,0,0,0,0,0,0,0,0,0,0,0,0,0,0,0,0,0,0,0,0,0,0,0,0,0,0,-1.0,-1.0
1660158741523,33.018,1.0,1.0,1.0,1.0,1.0,1.0,1.0,1.0,1.0,62.600002,63.300003,62.600002,64.9,65.9,67.600006,69.600006,69.9,70.3,70.3,51.9,51.300003,3784911,-1032105,1804800,1804800,1804800,1804800,1804800,1804800,2208000,2400000,0,0,0,0,0,0,0,0,0,0,0,0,0,0,0,0,0,0,0,0,0,0,0,0,0,0,0,0,0,0,0,0,0,0,0,0,0,0,0,0,0,0,0,0,0,0,0,0,-1.0,-1.0
1660158742516,33.044003,1.0,1.0,1.0,1.0,1.0,1.0,1.0,1.0,1.0,62.9,63.300003,62.9,64.9,66.3,67.600006,69.9,69.9,70.600006,70.600006,51.9,51.300003,3783743,-1064453,1804800,1804800,1804800,1804800,1804800,1804800,2208000,2400000,0,0,0,0,0,0,0,0,0,0,0,0,0,0,0,0,0,0,0,0,0,0,0,0,0,0,0,0,0,0,0,0,0,0,0,0,0,0,0,0,0,0,0,0,0,0,0,0,-1.0,-1.0
1660158743536,33.079002,1.0,1.0,1.0,1.0,1.0,1.0,1.0,1.0,1.0,62.9,63.600002,63.300003,64.9,65.9,67.9,69.9,69.9,70.3,70.3,51.9,51.9,3786273,-1095581,1804800,1804800,1804800,1804800,1804800,1804800,2208000,2400000,0,0,0,0,0,0,0,0,0,0,0,0,0,0,0,0,0,0,0,0,0,0,0,0,0,0,0,0,0,0,0,0,0,0,0,0,0,0,0,0,0,0,0,0,0,0,0,0,-1.0,-1.0
1660158744536,33.120003,1.0,1.0,1.0,1.0,1.0,1.0,1.0,1.0,1.0,62.9,63.9,63.300003,65.3,66.3,67.600006,69.9,70.3,70.600006,70.9,51.9,51.9,3777125,-1101685,1804800,1804800,1804800,1804800,1804800,1804800,2208000,2400000,0,0,1,0,0,1,2,0,0,1,0,1,0,0,1,0,0,0,0,0,2,0,0,0,0,0,2294,0,0,1180,1408,0,0,1779,0,1209,0,0,1467,0,0,0,0,0,954,0,0,0,-1.0,-1.0
1660158745536,33.152,1.0,1.0,1.0,1.0,1.0,1.0,1.0,1.0,1.0,62.9,63.9,62.9,64.9,66.600006,68.3,69.9,70.3,70.600006,70.600006,51.9,51.9,3780045,-1072388,1804800,1804800,1804800,1804800,1804800,1804800,2208000,2400000,0,0,0,0,0,0,0,0,0,0,0,0,0,0,0,0,0,0,0,0,0,0,0,0,0,0,0,0,0,0,0,0,0,0,0,0,0,0,0,0,0,0,0,0,0,0,0,0,-1.0,-1.0
1660158746583,33.203003,1.0,1.0,1.0,1.0,1.0,1.0,1.0,1.0,1.0,62.600002,64.3,63.300003,65.600006,66.600006,67.9,68.9,65.9,70.600006,70.600006,52.9,52.9,3767977,-1214600,1804800,1804800,1804800,1804800,1804800,1804800,2208000,2400000,0,0,0,0,0,0,0,0,0,0,0,0,0,0,0,0,0,0,0,0,0,0,0,0,0,0,0,0,0,0,0,0,0,0,0,0,0,0,0,0,0,0,0,0,0,0,0,0,-1.0,-1.0
1660158746965,33.212,1.0,1.0,1.0,1.0,1.0,1.0,1.0,1.0,1.0,63.600002,64.3,63.9,65.9,66.3,67.600006,70.3,70.600006,71.3,71.600006,52.9,52.600002,3778877,-1124268,1804800,1804800,1804800,1804800,1804800,1804800,2208000,2400000,1805434,35831,116987,1751630,26055,89370,788705,89791,187220,816420,92007,187688,642683,77292,180415,628449,75807,177859,552635,76487,261470,501301,67721,245420,1366261601,66142400,1099240140,1400980576,48565009,1106867059,637118717,172909074,1739933644,654563378,176396586,1705597439,510096885,148144175,1835888785,499654620,144203956,1832682035,414442599,156979022,2051994095,346057478,140323535,2060499671,-1.0,-1.0
1660158747665,33.238003,0.88832486,1.0,1.0,1.0,1.0,1.0,1.0,0.0,1.0,63.9,64.600006,64.600006,66.3,67.3,68.9,68.9,69.9,70.9,71.600006,53.300003,53.600002,3776347,-1169129,1804800,1804800,1804800,1804800,1804800,1804800,2208000,2400000,0,0,0,0,0,0,0,0,0,0,0,0,1,0,0,0,0,0,0,0,0,0,0,0,0,0,0,0,0,0,0,0,0,0,0,0,613,0,0,0,0,0,0,0,0,0,0,0,-1.0,-1.0
1660158748076,33.257,0.88557214,1.0,1.0,1.0,1.0,1.0,1.0,0.08,1.0,63.9,64.9,64.600006,65.9,67.3,67.600006,65.9,70.3,67.9,70.9,53.600002,53.600002,3770313,-1260376,1804800,1804800,1804800,1804800,1804800,1804800,2208000,2400000,0,0,0,0,0,0,0,0,0,0,0,0,1,0,0,0,0,0,107,25,4,0,0,0,0,0,0,0,0,0,0,0,0,0,0,0,613,0,0,0,0,0,76386,22564,2897,0,0,0,-1.0,-1.0
1660158748708,33.27,0.88780487,1.0,1.0,1.0,1.0,1.0,1.0,0.08,1.0,62.9,63.9,63.300003,64.600006,64.9,65.3,63.300003,68.9,65.3,68.9,53.300003,52.9,3798535,-878296,1804800,1804800,1804800,1804800,1804800,1804800,2208000,2400000,0,0,0,0,0,0,0,0,0,0,0,0,0,0,0,0,0,0,620,143,49,0,0,0,0,0,0,0,0,0,0,0,0,0,0,0,0,0,0,0,0,0,361599,185604,80443,0,0,0,-1.0,-1.0
1660158749120,33.282,0.8942308,1.0,1.0,1.0,1.0,1.0,1.0,0.1923077,1.0,62.600002,63.300003,62.9,63.9,64.600006,64.600006,61.600002,68.600006,62.9,68.3,52.600002,52.300003,3799898,-843201,1804800,1804800,1804800,1804800,1804800,1804800,2208000,2400000,0,0,0,0,0,0,0,0,0,0,0,0,0,0,0,0,0,0,1221,161,86,0,0,0,0,0,0,0,0,0,0,0,0,0,0,0,0,0,0,0,0,0,497758,254816,156432,0,0,0,-1.0,-1.0
1660158749710,33.305,0.89162564,1.0,1.0,1.0,1.0,1.0,1.0,0.041666668,1.0,62.300003,63.300003,62.300003,63.600002,64.3,64.3,62.300003,67.9,62.600002,67.600006,52.300003,51.9,3785495,-1044007,1804800,1804800,1804800,1804800,1804800,1804800,2208000,2400000,0,0,0,0,0,0,0,0,0,0,0,0,0,0,0,0,0,0,892,149,119,0,0,0,0,0,0,0,0,0,0,0,0,0,0,0,0,0,0,0,0,0,321271,316165,272277,0,0,0,-1.0,-1.0
