1658001733255,32.634003,0.6481481,0.47368422,0.7894737,0.47368422,0.55,0.59090906,0.95238096,0.25,0.95652175,42.600002,42.600002,41.9,42.600002,43.300003,43.300003,42.600002,42.9,43.300003,44.300003,38.9,39.300003,4062852,-593567,1075200,1075200,1075200,1075200,1075200,1075200,652800,1401600,479322,17731,44953,474674,17667,47415,214645,25707,53205,210231,25761,53841,169722,16831,44812,150914,15018,41645,251850,35360,54882,139038,9035,33300,397408685,37374356,484701744,422563565,35016256,504111281,213582421,57279062,678524725,205943319,57375388,678969712,161855383,37277275,684267066,150447464,32754516,669113380,163377947,73258770,814825937,61141989,21409573,719355157,-1.0,-1.0
1658001734437,32.640003,0.8161435,0.7586207,0.89285713,0.7586207,0.7307692,0.84615386,0.9655172,0.5,1.0,41.9,42.300003,41.300003,42.300003,42.300003,43.300003,42.300003,43.300003,42.600002,43.9,39.600002,39.600002,4059349,-538025,1075200,1075200,1075200,1075200,1075200,1075200,652800,1401600,405,0,0,286,18,31,306,11,19,243,2,5,246,3,13,126,4,10,613,60,46,11,0,0,125741,0,0,168547,27617,89691,220529,18289,56627,158719,3813,8855,182804,7920,74002,59566,9660,34489,321245,132592,217711,4303,0,0,-1.0,-1.0
1658001735541,32.643,0.7023256,0.6666667,0.75,0.64285713,0.7307692,0.5833333,1.0,0.16,1.0,41.9,41.9,41.300003,41.9,42.300003,42.300003,42.300003,43.600002,42.600002,43.9,40.300003,40.600002,4062268,-701599,1075200,1075200,1075200,1075200,1075200,1075200,652800,1401600,313,0,0,341,0,0,565,12,18,314,17,27,291,3,9,191,3,6,860,40,78,22,0,0,226657,0,0,269596,0,0,464571,16430,27675,281210,25640,37751,279095,5230,12320,176110,2073,14006,565140,53745,113973,3052,0,0,-1.0,-1.0
1658001736746,32.656002,0.35353535,0.96,0.08695652,0.083333336,0.23076923,0.1923077,0.20833333,0.04,1.0,42.9,42.9,42.300003,42.9,42.9,43.600002,42.9,43.300003,43.300003,44.600002,39.600002,39.9,4062852,-591431,1075200,1075200,1075200,1075200,1075200,1075200,652800,1401600,505,0,0,275,0,0,364,24,37,485,22,33,365,34,38,138,6,10,834,88,109,19,0,0,295437,0,0,247700,0,0,180987,40005,99695,221066,39010,65449,172025,72185,93712,50226,9364,47159,400851,184179,226303,1464,0,0,-1.0,-1.0
1658001737861,32.669003,0.7745098,0.7692308,0.7407407,0.72,0.84,0.7307692,0.92,0.46153846,0.96153843,41.600002,41.600002,40.9,42.300003,42.300003,42.300003,41.600002,43.300003,41.9,43.9,39.600002,39.300003,4052342,-730591,1075200,1075200,1075200,1075200,1075200,1075200,652800,1401600,388,0,0,689,0,0,394,43,71,345,34,70,199,45,62,229,21,44,684,46,88,28,0,5,121550,0,0,573321,0,0,267380,67443,254691,234941,51044,256132,154925,105431,235735,156310,46903,181198,335393,97100,458823,12121,0,5463,0.016934579439252334,0.0030778816199376947
1658001739039,32.685,0.74757284,0.7692308,0.84,0.75,0.72,0.84,0.7307692,0.36,1.0,41.9,41.600002,41.300003,41.9,42.300003,42.300003,42.300003,43.600002,42.300003,43.9,39.300003,39.600002,4080953,-385132,1075200,1075200,1075200,1075200,1075200,1075200,652800,1401600,278,0,0,614,0,0,475,26,67,327,43,73,370,16,46,183,21,44,656,57,103,39,0,6,130000,0,0,545296,0,0,257749,50293,223971,204294,101161,237552,197159,32443,270423,133157,45242,200809,296343,149095,414140,7477,0,7786,-1.0,-1.0
1658001740135,32.688,0.4041451,0.84,0.29166666,0.39130434,0.2,0.2173913,0.26923078,0.0,1.0,41.600002,41.600002,40.9,41.600002,41.600002,41.9,41.600002,43.300003,42.600002,43.300003,39.300003,39.300003,4075893,-418396,1075200,1075200,1075200,1075200,1075200,1075200,652800,1401600,333,0,11,526,10,37,343,47,105,223,28,58,210,18,36,196,14,30,228,27,84,15,0,3,386261,0,294685,469024,27356,239341,243327,98223,403627,178299,59320,562537,116712,44605,426760,117881,22299,111306,166498,73414,700382,3639,0,10566,-1.0,-1.0
1658001741198,32.7,0.6045198,0.64,0.35,0.4090909,0.6086956,0.61904764,0.90909094,0.22727273,0.95652175,40.600002,40.9,40.300003,40.600002,40.600002,40.600002,40.600002,42.9,40.9,42.9,38.9,38.600002,4088544,-251159,1075200,1075200,1075200,1075200,1075200,1075200,652800,1401600,183,0,0,569,24,41,141,23,61,184,12,40,227,23,47,288,10,36,261,108,140,9,0,4,155014,0,0,480792,67139,239583,115480,61458,421667,137314,38450,643285,164476,52740,529947,162631,14769,532860,195943,247624,498162,5783,0,17155,-1.0,-1.0
1658001742232,32.716003,0.5270936,0.6666667,0.5,0.33333334,0.32,0.5,0.6296296,0.34615386,0.96,41.300003,40.9,40.300003,41.300003,41.300003,41.300003,40.9,42.9,41.600002,42.9,38.600002,38.9,4075893,-430908,1075200,1075200,1075200,1075200,1075200,1075200,652800,1401600,175,0,1,405,30,67,226,35,62,144,5,29,157,17,41,62,0,35,162,64,127,1,0,2,88679,0,597,340116,69528,328138,189272,87376,543842,94953,14322,679198,124216,46024,562385,51464,4045,639847,140518,161313,626192,134,0,1653,-1.0,-1.0
1658001743334,32.739002,0.45714286,0.45454547,0.045454547,0.3478261,0.95238096,0.17391305,0.71428573,0.04761905,0.95652175,41.600002,41.9,41.300003,41.600002,42.300003,42.300003,41.9,42.300003,42.600002,43.600002,38.9,39.600002,4050006,-581055,1075200,1075200,1075200,1075200,1075200,1075200,652800,1401600,134,0,0,227,9,53,264,13,28,242,10,25,147,9,13,76,6,25,272,108,158,122,0,2,90304,0,0,286285,15903,489982,149345,38605,654522,154022,18001,668313,82887,34767,649370,53673,4890,694544,267018,235492,416305,18497,0,1385,-1.0,-1.0
1658001744475,32.751003,0.42647058,1.0,0.041666668,0.12,0.115384616,0.15384616,0.92,0.041666668,1.0,40.9,40.9,40.300003,40.600002,40.9,40.600002,40.300003,42.9,40.9,42.9,38.600002,38.600002,4065966,-575256,1075200,1075200,1075200,1075200,1075200,1075200,652800,1401600,229,0,2,180,13,27,80,18,30,58,5,19,151,34,64,93,8,27,198,157,134,30,0,3,451414,0,21513,216175,24972,126055,53917,48126,244327,30574,9494,105265,151696,92698,355126,84683,11999,139138,158969,374785,420558,4731,0,5334,-1.0,-1.0
1658001745562,32.754,0.39303482,0.04,0.0,0.083333336,0.64,0.375,0.7407407,0.115384616,1.0,40.600002,40.300003,39.600002,40.300003,40.300003,40.600002,40.300003,42.600002,40.9,42.300003,38.600002,38.600002,4076477,-438232,1075200,1075200,1075200,1075200,1075200,1075200,652800,1401600,38,0,0,554,25,42,345,69,85,342,66,104,166,28,49,77,7,21,118,114,146,3,3,6,41493,0,0,550256,56099,198475,300709,150691,321063,281118,125844,378419,128131,46707,275592,61212,12794,120419,122817,264881,495358,85,11939,34931,-1.0,-1.0
1658001746622,32.767002,0.29126215,0.0,0.0,0.0,0.0,1.0,0.07692308,0.074074075,1.0,39.9,40.300003,39.600002,40.300003,40.600002,40.9,40.600002,42.600002,40.600002,42.600002,38.600002,38.600002,4083484,-292663,1075200,1075200,1075200,1075200,1075200,1075200,652800,1401600,258,12,20,518,25,59,314,61,89,194,24,47,126,14,39,77,8,24,102,80,159,5,0,1,482834,24589,32267,602045,56782,270921,313780,132250,390630,208280,61461,473909,135190,27839,342787,86181,10070,218355,99261,201772,710821,159,0,531,-1.0,-1.0
1658001747706,32.789,0.52459013,0.375,0.34615386,0.3043478,0.44,0.95454544,0.8695652,0.09090909,0.9130435,39.9,39.9,39.300003,40.300003,40.600002,40.600002,39.9,42.300003,40.300003,42.300003,38.600002,38.600002,4075504,-427246,1075200,1075200,1075200,1075200,1075200,1075200,652800,1401600,258,20,59,349,30,89,107,20,29,162,38,53,56,8,14,94,7,31,117,18,43,4,0,1,334743,31400,517836,337341,85290,478976,65855,66922,343218,158098,97147,689027,41143,21696,383681,72127,12703,628692,60464,19700,851626,112,0,433,-1.0,-1.0
1658001748728,32.799,0.32038835,0.0,0.0,1.0,0.037037037,0.32,0.22222222,0.0,1.0,40.300003,40.300003,39.9,40.9,41.300003,40.9,40.300003,42.300003,40.9,42.600002,38.600002,38.300003,4080953,-329895,1075200,1075200,1075200,1075200,1075200,1075200,652800,1401600,211,16,39,426,27,55,159,21,54,184,15,49,82,1,4,81,6,19,160,73,65,18,0,5,379126,34056,335496,414360,85815,274480,131617,38465,548128,144001,25879,480887,29809,1371,8265,59929,9755,409866,123253,158724,608936,6290,0,15240,-1.0,-1.0
1658001749792,32.821003,0.37688443,0.68,0.25,0.34615386,0.22222222,0.08,0.36,0.125,1.0,39.9,39.600002,39.600002,39.600002,39.9,39.9,39.9,42.300003,40.300003,41.9,38.600002,38.300003,4060322,-620422,1075200,1075200,1075200,1075200,1075200,1075200,652800,1401600,119,12,31,250,23,65,64,6,44,107,10,72,85,7,53,54,8,27,100,115,157,0,0,0,263192,22963,711355,360069,47892,583164,82056,10041,416922,134169,31176,577488,101499,13014,461063,56125,12545,283286,109295,282290,553663,0,0,0,6.412099173553719,0.14694876033057852
1658001750813,32.834003,0.41708544,0.24,0.26923078,0.42307693,0.5,0.28,0.64,0.0,1.0,41.300003,41.300003,40.9,41.300003,41.600002,41.9,41.300003,42.9,41.600002,42.9,39.9,39.600002,3994340,-1415711,1075200,1075200,1075200,1075200,1075200,1075200,652800,1401600,236,3,4,925,14,24,344,54,81,436,59,81,184,44,74,290,40,78,87,41,148,2,0,0,185588,3656,5301,718020,14468,55353,290556,111269,353963,370152,95650,315996,185148,98085,448106,280337,67864,285756,107492,106956,658277,156,0,0,191.6034692556634,0.3029126213592233
1658001751850,32.850002,0.35789475,0.13043478,0.0952381,0.16666667,1.0,0.0,0.25,0.083333336,1.0,42.600002,42.300003,41.9,41.9,42.300003,42.300003,41.300003,43.9,41.9,43.9,40.600002,40.300003,4007965,-1100769,1075200,1075200,1075200,1075200,1075200,1075200,652800,1401600,672,34,42,811,37,58,479,72,50,206,49,68,149,26,44,54,4,7,245,83,113,1,0,1,625580,55425,70478,575739,61674,103501,413400,111256,73093,194917,94550,384905,138513,58338,400707,47120,5516,90670,202957,179040,532004,3680,0,414,196.14350310559004,0.25644720496894413
1658001752897,32.894,0.35672516,0.3809524,0.61904764,0.3043478,0.3809524,0.17391305,0.045454547,0.0952381,1.0,42.9,42.600002,41.600002,42.300003,42.600002,42.9,41.9,44.600002,42.600002,44.600002,41.300003,40.600002,4014582,-1162415,1075200,1075200,1075200,1075200,1075200,1075200,652800,1401600,564,68,105,846,63,89,230,69,82,62,22,37,90,17,68,68,9,34,263,121,168,0,0,0,533007,106056,240194,601616,83116,159767,281985,165726,320133,64694,67160,189506,99137,50108,758492,73360,19826,671498,287362,240444,418389,0,0,0,214.1344625407166,0.258814332247557
1658001753902,32.945,0.31609195,0.09090909,0.2173913,0.72727275,0.41666666,0.045454547,0.08695652,0.0,1.0,43.600002,43.300003,43.300003,42.9,43.300003,43.300003,42.600002,45.300003,42.9,45.300003,41.600002,41.300003,3996676,-1354981,1075200,1075200,1075200,1075200,1075200,1075200,652800,1401600,572,42,77,577,37,60,231,64,84,85,30,45,63,6,28,20,13,23,307,115,151,0,0,2,550302,62057,146696,430218,52875,88958,273632,153402,291676,84843,81093,224545,70912,14680,500810,17268,43324,421376,322995,211185,297840,0,0,1197,237.60321035598707,0.2679093851132686
1658001754942,33.006,0.37623763,0.36,0.13636364,0.16666667,0.6923077,0.26923078,0.08,0.1923077,1.0,43.600002,43.600002,42.9,43.600002,43.600002,43.600002,42.9,45.300003,43.300003,45.300003,42.300003,41.600002,4016723,-1179200,1075200,1075200,1075200,1075200,1075200,1075200,652800,1401600,657,56,89,908,44,51,294,88,62,290,84,91,181,40,83,104,7,37,48,51,133,0,0,0,664160,89725,171905,665386,57528,73521,318825,193851,213684,309515,154716,207958,165679,93686,418648,75802,11849,496527,60235,167162,745894,0,0,0,221.70231781701446,0.19030497592295345
1658001755989,33.088,0.32642487,0.0952381,0.045454547,0.125,0.041666668,1.0,0.12,0.115384616,1.0,44.300003,44.300003,43.600002,44.300003,44.300003,44.300003,43.9,45.9,44.300003,45.9,42.600002,41.9,4008743,-1201477,1075200,1075200,1075200,1075200,1075200,1075200,652800,1401600,685,12,21,942,40,34,410,87,82,207,61,68,129,24,53,142,37,63,88,53,142,2,0,0,640739,18331,19864,653638,53798,49299,468897,161141,175965,208882,145154,373557,147558,42367,454851,135573,85877,446087,123864,139983,632289,54,0,0,226.6831622047244,0.22536062992125985
1658001757015,33.155003,0.36180905,0.47826087,0.17391305,0.16666667,0.625,0.16,0.16,0.07692308,1.0,44.300003,43.9,43.600002,43.600002,44.300003,44.300003,43.300003,45.9,44.300003,45.9,42.600002,41.9,4009716,-1152344,1075200,1075200,1075200,1075200,1075200,1075200,652800,1401600,689,65,69,589,47,97,165,70,57,212,71,95,39,16,26,59,11,48,213,88,177,0,0,0,627934,77192,125545,514383,69891,228654,245631,160939,197504,258906,161685,476099,61809,41388,417366,65630,30593,690557,212229,221054,504024,0,0,0,236.80752647975078,0.18337694704049842
1658001758067,33.257,0.37016574,0.13636364,0.20833333,0.05,0.27272728,0.82608694,0.20833333,0.2173913,1.0,44.9,44.300003,43.600002,44.600002,44.300003,43.9,43.300003,46.300003,43.9,46.600002,42.600002,41.9,3995313,-1311646,1075200,1075200,1075200,1075200,1075200,1075200,652800,1401600,664,36,67,787,46,87,328,102,78,337,60,64,195,35,85,74,17,37,99,42,133,1,0,1,622738,46312,113323,615475,71530,170746,415344,247002,213806,311352,99562,226423,199593,66250,500112,68981,43710,269984,95668,120663,734798,16,0,8306,208.13119476268415,0.1606808510638298
1658001759077,33.33,0.34634146,0.18518518,0.22222222,0.15384616,0.03846154,0.083333336,1.0,0.04,1.0,44.9,44.9,44.300003,44.600002,44.9,44.600002,44.300003,46.600002,44.600002,46.600002,42.9,42.600002,4011857,-1163025,1075200,1075200,1075200,1075200,1075200,1075200,652800,1401600,626,13,21,787,28,29,350,80,63,184,38,68,89,21,45,154,37,77,147,100,154,0,0,3,602661,19461,47025,600537,38432,54630,394841,159067,203117,173648,102260,408335,116746,31800,462378,159346,91928,552185,145477,226819,453054,0,0,562,208.9403839009288,0.14489164086687306
1658001760111,33.413002,0.32352942,0.083333336,0.1923077,0.125,0.7407407,0.04,0.33333334,0.03846154,1.0,45.300003,44.9,44.300003,44.600002,44.9,45.300003,44.300003,46.9,44.600002,47.300003,43.300003,42.600002,4008159,-1148987,1075200,1075200,1075200,1075200,1075200,1075200,652800,1401600,656,70,83,743,51,81,500,92,80,132,46,79,93,24,57,5,0,2,20,33,106,1,0,0,631068,122097,178927,589257,69918,150158,560388,157277,165436,138912,112262,681139,117124,62577,630370,0,0,111037,31033,109382,843617,19,0,0,205.31215609756097,0.14340162601626016
1658001761139,33.492,0.34302327,0.3809524,0.10526316,0.17391305,0.65217394,0.22727273,0.045454547,0.13636364,1.0,45.9,44.9,44.300003,44.600002,44.600002,44.9,44.600002,46.9,45.300003,47.300003,43.600002,43.300003,3992588,-1231385,1075200,1075200,1075200,1075200,1075200,1075200,652800,1401600,670,41,77,832,44,79,529,88,58,132,26,53,149,36,79,56,5,19,36,36,109,1,0,0,686227,59321,129659,712870,55627,132757,573227,156685,112144,140214,44172,460676,171606,79373,600609,48399,13985,187157,35680,93626,803792,26,0,490,205.43350943396226,0.1687547169811321
1658001762184,33.578003,0.3465909,0.17391305,0.17391305,0.0952381,0.09090909,0.13636364,1.0,0.09090909,1.0,45.300003,44.9,44.600002,44.9,45.300003,45.300003,44.600002,47.600002,44.9,47.300003,43.9,43.300003,3995119,-1248475,1075200,1075200,1075200,1075200,1075200,1075200,652800,1401600,704,29,48,879,31,42,397,99,82,159,33,78,201,32,79,141,24,55,13,17,104,1,0,2,671913,42003,103826,677342,44464,93745,473408,207996,226772,154593,61803,570925,217661,55581,440366,141371,35987,267718,26318,61693,863392,20,0,393,203.8853746130031,0.15004334365325078
1658001763211,33.664,0.33695653,0.5217391,0.20833333,0.13043478,0.08695652,0.09090909,0.5,0.09090909,1.0,45.9,45.9,44.9,45.9,45.9,45.9,45.300003,47.9,46.300003,47.9,44.300003,43.300003,3991420,-1332703,1075200,1075200,1075200,1075200,1075200,1075200,652800,1401600,551,49,53,762,35,62,333,94,75,214,56,91,89,8,50,78,5,21,144,67,157,3,1,2,524535,94724,102764,629965,45285,144298,429359,197607,244297,226602,100173,527756,114908,18083,620946,52208,6004,152482,171012,130662,608143,2411,3205,4219,207.6652464228935,0.1574054054054054
1658001764228,33.75,0.37988827,0.6363636,0.22727273,0.45454547,0.41666666,0.13043478,0.13636364,0.04761905,1.0,45.9,45.9,45.300003,45.600002,45.600002,46.300003,45.600002,47.9,46.600002,48.300003,44.300003,43.600002,3990253,-1213074,1075200,1075200,1075200,1075200,1075200,1075200,652800,1401600,525,14,38,865,59,52,369,88,73,162,32,64,221,22,72,67,11,37,116,80,143,0,0,2,508629,23987,91314,685981,102971,93535,447343,183030,221745,161292,78878,516169,192458,40996,572105,72652,20411,365383,138313,184425,588307,0,0,925,205.21059672131148,0.16571803278688524
1658001765242,33.826,0.38505748,0.45,0.27272728,0.1904762,0.47619048,0.45833334,0.13636364,0.09090909,1.0,45.9,45.9,45.600002,46.300003,45.9,45.9,45.300003,47.9,45.9,47.9,44.600002,43.9,3992394,-1175232,1075200,1075200,1075200,1075200,1075200,1075200,652800,1401600,607,38,53,787,45,76,311,56,51,318,67,105,108,24,65,188,52,63,9,18,102,2,0,1,611342,47590,90536,639239,71290,131418,356580,104458,137248,294123,122799,371352,120228,50847,503742,203357,98809,409405,13452,57234,859422,62,0,826,209.70118347107436,0.16777520661157025
1658001766246,33.906002,0.33908045,0.25,0.05,0.1904762,0.6086956,0.3181818,0.09090909,0.13043478,0.9583333,46.9,46.300003,45.300003,45.600002,45.600002,45.600002,45.300003,48.300003,45.600002,48.300003,44.600002,43.9,3997260,-1110535,1075200,1075200,1075200,1075200,1075200,1075200,652800,1401600,553,24,52,853,47,51,268,83,81,185,39,88,106,20,57,83,22,34,67,57,137,1,0,1,582175,40193,108040,690074,86570,70296,340223,193519,347225,202911,91765,535610,131837,42662,520620,111070,55566,132136,94340,142280,657238,23,0,945,204.5135403726708,0.1440496894409938
1658001767249,33.988003,0.33168316,0.16666667,0.12,0.125,0.04,0.875,0.1923077,0.07692308,1.0,47.300003,46.300003,45.600002,45.9,46.300003,45.9,45.9,48.600002,46.600002,48.600002,44.9,44.600002,3990058,-1271973,1075200,1075200,1075200,1075200,1075200,1075200,652800,1401600,535,54,72,741,49,71,498,82,65,138,26,53,130,34,59,140,24,69,17,25,97,1,0,2,540365,96949,112951,633315,76979,134458,542752,139645,154693,140266,43895,151094,148159,94634,455228,157870,51675,669948,21994,101500,802305,11,0,794,204.22561827079934,0.15676345840130504
1658001768252,34.062,0.43333334,0.18181819,0.13636364,0.2173913,0.13043478,0.6363636,1.0,0.23809524,1.0,46.300003,46.300003,45.300003,45.9,46.600002,46.300003,45.300003,48.600002,46.300003,48.300003,44.9,43.9,4005240,-1125489,1075200,1075200,1075200,1075200,1075200,1075200,652800,1401600,561,45,55,856,46,65,525,100,63,209,47,73,123,28,56,109,38,70,32,37,103,2,0,0,560314,64574,95131,680958,63909,137709,541951,185807,134549,229110,75213,347948,137131,51166,420718,132891,97886,397489,37460,120685,801524,54,0,0,207.49951401869157,0.16717757009345793
1658001769329,34.135002,0.4076087,0.36363637,0.26086956,0.26086956,0.25,0.52380955,0.36363637,0.20833333,1.0,47.300003,46.9,46.600002,46.9,47.300003,47.300003,46.600002,48.9,47.300003,48.9,44.9,44.9,3993172,-1285096,1075200,1075200,1075200,1075200,1075200,1075200,652800,1401600,627,49,41,702,28,34,359,79,80,158,26,84,123,12,63,79,6,25,218,128,124,0,0,2,629704,96376,86925,596749,43584,56708,425509,168212,231029,166222,54949,644392,138974,23012,426902,75065,12381,208822,195927,267353,417076,0,0,864,207.07907096774193,0.16237419354838709
1658001770362,34.224003,0.34502923,0.7,0.0952381,0.18181819,0.36363637,0.18181819,0.1,0.13636364,1.0,47.600002,47.600002,46.600002,46.9,47.300003,47.600002,46.9,49.300003,47.600002,49.300003,45.600002,44.600002,3992783,-1241761,1075200,1075200,1075200,1075200,1075200,1075200,652800,1401600,696,59,41,491,39,83,335,76,86,269,52,108,164,21,30,79,11,69,95,110,141,1,0,1,666755,83334,71215,494663,69770,202461,397813,156190,269831,234729,105161,567020,130333,28223,129768,98987,21687,640421,97767,303156,542169,17,0,462,0.004542901716068643,6.489859594383775E-4
1658001771392,34.297,0.30331755,1.0,0.03846154,0.0,0.071428575,0.22222222,0.07692308,0.0,1.0,45.9,46.300003,45.300003,45.600002,46.300003,46.300003,45.9,47.300003,46.600002,48.300003,43.9,43.600002,4012636,-794373,1075200,1075200,1075200,1075200,1075200,1075200,652800,1401600,394,3,14,555,9,42,303,47,109,239,27,89,208,22,49,97,12,27,75,43,105,19,0,3,576423,7042,122912,603943,7918,219811,271299,85579,455413,228364,33153,546856,166092,41303,292468,88300,20837,283805,64197,100973,669126,5208,0,3449,-1.0,-1.0
1658001772475,34.370003,0.41791046,0.16,0.2,0.28,0.39130434,0.76,0.35714287,0.25925925,1.0,45.300003,44.9,43.9,44.300003,44.600002,44.9,44.600002,47.300003,44.600002,47.300003,42.9,42.9,4048060,-552368,1075200,1075200,1075200,1075200,1075200,1075200,652800,1401600,29,0,0,384,32,74,157,30,71,139,13,37,170,48,95,125,14,31,91,16,71,3,0,1,18168,0,0,363386,79682,431642,145600,55280,670941,93322,24168,784098,172848,110246,522317,87742,30122,702790,60382,28755,879786,48,0,478,83.20377287066246,1.6509905362776025
1658001773548,34.415,0.3255814,0.13043478,0.15,0.0,0.18181819,1.0,0.09090909,0.04761905,1.0,46.9,46.600002,45.9,46.9,46.9,46.600002,45.9,48.600002,46.9,48.600002,44.9,44.600002,3986360,-1340332,1075200,1075200,1075200,1075200,1075200,1075200,652800,1401600,637,16,26,1098,19,32,347,42,82,583,43,64,162,32,52,215,33,65,350,47,134,7,0,0,627335,23213,32090,745497,29229,54151,297910,67616,270372,475324,86178,140022,150881,59584,211640,180837,43886,188496,139584,121484,558186,161,0,0,569.5205445705024,0.4874683954619125
1658001774590,34.456,0.32124352,0.23076923,0.04347826,1.0,0.125,0.0,0.041666668,0.083333336,1.0,46.9,46.9,45.9,46.600002,46.9,46.600002,45.9,48.9,46.600002,48.600002,45.300003,44.600002,3994924,-1234742,1075200,1075200,1075200,1075200,1075200,1075200,652800,1401600,648,63,95,734,46,61,306,43,105,292,69,93,120,28,50,112,29,67,248,82,210,3,0,0,598353,104721,178087,595670,60127,98924,299330,96731,469061,364708,148466,253384,142776,61140,238413,156951,64151,636250,224638,176729,522862,69,0,0,364.17356464811786,0.2886808510638298
1658001775606,34.513,0.38372093,0.35,0.36363637,0.33333334,0.22727273,0.4090909,0.13636364,0.1904762,1.0,47.300003,47.300003,46.9,46.9,46.9,46.9,46.600002,49.300003,47.300003,49.300003,45.600002,44.9,3998817,-1251526,1075200,1075200,1075200,1075200,1075200,1075200,652800,1401600,634,48,76,534,34,64,218,53,60,290,95,101,169,24,88,105,21,58,275,107,164,2,0,0,600894,77526,139714,523213,55139,146736,229794,117150,258773,378949,201659,312408,181967,46112,507429,111949,52190,535048,285968,201478,359577,45,0,0,376.2104227129338,0.29198738170347
1658001776610,34.567,0.35643566,0.16666667,0.4,0.115384616,0.28,0.6,0.28,0.10714286,1.0,47.600002,47.600002,47.600002,47.600002,47.300003,47.300003,46.9,49.600002,47.300003,49.9,46.300003,45.600002,3987138,-1332093,1075200,1075200,1075200,1075200,1075200,1075200,652800,1401600,707,18,33,745,11,15,252,41,56,349,90,105,257,61,74,107,32,79,157,91,165,1,0,0,681077,25888,76653,648672,19492,26081,235366,59610,155740,394699,182973,254724,259696,110975,278838,115126,84059,614019,150955,210043,467494,30,0,0,384.6325962732919,0.28422360248447204
1658001777644,34.628002,0.32828283,0.083333336,0.08,0.041666668,0.1923077,1.0,0.041666668,0.08,1.0,48.600002,47.9,46.9,47.600002,48.300003,47.600002,47.300003,49.9,47.9,49.9,46.300003,45.9,3986749,-1259766,1075200,1075200,1075200,1075200,1075200,1075200,652800,1401600,700,56,68,603,38,83,132,22,47,360,67,100,91,14,58,64,12,43,71,44,158,1,0,0,590673,75150,118467,505190,70022,167740,122191,24804,333159,425355,126576,298514,91869,36333,599680,55590,32348,716924,86434,144041,736740,22,0,0,396.26764556962024,0.2915949367088607
1658001778672,34.675003,0.375,0.16666667,0.16666667,0.48,0.2,0.12,0.5833333,0.16,1.0,48.9,48.300003,47.9,48.300003,48.300003,48.300003,47.9,50.300003,48.300003,50.300003,46.300003,45.9,3989669,-1342469,1075200,1075200,1075200,1075200,1075200,1075200,652800,1401600,761,55,71,558,51,88,307,67,86,188,78,87,24,8,19,75,19,55,213,102,158,0,0,0,682880,89382,122724,547255,103959,196627,300962,107085,329547,253568,190638,314765,24406,19732,83664,90487,48858,632336,245876,180414,469762,0,0,0,402.61707540983605,0.3014295081967213
1658001779691,34.758003,0.32163742,0.14285715,0.05263158,0.04761905,0.18181819,0.09090909,1.0,0.045454547,1.0,48.600002,48.300003,47.9,48.300003,47.9,47.9,47.300003,50.300003,47.9,50.300003,46.600002,45.9,3991226,-1238709,1075200,1075200,1075200,1075200,1075200,1075200,652800,1401600,736,20,33,779,23,37,207,41,46,419,77,109,120,30,62,195,43,87,32,54,137,2,0,0,694181,32296,75365,717305,38230,77473,170182,60645,244129,453068,142029,254088,131500,59360,449543,207222,74966,414827,45334,187621,658681,62,0,0,407.3005788617886,0.2719219512195122
1658001780704,34.825,0.35678393,0.17391305,0.15384616,0.083333336,0.17391305,0.7692308,0.28,0.12,1.0,48.300003,48.300003,47.600002,48.300003,48.300003,48.600002,47.9,50.600002,48.300003,50.300003,46.9,45.9,3979742,-1276246,1075200,1075200,1075200,1075200,1075200,1075200,652800,1401600,774,61,62,864,47,79,260,55,107,285,83,88,79,24,78,63,17,17,20,29,127,1,0,0,674547,91923,111013,655488,67273,137966,277623,104671,451368,376852,187782,285219,79892,62640,704589,60489,34795,49358,31903,123030,799127,26,0,0,445.1299237147595,0.2925107794361526
1658001781708,34.882,0.38308457,0.26086956,0.13043478,0.46153846,0.16,0.12,0.65217394,0.15384616,1.0,48.9,48.600002,47.600002,48.600002,48.9,48.600002,47.9,50.600002,48.600002,50.600002,46.9,46.600002,3983635,-1275025,1075200,1075200,1075200,1075200,1075200,1075200,652800,1401600,758,14,25,745,23,39,337,59,110,329,95,82,62,20,45,317,66,77,38,62,140,3,0,0,689175,17637,41446,608530,41533,75778,340476,106831,409326,411998,209890,228602,74929,48355,501557,307649,89229,174225,62212,215907,641329,65,0,0,479.0707080745342,0.32814906832298135
1658001782780,34.946003,0.3548387,0.29166666,0.045454547,0.04347826,0.2173913,0.125,0.95454544,0.12,1.0,49.300003,48.9,47.9,48.9,48.9,48.9,48.600002,50.9,48.9,50.9,47.300003,46.600002,3976823,-1343689,1075200,1075200,1075200,1075200,1075200,1075200,652800,1401600,812,54,56,744,64,72,188,56,56,308,97,90,99,17,54,189,48,84,55,55,156,3,0,0,666713,86330,74804,605895,84406,140535,206154,101802,187759,382060,217835,228631,117909,31479,722957,226712,96007,353216,64034,184142,698390,65,0,0,530.5367463175123,0.34110638297872337
1658001783783,35.02,0.35672516,0.1,0.1904762,0.6363636,0.3809524,0.14285715,0.1904762,0.13636364,1.0,49.300003,48.9,48.300003,48.600002,48.600002,49.300003,48.300003,51.300003,48.600002,51.300003,47.600002,46.9,3988306,-1188355,1075200,1075200,1075200,1075200,1075200,1075200,652800,1401600,843,28,29,822,30,43,206,65,99,373,74,87,94,22,47,38,9,17,57,71,158,2,0,0,691548,35311,41619,711652,43407,85182,240105,133059,537055,472975,138220,231444,96094,47888,600869,45606,14949,66566,78447,190262,619201,49,0,0,414.76833711507294,0.27710858995137766
1658001784787,35.094,0.32738096,0.42857143,0.26086956,0.55,0.055555556,0.09090909,0.0952381,0.14285715,1.0,49.600002,49.300003,48.600002,49.300003,49.300003,49.600002,48.600002,51.300003,49.300003,51.300003,47.600002,47.300003,3987528,-1385193,1075200,1075200,1075200,1075200,1075200,1075200,652800,1401600,722,41,53,755,57,75,242,41,60,331,92,91,80,27,53,146,38,66,14,48,138,3,0,0,611012,50575,85810,654082,75158,141615,215639,68210,292363,376292,201329,260494,95354,70572,678201,162354,69464,321803,32174,175364,730915,78,0,0,413.10768051118214,0.27777635782747606
1658001785796,35.162003,0.45728642,0.13043478,0.16666667,0.5925926,0.45833334,1.0,0.26923078,0.07692308,1.0,49.600002,49.600002,48.9,49.300003,49.300003,49.600002,48.300003,51.600002,49.300003,51.600002,47.600002,46.9,3984997,-1357422,1075200,1075200,1075200,1075200,1075200,1075200,652800,1401600,605,58,107,531,59,99,228,52,56,288,102,95,135,26,70,141,32,50,280,97,177,2,0,0,582320,83188,206091,523202,131943,203673,206995,87386,194043,345912,236199,289012,127557,56735,677050,156912,51478,256170,312858,190417,341915,73,0,0,417.46563009404383,0.2784200626959248
1658001786824,35.230003,0.4072165,0.65217394,0.26923078,0.5217391,0.29166666,0.2,0.20833333,0.2,1.0,49.600002,49.600002,48.600002,49.600002,49.9,49.600002,48.600002,51.9,49.600002,51.600002,47.600002,47.300003,3984414,-1192017,1075200,1075200,1075200,1075200,1075200,1075200,652800,1401600,780,26,22,732,30,41,200,42,90,348,66,56,103,24,40,103,23,42,109,83,178,4,0,0,696474,35872,35704,628554,38708,79298,165927,96624,456249,375271,121486,145067,92345,36522,408459,94450,62185,561236,129336,234612,552126,101,0,0,411.6912175273865,0.27407824726134583
1658001787861,35.29,0.35632184,0.2,0.13636364,0.09090909,0.22727273,0.36363637,0.6086956,0.22727273,1.0,49.600002,49.600002,48.600002,49.300003,49.600002,49.9,49.300003,51.9,50.300003,51.9,47.9,47.600002,3978185,-1346131,1075200,1075200,1075200,1075200,1075200,1075200,652800,1401600,672,53,28,658,52,77,133,31,57,364,91,93,79,17,33,80,20,57,26,41,145,1,0,0,581439,70869,25795,564257,99027,178858,140551,63042,528952,375617,186413,246091,70345,38229,403903,95794,44080,682977,44792,160281,751373,25,0,0,411.6666955177744,0.28676352395672333
1658001788873,35.361,0.31609195,0.05263158,0.42857143,0.3478261,0.3,0.13636364,0.04761905,0.04347826,1.0,50.300003,49.9,49.600002,49.600002,49.600002,49.9,49.300003,51.9,49.9,51.9,48.300003,47.9,3970010,-1306763,1075200,1075200,1075200,1075200,1075200,1075200,652800,1401600,826,55,60,560,50,87,106,32,72,445,85,100,132,26,27,63,15,45,114,91,174,3,0,0,676416,79325,87099,560393,97096,207044,128235,69213,696724,451365,184742,225744,122704,44121,225539,54699,45696,445617,154537,220392,522366,76,0,0,411.97990338164254,0.26326570048309184
1658001789895,35.422,0.31413612,0.13043478,0.3478261,0.39130434,0.125,0.083333336,0.33333334,0.041666668,1.0,49.9,49.9,48.9,49.600002,50.300003,49.600002,49.300003,51.9,49.300003,51.9,48.300003,47.600002,3970205,-1442566,1075200,1075200,1075200,1075200,1075200,1075200,652800,1401600,756,33,44,759,34,34,116,25,69,637,65,59,114,29,46,108,25,59,38,58,150,1,0,0,741917,52858,94377,674550,49817,71906,115727,60675,552451,578840,93325,75676,121768,73132,258654,123523,58801,665696,62823,173957,679045,30,0,0,412.9851092985318,0.2734877650897227
1658001790921,35.49,0.3948718,0.18181819,0.30769232,0.30769232,0.20833333,0.16666667,0.76,0.33333334,1.0,49.9,49.600002,48.9,49.300003,49.600002,49.9,48.9,51.9,49.600002,52.300003,47.9,47.600002,3979937,-1403199,1075200,1075200,1075200,1075200,1075200,1075200,652800,1401600,876,29,37,866,26,35,247,55,74,394,102,106,130,39,46,139,43,66,25,38,142,2,0,0,719667,30371,63287,717861,46918,79891,238874,118362,204464,458985,201024,251948,137605,77634,442956,164913,85267,402219,38194,125760,778300,60,0,0,408.09056310679614,0.2679093851132686
1658001791925,35.547,0.40816328,0.25,0.29166666,0.2,0.20833333,0.875,0.16666667,0.27272728,0.96,50.300003,49.9,49.300003,49.300003,49.9,50.300003,49.300003,52.300003,49.9,51.9,48.300003,47.600002,3968843,-1355896,1075200,1075200,1075200,1075200,1075200,1075200,652800,1401600,762,63,56,642,54,79,181,61,86,336,96,101,120,33,74,30,4,5,112,82,153,1,0,0,700531,82852,89911,603870,96603,191466,224368,115937,545581,378732,190688,320091,120875,83711,573523,33279,3733,15711,133375,183599,568705,21,0,0,412.8370945273632,0.2725041459369818
1658001792962,35.605003,0.31219512,1.0,0.08,0.11111111,0.08,0.11111111,0.08,0.07692308,1.0,49.9,49.9,49.300003,49.600002,50.300003,49.9,49.300003,52.300003,50.300003,52.300003,48.300003,47.600002,4011663,-870361,1075200,1075200,1075200,1075200,1075200,1075200,652800,1401600,597,60,70,691,49,62,254,26,84,518,64,69,46,12,33,115,18,31,285,54,133,3,1,3,634593,90192,131322,649748,76434,110487,214129,41490,659563,534961,114086,180847,44620,38395,450516,100935,50226,140992,207714,144961,545397,1781,303,6669,-1.0,-1.0
1658001793971,35.682003,0.2872928,1.0,0.125,0.04347826,0.045454547,0.0,0.08695652,0.0,1.0,48.9,48.300003,47.600002,48.300003,47.9,48.300003,47.9,51.300003,48.600002,50.600002,46.600002,46.300003,4061684,-295410,1075200,1075200,1075200,1075200,1075200,1075200,652800,1401600,242,1,6,578,7,30,248,40,106,266,60,92,37,16,30,148,26,78,7,16,96,0,0,0,533680,0,53447,706464,15435,187069,249233,91194,546213,300316,136323,468835,48351,49136,260094,174802,41879,583948,11655,57158,751053,0,0,0,-1.0,-1.0
1658001795012,35.730003,0.44554454,0.8518519,0.32,0.23076923,0.4,0.5,0.29166666,0.041666668,1.0,47.9,47.300003,46.600002,46.9,46.9,46.9,46.9,49.9,47.600002,49.9,45.600002,45.300003,4052731,-735779,1075200,1075200,1075200,1075200,1075200,1075200,652800,1401600,0,0,0,358,25,114,180,31,96,273,57,124,121,11,59,77,6,32,5,1,84,0,0,0,0,0,0,350550,38754,579805,213175,72667,709936,253575,141902,540582,121495,22978,676678,71287,12947,780882,7499,1211,1007598,0,0,0,-1.0,-1.0
1658001796085,35.767002,0.47058824,0.72727275,0.26086956,0.5,0.29166666,0.29166666,0.23809524,0.4,1.0,47.600002,47.300003,46.600002,46.9,46.9,47.300003,47.300003,49.9,47.600002,49.9,45.600002,44.9,4061295,-326538,1075200,1075200,1075200,1075200,1075200,1075200,652800,1401600,105,0,0,356,32,67,206,32,85,183,31,61,169,9,57,109,8,47,141,70,118,5,2,1,86679,0,0,387044,77122,331660,182582,81835,616351,151286,62771,521842,120212,18542,638587,86034,17973,548356,88970,178738,678780,516,802,426,0.004069510268562401,0.006799368088467614
1658001797086,35.784,0.35,0.34615386,0.30769232,0.08,0.16666667,0.7307692,0.115384616,0.083333336,1.0,48.300003,47.9,47.9,47.600002,47.9,47.9,47.600002,50.300003,48.300003,49.9,46.300003,45.600002,3985581,-1195984,1075200,1075200,1075200,1075200,1075200,1075200,652800,1401600,132,1,2,590,34,62,286,22,43,386,28,47,297,16,31,185,15,38,254,66,140,3,0,3,129133,1377,1497,487450,70943,214819,177692,23507,466251,223769,40697,522401,175715,36393,528331,128976,22571,546124,179967,145110,477951,109,0,1756,586.5332032520325,0.9970471544715448
1658001798131,35.801003,0.5026738,0.32,0.36,0.23809524,0.5,0.4347826,0.82608694,0.3478261,1.0,49.300003,48.9,48.600002,48.600002,48.300003,48.300003,47.600002,50.9,48.300003,50.9,47.300003,46.600002,3979742,-1287232,1075200,1075200,1075200,1075200,1075200,1075200,652800,1401600,742,30,50,882,39,51,340,68,115,408,85,93,184,36,58,143,20,64,179,112,177,2,0,1,696289,42353,80180,710382,62617,76112,399705,126947,277883,425418,145452,265480,161646,69558,319558,134573,32646,377757,189438,249231,438258,132,0,434,630.2376065040651,0.42749918699186995
1658001799166,35.834003,0.38624337,0.18181819,0.13043478,0.18181819,0.16,0.24,0.9130435,0.20833333,1.0,50.300003,49.9,48.600002,48.600002,48.9,48.600002,48.300003,51.600002,48.9,51.600002,47.600002,47.300003,3980326,-1231079,1075200,1075200,1075200,1075200,1075200,1075200,652800,1401600,808,32,41,923,37,54,481,81,102,334,67,96,154,26,70,117,21,39,92,126,174,3,0,0,667422,41183,49552,690246,64300,95475,476526,134560,225075,357770,135608,328377,156025,40826,561146,136520,38126,144864,135448,339082,440977,70,0,0,606.0090218068535,0.41256074766355144
1658001800169,35.861,0.3465909,0.22727273,0.18181819,0.3043478,0.47826087,0.47826087,0.13043478,0.09090909,1.0,50.600002,49.9,49.9,49.600002,49.300003,49.600002,48.9,51.600002,49.600002,51.9,48.300003,47.600002,3977407,-1393433,1075200,1075200,1075200,1075200,1075200,1075200,652800,1401600,810,48,73,908,42,26,459,78,87,240,77,114,116,10,36,95,14,50,91,118,173,2,0,0,696501,68937,90616,670945,58303,34658,410287,169144,187384,291716,190500,410547,107877,15909,292539,100788,34094,323009,112245,317424,461842,33,0,0,591.3561180327869,0.3934950819672131
1658001801192,35.909,0.42,0.24,0.23809524,0.20833333,0.76,0.18518518,0.375,0.24,1.0,50.300003,50.600002,49.9,49.600002,49.9,49.600002,48.9,52.300003,49.600002,52.300003,48.300003,47.9,3971373,-1330872,1075200,1075200,1075200,1075200,1075200,1075200,652800,1401600,769,39,40,808,36,48,404,74,89,300,77,101,154,34,64,96,25,51,92,131,165,2,0,0,618288,56596,58767,625992,63977,83122,390639,123286,198675,333782,160462,295270,175210,61489,253552,100809,40769,614641,109344,349787,451386,78,0,0,599.6972145214522,0.4201188118811881
1658001802229,35.963,0.35955057,0.39130434,0.2857143,0.09090909,0.13636364,0.6818182,0.09090909,0.18181819,1.0,50.600002,50.600002,49.9,49.9,50.600002,50.300003,49.600002,52.600002,50.300003,52.600002,48.9,48.300003,3979353,-1381836,1075200,1075200,1075200,1075200,1075200,1075200,652800,1401600,838,39,55,751,29,36,341,55,57,252,67,110,165,26,51,256,43,60,196,120,184,0,0,0,721751,64512,79917,586964,47726,66347,326939,87705,109874,276564,150952,362704,157436,35980,542844,237387,71467,326645,223382,268540,426884,0,0,0,613.1414909688013,0.40233825944170776
1658001803271,36.003002,0.38916257,0.25,0.29166666,0.25,0.2857143,0.7407407,0.2,0.08,1.0,50.600002,50.600002,49.600002,49.9,50.9,50.600002,49.600002,52.600002,50.300003,52.9,48.9,48.300003,3982856,-1307373,1075200,1075200,1075200,1075200,1075200,1075200,652800,1401600,753,53,72,744,44,65,443,81,93,352,94,100,134,24,36,139,31,55,69,106,169,3,0,0,667349,79255,106783,581086,70143,112656,434721,151403,205982,378816,203788,307309,131466,35655,145166,134350,62427,619315,97720,316078,514786,60,0,0,614.7586086956521,0.4198757763975155
1658001804311,36.064003,0.34517765,0.13043478,0.24,0.083333336,0.115384616,0.115384616,1.0,0.04,1.0,51.300003,50.9,50.600002,50.600002,50.300003,50.300003,49.9,52.9,50.600002,53.300003,49.300003,48.600002,3978769,-1257630,1075200,1075200,1075200,1075200,1075200,1075200,652800,1401600,822,42,59,868,17,19,455,63,93,326,62,84,55,21,37,137,25,60,127,130,141,3,0,0,750799,65485,76488,637889,19672,37405,416175,128854,204972,351081,110085,240989,52648,65774,380945,153054,53931,688045,145185,372792,418564,67,0,0,620.6759628482972,0.41213622291021673
1658001805327,36.128002,0.335,0.44,0.41666666,0.083333336,0.2173913,0.34615386,0.074074075,0.07692308,1.0,51.9,50.9,50.300003,50.600002,50.600002,50.9,50.300003,53.300003,50.600002,52.9,49.300003,48.9,3979548,-1289368,1075200,1075200,1075200,1075200,1075200,1075200,652800,1401600,633,21,36,983,22,30,384,76,117,283,76,102,185,25,53,84,17,37,75,111,166,4,0,0,570757,24208,48269,684524,29770,32442,386624,144805,352444,327673,154461,312606,172501,45245,537891,81039,44788,346806,112526,337688,466153,103,0,0,631.0293680781759,0.42413029315960915
1658001806368,36.189003,0.3529412,0.4347826,0.29166666,0.16666667,0.13043478,0.17391305,0.5416667,0.125,1.0,51.600002,51.600002,50.300003,50.9,50.9,50.600002,49.9,53.300003,50.600002,53.300003,49.300003,48.9,3979353,-1326600,1075200,1075200,1075200,1075200,1075200,1075200,652800,1401600,829,28,40,720,30,41,421,99,107,436,70,73,78,10,51,237,48,81,78,120,175,3,0,0,708817,39530,49175,577330,48917,79428,397057,223241,276899,427252,118717,178928,77491,25094,460875,254925,108789,457083,110176,324582,506020,52,0,0,636.5278940397351,0.45250331125827814
1658001807407,36.25,0.34065935,0.13043478,0.13636364,0.09090909,0.13636364,1.0,0.083333336,0.13043478,1.0,51.9,51.600002,50.9,51.600002,50.9,50.9,50.600002,53.600002,51.300003,53.600002,49.600002,48.9,3976823,-1266175,1075200,1075200,1075200,1075200,1075200,1075200,652800,1401600,622,34,39,762,35,44,309,84,84,266,80,111,173,44,57,142,33,54,339,101,194,5,0,0,534742,48539,59257,592643,61843,70915,330069,177409,219330,294961,190377,309200,159318,94326,269115,159629,62042,468839,330496,213516,328643,585,0,0,652.4951028037384,0.4257196261682243
1658001808411,36.304,0.35465115,0.1904762,0.18181819,0.2,0.14285715,1.0,0.0952381,0.09090909,1.0,51.9,51.9,50.9,51.300003,51.9,51.600002,50.600002,53.9,51.300003,53.600002,49.9,49.300003,3975071,-1369629,1075200,1075200,1075200,1075200,1075200,1075200,652800,1401600,655,27,41,826,39,47,369,76,81,313,87,118,134,24,48,211,48,64,204,117,161,1,0,0,561323,36663,56865,670692,49235,90365,374258,105328,206689,356882,191522,303113,136983,51114,339408,199294,90458,501538,213055,264890,375371,26,0,0,657.7421371610845,0.429933014354067
1658001809454,36.372,0.34343433,0.33333334,0.24,0.12,0.115384616,0.4,0.48,0.07692308,1.0,52.300003,51.600002,51.300003,51.600002,51.600002,51.600002,50.9,53.9,51.300003,53.9,50.300003,49.600002,3960862,-1317139,1075200,1075200,1075200,1075200,1075200,1075200,652800,1401600,826,49,66,803,36,51,470,62,73,298,90,116,196,29,48,90,31,58,222,104,173,1,0,0,735878,76357,82822,676654,65172,94826,430023,103157,131836,362312,213165,342852,185266,45323,100668,89408,82395,616917,223062,253003,414332,26,0,0,671.7369396825397,0.424584126984127
1658001810479,36.429,0.33701658,0.36,0.15789473,0.5,0.3181818,0.13636364,0.125,0.04347826,1.0,52.300003,52.300003,51.300003,51.600002,52.300003,51.9,50.9,54.300003,51.600002,53.9,50.300003,49.600002,3982078,-1296998,1075200,1075200,1075200,1075200,1075200,1075200,652800,1401600,818,28,42,844,21,32,322,84,117,251,95,122,237,58,84,56,16,33,40,128,152,2,0,0,674487,35851,57525,633520,27810,48109,365827,187297,349910,298153,246546,376270,222973,140320,345094,62153,45586,249592,61896,401447,473294,43,0,0,620.0030799347471,0.38614029363784663
1658001811495,36.5,0.3488372,0.14285715,0.25,0.09090909,0.17391305,0.13043478,1.0,0.09090909,1.0,52.300003,52.300003,51.9,51.600002,51.600002,51.300003,50.9,54.300003,51.600002,53.9,50.300003,49.9,3969037,-1413575,1075200,1075200,1075200,1075200,1075200,1075200,652800,1401600,811,35,52,883,19,29,279,46,60,295,64,96,210,39,60,272,44,87,32,136,158,3,0,0,673609,39014,69193,724767,22776,45958,265855,70345,138854,342501,125824,229331,208768,66092,460494,277539,72928,561850,51442,391037,480020,78,0,0,620.6509139072847,0.39120529801324505
1658001812498,36.541,0.3236994,0.13636364,0.15789473,0.95652175,0.0952381,0.04761905,0.125,0.0,1.0,52.600002,52.600002,51.600002,52.300003,52.600002,52.600002,51.600002,54.300003,52.300003,54.300003,50.9,50.300003,3973708,-1382142,1075200,1075200,1075200,1075200,1075200,1075200,652800,1401600,789,34,51,968,20,24,375,67,93,407,73,103,144,44,65,92,23,42,39,121,146,2,0,0,684556,48649,57703,681521,22783,35464,334644,151878,285074,398115,124437,276275,156303,111643,452606,101042,51025,198724,57979,362916,454874,60,0,0,617.6152783825816,0.3998258164852255
1658001813511,36.605003,0.3448276,0.14285715,0.14285715,0.14285715,0.18181819,0.08695652,1.0,0.0,1.0,52.9,52.600002,51.300003,51.600002,51.600002,51.9,50.9,54.600002,51.600002,54.300003,50.300003,49.600002,3975460,-1290589,1075200,1075200,1075200,1075200,1075200,1075200,652800,1401600,799,61,93,983,36,34,261,80,84,398,74,97,38,14,45,113,15,62,29,136,153,2,0,0,701903,93765,114037,713462,39394,38567,278403,205352,238518,409628,139337,230034,44439,46873,307996,115967,35359,670118,49322,413966,487789,45,0,0,619.347064935065,0.3808831168831169
1658001814520,36.662003,0.32828283,0.125,0.2173913,0.34615386,0.125,0.03846154,0.76,0.03846154,1.0,52.600002,52.300003,51.600002,51.600002,51.9,52.600002,51.300003,54.600002,51.9,54.600002,50.300003,50.300003,3976433,-1293946,1075200,1075200,1075200,1075200,1075200,1075200,652800,1401600,710,60,79,860,33,46,612,73,69,399,85,106,107,27,54,82,20,33,35,136,149,7,0,0,668954,99619,103050,694328,46433,78545,580332,111696,123870,412473,162573,252208,114218,57257,605586,88278,34631,90403,49888,413051,436971,292,0,0,620.1556923076923,0.39066666666666666
1658001815523,36.723003,0.33663365,0.125,0.18518518,0.17391305,0.115384616,0.96153843,0.08,0.04,1.0,52.9,52.600002,51.9,51.9,52.300003,52.600002,51.600002,54.600002,51.9,54.600002,50.600002,49.9,3978574,-1236267,1075200,1075200,1075200,1075200,1075200,1075200,652800,1401600,745,40,67,940,31,30,346,70,85,423,77,119,128,31,60,89,10,23,36,132,153,4,0,0,672215,46543,84240,717573,40671,35130,346516,158476,250510,430281,156394,292602,147237,61119,521192,79005,15195,251787,48645,383575,474374,112,0,0,620.5418597063622,0.3969983686786297
1658001816523,36.787003,0.345,0.6666667,0.12,0.115384616,0.083333336,0.5,0.083333336,0.26923078,1.0,52.600002,52.600002,51.9,52.300003,52.9,52.600002,51.600002,54.600002,52.300003,54.600002,50.9,49.9,3979353,-1336976,1075200,1075200,1075200,1075200,1075200,1075200,652800,1401600,847,45,61,793,47,51,361,74,78,292,82,126,185,44,49,84,15,51,84,117,155,2,0,0,718916,53415,71342,708273,67514,91484,359485,129608,189773,352323,154206,301282,200787,81913,284433,95240,25364,447982,116735,345210,458841,100,0,0,395.79158576051776,0.2583948220064725
1658001817552,36.862003,0.29545453,0.0,0.04761905,0.13043478,0.09090909,1.0,0.16666667,0.08695652,1.0,51.300003,51.600002,50.9,51.300003,51.600002,51.9,50.9,54.300003,51.600002,54.300003,49.9,49.300003,4041637,-444336,1075200,1075200,1075200,1075200,1075200,1075200,652800,1401600,493,9,18,698,2,7,298,35,58,380,69,108,306,35,60,275,46,90,165,61,94,6,3,6,532784,15381,54519,689167,8836,34137,260314,72602,232477,353761,163388,330106,285366,54997,252000,263062,85043,358398,128996,127439,517971,3670,3484,12965,-1.0,-1.0
1658001818565,36.916,0.28804347,0.04347826,0.0,0.04347826,0.08695652,0.08695652,1.0,0.04347826,1.0,50.300003,49.9,49.600002,49.9,50.300003,50.300003,49.9,52.9,50.600002,52.9,48.300003,47.9,4054872,-566101,1075200,1075200,1075200,1075200,1075200,1075200,652800,1401600,189,3,24,371,40,69,131,22,63,146,52,85,50,5,26,82,11,51,1,0,64,0,0,0,461597,5311,465227,514222,108651,293679,135614,49586,531757,170876,156118,608634,52733,8392,230392,98753,23475,641514,1766,0,905844,0,0,0,-1.0,-1.0
1658001819601,36.95,0.2705314,0.0,0.0,0.0,0.0,0.11111111,1.0,0.0,1.0,49.300003,48.9,48.300003,48.9,49.300003,49.600002,49.300003,51.9,49.600002,51.9,47.300003,46.9,4059154,-265197,1075200,1075200,1075200,1075200,1075200,1075200,652800,1401600,226,29,95,389,42,91,138,8,82,89,6,65,108,4,56,40,2,8,9,14,81,0,0,0,312931,57227,611954,318646,108968,477960,163116,10400,754012,110921,13684,809782,122051,8140,749453,24168,1637,43401,14685,69768,937899,0,0,0,-1.0,-1.0
1658001820668,36.973003,0.36548224,0.22727273,0.34615386,0.5555556,0.17391305,0.45833334,0.0,0.08,1.0,48.9,48.600002,47.9,48.300003,48.600002,49.300003,48.600002,51.600002,49.300003,51.300003,46.9,46.600002,4058181,-295715,1075200,1075200,1075200,1075200,1075200,1075200,652800,1401600,150,2,12,408,29,53,315,20,108,105,21,47,133,11,36,97,7,21,78,20,48,11,0,0,183077,6543,284836,401933,87769,363232,208028,31286,622240,91103,41058,684021,84465,16879,581567,70185,15374,313254,58914,34251,756115,277,0,0,93.52764763458401,0.8569396411092985
1658001821670,36.973003,0.33333334,0.14285715,0.4090909,0.045454547,0.22727273,0.3043478,0.5,0.0,1.0,51.300003,50.600002,49.9,50.300003,50.300003,50.600002,50.300003,52.600002,51.300003,52.300003,48.9,48.600002,3972346,-1499329,1075200,1075200,1075200,1075200,1075200,1075200,652800,1401600,569,21,35,799,25,34,521,42,51,356,44,57,250,37,64,171,28,63,232,65,136,14,0,0,489804,25115,113846,553372,38449,74241,358446,61701,170933,283946,65251,216919,183161,55878,311577,138061,52398,361164,147156,145614,591093,380,0,0,980.3158629283489,0.6719501557632398
1658001822675,36.987003,0.34269664,0.27272728,0.13636364,0.16,0.6086956,0.13043478,0.3809524,0.13043478,1.0,51.300003,51.300003,50.300003,50.9,50.9,50.9,50.300003,53.300003,50.9,52.9,49.600002,48.9,3976433,-1352845,1075200,1075200,1075200,1075200,1075200,1075200,652800,1401600,861,45,59,821,38,60,208,42,74,388,64,95,150,27,71,205,33,76,74,127,188,7,0,0,709160,54429,64142,643636,64221,84725,223200,87597,380373,397153,97239,195605,174533,48903,391588,220098,64132,357347,111817,304849,509500,184,0,0,825.1322760834671,0.5074799357945425
1658001823714,37.014,0.3368984,0.1904762,0.39130434,0.7083333,0.13043478,0.041666668,0.08695652,0.08695652,1.0,51.9,51.9,51.300003,51.300003,51.300003,51.300003,50.600002,53.600002,51.300003,53.600002,49.9,49.600002,3981105,-1296998,1075200,1075200,1075200,1075200,1075200,1075200,652800,1401600,961,34,48,843,38,51,226,41,80,386,84,125,141,33,62,137,35,58,290,104,207,7,0,0,750020,34106,57034,654834,58677,77227,198136,86787,415552,398643,176736,243610,156736,75599,530699,152561,81089,293231,297549,166382,376327,185,0,0,828.8904325203251,0.5079934959349593
1658001824733,37.048,0.33152175,0.3478261,0.13043478,0.0,0.04347826,0.08695652,1.0,0.0,1.0,52.600002,52.600002,51.600002,52.300003,52.300003,51.9,51.600002,54.300003,51.9,54.300003,50.600002,49.9,3968064,-1432496,1075200,1075200,1075200,1075200,1075200,1075200,652800,1401600,920,29,33,897,18,25,301,44,85,202,48,68,175,37,73,150,29,65,305,87,183,3,0,0,700678,38393,42525,708792,18398,31189,284787,70864,300812,210336,90445,128671,190548,55497,527482,150540,58975,600725,280981,159229,359841,81,0,0,824.2977678855326,0.5204960254372019
1658001825752,37.098003,0.32843137,0.29166666,0.18518518,0.0,0.07692308,0.04,1.0,0.03846154,1.0,52.600002,52.300003,51.9,52.300003,51.9,51.600002,51.300003,54.300003,51.9,54.600002,50.600002,49.9,3974876,-1339112,1075200,1075200,1075200,1075200,1075200,1075200,652800,1401600,833,38,39,778,37,57,82,26,62,241,85,135,108,26,58,96,18,42,146,136,169,4,0,0,662078,54093,43224,623741,46429,89976,91186,80834,650634,284200,190965,288699,90289,64119,714713,99767,41401,310081,163660,310853,435667,120,0,0,826.0097888198757,0.4999751552795031
1658001826772,37.149002,0.35678393,0.16,0.29166666,0.2962963,0.625,0.34615386,0.08,0.15384616,1.0,53.300003,52.600002,51.600002,52.300003,52.300003,52.600002,51.9,54.9,52.600002,54.600002,50.9,50.300003,3976628,-1315918,1075200,1075200,1075200,1075200,1075200,1075200,652800,1401600,772,38,36,894,39,60,174,42,82,310,91,138,68,13,28,28,9,14,170,131,146,2,0,0,665208,46628,33149,724905,38871,91218,187396,97360,558671,341427,211947,299175,63102,29644,431692,31882,15360,124472,174620,320903,373345,56,0,0,826.9375087163232,0.4951125198098257
1658001827778,37.189003,0.32178217,0.0,0.41666666,0.0,0.03846154,1.0,0.07692308,0.0,1.0,53.600002,53.300003,52.9,52.9,52.9,52.9,52.600002,55.300003,52.9,55.300003,51.600002,50.600002,3961057,-1440430,1075200,1075200,1075200,1075200,1075200,1075200,652800,1401600,816,21,35,985,15,16,144,42,61,291,57,70,155,31,61,271,53,97,110,109,167,9,0,0,712670,20490,36234,749317,21228,19688,155570,83707,387658,260360,96444,118276,157463,49560,572490,276473,98582,429485,121480,254499,463319,369,0,0,824.6375155279503,0.5141863354037267
1658001828810,37.24,0.37209302,0.04761905,0.3181818,0.33333334,0.0952381,0.17391305,0.75,0.2857143,1.0,53.300003,53.300003,52.300003,52.600002,53.300003,52.9,51.9,55.300003,52.600002,54.9,51.600002,50.9,3967869,-1389161,1075200,1075200,1075200,1075200,1075200,1075200,652800,1401600,286,22,46,904,11,13,91,17,41,244,92,165,26,5,21,72,11,54,89,102,190,5,0,0,439576,58905,401855,655458,7798,15434,92450,34778,715881,320386,229136,389736,34328,21681,329825,80111,21566,595466,120768,295983,545302,196,0,0,825.2763556942277,0.5114009360374415
1658001829814,37.301003,0.32178217,0.0,0.3043478,0.0,0.04,1.0,0.07692308,0.083333336,1.0,53.9,53.600002,52.9,53.600002,53.300003,53.9,52.9,55.600002,53.600002,55.9,51.9,51.300003,3965144,-1441346,1075200,1075200,1075200,1075200,1075200,1075200,652800,1401600,403,11,13,939,17,29,219,40,76,282,82,115,122,26,66,56,12,30,393,104,155,4,0,0,664410,37616,152647,811510,22519,32408,241174,80960,503346,322238,164722,272886,130671,42162,603188,63171,19722,240756,314952,143482,246099,106,0,0,830.5918006230529,0.5080124610591901
1658001830844,37.358,0.34196892,0.04347826,0.44,1.0,0.08,0.041666668,0.041666668,0.0,1.0,53.9,53.600002,52.600002,53.300003,53.600002,53.300003,52.9,55.600002,53.300003,55.600002,51.600002,51.300003,3967869,-1286927,1075200,1075200,1075200,1075200,1075200,1075200,652800,1401600,149,10,27,958,21,38,110,51,66,264,87,142,70,14,38,49,16,31,381,127,175,4,0,0,334286,21301,404213,719691,25952,41496,138288,119817,560453,322594,195107,303677,78522,36289,364867,53852,45645,515783,343957,207087,329637,98,0,0,828.7802456692914,0.5070614173228347
1658001831849,37.406002,0.38372093,0.5652174,0.3809524,0.45,0.20833333,0.15,0.13636364,0.22727273,1.0,53.9,54.300003,52.9,53.300003,53.9,53.300003,52.600002,55.9,53.300003,55.9,51.600002,51.300003,3969426,-1317139,1075200,1075200,1075200,1075200,1075200,1075200,652800,1401600,239,11,29,947,13,19,124,36,43,266,82,133,104,28,58,206,43,80,118,104,171,3,0,0,471902,35080,332578,692488,11360,22354,113901,72262,163988,311166,198707,305965,121031,53130,546142,241030,91478,526854,127268,269420,485424,83,0,0,825.3016741214058,0.5023897763578274
1658001832879,37.463,0.335,0.03846154,0.42307693,0.72,0.041666668,0.36,0.041666668,0.0,1.0,54.300003,54.300003,53.9,54.300003,54.300003,54.300003,53.600002,55.9,53.9,55.9,52.600002,51.9,3953466,-1509095,1075200,1075200,1075200,1075200,1075200,1075200,652800,1401600,443,17,24,1002,11,15,194,45,63,332,87,109,254,74,97,203,48,72,51,105,159,5,0,0,577551,28466,125870,751618,8642,14126,192893,68493,227504,368605,171200,221727,278531,165793,307485,204522,90106,439885,79045,339574,437634,310,0,0,826.1969192546584,0.5025590062111801
1658001833905,37.517002,0.32947975,1.0,0.42857143,0.04347826,0.09090909,0.045454547,0.04761905,0.045454547,1.0,54.300003,53.600002,52.9,53.600002,53.9,53.9,52.9,55.9,53.300003,56.300003,51.9,51.600002,3966118,-1407776,1075200,1075200,1075200,1075200,1075200,1075200,652800,1401600,219,10,32,830,20,28,42,10,10,223,109,171,127,41,62,67,7,36,28,123,163,3,0,0,340487,27789,597346,612765,22727,32769,48972,21852,91968,332073,279104,368676,147535,93716,566924,65373,10884,799891,47953,358164,573537,81,0,0,826.1611870967743,0.5233548387096774
1658001834942,37.568,0.45789474,0.53846157,0.4,0.52,0.26086956,0.25,0.3043478,0.3478261,1.0,54.300003,54.300003,53.300003,53.600002,53.9,53.600002,52.9,55.9,53.600002,56.600002,52.300003,51.600002,3961836,-1363221,1075200,1075200,1075200,1075200,1075200,1075200,652800,1401600,290,2,5,875,13,13,85,29,54,286,88,144,136,33,73,91,29,55,126,108,174,0,0,0,383193,488,26847,642996,17266,16899,74150,63947,648113,323744,201615,326053,148194,65466,611962,104408,62867,707271,147929,267356,481822,0,0,0,827.583534733441,0.5114313408723749
1658001835946,37.619003,0.33658537,0.0,0.26086956,1.0,0.115384616,0.0,0.08,0.18518518,1.0,54.9,54.300003,53.600002,54.600002,54.600002,54.600002,53.600002,56.600002,54.300003,56.600002,52.600002,51.9,3951715,-1522523,1075200,1075200,1075200,1075200,1075200,1075200,652800,1401600,364,2,2,917,9,4,166,43,60,366,91,122,151,31,73,80,12,53,252,92,172,6,0,0,626427,4792,34692,699980,8715,3467,158531,102981,383584,356857,192832,260720,163266,58290,433596,92092,27893,584763,226792,189744,367055,177,0,0,824.9022111801241,0.512248447204969
1658001836961,37.683002,0.4093567,0.32,0.33333334,0.1904762,0.5,0.59090906,0.1,0.2631579,1.0,54.600002,54.300003,54.300003,53.9,53.9,53.9,53.300003,56.600002,53.9,56.600002,52.600002,52.300003,3966702,-1443482,1075200,1075200,1075200,1075200,1075200,1075200,652800,1401600,200,9,25,876,44,52,60,10,25,233,89,143,78,19,62,68,10,51,355,103,158,5,0,0,340530,20017,408670,694398,54119,59712,46350,20268,296357,282099,224931,323685,88400,49840,778433,71602,29554,797778,368401,183158,303513,176,0,0,828.6042,0.5135
1658001838001,37.734,0.43258426,0.29166666,0.3478261,0.17391305,0.22727273,0.95238096,0.18181819,0.44,1.0,55.600002,55.300003,53.9,53.9,54.300003,53.9,53.9,56.9,54.300003,56.9,52.600002,52.300003,3965728,-1390381,1075200,1075200,1075200,1075200,1075200,1075200,652800,1401600,350,13,12,1038,11,23,247,50,105,394,93,109,162,34,59,230,42,68,249,82,196,5,0,0,467624,40617,113630,781806,8316,22913,250790,101383,566336,399534,187197,249249,157871,77151,338359,239110,68735,311137,279881,169729,369041,132,0,0,827.6027239669422,0.5005752066115703
1658001839040,37.788002,0.390625,0.16666667,0.33333334,0.5,0.125,0.5217391,0.125,0.36,1.0,54.9,54.600002,53.600002,54.300003,54.9,54.9,53.9,56.9,54.600002,56.9,53.300003,51.9,3957554,-1354981,1075200,1075200,1075200,1075200,1075200,1075200,652800,1401600,371,14,13,1028,18,39,226,75,76,405,69,100,82,23,52,82,17,49,259,105,197,4,0,0,455442,24989,30288,789234,20698,38421,216572,188196,563475,421336,125330,214739,93512,43469,563868,95914,30897,596706,267030,189019,394989,94,0,0,828.6533716108453,0.5195023923444976
1658001840050,37.842003,0.5159575,0.9583333,0.45454547,0.36,0.23809524,0.56,0.3478261,0.25,1.0,55.300003,55.300003,54.600002,54.600002,55.300003,54.9,54.300003,57.300003,54.9,56.9,53.300003,52.300003,3971957,-1388855,1075200,1075200,1075200,1075200,1075200,1075200,652800,1401600,339,4,17,979,17,31,151,42,62,408,84,134,106,30,56,87,15,38,368,103,173,5,0,0,571455,10133,206250,786280,21466,29596,140627,109292,503548,432563,161113,288628,127483,63844,516288,87271,28396,311441,346367,168036,271011,138,0,0,823.6721025641025,0.5026666666666667
1658001841063,37.882,0.5875706,0.5,0.3181818,0.42857143,0.5,0.8333333,0.7083333,0.41666666,1.0,55.600002,55.300003,54.300003,54.600002,55.300003,55.600002,54.9,57.600002,55.600002,57.600002,53.600002,52.600002,3964755,-1473084,1075200,1075200,1075200,1075200,1075200,1075200,652800,1401600,237,6,17,962,15,31,154,21,59,314,72,109,107,23,47,87,11,43,436,113,141,6,0,0,353406,14732,289720,753145,18127,30645,151418,34469,386697,342230,148063,227075,119987,59630,553318,81359,32482,688493,358476,181530,248590,913,0,0,80.86914641744548,0.06341433021806854
1658001842084,37.946003,0.7044335,0.6923077,0.7307692,0.5769231,0.8076923,0.9166667,0.8518519,0.04347826,0.962963,54.9,55.300003,54.600002,55.300003,55.9,55.9,54.9,56.9,55.600002,57.300003,52.300003,52.300003,3984608,-930786,1075200,1075200,1075200,1075200,1075200,1075200,652800,1401600,767,1,7,1207,5,11,235,7,24,417,31,66,226,39,33,192,28,56,487,36,64,10,0,0,671437,1032,77133,711237,14475,63881,185035,7570,126567,309864,55504,399115,204975,70492,260000,189866,48210,344224,320504,86432,307763,491,0,0,-1.0,-1.0
