1657999626796,36.895,0.121212125,0.0,0.05263158,0.0,0.14285715,0.17391305,0.17391305,0.0,0.22727273,49.300003,49.600002,48.9,49.9,50.300003,50.300003,49.9,50.300003,50.600002,52.300003,46.9,46.9,3927969,-1069336,1075200,1075200,1075200,1075200,1075200,1075200,652800,1401600,3918317,133377,443135,4176249,129140,433859,1940045,235845,526265,1903393,236908,535739,1386739,161717,498072,1341313,159193,490354,1273584,292775,565130,1105244,106609,353130,3835655212,245988794,7517091070,3976854081,236819764,7366359774,1759113728,508191823,9394332695,1706686792,510419184,9434379219,1129473061,355712165,9795445191,1103275924,351712758,9774551173,1020900676,616303631,10939174446,505383923,252012093,9757034365,-1.0,-1.0
1657999627788,36.865,0.25,0.31578946,0.2,0.5,0.23809524,0.2,0.2,0.23809524,0.18181819,46.600002,46.9,46.300003,46.600002,46.600002,46.600002,46.600002,46.9,46.9,47.300003,45.600002,45.600002,3938285,-508118,1075200,1075200,1075200,1075200,1075200,1075200,652800,1401600,847,0,0,575,0,0,369,59,78,446,34,92,358,39,77,366,37,70,138,15,79,95,19,79,722516,0,0,674148,0,0,310706,133396,244564,311681,70888,376926,258117,95809,414604,279053,66043,438797,119589,28508,692523,48707,60200,475788,-1.0,-1.0
1657999628795,36.831,0.10843374,0.14285715,0.18181819,0.05263158,0.1,0.1,0.18181819,0.04761905,0.1,45.600002,45.300003,45.300003,45.600002,45.300003,45.600002,45.300003,45.600002,45.600002,46.300003,44.600002,44.600002,3935170,-500488,1075200,1075200,1075200,1075200,1075200,1075200,652800,1401600,408,10,56,206,4,22,167,41,74,140,33,70,158,45,71,140,19,55,16,5,55,24,3,56,442546,30123,356854,439513,9164,448167,128897,100684,605748,131408,90898,679329,123621,99244,651717,116029,43417,619007,18008,12459,852210,35072,9471,817221,-1.0,-1.0
1657999629793,36.801003,0.05421687,0.0952381,0.04761905,0.05,0.05,0.05,0.09090909,0.0,0.09090909,45.300003,45.300003,44.300003,44.9,44.9,44.600002,44.600002,44.9,44.9,45.300003,44.300003,43.9,3968259,-166320,1075200,1075200,1075200,1075200,1075200,1075200,652800,1401600,649,0,22,378,2,18,240,37,102,214,41,78,122,34,84,142,40,87,3,11,29,22,4,60,674269,0,205768,682154,4529,227232,180339,71992,639392,172403,89670,631273,128517,90118,662767,130845,97499,652100,5492,19648,927233,27645,6723,853948,-1.0,-1.0
1657999630795,36.767002,0.13772455,0.05,0.0,0.04761905,0.0952381,0.6666667,0.0952381,0.0,0.04761905,44.300003,44.600002,43.9,44.300003,44.600002,44.600002,44.300003,44.9,44.600002,45.300003,43.600002,43.600002,3947432,-338135,1075200,1075200,1075200,1075200,1075200,1075200,652800,1401600,316,15,63,131,3,48,80,8,51,126,17,54,73,8,28,90,21,42,0,5,20,3,10,23,369075,29135,521457,324421,3426,615631,52666,17854,886734,76772,46162,822818,59573,12864,748564,81035,35333,761239,0,11966,888143,6151,22005,861907,-1.0,-1.0
1657999631790,36.743,0.41614908,0.47619048,0.36842105,0.35,0.35,0.47368422,0.3809524,0.3,0.61904764,44.300003,43.9,43.600002,43.9,44.300003,43.9,43.600002,44.300003,43.9,44.600002,43.300003,43.300003,3968064,-214538,1075200,1075200,1075200,1075200,1075200,1075200,652800,1401600,309,14,65,117,1,22,82,14,77,99,6,43,42,11,54,146,13,66,9,4,19,12,4,15,372009,23987,522203,310951,4214,639292,80096,24948,848325,71315,10608,827571,47599,15370,590472,72712,22119,824541,11773,19753,928699,10992,12193,880808,-1.0,-1.0
1657999632809,36.716003,0.22790697,0.11111111,0.10714286,0.17857143,0.13793103,0.96428573,0.30769232,0.08,0.0,45.600002,45.600002,45.300003,45.600002,45.600002,45.600002,45.600002,45.600002,45.9,45.9,43.9,44.300003,3915123,-892029,1075200,1075200,1075200,1075200,1075200,1075200,652800,1401600,1380,0,0,1220,0,0,582,19,25,494,21,34,276,0,14,352,17,37,695,9,35,281,4,20,782226,0,859,854237,0,5661,580304,40956,76913,599093,45092,138960,380053,0,97574,391057,38133,132343,620208,22212,200484,510233,12558,188730,-1.0,-1.0
1657999633947,36.689003,0.15675676,0.08695652,0.27272728,0.08695652,0.0,0.13043478,0.16,0.3846154,0.13636364,45.300003,45.600002,44.600002,44.9,45.600002,45.600002,44.9,44.600002,45.300003,44.9,44.300003,43.9,3959695,-266113,1075200,1075200,1075200,1075200,1075200,1075200,652800,1401600,832,23,37,775,8,30,376,20,67,490,17,45,327,4,29,154,7,33,364,66,91,251,4,45,544279,59492,122355,570839,23961,213900,256431,44124,341550,240800,38107,494518,217658,7765,94422,124738,11146,236665,300929,178829,496490,127785,6319,588680,218.74195,2.0154375
1657999635057,36.662003,0.10144927,0.0,0.26923078,0.0,0.04,0.04,0.07692308,0.115384616,0.17857143,46.300003,45.9,45.600002,45.9,45.9,45.600002,45.600002,45.600002,45.9,45.9,45.300003,44.9,3868605,-1385193,1075200,1075200,1075200,1075200,1075200,1075200,652800,1401600,1017,12,17,952,14,17,539,74,103,545,87,70,138,27,64,176,24,85,246,51,141,463,64,145,800811,14990,45866,859757,19651,19413,498486,108452,305950,479896,161724,254354,133382,67444,531238,194200,39555,650149,223198,126789,556664,359586,134742,383228,620.6415900621117,3.642782608695652
1657999636146,36.652,0.10555556,0.04347826,0.2857143,0.04347826,0.0,0.13043478,0.04347826,0.13043478,0.16666667,46.9,46.9,45.9,46.300003,45.9,45.600002,45.600002,46.300003,46.600002,46.9,45.9,45.600002,3866853,-1384583,1075200,1075200,1075200,1075200,1075200,1075200,652800,1401600,704,59,89,576,66,65,339,57,125,392,84,106,105,12,30,91,29,66,229,108,170,532,89,151,698356,97575,191607,710812,141580,116438,314588,131415,582088,401785,160410,425611,93326,27920,744499,123425,72950,805092,255572,271296,466826,473255,171989,370189,641.1214117647058,3.9830065359477125
1657999637168,36.662003,0.19021739,0.18181819,0.3478261,0.0,0.0,0.26086956,0.45833334,0.13636364,0.16666667,47.300003,47.600002,46.600002,46.600002,46.600002,46.600002,46.300003,46.9,46.600002,47.300003,46.600002,46.300003,3869188,-1343079,1075200,1075200,1075200,1075200,1075200,1075200,652800,1401600,605,29,77,544,55,51,398,68,112,229,44,94,157,23,53,66,17,41,330,110,153,468,90,144,561424,59193,303894,674320,104745,86312,418184,129559,389414,239442,83465,539549,147177,52277,649387,84231,49248,612926,306654,247964,367110,394617,177314,366430,648.4230016207456,3.6981523500810374
1657999638206,36.676003,0.19900498,0.0,0.28,0.0,0.03846154,0.5,0.42307693,0.16,0.12,48.300003,47.9,47.300003,47.600002,47.300003,47.600002,46.9,47.9,47.600002,47.9,47.600002,46.600002,3865101,-1411744,1075200,1075200,1075200,1075200,1075200,1075200,652800,1401600,673,76,61,579,56,53,296,55,113,100,36,93,122,12,53,89,3,30,436,81,178,448,94,170,624964,116065,142549,652305,107891,90948,326663,107444,489815,109341,130537,636954,79077,30488,660362,60745,8105,475360,371915,158917,377361,403813,184123,366327,613.3578633540372,3.631254658385093
1657999639303,36.706,0.13989638,0.16,0.32,0.083333336,0.08,0.08,0.083333336,0.28,0.16666667,48.600002,48.300003,47.9,48.300003,48.300003,47.9,47.600002,48.300003,47.9,48.300003,47.9,47.300003,3874054,-1474610,1075200,1075200,1075200,1075200,1075200,1075200,652800,1401600,810,35,51,696,40,51,208,28,101,417,69,112,45,9,31,136,17,59,443,96,183,404,101,171,770235,59257,151343,826827,73690,86517,180427,64785,769214,365616,115898,477555,44610,12456,372744,173052,29521,548308,422819,176946,379729,372282,216468,407152,632.1029453376207,3.7421993569131833
1657999640369,36.730003,0.12571429,0.08695652,0.25,0.045454547,0.045454547,0.045454547,0.0952381,0.22727273,0.14285715,49.300003,48.600002,48.300003,48.300003,47.9,48.300003,47.600002,48.600002,48.300003,48.9,47.9,47.300003,3876001,-1344605,1075200,1075200,1075200,1075200,1075200,1075200,652800,1401600,813,23,50,704,30,34,349,67,130,245,55,95,184,37,76,165,35,67,302,93,153,639,151,97,791343,43252,94930,813258,56004,51909,398980,133586,416521,223641,93037,609463,209844,63621,557813,168331,86220,583764,297939,232142,365549,472557,286638,194577,620.4623875968991,3.894970542635659
1657999641424,36.781002,0.1534091,0.09090909,0.2857143,0.09090909,0.045454547,0.13636364,0.09090909,0.27272728,0.2173913,49.300003,49.300003,48.600002,48.9,48.9,48.600002,48.300003,48.9,48.9,49.300003,48.300003,47.9,3856926,-1420594,1075200,1075200,1075200,1075200,1075200,1075200,652800,1401600,490,37,72,659,55,38,415,85,128,199,47,90,171,34,78,105,25,51,276,95,169,646,108,115,601277,77972,301955,766440,98990,60069,444881,136644,397442,184992,101279,668113,172797,78818,660341,133245,70880,693178,282388,208533,441527,507360,207273,246208,624.000207119741,3.9268349514563106
1657999642456,36.818,0.09392265,0.083333336,0.23809524,0.0,0.04347826,0.08695652,0.0,0.20833333,0.0952381,49.600002,49.300003,48.9,48.9,48.9,48.9,48.600002,49.300003,48.9,49.300003,48.9,48.300003,3863155,-1474915,1075200,1075200,1075200,1075200,1075200,1075200,652800,1401600,583,36,67,565,33,54,136,19,64,133,27,74,53,19,62,344,68,92,528,99,135,504,133,118,668606,72889,201153,754640,58056,97573,142369,35257,754741,147787,62143,707650,70398,48681,703319,357294,116883,440142,431542,175648,256883,395957,268222,270682,620.3418511326861,3.9087637540453075
1657999643487,36.862003,0.28708133,0.22222222,0.4814815,0.15384616,0.16666667,0.4,0.25,0.23076923,0.41379312,49.9,49.600002,48.9,48.9,48.9,48.9,48.300003,49.300003,48.600002,49.600002,48.9,47.9,3870356,-1330872,1075200,1075200,1075200,1075200,1075200,1075200,652800,1401600,762,27,64,676,37,35,305,79,121,164,38,84,94,29,53,310,50,98,274,96,174,596,117,93,708930,42868,173031,759043,62241,71949,281887,143551,494836,180356,105105,642918,103678,85566,573822,267969,86144,523923,282061,224217,408698,461640,231617,230834,618.5555844155845,3.7808311688311687
1657999644604,36.899002,0.16853933,0.13636364,0.3181818,0.045454547,0.2,0.09090909,0.13636364,0.26086956,0.29166666,49.9,49.9,48.9,49.300003,49.300003,49.300003,49.300003,49.9,49.9,50.600002,49.300003,48.600002,3866269,-1445008,1075200,1075200,1075200,1075200,1075200,1075200,652800,1401600,782,50,63,647,45,41,393,85,115,268,54,105,127,45,78,123,23,43,387,122,192,667,146,107,748921,84397,148952,761162,80494,68700,394681,170874,445736,263477,110001,615838,178653,104830,632916,140604,42678,427117,344636,243945,413162,518916,256201,209072,618.7268496732027,3.963137254901961
1657999645641,36.963,0.105820104,0.12,0.29166666,0.0,0.08,0.0,0.08695652,0.20833333,0.2,50.600002,50.300003,49.300003,49.600002,49.600002,49.300003,49.300003,50.300003,49.600002,50.9,49.300003,48.600002,3864322,-1439210,1075200,1075200,1075200,1075200,1075200,1075200,652800,1401600,817,48,63,608,42,52,232,45,97,105,38,74,136,27,70,74,22,40,319,97,157,620,124,95,718756,66551,102005,718132,70843,93080,256827,81758,599054,112232,107498,651398,159010,62338,706434,94835,53860,647328,313721,207645,378939,444753,237162,218455,620.3496682170543,3.915212403100775
1657999646692,36.997,0.13612565,0.0,0.26086956,0.083333336,0.04347826,0.125,0.15384616,0.26923078,0.24,50.600002,49.9,49.600002,49.600002,49.600002,49.300003,48.600002,49.600002,49.300003,50.300003,49.600002,48.9,3870940,-1365052,1075200,1075200,1075200,1075200,1075200,1075200,652800,1401600,867,47,65,706,40,47,335,61,106,290,79,123,173,39,70,127,20,59,278,106,146,529,70,142,742019,87364,120251,786060,57183,86057,298804,137033,495338,310109,162433,491355,187823,90480,603398,122672,60334,705841,277162,246374,407724,433821,155651,363774,621.5077770491804,3.923567213114754
1657999647714,37.044003,0.21354167,0.13043478,0.3043478,0.29166666,0.15384616,0.125,0.28,0.25,0.24,50.600002,50.600002,49.600002,49.9,49.9,49.9,49.600002,50.300003,50.300003,50.600002,49.9,48.9,3863349,-1434937,1075200,1075200,1075200,1075200,1075200,1075200,652800,1401600,799,50,65,624,42,40,254,52,87,332,90,109,104,16,46,120,29,72,281,93,149,441,81,142,695711,85735,132966,735448,85224,72642,260295,122032,596832,309940,194717,433623,116779,36534,640898,134550,80641,652643,298228,192329,432303,377006,175179,364834,619.5846842105263,3.824105263157895
1657999648727,37.091003,0.20231214,0.05263158,0.21052632,0.59090906,0.045454547,0.13636364,0.045454547,0.14285715,0.20833333,51.300003,50.9,50.600002,50.300003,50.300003,49.9,49.600002,50.600002,49.600002,50.600002,49.9,49.300003,3871913,-1392518,1075200,1075200,1075200,1075200,1075200,1075200,652800,1401600,740,43,79,706,45,37,158,51,84,279,83,83,181,24,49,102,10,58,302,81,138,544,87,142,668535,60229,170400,706650,85882,59476,184598,99712,456459,255952,195535,485131,120053,67692,643829,112365,18837,725454,278693,208855,390633,465610,167621,284981,622.1545674418604,3.90593488372093
1657999649750,37.152,0.1182266,0.0,0.30769232,0.04,0.03846154,0.07692308,0.07692308,0.16,0.16,51.300003,50.9,50.300003,50.300003,50.300003,50.300003,49.600002,50.600002,49.9,50.300003,50.300003,49.300003,3863544,-1358338,1075200,1075200,1075200,1075200,1075200,1075200,652800,1401600,794,39,40,713,30,36,30,1,11,270,85,99,141,29,61,184,30,60,240,114,166,583,89,141,748627,65147,90149,765509,42706,61345,30813,4911,223735,248483,230494,412708,154651,50799,608232,188485,56981,615924,232105,268374,414223,422110,162367,316867,618.5999867768595,3.7495008264462815
1657999650777,37.210003,0.12626262,0.08,0.29166666,0.08,0.04,0.115384616,0.041666668,0.2,0.16666667,50.9,50.9,50.300003,50.300003,50.9,50.600002,49.9,50.9,49.9,51.300003,50.300003,49.300003,3861598,-1411133,1075200,1075200,1075200,1075200,1075200,1075200,652800,1401600,673,37,64,675,45,50,221,61,103,291,78,124,131,27,54,235,65,112,306,104,142,462,85,139,604134,78997,263664,734957,94643,87235,203448,145602,616801,287352,182946,472450,144929,52726,707157,260840,138677,398123,287307,240125,402201,395839,184631,347595,622.3174952076677,3.781009584664537
1657999651815,37.257,0.13636364,0.09090909,0.3181818,0.08695652,0.16666667,0.04761905,0.13043478,0.17391305,0.13636364,51.300003,51.300003,50.300003,50.300003,50.300003,50.300003,50.300003,50.9,50.300003,51.600002,50.300003,49.9,3855175,-1398926,1075200,1075200,1075200,1075200,1075200,1075200,652800,1401600,695,29,50,695,38,44,441,104,136,127,23,79,111,22,62,152,26,63,245,100,171,537,77,135,707486,56897,177631,749881,68172,73581,427433,187115,333722,123013,67371,732364,146667,38873,736040,140789,70304,624858,235095,253924,444331,446122,151566,320335,622.4644224422443,3.636910891089109
1657999652822,37.318,0.23762377,0.0,0.3846154,0.125,0.2962963,0.2,0.5769231,0.16,0.1923077,51.600002,51.300003,50.300003,50.600002,50.600002,50.300003,49.9,50.9,50.9,51.600002,50.600002,49.600002,3860819,-1427002,1075200,1075200,1075200,1075200,1075200,1075200,652800,1401600,571,44,67,665,34,29,394,93,124,153,26,68,168,41,76,107,22,54,255,93,154,553,77,133,586766,110002,221712,734684,68266,46515,416986,167499,333029,147611,61237,680738,180941,96629,660707,110150,48091,647420,262617,217822,408264,430453,154652,312247,622.0249768976898,3.8860990099009904
1657999653849,37.355003,0.15508021,0.13043478,0.20833333,0.16,0.2173913,0.16666667,0.04761905,0.13043478,0.13043478,51.600002,51.600002,50.9,51.300003,50.9,51.300003,50.600002,51.300003,50.9,51.9,50.600002,49.9,3858678,-1384888,1075200,1075200,1075200,1075200,1075200,1075200,652800,1401600,810,48,74,683,43,56,432,114,121,276,77,109,129,39,70,79,21,51,376,99,155,408,87,171,740638,72861,163146,775436,73637,97793,451241,195685,325454,295355,151715,513816,135367,101003,571948,106357,46336,522402,375995,216028,368626,403807,181082,384123,535.7643812600969,3.084549273021002
1657999654915,37.409,0.2795699,0.14285715,0.28,0.22727273,0.3181818,0.26086956,0.29166666,0.24,0.41666666,50.9,50.9,50.300003,50.600002,50.600002,50.300003,49.9,50.600002,50.600002,50.9,49.600002,49.300003,3938479,-433655,1075200,1075200,1075200,1075200,1075200,1075200,652800,1401600,730,23,47,723,21,32,469,88,105,131,29,92,109,22,61,178,41,74,211,84,115,412,70,130,742666,46797,122589,814468,38992,44990,463757,145082,263564,151218,66366,676232,124574,47005,575598,212197,68842,384663,169008,201896,498082,341933,138100,395097,-1.0,-1.0
1657999655976,37.456,0.12849163,0.09090909,0.17391305,0.04761905,0.04761905,0.18181819,0.13043478,0.04761905,0.13636364,51.9,51.9,51.600002,52.300003,52.300003,52.300003,51.600002,52.300003,52.300003,53.600002,49.9,50.300003,3877947,-1048584,1075200,1075200,1075200,1075200,1075200,1075200,652800,1401600,1679,0,0,2158,0,0,931,3,11,579,6,11,894,2,7,468,3,11,692,9,19,530,3,17,643957,0,0,778258,0,0,610289,2559,89951,619262,3408,30520,666668,2981,12708,626252,1673,34409,814006,16876,26584,642374,8995,110634,-1.0,-1.0
1657999657016,37.487003,0.37185928,0.30769232,0.36,0.30769232,0.2173913,0.28,0.17391305,0.375,0.9230769,49.600002,49.600002,49.300003,49.600002,49.9,49.9,49.600002,49.600002,49.9,49.600002,49.300003,48.9,3928163,-686340,1075200,1075200,1075200,1075200,1075200,1075200,652800,1401600,1073,0,0,1039,0,0,263,59,97,312,43,84,184,41,50,192,35,80,438,109,111,180,6,139,846169,0,0,864003,0,0,285643,135185,334113,280901,69835,472971,167352,131117,280303,216821,78088,448827,226027,275264,380402,181675,10103,653605,0.2691090342679128,0.137208722741433
1657999658093,37.510002,0.519802,0.41666666,0.5,0.4,0.44,0.5,0.4814815,0.5,1.0,50.300003,49.9,49.600002,50.300003,50.300003,50.600002,50.300003,52.300003,50.9,52.600002,48.600002,48.300003,3913371,-751343,1075200,1075200,1075200,1075200,1075200,1075200,652800,1401600,830,0,9,920,0,4,580,33,72,361,35,50,504,20,55,374,19,45,499,45,74,257,13,36,584620,0,57782,568548,0,69125,401952,52393,249544,332303,67909,257921,349808,25692,291294,323791,32078,274716,293562,77185,288529,112822,12825,204672,-1.0,-1.0
1657999659162,37.507,0.3172043,0.18181819,0.20833333,0.25,0.17391305,0.17391305,0.2173913,0.375,0.95652175,51.9,51.9,51.300003,51.9,52.300003,51.9,51.600002,52.300003,51.9,53.600002,49.300003,49.300003,3897800,-913696,1075200,1075200,1075200,1075200,1075200,1075200,652800,1401600,1383,0,0,1569,0,0,641,3,7,592,0,5,509,2,2,620,2,7,934,2,19,8,0,0,554594,0,0,636065,0,0,590036,6110,24529,611788,0,28767,538878,3758,13233,598407,2704,21446,571915,5363,38447,3886,0,0,-1.0,-1.0
1657999660213,37.517002,0.355,0.045454547,0.39130434,0.36,0.7307692,0.07692308,0.115384616,0.0,1.0,50.300003,50.300003,49.600002,49.9,50.600002,50.9,50.9,52.600002,51.9,52.9,48.600002,48.300003,3887095,-1117859,1075200,1075200,1075200,1075200,1075200,1075200,652800,1401600,798,0,0,1059,0,0,421,45,100,568,44,83,362,35,83,295,39,77,477,105,95,23,1,7,693021,0,0,774363,0,0,324050,78710,372663,432994,87369,249966,260789,70151,407269,238213,79089,365096,252339,216722,275528,3322,560,12743,521.2707194928685,5.044082408874802
1657999661290,37.510002,0.32417583,0.045454547,0.23809524,0.14285715,0.76,0.0,0.08695652,0.08695652,1.0,51.9,51.600002,51.300003,51.600002,51.300003,51.300003,50.9,53.300003,51.300003,53.600002,49.9,49.300003,3855564,-1529542,1075200,1075200,1075200,1075200,1075200,1075200,652800,1401600,921,35,62,602,25,36,442,62,98,197,14,14,218,35,76,142,31,69,432,119,105,0,0,0,730629,39539,94488,682782,42143,53266,440923,140616,275864,444817,43451,62005,180307,79575,642662,178043,81210,539759,197847,233094,464930,0,0,0,711.5042899505767,4.795518945634267
1657999662285,37.534,0.39130434,0.04761905,0.36363637,0.22727273,0.75,0.17391305,0.2173913,0.26086956,1.0,51.9,51.9,51.300003,51.600002,51.300003,51.300003,50.600002,53.600002,51.300003,53.600002,50.300003,49.600002,3859846,-1534119,1075200,1075200,1075200,1075200,1075200,1075200,652800,1401600,854,35,59,654,22,31,281,67,122,219,6,9,342,72,107,231,49,89,187,96,108,0,0,0,704582,41811,105021,679276,38928,47104,320540,151421,382114,512520,15665,30564,346987,126322,375438,220566,93142,438530,124527,184929,540282,0,0,0,619.1820839813374,3.828702954898911
1657999663331,37.544003,0.38636363,0.14285715,0.3,0.27272728,0.6956522,0.26086956,0.0952381,0.23809524,1.0,52.300003,51.9,51.300003,51.9,51.9,51.9,51.600002,53.9,51.9,54.300003,50.9,49.9,3872497,-1280823,1075200,1075200,1075200,1075200,1075200,1075200,652800,1401600,761,50,84,686,49,56,238,63,130,294,23,13,359,81,120,118,35,85,238,98,165,0,0,0,663462,78896,179114,741242,86180,66893,284351,159779,448359,632964,59112,39403,371842,147332,323651,139620,112216,592927,227362,143312,543587,0,0,0,620.0698562091503,3.7035816993464055
1657999664340,37.575,0.47486034,0.045454547,0.42857143,0.17391305,0.84,0.20833333,1.0,0.13636364,1.0,52.600002,52.600002,51.9,52.600002,51.9,51.9,51.600002,54.300003,51.9,54.300003,51.300003,50.300003,3855175,-1479798,1075200,1075200,1075200,1075200,1075200,1075200,652800,1401600,858,52,57,664,44,52,306,79,104,320,12,7,136,23,61,233,31,84,153,95,174,0,0,0,694864,64408,96857,711338,70241,77338,326855,178612,324314,642318,42071,28260,159283,66925,548508,234666,65076,608541,172882,193480,504325,0,0,0,618.3950808240887,4.083676703645008
1657999665356,37.619003,0.37198067,0.12,0.32,0.20833333,0.7083333,0.115384616,0.18518518,0.23076923,1.0,53.300003,52.600002,52.300003,52.300003,52.300003,52.300003,51.9,54.600002,52.300003,54.600002,51.300003,50.9,3855758,-1472169,1075200,1075200,1075200,1075200,1075200,1075200,652800,1401600,589,27,60,703,25,34,371,68,107,239,24,13,171,25,57,139,23,29,365,150,118,0,0,0,672480,58326,172754,717540,42151,47927,344182,133039,351420,523126,74467,46436,169717,49204,467101,120571,45255,58975,340634,262981,234630,0,0,0,622.4976235679214,4.022572831423895
1657999666374,37.663002,0.31979695,0.08,0.29166666,0.125,0.68,0.083333336,0.083333336,0.12,1.0,53.300003,52.9,52.300003,52.600002,52.300003,52.300003,51.600002,54.600002,52.300003,54.600002,51.300003,50.600002,3848168,-1433106,1075200,1075200,1075200,1075200,1075200,1075200,652800,1401600,750,36,90,712,42,52,265,67,122,326,19,12,117,19,69,118,22,70,295,92,144,0,0,0,654393,58692,209687,755382,74040,64190,298726,164155,408224,643613,63111,47139,152998,36067,741514,148732,44413,630985,263115,188836,445604,0,0,0,617.3049768976898,3.9963036303630366
1657999667399,37.717003,0.38502672,0.09090909,0.36363637,0.2173913,0.7777778,0.17391305,0.16,0.1904762,1.0,53.300003,52.9,52.300003,52.600002,52.600002,52.600002,52.300003,54.9,52.600002,54.9,51.600002,51.300003,3859651,-1381226,1075200,1075200,1075200,1075200,1075200,1075200,652800,1401600,705,34,66,685,33,43,312,83,108,319,17,12,208,31,69,159,30,62,344,156,106,0,0,0,675686,51753,175151,759652,53578,58268,300773,200623,358731,631059,64444,37872,173794,54963,572603,190362,49278,604132,295192,261843,303713,0,0,0,621.2181782820097,4.007053484602918
1657999668412,37.761,0.41899443,0.13636364,0.2857143,0.18181819,0.7619048,0.28,0.5217391,0.2173913,1.0,53.600002,52.9,52.600002,53.300003,52.600002,52.300003,51.9,55.300003,52.9,55.300003,51.9,50.9,3851282,-1466675,1075200,1075200,1075200,1075200,1075200,1075200,652800,1401600,557,34,78,626,44,50,202,58,121,259,12,6,112,30,57,158,38,88,468,175,111,0,0,0,631226,74552,221488,715430,76716,68870,236055,152018,470925,585737,46023,20163,124980,90759,579428,172514,77983,678714,409998,257731,160326,0,0,0,622.3875472868217,3.8539410852713174
1657999669433,37.808002,0.30851063,0.08695652,0.26086956,0.13043478,0.6666667,0.0,0.045454547,0.08695652,1.0,53.600002,53.300003,52.9,53.600002,52.9,52.9,52.600002,55.600002,53.300003,55.300003,51.600002,50.9,3850503,-1408082,1075200,1075200,1075200,1075200,1075200,1075200,652800,1401600,633,35,70,634,40,53,250,60,119,314,18,5,122,39,76,81,15,40,467,183,105,0,0,0,642134,80712,214870,740434,72559,71186,277248,150410,448114,652915,63816,19984,144111,102891,567990,89655,38388,610861,392118,286764,191318,0,0,0,619.7908732394367,4.149934272300469
1657999670469,37.862003,0.47761193,1.0,0.3181818,0.13043478,0.72,0.16,0.23076923,0.1923077,1.0,53.600002,53.600002,52.9,53.300003,52.9,53.300003,52.600002,55.9,52.9,55.600002,51.9,51.600002,3862181,-1427308,1075200,1075200,1075200,1075200,1075200,1075200,652800,1401600,614,27,65,685,37,47,219,65,120,323,18,11,259,56,90,131,19,53,518,168,120,0,0,0,653651,65183,227166,765538,58236,72170,263451,179355,440114,684830,56258,33630,292376,112606,502464,134440,41146,637411,440635,200915,211873,0,0,0,619.7780325732899,3.7085602605863195
1657999671492,37.919003,0.30622008,0.07692308,0.30769232,0.115384616,0.6923077,0.115384616,0.074074075,0.07692308,1.0,54.600002,53.600002,52.9,53.300003,53.300003,52.9,52.600002,55.9,53.600002,55.9,51.600002,51.600002,3865685,-1331788,1075200,1075200,1075200,1075200,1075200,1075200,652800,1401600,179,32,64,654,47,53,264,79,131,304,15,8,128,34,64,139,26,50,498,172,127,0,0,1,200808,67773,162015,722384,71212,74700,287866,189385,406690,631214,50055,20966,149349,75579,576685,117981,40969,612115,402477,254073,222426,0,0,578,617.8749813664596,3.942608695652174
1657999672587,37.953003,0.2970297,0.04,0.33333334,0.125,0.6923077,0.12,0.0,0.0,1.0,53.9,53.9,52.9,53.600002,53.300003,53.300003,53.300003,55.9,53.600002,55.600002,52.300003,51.300003,3865490,-1287232,1075200,1075200,1075200,1075200,1075200,1075200,652800,1401600,463,20,33,694,47,61,345,84,124,312,14,5,314,21,47,285,54,104,409,190,141,0,0,0,512574,45948,80483,726946,76257,70238,355078,203257,359981,627974,55103,15891,176094,31260,587390,217409,119611,594062,354700,283650,234301,0,0,0,618.7015181518152,3.965042904290429
1657999673594,38.007,0.34653464,0.07692308,0.29166666,0.48,0.6666667,0.12,0.07692308,0.115384616,1.0,54.300003,53.9,53.300003,53.9,53.300003,53.300003,52.600002,55.9,53.300003,55.9,52.300003,51.600002,3858483,-1416932,1075200,1075200,1075200,1075200,1075200,1075200,652800,1401600,563,36,55,644,35,46,268,69,115,274,17,5,110,24,55,198,46,89,481,179,133,0,0,0,645965,90879,184017,732295,60346,59845,311299,160425,426273,577304,56536,24297,120471,72677,540604,204055,98063,576768,376124,285849,161808,0,0,0,621.2349570957095,3.7512343234323438
1657999674600,38.061,0.2967033,0.08695652,0.23809524,0.2173913,0.6363636,0.04347826,0.125,0.045454547,1.0,54.300003,53.600002,52.9,53.9,53.600002,53.600002,53.300003,56.300003,53.600002,56.300003,52.600002,51.600002,3869772,-1330262,1075200,1075200,1075200,1075200,1075200,1075200,652800,1401600,585,36,77,666,46,53,229,60,101,291,23,9,119,11,38,229,30,101,462,187,131,0,0,0,668300,58478,201515,725460,77586,68910,272924,145480,386220,600694,90992,38244,145955,18974,586333,251156,51563,595099,412133,263727,165286,0,0,0,617.8917708674304,3.922016366612111
1657999675643,38.098003,0.31034482,0.07692308,0.2173913,0.16666667,0.7407407,0.03846154,0.07692308,0.04,1.0,54.600002,53.9,53.300003,53.600002,53.600002,53.600002,52.9,56.300003,53.600002,56.300003,52.600002,51.9,3845248,-1518250,1075200,1075200,1075200,1075200,1075200,1075200,652800,1401600,702,29,74,718,39,58,422,88,123,339,11,9,163,34,68,138,32,55,373,141,133,0,0,0,698417,37053,198833,763510,62021,67943,396859,182601,338598,694704,41701,36593,182282,86494,615684,138869,81859,645814,333647,198105,338463,0,0,0,619.5808450704226,3.795830985915493
1657999676735,38.156002,0.2955665,0.11111111,0.2173913,0.1923077,0.68,0.04,0.041666668,0.03846154,1.0,54.600002,54.600002,53.600002,54.300003,53.9,54.300003,53.9,56.9,54.600002,56.600002,52.600002,52.300003,3847973,-1391907,1075200,1075200,1075200,1075200,1075200,1075200,652800,1401600,741,31,54,752,29,39,352,78,124,308,16,7,132,22,61,84,28,67,435,195,140,0,0,0,782176,48151,141057,799771,51040,55226,385916,176907,402958,645895,62613,26527,140792,49870,674307,105522,85374,665322,414767,248374,230051,0,0,0,620.5053311793215,3.989712439418417
1657999677784,38.207,0.29069766,0.04761905,0.2857143,0.14285715,0.6086956,0.09090909,0.04761905,0.13636364,1.0,54.600002,54.300003,53.600002,54.300003,53.9,53.600002,52.9,56.600002,53.9,56.600002,52.9,52.600002,3844080,-1496277,1075200,1075200,1075200,1075200,1075200,1075200,652800,1401600,470,54,93,601,50,76,238,68,136,314,13,10,95,19,44,337,73,106,380,174,143,0,0,0,583786,108820,255467,703419,88820,104132,274925,183293,466189,665112,35468,31846,66112,61780,668516,339539,105335,467504,334004,341602,225591,0,0,0,619.4823684210527,3.6500526315789474
1657999678791,38.25,0.2912088,0.04761905,0.3043478,0.0952381,0.65217394,0.041666668,0.045454547,0.0,1.0,54.9,54.600002,53.9,54.300003,53.9,54.300003,53.9,56.600002,54.300003,56.600002,53.300003,51.9,3849725,-1377869,1075200,1075200,1075200,1075200,1075200,1075200,652800,1401600,703,31,48,735,29,38,394,85,120,293,23,8,259,45,67,328,68,107,276,166,111,0,0,0,700321,70664,142709,808417,42430,41921,434002,162269,300360,621422,72795,26820,229140,59351,527187,317185,144312,373976,267560,289384,262976,0,0,0,617.6730510046368,3.878083462132921
1657999679834,38.298,0.1959799,0.041666668,0.115384616,0.041666668,0.08,0.12,0.07692308,0.125,1.0,54.600002,54.600002,53.600002,54.300003,54.300003,53.9,53.300003,56.600002,53.9,56.600002,52.9,51.9,3857705,-1322937,1075200,1075200,1075200,1075200,1075200,1075200,652800,1401600,731,60,95,651,51,56,224,81,141,298,23,9,87,27,54,126,18,62,361,151,154,0,0,0,658037,81379,175492,766889,73173,70160,301181,210591,453077,633485,81865,40146,83930,81490,628980,115767,40967,733973,393965,227239,304069,0,0,0,288.40451794071765,1.8274071762870516
1657999680882,38.352,0.25,0.045454547,0.16666667,0.13636364,0.20833333,0.14285715,0.17391305,0.17391305,1.0,53.600002,52.9,52.300003,53.300003,52.9,53.300003,52.9,55.9,53.9,55.9,51.600002,51.300003,3934976,-374145,1075200,1075200,1075200,1075200,1075200,1075200,652800,1401600,704,12,23,611,7,8,292,53,88,282,27,56,123,19,55,197,39,97,327,107,91,0,0,0,826519,14900,51399,842994,9452,68392,301175,114895,514331,368491,85264,415835,135659,29146,601722,214018,75872,669630,261484,210236,315943,0,0,0,-1.0,-1.0
1657999681918,38.396004,0.32124352,0.29166666,0.44,0.16666667,0.08695652,0.33333334,0.125,0.04347826,1.0,54.300003,53.9,53.300003,53.600002,53.9,54.600002,53.9,55.9,54.600002,55.9,51.9,51.9,3880867,-936890,1075200,1075200,1075200,1075200,1075200,1075200,652800,1401600,2025,0,0,2124,0,0,611,5,4,459,6,7,591,0,3,655,3,3,1248,4,6,86,0,3,681614,0,0,792414,0,0,736228,2295,6036,714329,5477,9979,679496,0,9069,699528,3009,17586,772856,4793,19590,11674,0,2127,0.00964630225080386,0.02812861736334405
1657999682958,38.440002,0.5611111,0.42857143,0.47826087,0.39130434,0.4347826,0.3,0.4090909,1.0,1.0,53.300003,53.300003,52.600002,52.9,53.600002,53.600002,53.300003,55.600002,53.9,55.600002,51.600002,50.9,3902277,-864258,1075200,1075200,1075200,1075200,1075200,1075200,652800,1401600,1007,0,0,990,0,0,433,35,62,439,45,61,332,17,45,295,27,62,664,50,97,4,0,1,535369,0,0,520156,0,0,303865,73581,185787,342971,78170,171929,248763,37797,215806,254230,61577,258217,273926,75126,284771,116,0,415,0.08585172981878089,0.07641515650741351
1657999683954,38.443,0.6075269,0.61904764,0.8,0.5,0.6086956,0.47619048,0.6086956,0.2,0.96,53.600002,54.300003,53.600002,54.300003,54.600002,54.600002,54.9,55.9,55.300003,56.600002,51.9,51.600002,3877169,-966492,1075200,1075200,1075200,1075200,1075200,1075200,652800,1401600,1273,0,0,1239,0,0,527,25,55,746,39,31,628,22,45,646,30,39,0,0,0,0,0,0,550319,0,0,526244,0,0,435685,33252,129756,465871,65465,71506,321799,35345,192314,420489,53746,90260,0,0,0,0,0,0,-1.0,-1.0
1657999684957,38.446003,0.395,0.44,0.29166666,0.23076923,0.16,0.1923077,0.72,0.16,1.0,53.300003,53.300003,52.9,53.9,53.300003,53.600002,53.300003,55.300003,53.300003,55.600002,50.9,50.9,3935170,-429077,1075200,1075200,1075200,1075200,1075200,1075200,652800,1401600,638,0,0,476,0,0,430,5,23,281,9,15,363,23,26,262,9,24,262,21,58,8,1,3,433868,0,0,386764,0,0,295151,8938,109478,264952,10158,30047,294507,44308,65521,248767,18197,96444,153184,51606,245335,1994,340,8464,151.66439751552792,1.8724844720496894
1657999685999,38.440002,0.4832536,1.0,0.6086956,0.53846157,0.42307693,0.14285715,0.03846154,0.11111111,1.0,54.300003,53.600002,53.300003,53.600002,53.600002,53.600002,53.300003,55.9,53.9,55.9,51.9,51.300003,3848946,-1543580,1075200,1075200,1075200,1075200,1075200,1075200,652800,1401600,749,17,22,976,17,12,570,57,65,399,45,83,297,58,85,231,37,68,194,37,145,15,0,4,559072,25548,38288,764856,27641,18441,400579,110842,177013,367021,81572,192560,232381,113912,380802,198264,68641,226214,138635,85639,584926,2860,0,4774,643.263744816587,4.331840510366827
1657999687063,38.446003,0.35436893,0.7916667,0.32,0.16,0.39285713,0.03846154,0.115384616,0.08,1.0,54.600002,54.600002,53.600002,53.600002,54.300003,53.9,53.300003,54.600002,53.9,55.300003,52.600002,51.9,3848168,-1514283,1075200,1075200,1075200,1075200,1075200,1075200,652800,1401600,335,26,43,578,32,48,534,65,71,525,71,99,45,11,26,77,28,52,191,99,215,18,2,3,366796,42861,91586,670572,58995,71174,531586,121066,179017,499012,131231,182975,32550,39221,315799,77264,80469,700079,197854,218799,596925,9144,4078,6284,633.2599751552796,3.9415652173913043
1657999688135,38.453003,0.42541435,1.0,0.35,0.22727273,0.18181819,0.13043478,0.09090909,0.3478261,1.0,54.9,54.600002,53.600002,53.9,54.600002,54.600002,53.600002,56.600002,54.300003,56.9,52.9,52.300003,3841355,-1561280,1075200,1075200,1075200,1075200,1075200,1075200,652800,1401600,257,15,23,797,29,42,398,66,95,360,95,100,182,34,86,121,19,54,282,123,163,2,2,0,225591,30188,61884,761479,42979,47993,408101,139936,245446,382085,195492,214509,205554,74936,532904,117738,49978,670091,275113,248218,370970,58,604,0,620.892110210697,4.10663209076175
1657999689159,38.49,0.54444444,0.8695652,0.3181818,0.27272728,0.3043478,1.0,0.18181819,0.33333334,1.0,55.9,55.600002,54.300003,54.600002,54.9,54.300003,54.300003,56.600002,54.9,56.9,53.600002,52.9,3835516,-1594849,1075200,1075200,1075200,1075200,1075200,1075200,652800,1401600,325,16,22,832,16,26,353,76,94,477,70,94,212,53,78,196,45,75,143,113,123,2,0,1,279661,39839,34371,730711,24575,32982,358013,167197,222746,432521,130764,213071,184205,133876,462555,187346,90065,285993,155379,283243,392964,47,0,444,620.7070627062707,3.631577557755776
1657999690212,38.504,0.4139785,0.5652174,0.33333334,0.18181819,0.25,0.5217391,0.09090909,0.2857143,1.0,56.600002,55.9,54.9,55.600002,55.9,55.9,54.9,57.600002,55.600002,57.600002,53.600002,52.9,3842718,-1511841,1075200,1075200,1075200,1075200,1075200,1075200,652800,1401600,200,25,47,759,42,53,265,102,104,363,87,127,53,7,11,145,24,66,578,166,98,2,0,0,291046,63064,136967,749294,71660,78803,298164,257224,317358,398858,185196,302975,34686,20329,99306,133331,42227,613892,470270,237198,144250,54,0,0,621.248569579288,3.73737216828479
1657999691224,38.538002,0.41666666,0.32,0.26086956,0.6296296,0.26923078,0.32,0.2962963,0.2,1.0,55.9,55.600002,55.300003,55.300003,55.9,55.600002,54.9,57.9,55.600002,57.9,53.9,52.9,3839993,-1497193,1075200,1075200,1075200,1075200,1075200,1075200,652800,1401600,434,25,59,767,27,48,235,83,102,290,88,103,97,11,40,98,24,44,537,167,80,4,0,0,528818,66999,191131,737928,42104,68327,273262,200828,365307,350250,195900,264071,98692,6827,174608,116790,54404,457632,447779,216409,135517,96,0,0,619.4095403726708,3.739776397515528
1657999692287,38.578003,0.37634408,0.8636364,0.29166666,0.20833333,0.16666667,0.15384616,0.17391305,0.2173913,1.0,56.9,56.600002,55.600002,55.9,56.300003,55.9,55.600002,57.600002,56.300003,58.600002,54.300003,53.600002,3831040,-1689759,1075200,1075200,1075200,1075200,1075200,1075200,652800,1401600,310,37,61,650,47,82,200,68,78,277,91,124,39,8,23,140,23,66,505,164,118,2,0,0,405576,90516,191221,693350,65565,99426,208380,179064,244982,332407,217681,308376,48751,25642,285058,134879,49441,683293,419226,249063,212011,40,0,0,623.0040330578513,3.9368991735537193
1657999693312,38.612003,0.3806818,0.08695652,0.25,0.5,0.14285715,0.13636364,0.65217394,0.22727273,1.0,56.9,56.300003,54.9,55.600002,55.600002,55.300003,54.9,58.300003,55.600002,58.300003,54.300003,53.600002,3857316,-1504517,1075200,1075200,1075200,1075200,1075200,1075200,652800,1401600,346,11,30,648,34,44,204,67,89,419,88,110,191,27,78,97,17,30,474,175,99,3,0,0,379534,32334,129303,707189,54417,59355,281485,161529,358107,396514,199028,262489,156668,42942,606150,73209,43410,156599,369976,256221,162828,66,0,0,619.0769269051322,3.741412130637636
1657999694341,38.649002,0.41436464,0.3478261,0.3181818,0.26086956,0.17391305,0.17391305,0.75,0.26086956,1.0,56.9,56.600002,55.600002,55.9,56.300003,55.600002,55.600002,58.600002,56.300003,58.600002,54.600002,53.600002,3851476,-1522523,1075200,1075200,1075200,1075200,1075200,1075200,652800,1401600,371,36,69,676,57,51,207,77,85,360,102,117,137,23,52,162,21,37,431,155,132,0,0,0,479894,88668,268329,726965,97743,69064,233592,214763,306292,386779,250544,286382,134208,55712,478328,146662,33739,246245,377135,245123,224371,0,0,0,620.7049759229535,3.5661765650080257
1657999695358,38.683002,0.38118812,0.24,0.30769232,0.26923078,0.12,0.26923078,0.6923077,0.12,1.0,57.300003,56.9,55.9,56.300003,56.300003,55.9,55.600002,58.600002,56.300003,58.9,54.600002,54.300003,3840966,-1589051,1075200,1075200,1075200,1075200,1075200,1075200,652800,1401600,372,32,62,737,42,52,480,80,96,316,97,129,93,19,35,38,11,21,222,128,161,1,0,0,422946,75146,243315,715578,73070,60260,465404,133084,196778,363965,222014,329020,111130,30059,504791,39162,21307,84595,244236,269848,357980,29,0,0,623.147326984127,3.8693079365079366
1657999696388,38.74,0.44705883,0.47619048,0.3,0.5,0.1904762,0.59090906,0.18181819,0.3181818,1.0,56.9,56.600002,55.9,56.300003,56.300003,56.600002,55.600002,58.600002,56.300003,58.9,54.9,53.9,3853617,-1520692,1075200,1075200,1075200,1075200,1075200,1075200,652800,1401600,485,27,38,725,36,37,270,86,98,323,90,119,106,27,65,124,20,40,406,138,127,1,0,0,523414,62581,101815,761147,61245,53438,285646,227678,328291,379920,213353,323182,87835,70007,503954,125793,33266,271273,352470,229544,258636,24,0,0,622.6549857369255,3.475372424722662
1657999697421,38.781002,0.45454547,0.52380955,0.33333334,0.4347826,0.22727273,0.6363636,0.13636364,0.3478261,1.0,57.600002,56.9,56.300003,56.600002,56.9,57.300003,56.600002,58.9,57.600002,59.300003,54.9,54.300003,3835127,-1742860,1075200,1075200,1075200,1075200,1075200,1075200,652800,1401600,496,45,76,794,38,37,209,88,102,349,85,117,81,12,29,115,17,67,286,118,153,4,0,0,504850,67231,164536,719907,57001,46391,249272,246877,360200,395149,187690,335767,78573,20367,101673,111507,38700,721712,284526,223179,368393,97,0,0,622.9275514018692,3.6173956386292834
1657999698449,38.811,0.38918918,0.27272728,0.2,0.3478261,0.20833333,0.7916667,0.083333336,0.16666667,1.0,57.9,57.600002,56.600002,56.600002,56.600002,56.300003,55.9,58.9,56.9,59.300003,55.300003,54.600002,3843107,-1588441,1075200,1075200,1075200,1075200,1075200,1075200,652800,1401600,303,31,54,779,34,23,298,74,111,320,92,124,156,19,56,69,10,33,156,134,131,1,0,0,371815,72136,226710,727446,45767,24810,359977,170596,337980,374042,206800,363054,107775,44414,601407,82000,12714,281185,156437,366163,401198,26,0,0,620.5319254658385,3.6072049689440995
1657999699491,38.859,0.47191012,0.13636364,0.3,0.5652174,0.22727273,0.18181819,0.95652175,0.36363637,1.0,57.600002,57.300003,56.300003,56.9,57.300003,56.600002,56.300003,59.300003,56.9,58.9,55.300003,54.600002,3847389,-1524048,1075200,1075200,1075200,1075200,1075200,1075200,652800,1401600,546,21,43,741,30,36,282,55,87,606,84,93,142,22,51,178,28,71,132,111,125,4,0,0,556832,42526,94788,726631,46431,56496,262770,126326,252177,522718,136951,175738,127831,36644,431329,141330,70472,464613,148007,309492,424925,97,0,0,616.9158071539657,3.474164852255054
1657999700489,38.899002,0.41379312,0.12,0.29166666,0.3043478,0.34615386,0.083333336,0.9583333,0.18518518,1.0,57.600002,57.300003,56.300003,56.600002,56.9,57.300003,56.300003,59.300003,56.9,59.300003,55.300003,54.600002,3840382,-1609193,1075200,1075200,1075200,1075200,1075200,1075200,652800,1401600,536,42,50,746,40,34,221,68,78,317,67,94,119,34,65,25,7,22,92,108,126,2,0,0,552194,97880,147754,656286,55309,49788,256885,166815,241740,335131,152234,226701,130557,85179,609095,33422,16271,414604,97859,324858,464585,42,0,0,620.4057662337661,3.357298701298701
1657999701512,38.957,0.45812806,0.15384616,0.29166666,0.42307693,0.26923078,0.61538464,0.5769231,0.33333334,1.0,57.600002,57.300003,56.600002,57.300003,57.9,57.600002,56.300003,59.600002,56.9,59.300003,55.600002,54.9,3842718,-1549073,1075200,1075200,1075200,1075200,1075200,1075200,652800,1401600,607,33,50,812,26,37,385,70,101,443,85,109,103,27,59,127,20,31,139,112,124,3,0,0,651838,55424,163043,758300,32352,42933,393208,166851,273804,429281,160374,245746,131947,66870,477958,116828,28824,69872,147258,311584,416939,67,0,0,620.6140098846787,3.6653970345963756
1657999702563,38.980003,0.445,0.1923077,0.34615386,0.625,0.5925926,0.125,0.3846154,0.36,1.0,57.600002,57.300003,56.600002,57.300003,57.600002,57.300003,56.600002,59.600002,57.300003,59.600002,55.300003,54.9,3853812,-1455994,1075200,1075200,1075200,1075200,1075200,1075200,652800,1401600,526,43,74,662,59,64,249,92,104,464,76,125,72,28,58,85,5,18,335,148,142,0,0,0,584454,91301,276835,725618,98615,87711,310698,236606,347384,511642,141401,260878,68679,87686,514220,76740,12215,89537,304487,258384,310813,0,0,0,622.141696,3.697408
1657999703568,39.024002,0.39106146,0.04761905,0.33333334,0.17391305,0.3043478,1.0,0.04761905,0.2173913,1.0,58.300003,57.300003,56.600002,56.9,56.9,56.9,56.600002,59.9,56.9,59.9,55.600002,54.9,3852839,-1437378,1075200,1075200,1075200,1075200,1075200,1075200,652800,1401600,442,27,63,584,51,76,262,68,102,256,74,118,77,8,31,137,19,55,484,165,105,2,0,0,541895,53566,265211,699228,80899,109513,282160,169844,323720,328114,155321,353345,92660,13600,164663,131191,47211,599134,387900,224156,202310,51,0,0,624.4943602484472,3.613416149068323
1657999704569,39.089,0.35449734,0.16666667,0.2,0.125,0.16666667,0.92,0.12,0.18181819,1.0,58.600002,57.600002,56.9,57.300003,56.9,57.300003,56.600002,59.600002,57.300003,59.9,55.9,54.9,3851671,-1510316,1075200,1075200,1075200,1075200,1075200,1075200,652800,1401600,636,29,52,611,40,45,287,87,118,429,81,119,55,12,15,112,20,47,378,176,101,3,0,0,692570,49122,146999,786873,70431,58699,321214,204295,380914,422151,156880,277005,39170,25599,180767,141504,48616,409623,337213,290808,207159,61,0,0,614.949935483871,3.4657548387096777
1657999705593,39.143,0.27419356,0.08,1.0,0.041666668,0.0,0.041666668,0.08695652,0.041666668,1.0,58.300003,57.300003,56.600002,56.9,57.600002,57.300003,56.300003,59.600002,57.300003,59.600002,55.600002,54.9,3864322,-1228943,1075200,1075200,1075200,1075200,1075200,1075200,652800,1401600,467,30,57,512,40,59,295,86,102,250,74,103,36,6,7,109,21,64,442,130,125,3,0,0,587293,62786,220840,715333,68155,104490,310168,218432,370042,281639,169976,404661,37508,10563,20571,91669,53427,659420,361299,206211,232488,58,0,0,-1.0,-1.0
1657999706603,39.187,0.63297874,0.6086956,0.7083333,0.4,0.73913044,0.5652174,0.6086956,0.3478261,1.0,55.600002,55.600002,54.600002,54.9,54.9,55.300003,54.9,57.600002,55.600002,58.300003,52.9,52.9,3940231,-318298,1075200,1075200,1075200,1075200,1075200,1075200,652800,1401600,632,17,34,7,0,0,269,25,59,126,24,61,160,24,68,213,28,98,207,39,93,0,0,0,642811,42652,170455,13724,0,0,206498,43785,638732,131133,58134,690213,146614,44201,680230,210190,55567,554090,108344,115375,596026,0,0,0,-1.0,-1.0
1657999707661,39.227,0.680203,0.5217391,0.41666666,0.5,0.39130434,1.0,0.48,1.0,1.0,57.300003,57.300003,56.600002,57.600002,57.9,57.9,57.9,58.9,57.9,58.9,54.300003,54.300003,3901304,-755615,1075200,1075200,1075200,1075200,1075200,1075200,652800,1401600,1551,0,0,1146,0,0,652,0,7,799,0,3,470,3,7,517,1,5,791,2,17,12,0,0,560714,0,0,409194,0,0,590249,0,10281,507215,0,4281,390431,4054,7565,497126,424,10749,661450,1051,30292,1360,0,0,-1.0,-1.0
1657999708765,39.251003,0.5707317,0.24,0.28,0.20833333,0.48,0.32,0.962963,1.0,1.0,54.9,54.9,54.300003,54.9,55.600002,55.600002,55.9,57.600002,56.600002,57.600002,52.600002,52.300003,3864517,-1002808,1075200,1075200,1075200,1075200,1075200,1075200,652800,1401600,645,0,2,622,0,2,383,47,66,480,42,102,260,40,42,362,34,56,0,0,0,0,0,0,563071,0,11961,653328,0,12227,291068,90081,261930,309004,63042,312590,175349,88117,123283,232352,57882,288714,0,0,0,0,0,0,-1.0,-1.0
1657999709853,39.254,0.5322581,0.26086956,1.0,0.18181819,0.17391305,0.4090909,1.0,0.2173913,1.0,55.300003,55.9,55.600002,56.300003,56.9,56.600002,56.600002,58.300003,56.9,58.300003,52.9,52.600002,3904418,-791626,1075200,1075200,1075200,1075200,1075200,1075200,652800,1401600,1522,0,0,652,0,0,544,5,13,538,8,17,874,3,4,235,4,5,108,0,0,0,0,0,558081,0,0,476829,0,0,437285,6293,41225,421523,11347,47337,450284,5282,8312,105863,4293,35985,35071,0,0,0,0,0,-1.0,-1.0
1657999710916,39.251003,0.58285713,0.6363636,0.31578946,0.33333334,0.5652174,0.45833334,1.0,0.2857143,1.0,54.9,55.300003,54.300003,55.300003,54.9,55.300003,54.9,57.300003,55.600002,57.300003,52.600002,52.300003,3867826,-1230774,1075200,1075200,1075200,1075200,1075200,1075200,652800,1401600,665,5,8,55,0,0,344,28,63,316,38,61,113,5,17,58,5,21,469,109,95,18,0,4,475291,18016,33066,87103,0,0,242339,36402,286160,252721,70342,277998,79774,5425,132795,38564,8070,115326,258082,184693,271561,5112,0,3450,297.6259409836066,3.3004983606557374
1657999711953,39.247,0.48618785,0.083333336,0.33333334,1.0,0.3043478,0.125,1.0,0.08695652,1.0,56.300003,55.9,54.9,55.600002,55.300003,55.600002,54.9,57.600002,55.300003,57.600002,53.600002,53.300003,3850503,-1478577,1075200,1075200,1075200,1075200,1075200,1075200,652800,1401600,627,21,32,510,23,27,370,37,49,418,35,42,174,33,70,76,25,21,143,60,153,2,0,1,506928,34949,61345,547963,45424,36016,277020,64534,150724,473102,72453,126005,157636,59432,247412,81657,39464,70121,100673,142649,592823,74,0,0,832.4608695652174,5.177788819875776
1657999712960,39.251003,0.5482234,0.3181818,0.3478261,0.8333333,0.4,0.29166666,1.0,0.083333336,1.0,56.600002,56.9,56.300003,56.300003,56.300003,56.300003,55.600002,58.300003,56.300003,58.300003,54.9,53.9,3845832,-1577759,1075200,1075200,1075200,1075200,1075200,1075200,652800,1401600,381,37,66,707,32,24,140,28,54,538,53,55,45,7,23,28,3,12,111,88,185,3,0,0,427258,80595,214046,668959,41998,26381,124149,76049,301661,542005,94752,113355,39891,21823,279931,27391,4151,76642,120419,230477,576672,70,0,0,619.4851135303267,4.102320373250389
1657999713992,39.268,0.55172414,0.7307692,0.32,1.0,0.5,0.17857143,0.4814815,0.25925925,1.0,57.300003,57.300003,56.600002,56.9,56.9,57.300003,56.300003,58.600002,56.600002,58.9,54.9,53.9,3832402,-1722718,1075200,1075200,1075200,1075200,1075200,1075200,652800,1401600,251,18,45,667,34,55,224,51,61,559,50,40,173,29,57,48,6,17,72,96,165,2,0,0,224090,26258,134751,703368,53893,70848,215277,104714,229121,559709,97417,78264,135407,60367,386373,48602,14053,57323,100603,294098,519948,51,0,0,619.9457990430623,4.009135566188197
1657999715014,39.315002,0.62439024,0.962963,0.25,0.16,0.30769232,1.0,1.0,0.16666667,1.0,57.600002,57.600002,57.300003,57.600002,57.300003,57.300003,56.300003,59.300003,56.600002,59.300003,55.300003,54.300003,3838436,-1582032,1075200,1075200,1075200,1075200,1075200,1075200,652800,1401600,326,25,34,838,18,25,146,30,39,517,34,55,175,28,71,71,14,21,97,111,154,2,0,0,343178,47856,89316,757610,18006,27310,95687,68991,268663,550370,60823,118572,170507,53707,308499,80360,26763,73791,127646,299893,449769,46,0,0,613.2390755007705,3.992357473035439
1657999716073,39.342003,0.52,0.22727273,0.23809524,0.9047619,0.3181818,0.18181819,1.0,0.23809524,1.0,58.600002,57.9,57.300003,57.600002,57.9,58.300003,57.300003,59.9,58.300003,59.9,55.600002,54.9,3838047,-1698609,1075200,1075200,1075200,1075200,1075200,1075200,652800,1401600,141,13,22,628,49,66,247,39,89,429,72,89,16,0,3,26,3,2,494,169,132,0,0,0,150492,25952,56426,714197,71083,96518,226535,69470,433386,519615,153552,207655,12395,0,8565,7976,5118,8340,447550,218128,209209,0,0,0,617.5602604651162,3.7635472868217055
1657999717077,39.369003,0.495,0.36,0.2173913,0.04,0.34615386,0.7916667,1.0,0.16666667,1.0,57.9,57.9,57.600002,57.9,57.9,57.9,57.300003,59.9,58.300003,60.300003,55.9,54.9,3823254,-1683961,1075200,1075200,1075200,1075200,1075200,1075200,652800,1401600,316,30,50,608,43,52,110,14,41,559,60,59,103,15,46,2,0,1,314,145,132,4,0,0,390333,69025,158257,730803,65520,67408,84167,21100,401759,587474,99794,125335,82994,32550,408143,1899,0,821,286723,238273,325043,99,0,0,621.6659505766063,4.100744645799011
1657999718078,39.420002,0.5346535,0.125,0.29166666,0.68,0.36,1.0,0.5,0.25,1.0,58.300003,57.9,57.600002,57.600002,57.9,57.9,56.9,59.9,57.9,59.9,55.9,55.300003,3840382,-1554566,1075200,1075200,1075200,1075200,1075200,1075200,652800,1401600,125,10,24,675,32,49,131,32,81,452,56,66,142,23,52,0,0,0,439,164,115,1,0,0,192142,16616,99478,723957,50956,72969,156257,81688,518568,546932,106732,154901,154347,46907,390250,0,0,0,407683,237166,167870,23,0,0,620.4029813664596,3.831751552795031
1657999719115,39.474003,0.62376237,0.76,0.36,0.4,0.39130434,0.96153843,0.8076923,0.34615386,1.0,58.600002,58.300003,57.9,58.600002,58.600002,58.600002,58.300003,60.300003,58.600002,60.600002,56.600002,55.600002,3833570,-1687318,1075200,1075200,1075200,1075200,1075200,1075200,652800,1401600,400,37,54,610,49,57,85,15,34,421,55,67,0,0,0,116,37,71,509,191,100,2,0,0,411757,94114,166208,690133,83038,79404,78236,33087,243962,507871,114785,175912,612,0,0,126568,108764,493075,423690,263912,155910,43,0,0,622.1974165366615,3.8730982839313572
1657999720158,39.511,0.47089946,1.0,0.26086956,0.0,0.26086956,0.125,1.0,0.12,1.0,59.300003,58.9,58.600002,58.300003,58.600002,59.300003,58.300003,60.600002,59.600002,60.9,56.600002,55.600002,3826758,-1619874,1075200,1075200,1075200,1075200,1075200,1075200,652800,1401600,259,28,54,638,42,51,122,22,31,524,43,59,33,2,6,84,15,48,461,172,114,6,0,0,276375,65608,201554,716607,70884,80855,110144,42032,123267,557693,86525,140033,27281,1586,74322,75118,47953,495434,449076,235959,179198,233,0,0,621.167105263158,3.939157894736842
1657999721166,39.568,0.55494505,0.16666667,0.27272728,1.0,0.39130434,1.0,0.2173913,0.3478261,1.0,58.9,58.600002,58.600002,58.9,58.9,58.600002,57.9,60.600002,58.300003,60.600002,56.600002,55.9,3821308,-1651612,1075200,1075200,1075200,1075200,1075200,1075200,652800,1401600,158,7,8,672,35,49,183,48,75,331,64,73,137,18,77,25,0,0,441,176,110,1,0,0,164615,9311,22584,737587,48609,62279,165645,119767,418276,428998,157374,203879,146687,28224,618186,10293,0,0,387743,258361,183160,23,0,0,620.5608237129486,3.7958190327613104
1657999722185,39.619003,0.6193182,0.6818182,0.42857143,0.5833333,0.5714286,1.0,0.33333334,0.3478261,1.0,58.9,58.600002,58.600002,59.300003,59.600002,58.9,58.600002,60.9,59.300003,61.300003,56.9,55.9,3818388,-1675721,1075200,1075200,1075200,1075200,1075200,1075200,652800,1401600,501,25,66,621,48,61,11,4,5,341,67,78,56,6,52,94,19,22,418,154,134,1,0,0,466004,53711,291244,703090,84540,85681,8380,10609,69496,420398,169021,204236,69809,10408,427102,109467,34698,136672,390467,225635,217208,23,0,0,623.1115382215289,4.016873634945398
1657999723191,39.663002,0.510101,0.6,0.25,0.041666668,0.44,1.0,0.5769231,0.23076923,1.0,59.9,59.300003,58.600002,59.300003,59.300003,59.300003,58.9,60.9,59.600002,61.300003,56.9,56.600002,3832986,-1699525,1075200,1075200,1075200,1075200,1075200,1075200,652800,1401600,299,32,49,703,24,17,176,25,45,335,67,71,43,12,41,118,6,32,274,161,134,0,0,0,298140,80174,204046,706183,36165,20145,140465,42466,188282,384376,172420,205077,26878,41411,350510,107457,12105,165693,275774,280243,298193,0,0,0,621.3246211180124,3.657391304347826
1657999724212,39.727,0.6034483,0.39130434,0.3809524,0.8181818,0.6363636,1.0,0.3043478,0.39130434,1.0,59.600002,59.300003,57.9,58.9,59.300003,58.9,58.300003,60.9,59.300003,61.600002,56.600002,55.9,3830650,-1683961,1075200,1075200,1075200,1075200,1075200,1075200,652800,1401600,220,13,29,660,31,55,165,33,85,542,49,64,69,12,19,45,8,23,392,169,113,2,0,0,257723,29198,112693,746438,49917,88671,151171,69068,574528,531528,84298,147518,75326,19652,84176,55408,15448,284544,379306,248359,209893,187,0,0,619.7349283489096,3.8795264797507785
1657999725242,39.785004,0.53431374,0.76,0.26086956,0.76,0.5,0.36,0.3846154,0.1923077,1.0,60.300003,59.600002,58.600002,59.300003,59.600002,58.9,58.300003,61.600002,58.9,61.600002,57.300003,56.300003,3833570,-1631470,1075200,1075200,1075200,1075200,1075200,1075200,652800,1401600,214,1,2,601,45,75,65,15,17,370,68,77,38,16,38,149,20,78,435,139,140,1,0,0,206736,1887,1564,703478,71631,94082,52112,31580,102016,449711,169434,208342,24189,48791,495468,148614,43240,597806,384513,211583,250573,0,0,0,618.4490965732086,3.482367601246106
1657999726276,39.825,0.58,0.52,0.3043478,0.30769232,0.5714286,0.9583333,0.65384614,0.33333334,1.0,60.300003,59.300003,58.300003,58.9,58.9,59.600002,58.600002,61.300003,59.300003,61.600002,57.300003,56.600002,3830066,-1599732,1075200,1075200,1075200,1075200,1075200,1075200,652800,1401600,259,13,24,690,34,49,139,40,81,451,62,81,136,26,46,32,2,15,385,178,109,3,0,0,258706,31091,84827,720798,49232,72542,117426,107243,422342,500412,132684,189815,134396,50945,284560,44475,2749,226621,352571,302891,198351,76,0,0,621.31632970451,3.869412130637636
1657999727294,39.893,0.5978836,0.36363637,0.2857143,0.6666667,0.56,0.39130434,1.0,0.44,1.0,60.300003,59.600002,59.600002,59.300003,58.9,59.600002,58.300003,61.600002,59.300003,61.9,57.300003,56.600002,3824811,-1603089,1075200,1075200,1075200,1075200,1075200,1075200,652800,1401600,167,2,5,619,42,56,172,38,84,342,73,80,21,2,8,109,20,57,475,172,115,3,0,0,192268,489,26595,706999,67311,76443,151754,76203,586395,460239,164221,203013,22535,1866,26677,102228,39144,530384,413167,245782,178622,99,0,0,620.8281917355372,3.7433123966942152
1657999728334,39.95,0.6294416,0.44,0.3043478,0.64,0.5555556,0.92,1.0,0.08695652,1.0,60.600002,59.9,58.600002,59.300003,59.600002,59.300003,58.300003,61.600002,58.9,61.9,57.300003,56.9,3839214,-1626282,1075200,1075200,1075200,1075200,1075200,1075200,652800,1401600,180,1,7,654,38,57,146,32,75,392,64,66,90,15,31,17,7,20,429,160,113,0,0,0,195622,651,11860,747293,63483,72736,158181,101899,551477,493931,132686,196262,89022,36124,170654,21387,23070,388924,369248,261935,223774,0,0,0,621.432248447205,3.9847950310559006
1657999729365,39.987003,0.5511364,0.5,0.33333334,0.4,0.45454547,0.36363637,1.0,0.2857143,1.0,60.600002,59.9,58.600002,59.300003,59.300003,59.9,58.600002,61.9,59.300003,61.9,57.300003,56.9,3837852,-1548463,1075200,1075200,1075200,1075200,1075200,1075200,652800,1401600,238,8,19,613,34,44,190,34,77,454,56,70,81,17,41,0,0,0,483,178,118,2,0,0,234951,14535,61172,689059,58237,65619,165484,76774,442346,532822,111127,177047,78795,28994,291752,0,0,0,426724,236832,178269,49,0,0,620.1337462932454,3.9390049423393743
1657999730368,40.035004,0.5273632,0.61538464,0.32,0.26923078,0.24,0.875,0.6,0.34615386,1.0,60.9,59.9,58.9,59.600002,59.9,59.9,59.300003,62.300003,59.600002,62.300003,57.9,56.9,3838630,-1596680,1075200,1075200,1075200,1075200,1075200,1075200,652800,1401600,259,8,19,561,44,53,158,41,59,425,52,60,67,12,27,7,4,14,454,159,113,2,0,0,317106,20882,96942,671407,75403,70681,138925,96968,535370,479445,117222,148743,74796,15970,252395,9456,10449,156741,381917,236748,194654,56,0,0,621.5404210526316,3.861263157894737
1657999731372,40.084003,0.592233,0.25,0.96153843,0.42857143,0.3478261,0.53846157,0.9230769,0.32142857,0.9285714,59.600002,59.600002,59.300003,59.600002,59.600002,59.9,58.9,61.600002,59.600002,62.300003,57.300003,56.9,3865880,-1156617,1075200,1075200,1075200,1075200,1075200,1075200,652800,1401600,244,2,2,693,27,41,228,32,61,325,60,75,83,11,50,53,10,17,367,144,117,0,0,0,305806,1584,3239,711205,39510,58416,181939,63811,394193,407081,127623,274106,86774,22139,501663,52162,17736,65355,327518,235287,250067,0,0,0,-1.0,-1.0
1657999732455,40.137,0.5735294,0.53846157,0.2,0.24,0.5833333,0.5,0.42307693,1.0,1.0,59.9,59.9,58.9,59.9,59.9,59.9,59.9,61.300003,60.9,61.9,56.9,56.9,3879504,-976258,1075200,1075200,1075200,1075200,1075200,1075200,652800,1401600,1109,0,0,529,0,0,182,1,1,563,8,19,454,6,19,57,1,2,949,1,30,16,0,0,541277,0,0,299977,0,0,209100,610,1930,406142,22397,115412,339649,4014,144610,28176,502,1331,523231,0,178368,12849,0,0,0.0042784810126582275,0.0032658227848101264
1657999733507,40.171,0.7788945,0.47826087,0.9230769,0.64,0.7692308,0.56,0.8148148,1.0,1.0,57.600002,57.300003,56.9,57.600002,57.9,58.600002,58.9,60.300003,59.300003,60.600002,54.9,54.600002,3861014,-1078491,1075200,1075200,1075200,1075200,1075200,1075200,652800,1401600,382,0,0,552,0,0,315,42,79,273,33,46,308,14,28,164,21,40,23,0,0,1,0,0,261798,0,0,491372,0,0,265747,77544,198700,187808,64956,159988,193726,18562,114487,119411,46189,164958,19424,0,0,25,0,0,-1.0,-1.0
1657999734578,40.205,0.5507246,0.14814815,1.0,1.0,0.04,0.18518518,1.0,0.04,1.0,58.9,59.600002,58.600002,59.600002,59.9,59.9,59.9,60.600002,60.300003,61.300003,55.9,56.300003,3899357,-846558,1075200,1075200,1075200,1075200,1075200,1075200,652800,1401600,829,0,0,55,0,0,497,7,11,379,8,8,309,7,11,386,0,0,0,0,0,0,0,0,298799,0,0,38567,0,0,268349,7908,25531,223371,13185,19111,207320,13219,18912,177261,0,0,0,0,0,0,0,0,-1.0,-1.0
1657999735660,40.205,0.6896552,1.0,0.29166666,0.4814815,0.52,0.962963,1.0,0.23076923,1.0,56.9,56.9,56.600002,56.300003,57.300003,57.300003,56.600002,59.300003,57.300003,59.300003,53.9,53.9,3905196,-954895,1075200,1075200,1075200,1075200,1075200,1075200,652800,1401600,280,11,20,10,0,0,88,5,8,119,14,36,204,8,36,0,0,0,312,122,76,4,0,0,311691,31997,79473,6494,0,0,40009,7745,31110,81396,39595,341580,123223,9226,303334,0,0,0,212289,254829,228958,106,0,0,36.13461897356143,0.8328833592534992
1657999736718,40.197002,0.91,1.0,0.90909094,0.84615386,0.9259259,1.0,1.0,0.5652174,1.0,57.9,57.600002,56.9,57.300003,57.600002,57.9,57.300003,59.600002,57.9,59.600002,55.300003,54.9,3848168,-1484070,1075200,1075200,1075200,1075200,1075200,1075200,652800,1401600,466,3,2,343,17,19,244,27,36,373,43,58,213,14,29,148,8,12,466,125,93,2,0,0,264232,0,3723,343653,31634,27592,230323,61464,92242,316622,79852,230074,145787,22514,71389,106939,12991,32361,322737,211051,212519,63,0,0,689.4551788491445,5.506189735614308
1657999737845,40.197002,0.72139305,1.0,0.41666666,0.5769231,0.41666666,1.0,1.0,0.32,1.0,58.9,58.9,57.9,58.300003,58.300003,58.300003,57.300003,60.300003,58.600002,60.300003,56.600002,55.600002,3833181,-1646729,1075200,1075200,1075200,1075200,1075200,1075200,652800,1401600,4,0,0,391,19,29,256,37,53,301,28,26,24,0,3,0,0,0,922,129,151,0,0,0,2877,0,0,445541,36449,45429,323378,81382,154345,370238,47036,44733,13309,0,4861,0,0,0,373492,177083,250032,0,0,0,625.5787663551403,4.275838006230529
1657999738984,40.216003,0.6764706,1.0,0.29166666,0.44444445,0.46153846,1.0,1.0,0.13043478,1.0,59.300003,58.9,58.300003,58.600002,59.300003,58.9,57.9,60.600002,58.600002,60.600002,56.600002,56.300003,3836489,-1507264,1075200,1075200,1075200,1075200,1075200,1075200,652800,1401600,3,0,0,699,10,18,448,22,44,386,37,59,16,1,4,1,0,1,633,144,149,0,0,0,134,0,0,635304,13646,24548,495178,34721,121709,437983,85490,129050,6774,392,645,10,0,1301,355842,205848,247384,0,0,0,618.8797511664075,4.2786438569206835
1657999740069,40.242,0.80094784,1.0,0.6666667,0.72,0.6785714,1.0,1.0,0.36,1.0,59.600002,59.600002,58.600002,58.9,59.300003,59.300003,58.600002,60.9,59.300003,60.9,56.9,56.300003,3828509,-1643983,1075200,1075200,1075200,1075200,1075200,1075200,652800,1401600,1,0,0,627,42,56,499,40,52,291,63,62,3,0,3,0,0,0,658,166,139,0,0,0,5,0,0,646727,66390,69289,528679,89851,140773,374344,165514,138706,1263,0,2079,0,0,0,463908,222803,192072,0,0,0,618.8684444444444,3.9435555555555557
1657999741210,40.303,0.67788464,1.0,0.4074074,0.44,0.36,0.9230769,1.0,0.2,1.0,59.9,59.9,58.9,59.600002,59.300003,59.9,58.9,61.300003,59.9,61.600002,57.600002,56.600002,3830650,-1609498,1075200,1075200,1075200,1075200,1075200,1075200,652800,1401600,1,0,0,441,27,30,401,23,39,338,56,74,0,0,0,0,0,1,661,194,144,0,0,0,12,0,0,400730,46184,37318,508937,44381,101416,410089,110076,152274,0,0,0,0,0,364,474109,250976,179418,0,0,0,623.4286780715396,4.263564541213063
1657999742327,40.341003,0.73429954,1.0,0.4,0.5925926,0.5555556,1.0,1.0,0.34615386,1.0,60.300003,59.600002,58.9,59.600002,59.600002,59.600002,58.600002,61.600002,59.300003,61.600002,57.300003,56.600002,3831234,-1542969,1075200,1075200,1075200,1075200,1075200,1075200,652800,1401600,11,0,0,601,29,48,363,34,53,375,61,83,7,1,3,0,0,0,634,188,96,0,0,0,2061,0,0,673644,48070,56557,486008,91224,152271,469695,139322,177093,4411,303,15745,0,0,0,467459,234562,134112,0,0,0,618.4623627906977,4.382511627906976
1657999743387,40.382004,0.6985646,0.962963,0.29166666,0.5,0.44444445,1.0,1.0,0.29166666,1.0,60.300003,59.600002,58.9,59.300003,59.9,59.600002,58.9,61.600002,59.600002,61.600002,57.600002,56.600002,3832207,-1582642,1075200,1075200,1075200,1075200,1075200,1075200,652800,1401600,13,0,0,639,38,52,298,49,59,373,53,67,11,0,2,0,0,0,666,170,106,0,0,0,2489,0,0,698507,56726,69256,392095,115523,171236,498108,135969,140868,2467,0,56,0,0,0,483109,195586,140813,0,0,0,622.1935627906977,4.039293023255814
1657999744442,40.439003,0.70873785,1.0,0.375,0.60714287,0.46153846,0.96153843,0.962963,0.13043478,1.0,60.300003,59.9,59.300003,59.300003,59.9,59.9,58.9,61.9,59.600002,61.9,57.9,56.9,3842134,-1548157,1075200,1075200,1075200,1075200,1075200,1075200,652800,1401600,7,0,0,615,46,52,390,45,53,392,75,76,9,0,2,0,0,0,587,128,186,0,0,0,2375,0,0,695360,73606,71254,488119,111181,151024,475388,189119,151666,4200,0,372,0,0,0,452340,159629,241221,0,0,0,613.9118276923077,4.234092307692308
1657999745525,40.488003,0.66502464,1.0,0.29166666,0.46153846,0.33333334,1.0,1.0,0.12,1.0,60.600002,60.300003,59.600002,59.9,59.9,59.9,58.9,62.300003,59.9,61.9,57.9,56.9,3838241,-1543885,1075200,1075200,1075200,1075200,1075200,1075200,652800,1401600,10,0,0,699,33,44,365,49,34,331,49,68,2,0,1,4,0,0,676,148,170,0,0,0,574,0,0,723296,52317,63076,464150,111282,106228,403012,111851,163744,1801,0,1131,863,0,0,485211,153490,209219,0,0,0,618.831085007728,4.334639876352396
1657999746599,40.533,0.6945813,1.0,0.36,0.56,0.48,1.0,1.0,0.15384616,1.0,60.300003,60.300003,59.600002,59.9,60.300003,60.600002,59.600002,62.300003,60.300003,62.300003,57.9,57.300003,3811965,-1664429,1075200,1075200,1075200,1075200,1075200,1075200,652800,1401600,4,0,0,606,28,37,344,42,56,416,66,72,7,0,1,1,0,0,641,98,181,0,0,0,29,0,0,592417,42721,46817,461888,117556,164306,497103,129659,154395,1412,0,879,211,0,0,472117,119146,219168,0,0,0,622.8983141524105,3.929928460342146
1657999747662,40.578003,0.6763285,1.0,0.29166666,0.5,0.44,1.0,1.0,0.083333336,1.0,60.9,60.300003,59.600002,59.9,60.300003,59.9,59.300003,62.300003,59.600002,62.300003,58.300003,56.9,3842329,-1551514,1075200,1075200,1075200,1075200,1075200,1075200,652800,1401600,26,0,0,603,37,44,351,56,54,380,61,81,11,2,5,0,0,0,567,144,182,0,0,0,27271,0,0,625494,56835,60231,428339,140576,151496,507110,128879,179564,9351,4469,7168,0,0,0,438179,191890,266504,0,0,0,620.9962666666667,4.240620155038759
1657999748743,40.639004,0.74019605,1.0,0.45833334,0.68,0.41666666,1.0,1.0,0.29166666,1.0,60.9,60.300003,59.600002,59.9,59.9,60.300003,59.600002,62.600002,59.9,62.600002,57.9,57.300003,3826563,-1497193,1075200,1075200,1075200,1075200,1075200,1075200,652800,1401600,3,0,0,612,35,51,330,37,48,379,47,70,8,0,0,0,0,0,613,184,134,0,0,0,37,0,0,633700,51713,77812,464418,96973,129036,500271,102552,188929,1038,0,0,0,0,0,438573,258991,171176,0,0,0,615.2717891472868,4.139361240310078
1657999749845,40.684002,0.6956522,1.0,0.375,0.5769231,0.46153846,1.0,1.0,0.083333336,1.0,61.300003,60.9,60.300003,60.300003,60.9,60.9,60.300003,62.600002,60.9,62.9,58.9,57.600002,3838241,-1604615,1075200,1075200,1075200,1075200,1075200,1075200,652800,1401600,0,0,0,606,8,12,390,31,43,462,45,72,20,1,4,0,0,1,599,183,84,0,0,0,0,0,0,576897,10649,11223,484483,76116,114660,530312,75423,148668,4219,2222,1999,0,0,747,405834,229448,134967,0,0,0,619.5142857142857,4.171527950310559
1657999750935,40.725002,0.69082123,1.0,0.3181818,0.5555556,0.44444445,1.0,1.0,0.12,1.0,61.300003,60.300003,60.300003,60.300003,60.300003,60.600002,59.600002,62.600002,60.600002,62.9,58.300003,57.9,3833181,-1651002,1075200,1075200,1075200,1075200,1075200,1075200,652800,1401600,2,0,0,509,38,48,312,42,54,349,65,64,5,0,3,1,0,0,786,154,125,0,0,0,1147,0,0,558773,62880,74557,389957,102691,166442,462629,154247,153450,298,0,3164,22,0,0,536598,192051,159509,0,0,0,621.143850931677,4.123378881987577
1657999752046,40.778004,0.67464113,1.0,0.30769232,0.46153846,0.4,1.0,1.0,0.23076923,1.0,61.300003,60.9,59.9,60.300003,60.600002,60.600002,60.300003,62.600002,60.9,62.9,58.600002,57.600002,3810408,-1665345,1075200,1075200,1075200,1075200,1075200,1075200,652800,1401600,2,0,0,531,37,36,314,37,46,422,46,70,15,0,2,5,0,0,686,196,106,0,0,0,59,0,0,557866,68887,45551,438558,98096,122657,518473,107888,170324,5251,0,11853,2857,0,0,490978,215661,131372,0,0,0,621.9503079315708,4.009953343701399
1657999753131,40.816,0.7044335,1.0,0.33333334,0.48,0.42307693,1.0,1.0,0.3478261,1.0,61.600002,61.300003,59.9,60.600002,60.9,60.9,59.9,62.9,60.600002,62.9,58.600002,57.600002,3844080,-1538392,1075200,1075200,1075200,1075200,1075200,1075200,652800,1401600,3,0,0,627,30,44,362,48,52,363,58,80,3,0,0,4,0,3,600,178,111,0,0,0,168,0,0,670085,41270,58716,473092,119863,143456,469223,135870,172464,1143,0,0,499,0,85,422798,212103,161712,0,0,0,620.4468055987559,4.253710730948678
1657999754193,40.876003,0.6551724,1.0,0.32,0.36,0.42857143,1.0,1.0,0.16666667,1.0,61.9,61.600002,60.9,60.9,61.300003,61.300003,60.9,62.9,61.600002,63.300003,58.9,58.600002,3830456,-1654053,1075200,1075200,1075200,1075200,1075200,1075200,652800,1401600,5,0,0,646,35,53,378,57,61,421,60,84,0,0,0,11,0,1,582,156,164,0,0,0,101,0,0,709609,51484,74660,435183,143016,168361,468183,141983,172227,0,0,0,1126,0,29,406536,210717,236967,0,0,0,619.8497391304347,3.8628571428571425
1657999755256,40.940002,0.6780488,1.0,0.36,0.36,0.4,0.96153843,1.0,0.4074074,1.0,61.600002,61.300003,60.9,61.300003,61.300003,61.300003,60.300003,63.300003,61.300003,63.300003,58.9,58.300003,3838436,-1573182,1075200,1075200,1075200,1075200,1075200,1075200,652800,1401600,7,0,0,623,33,50,401,63,60,407,67,82,2,0,0,4,0,2,491,145,178,0,0,0,1520,0,0,673189,58193,69061,462928,141075,142931,472056,151192,172729,1272,0,0,1149,0,1036,367654,188801,262360,0,0,0,619.4768198757764,4.0520248447204965
1657999756289,40.967003,0.72105265,0.5217391,1.0,0.73913044,0.6956522,0.5416667,1.0,0.26086956,1.0,61.9,61.300003,59.9,60.600002,61.300003,60.9,60.300003,63.300003,60.9,63.300003,58.600002,57.9,3843691,-1442261,1075200,1075200,1075200,1075200,1075200,1075200,652800,1401600,11,1,4,581,39,42,303,56,74,335,69,83,7,3,3,22,0,1,582,173,110,0,0,0,10000,2290,13130,614336,62841,66109,362848,127687,258660,407779,168911,199362,7007,4585,4046,12155,0,4245,427105,234147,161686,0,0,0,-1.0,-1.0
1657999757306,41.008003,0.9361702,1.0,0.95454544,0.88,0.7826087,0.9166667,0.9583333,1.0,1.0,60.9,61.300003,60.600002,61.600002,61.300003,61.600002,60.9,62.9,61.300003,63.300003,57.600002,57.300003,3890598,-668335,1075200,1075200,1075200,1075200,1075200,1075200,652800,1401600,912,0,3,2,0,0,256,10,30,494,36,38,287,8,15,74,13,30,706,17,49,3,0,0,343855,0,0,152,0,0,216495,18641,136803,335008,78271,81422,213943,10679,98685,67481,18699,106244,363049,61040,297768,68,0,0,0.0033125,0.0022125
1657999758325,41.038002,0.8955224,0.8076923,0.875,0.72,1.0,0.75,1.0,1.0,1.0,59.600002,59.9,59.300003,59.9,60.600002,60.9,60.9,62.300003,61.600002,62.9,56.9,56.9,3854201,-1121216,1075200,1075200,1075200,1075200,1075200,1075200,652800,1401600,319,0,0,38,0,0,185,8,15,230,10,17,131,0,3,7,1,1,379,5,10,2,0,0,220822,0,0,39656,0,0,122058,17610,57091,179460,23774,55208,128954,0,6043,3452,498,2597,265002,5055,8392,66,0,0,-1.0,-1.0
1657999759469,41.053,0.97318006,1.0,1.0,1.0,1.0,1.0,1.0,0.7941176,1.0,59.300003,59.600002,58.9,59.600002,59.9,60.600002,60.300003,60.600002,60.300003,61.600002,55.600002,55.600002,3879893,-955200,1075200,1075200,1075200,1075200,1075200,1075200,652800,1401600,396,11,26,50,0,0,276,35,44,35,4,12,178,25,33,126,9,17,0,0,0,0,0,0,350439,39966,149067,48679,0,0,169073,71406,329197,19386,2084,79488,141636,51630,285617,69145,30153,280927,0,0,0,0,0,0,-1.0,-1.0
1657999760661,41.057003,0.7263682,0.92,0.44444445,1.0,0.625,0.64,1.0,0.08695652,1.0,59.9,60.300003,59.600002,60.300003,60.600002,60.9,59.9,61.300003,60.300003,62.300003,56.9,56.600002,3901304,-840149,1075200,1075200,1075200,1075200,1075200,1075200,652800,1401600,267,0,0,3,0,0,238,0,0,115,0,1,138,0,0,0,0,0,222,44,9,0,0,0,108048,0,0,2995,0,0,168515,0,0,108324,0,782,104155,0,0,0,0,0,132046,54037,21791,0,0,0,0.8453540372670807,0.035217391304347825
1657999761746,41.035004,0.86633664,1.0,0.7916667,1.0,0.9259259,0.9230769,1.0,0.2173913,1.0,59.300003,59.300003,58.600002,58.9,59.300003,59.600002,58.300003,60.600002,58.9,60.9,56.300003,55.9,3830650,-1530762,1075200,1075200,1075200,1075200,1075200,1075200,652800,1401600,282,0,0,148,7,13,101,7,24,285,33,58,57,11,18,0,0,0,811,117,74,9,0,0,117868,0,0,162586,9230,25277,94484,11519,129371,265569,56254,232183,52747,12156,86205,0,0,0,427389,189767,151721,669,0,0,464.9981234567901,4.2524444444444445
1657999762786,41.023003,0.7761194,1.0,0.44,1.0,0.6,1.0,1.0,0.08695652,1.0,60.300003,60.300003,59.600002,59.9,60.300003,59.9,58.9,61.9,59.300003,61.9,57.300003,56.600002,3834932,-1703797,1075200,1075200,1075200,1075200,1075200,1075200,652800,1401600,7,0,0,384,17,21,5,1,3,221,19,22,8,5,2,0,0,1,608,180,111,0,0,0,3011,0,0,425808,33730,39916,2639,682,1913,290776,59633,73920,6259,9218,5795,0,0,274,423212,199962,137773,0,0,0,660.356031104199,4.30656298600311
1657999763842,41.023003,0.84729064,1.0,0.8,1.0,0.8,1.0,1.0,0.16666667,1.0,60.600002,60.300003,59.600002,59.9,60.300003,60.300003,59.300003,62.300003,59.9,62.300003,57.600002,56.9,3841745,-1463929,1075200,1075200,1075200,1075200,1075200,1075200,652800,1401600,6,0,0,514,23,31,6,2,2,282,30,20,8,1,1,0,0,0,597,169,120,1,0,0,3609,0,0,545591,42354,43755,4126,5008,3996,437554,92490,59703,2044,785,336,0,0,0,433856,220859,146478,28,0,0,556.02,3.7153658536585366
1657999764881,41.050003,0.84792626,1.0,0.85714287,1.0,0.7586207,1.0,1.0,0.12,1.0,61.600002,61.300003,60.600002,60.9,61.300003,60.9,59.9,62.600002,60.9,62.600002,58.300003,57.600002,3824227,-1557618,1075200,1075200,1075200,1075200,1075200,1075200,652800,1401600,8,0,0,458,22,38,3,0,0,254,31,19,2,0,1,0,0,0,528,190,98,3,0,0,866,0,0,455392,30460,48966,378,0,0,385681,79721,53104,182,0,29,0,0,0,410851,234266,138402,1054,0,0,565.5446728971963,4.1691214953271025
1657999765959,41.061,0.74019605,1.0,0.3181818,0.9259259,0.46153846,1.0,1.0,0.083333336,1.0,61.600002,61.300003,60.600002,60.9,60.9,60.600002,59.600002,62.9,60.600002,62.9,58.300003,57.600002,3823254,-1642457,1075200,1075200,1075200,1075200,1075200,1075200,652800,1401600,0,0,0,366,19,28,41,1,7,299,14,17,2,1,2,2,0,2,699,148,128,0,0,0,0,0,0,437497,29606,33689,27469,31,7658,512194,38738,53246,1614,23,5533,1771,0,5512,535923,166486,157206,0,0,0,577.4978193146417,4.321595015576324
1657999767027,41.106003,0.77227724,1.0,0.33333334,1.0,0.52,1.0,1.0,0.29166666,1.0,61.9,61.600002,60.9,61.600002,61.300003,61.600002,60.300003,63.300003,60.9,63.300003,58.600002,57.600002,3823643,-1585999,1075200,1075200,1075200,1075200,1075200,1075200,652800,1401600,0,0,0,152,23,28,2,0,2,393,26,28,0,1,2,0,0,0,564,162,109,0,0,0,0,0,0,154003,41330,30595,1792,0,10728,501950,55206,77800,0,282,908,0,0,0,438815,213146,149900,0,0,0,582.6983354037267,3.882285714285714
1657999768073,41.136,0.73762375,1.0,0.32,1.0,0.46153846,1.0,1.0,0.12,1.0,62.600002,62.300003,61.600002,61.9,62.300003,62.300003,60.9,63.600002,61.9,63.600002,59.300003,58.300003,3818194,-1770020,1075200,1075200,1075200,1075200,1075200,1075200,652800,1401600,5,0,0,719,19,27,9,3,0,432,39,39,6,1,4,0,0,0,549,164,81,0,0,0,143,0,0,673689,26394,36887,8245,2664,0,483353,101181,87801,3445,1629,1797,0,0,0,397084,220377,127020,0,0,0,598.8725117004681,3.981079563182527
1657999769124,41.155003,0.805,0.96,0.44,1.0,0.5769231,1.0,1.0,0.45833334,1.0,62.300003,62.300003,61.9,61.9,61.600002,61.600002,60.600002,63.600002,61.600002,63.600002,58.9,58.300003,3821892,-1654359,1075200,1075200,1075200,1075200,1075200,1075200,652800,1401600,0,0,0,473,47,59,4,0,0,374,38,33,2,1,0,0,0,0,687,142,105,0,0,0,0,0,0,553986,80005,77943,4277,0,0,499165,87111,95741,2023,1021,0,0,0,0,561567,165198,162043,0,0,0,625.6059813084113,4.122915887850467
1657999770169,41.197002,0.7425743,1.0,0.22727273,1.0,0.48,1.0,1.0,0.125,1.0,62.9,62.600002,61.9,62.300003,62.9,62.9,61.600002,63.9,62.300003,64.600006,59.600002,58.600002,3823838,-1692506,1075200,1075200,1075200,1075200,1075200,1075200,652800,1401600,22,0,0,639,18,24,14,0,2,389,33,35,10,1,3,0,0,0,536,179,66,0,0,0,12103,0,0,630544,25755,31330,7351,0,500,494958,69838,106632,2698,30,11178,0,0,0,396091,210813,91638,0,0,0,665.5141524105754,4.199265940902022
1657999771205,41.227,0.8106796,1.0,0.44,0.96153843,0.5925926,1.0,1.0,0.5555556,1.0,62.9,62.600002,62.300003,61.9,62.300003,62.600002,61.300003,64.3,61.9,64.3,59.600002,58.9,3795032,-1978150,1075200,1075200,1075200,1075200,1075200,1075200,652800,1401600,0,0,0,548,52,67,0,0,0,374,47,48,1,1,1,0,0,0,599,163,119,1,0,0,0,0,0,584101,89482,101292,0,0,0,497881,109921,127873,70,268,19,0,0,0,459531,225154,182285,25,0,0,714.4356827371695,4.406494556765163
1657999772240,41.276,0.78431374,1.0,0.4,1.0,0.56,1.0,1.0,0.28,1.0,63.600002,62.9,62.9,62.9,62.9,62.9,61.600002,64.600006,62.600002,64.600006,60.300003,58.9,3820918,-1640321,1075200,1075200,1075200,1075200,1075200,1075200,652800,1401600,8,0,0,676,21,27,11,2,4,355,39,36,14,1,3,0,0,0,574,134,89,0,0,0,341,0,0,693506,39450,30886,12287,1883,2368,421793,73793,101241,6033,1487,2384,0,0,0,426315,170303,126697,0,0,0,770.4600432766615,4.723387944358578
1657999773300,41.302002,0.7584541,1.0,0.34615386,1.0,0.4814815,1.0,1.0,0.24,1.0,63.600002,63.300003,62.600002,62.600002,63.300003,63.300003,62.300003,64.600006,62.9,64.9,60.600002,59.600002,3806905,-1816407,1075200,1075200,1075200,1075200,1075200,1075200,652800,1401600,2,1,0,576,41,57,1,0,0,402,36,41,5,0,0,0,0,0,635,184,92,0,0,0,24,243,0,611228,74337,86317,119,0,0,473120,102604,93141,562,0,0,0,0,0,444717,228427,137680,0,0,0,725.9353,4.06665
1657999774334,41.359,0.7562189,0.96,0.3478261,0.96153843,0.45833334,1.0,1.0,0.28,1.0,63.600002,63.300003,62.9,63.300003,63.300003,63.600002,62.300003,64.9,62.600002,64.9,60.600002,59.9,3819751,-1739808,1075200,1075200,1075200,1075200,1075200,1075200,652800,1401600,7,0,0,601,34,56,2,1,1,395,48,29,4,0,2,0,0,0,537,122,157,0,0,0,3940,0,0,652973,42337,58635,2411,18,370,507266,105678,82488,284,0,444,0,0,0,429540,142613,233451,0,0,0,620.9739330143541,4.0348070175438595
1657999775353,41.385002,0.7794118,1.0,0.32,1.0,0.53846157,1.0,1.0,0.32,1.0,63.9,63.300003,62.9,63.300003,63.300003,63.300003,62.300003,64.9,62.9,64.9,60.300003,59.600002,3823838,-1654664,1075200,1075200,1075200,1075200,1075200,1075200,652800,1401600,12,0,0,458,20,22,6,2,3,404,30,27,7,0,6,0,0,0,540,160,87,0,0,0,8402,0,0,455590,35431,30275,6307,2573,4558,504972,74056,72503,8414,0,12325,0,0,0,410804,211107,136519,0,0,0,612.5667160493826,3.753135802469136
1657999776392,41.427002,0.77560973,0.75,0.48,1.0,0.60714287,1.0,1.0,0.33333334,1.0,63.9,63.600002,62.9,62.9,63.600002,63.9,62.600002,65.3,63.300003,65.3,60.600002,59.9,3813133,-1752015,1075200,1075200,1075200,1075200,1075200,1075200,652800,1401600,4,0,0,564,51,61,3,1,1,399,36,34,4,3,3,0,0,1,579,175,79,0,0,0,1988,0,0,577214,94338,80469,1649,292,493,476630,95485,94159,3759,2979,7451,0,0,25,418139,233089,148281,0,0,0,622.8626770670827,3.8625148205928235
1657999777442,41.468002,0.73039216,1.0,0.25,1.0,0.42307693,1.0,1.0,0.12,1.0,64.3,63.600002,63.300003,63.300003,63.600002,63.9,62.9,65.600006,63.600002,65.3,60.600002,59.600002,3810603,-1811524,1075200,1075200,1075200,1075200,1075200,1075200,652800,1401600,104,2,1,496,43,58,3,0,3,359,39,35,13,1,5,0,0,0,488,169,108,0,0,0,75415,2964,358,549953,71872,69333,2966,0,14013,474903,87025,104587,5274,276,12525,0,0,0,362750,265845,182612,0,0,0,621.8765714285714,3.7903602484472048
1657999778478,41.499,0.8069307,0.96153843,0.3846154,1.0,0.5416667,1.0,1.0,0.48,1.0,64.3,63.9,63.300003,63.300003,63.600002,63.9,62.600002,65.3,63.300003,65.600006,60.9,59.600002,3824422,-1655884,1075200,1075200,1075200,1075200,1075200,1075200,652800,1401600,9,0,0,627,38,50,14,0,2,411,43,22,9,3,3,5,0,0,516,168,95,0,0,0,7665,0,0,607728,56468,60982,9870,0,7695,517598,102654,55079,4065,5276,15632,1422,0,0,405558,230763,156742,0,0,0,619.5471228615863,3.864435458786936
1657999779520,41.548,0.8,1.0,0.44,1.0,0.5652174,0.9230769,1.0,0.44444445,1.0,64.600006,64.3,63.600002,63.9,63.9,63.600002,63.300003,65.3,63.9,65.9,60.9,59.9,3813912,-1788636,1075200,1075200,1075200,1075200,1075200,1075200,652800,1401600,3,0,0,577,34,51,1,0,1,350,34,28,1,0,2,1,0,0,505,158,107,0,0,0,2627,0,0,606443,48977,69948,6,0,536,491419,106807,73417,44,0,346,80,0,0,411297,212713,153950,0,0,0,621.5618881987577,3.8026335403726708
1657999780591,41.593002,0.7281553,1.0,0.42307693,0.88,0.3478261,1.0,1.0,0.041666668,1.0,64.3,63.9,63.300003,63.600002,63.600002,63.600002,62.600002,65.600006,63.300003,65.600006,61.300003,59.9,3812549,-1687318,1075200,1075200,1075200,1075200,1075200,1075200,652800,1401600,2,0,0,584,40,52,0,0,0,345,37,27,13,1,4,0,0,0,501,156,121,0,0,0,15,0,0,617976,67698,77419,0,0,0,496642,90537,86623,12548,858,8995,0,0,0,380475,237270,236108,0,0,0,623.1845723172628,4.0641990668740275
1657999781655,41.634003,0.7894737,0.96153843,1.0,0.375,1.0,0.5185185,1.0,0.4814815,1.0,63.600002,63.600002,62.600002,62.9,62.600002,62.9,62.600002,64.9,63.300003,65.3,60.600002,59.9,3861014,-1208191,1075200,1075200,1075200,1075200,1075200,1075200,652800,1401600,24,0,0,225,26,28,4,1,3,206,18,22,23,2,3,0,0,0,670,114,64,0,0,0,16064,0,0,220393,43695,82478,6058,1241,22175,256290,36082,144077,13796,2689,6531,0,0,0,414644,184709,135270,0,0,0,-1.0,-1.0
1657999782724,41.672,0.88235295,0.84615386,1.0,0.68,0.5416667,1.0,1.0,1.0,1.0,63.600002,63.9,62.9,63.9,63.600002,64.3,63.300003,64.9,63.600002,65.3,59.600002,59.600002,3856732,-1199952,1075200,1075200,1075200,1075200,1075200,1075200,652800,1401600,715,0,0,4,0,0,293,0,2,82,16,24,181,0,0,61,9,14,973,45,19,0,0,0,146522,0,0,894,0,0,317275,0,2203,62118,26612,76640,178819,0,0,64021,12971,63303,527246,102738,46023,0,0,0,0.004179289026275116,0.0031901081916537863
1657999783824,41.698,0.9744681,1.0,1.0,1.0,1.0,1.0,1.0,0.8076923,1.0,61.9,61.9,61.300003,62.300003,62.300003,62.300003,62.300003,63.9,62.9,64.3,57.9,57.600002,3889625,-845337,1075200,1075200,1075200,1075200,1075200,1075200,652800,1401600,55,0,0,0,0,0,126,13,16,113,27,21,11,0,1,0,0,0,122,0,0,1,0,0,40726,0,0,0,0,0,64250,21256,54655,95681,48685,42037,7163,0,2826,0,0,0,37234,0,0,36,0,0,-1.0,-1.0
1657999785038,41.717003,0.8543689,1.0,0.7692308,0.8,0.9230769,1.0,1.0,0.36,1.0,62.300003,62.300003,62.300003,62.600002,62.9,63.300003,62.600002,63.600002,63.600002,64.600006,59.9,59.9,3884370,-875855,1075200,1075200,1075200,1075200,1075200,1075200,652800,1401600,214,0,0,8,0,0,9,0,0,106,1,2,106,0,1,0,0,0,297,21,9,0,0,0,122671,0,0,664,0,0,10988,0,0,40888,865,4184,101178,0,2971,0,0,0,149757,30643,11887,0,0,0,0.008891640866873066,0.016520123839009287
1657999786163,41.706,0.89162564,1.0,0.8888889,1.0,0.78571427,1.0,1.0,0.39130434,1.0,61.600002,61.9,61.300003,61.600002,61.9,61.600002,60.9,63.300003,61.600002,63.600002,58.300003,57.9,3832986,-1626282,1075200,1075200,1075200,1075200,1075200,1075200,652800,1401600,9,0,0,51,0,1,65,6,9,67,9,13,0,0,0,0,0,1,798,113,50,1,0,0,3317,0,0,69438,0,942,69902,12360,19862,64826,16424,22962,0,0,0,0,0,36,397692,147453,78292,35,0,0,525.3758003120125,3.453953198127925
1657999787195,41.710003,0.855,1.0,0.84,0.92,0.84,0.96,1.0,0.26086956,1.0,62.600002,62.9,61.9,62.600002,62.600002,62.600002,61.300003,64.3,62.300003,64.3,59.600002,58.600002,3822670,-1720887,1075200,1075200,1075200,1075200,1075200,1075200,652800,1401600,0,0,0,134,2,5,121,18,23,140,18,18,1,1,1,2,0,1,695,150,79,0,0,0,0,0,0,115353,3494,6840,135314,37423,43539,130989,33047,35549,12,1856,2555,76,0,769,449559,190494,107855,0,0,0,564.7928173374612,3.4169164086687305
1657999788245,41.706,0.8480392,1.0,0.72,0.88461536,0.96153843,1.0,1.0,0.20833333,1.0,62.9,62.600002,62.300003,62.9,62.600002,62.600002,61.600002,64.3,62.300003,64.600006,59.9,58.9,3832597,-1654053,1075200,1075200,1075200,1075200,1075200,1075200,652800,1401600,0,0,0,179,4,4,75,9,13,189,17,21,1,1,0,0,0,0,683,151,82,0,0,0,0,0,0,164873,3917,8280,83748,14979,24724,167383,27880,45954,50,4046,0,0,0,0,480469,175034,113982,0,0,0,562.3421710730948,3.190195956454121
1657999789316,41.725002,0.8186275,1.0,0.88,0.68,0.8,1.0,1.0,0.13043478,1.0,63.600002,63.300003,62.600002,62.9,63.300003,62.9,61.600002,64.600006,62.600002,64.9,59.9,58.9,3827731,-1636048,1075200,1075200,1075200,1075200,1075200,1075200,652800,1401600,0,0,0,188,9,14,130,12,18,59,7,10,0,0,1,0,0,0,660,115,104,0,0,0,0,0,0,162216,16332,19900,125536,16417,36597,65845,14426,23166,0,0,5449,0,0,0,491662,141368,161215,0,0,0,583.3026086956521,3.357565217391304
1657999790388,41.736004,0.88,1.0,0.9285714,0.89285713,1.0,1.0,1.0,0.17857143,1.0,63.600002,63.300003,62.9,63.300003,62.9,62.9,61.9,64.600006,62.600002,64.9,60.300003,59.300003,3817220,-1631165,1075200,1075200,1075200,1075200,1075200,1075200,652800,1401600,0,0,0,115,9,4,60,17,20,272,20,37,2,1,3,0,0,0,716,129,97,0,0,0,0,0,0,105754,16683,8008,74732,40653,31083,255286,28835,93793,268,23,4772,0,0,0,510016,175563,134223,0,0,0,572.2357169230769,3.1388061538461534
1657999791490,41.785004,0.8888889,1.0,0.8888889,1.0,0.75,1.0,1.0,0.4814815,1.0,63.9,63.9,62.9,63.600002,63.300003,63.300003,62.300003,64.9,62.9,65.3,60.600002,59.600002,3827341,-1662904,1075200,1075200,1075200,1075200,1075200,1075200,652800,1401600,0,0,0,28,1,3,8,4,4,5,0,1,1,0,0,0,0,0,793,161,86,0,0,0,0,0,0,24230,1806,3984,7516,12192,7914,4693,0,720,131,0,0,0,0,0,527093,193141,110917,0,0,0,590.0419566563467,3.4274674922600616
1657999792641,41.819,0.8910891,1.0,0.92,0.96153843,0.6923077,1.0,1.0,0.5217391,1.0,64.3,64.600006,63.600002,64.3,63.9,63.9,62.9,65.600006,63.600002,65.600006,60.9,60.300003,3813717,-1822511,1075200,1075200,1075200,1075200,1075200,1075200,652800,1401600,10,0,3,80,2,2,28,3,5,129,11,10,0,0,0,3,0,1,712,129,71,0,0,0,5537,0,7171,82283,1026,3496,25090,7802,6019,99627,23302,24019,0,0,0,2817,0,4771,443441,165162,84594,0,0,0,574.8134161490683,3.6727453416149065
1657999793696,41.861004,0.84313726,1.0,0.56,1.0,0.96,1.0,1.0,0.20833333,1.0,64.600006,64.3,63.9,64.600006,64.600006,64.3,63.300003,65.9,63.600002,65.9,61.300003,60.300003,3817804,-1658326,1075200,1075200,1075200,1075200,1075200,1075200,652800,1401600,0,0,0,187,15,18,67,5,13,147,12,21,1,0,2,0,0,0,618,164,96,0,0,0,0,0,0,211576,28230,25729,64652,15659,25763,127510,20307,39736,15,0,490,0,0,0,415988,192328,151827,0,0,0,592.5782360248446,3.4409937888198754
1657999794772,41.906002,0.89767444,1.0,1.0,0.9310345,0.9285714,0.96428573,1.0,0.30769232,1.0,64.3,63.9,63.600002,63.600002,63.9,63.9,62.9,65.9,63.9,65.9,61.300003,60.300003,3816636,-1753236,1075200,1075200,1075200,1075200,1075200,1075200,652800,1401600,0,1,2,214,19,23,155,22,26,91,13,15,0,0,1,0,0,0,734,125,108,2,0,0,0,2150,2973,210680,31779,29396,142701,41232,63366,100188,19564,28832,0,0,29,0,0,0,514480,177208,148223,58,0,0,594.5579563862929,3.799277258566978
1657999795855,41.955,0.85784316,1.0,0.92,0.9310345,0.7307692,1.0,1.0,0.20833333,1.0,64.600006,64.3,63.600002,64.3,63.9,63.9,62.9,65.9,63.9,65.9,61.300003,60.600002,3810992,-1639405,1075200,1075200,1075200,1075200,1075200,1075200,652800,1401600,0,0,0,69,3,2,53,6,4,137,9,8,4,0,1,0,0,0,578,147,104,0,0,0,0,0,0,52337,10283,3136,51227,10790,6267,138688,11504,9132,3246,0,3004,0,0,0,423366,206817,153675,0,0,0,602.7761246105919,3.8520623052959504
1657999796916,41.978,0.8522167,1.0,0.7083333,0.9230769,0.96,1.0,1.0,0.24,1.0,64.9,64.9,63.9,64.600006,64.600006,64.600006,63.600002,66.3,64.600006,66.3,61.600002,60.600002,3828120,-1679383,1075200,1075200,1075200,1075200,1075200,1075200,652800,1401600,0,0,0,279,8,13,62,8,7,160,13,12,6,1,0,0,0,1,567,135,113,0,0,0,0,0,0,266502,11036,19369,57641,9367,10821,142055,21069,23496,2273,780,0,0,0,30,424064,155084,168867,0,0,0,611.1103900156006,4.032
1657999797994,42.030003,0.902439,1.0,0.8888889,0.9230769,0.8518519,1.0,1.0,0.52,1.0,65.3,64.9,63.9,64.600006,64.9,64.9,63.600002,66.3,64.600006,66.600006,61.600002,60.600002,3819945,-1761781,1075200,1075200,1075200,1075200,1075200,1075200,652800,1401600,0,0,0,248,10,8,106,21,30,66,6,6,3,2,3,0,0,0,581,140,100,0,0,0,0,0,0,252678,22742,12877,123770,30133,70206,53451,8731,7306,2993,2816,4750,0,0,0,435516,177807,134466,0,0,0,618.712795031056,3.9032049689440993
1657999799053,42.076,0.884058,1.0,0.962963,0.92,0.71428573,1.0,1.0,0.44,1.0,65.3,65.3,64.3,64.600006,64.9,64.600006,63.600002,66.3,64.600006,66.600006,61.9,60.9,3810992,-1666566,1075200,1075200,1075200,1075200,1075200,1075200,652800,1401600,1,0,0,158,6,11,137,22,15,134,12,22,0,0,0,0,0,0,580,153,121,0,0,0,92,0,0,162695,9710,13858,115486,50769,38185,137356,21315,52379,0,0,0,0,0,0,421636,194083,166064,0,0,0,632.1857196261683,4.08408722741433
1657999800122,42.106003,0.84653467,1.0,0.8076923,0.962963,0.68,1.0,1.0,0.26086956,1.0,65.600006,65.600006,64.600006,64.9,64.9,65.3,63.9,66.9,64.9,66.9,61.9,60.9,3796589,-1824342,1075200,1075200,1075200,1075200,1075200,1075200,652800,1401600,0,0,0,177,11,11,69,5,11,205,30,32,4,0,0,0,0,0,654,154,98,0,0,0,0,0,0,183503,16548,13118,67299,5236,18867,172844,58073,75865,1593,0,0,0,0,0,430438,206741,147697,0,0,0,642.2008611544461,4.045678627145086
1657999801197,42.147003,0.855,1.0,0.7916667,0.8888889,0.88461536,1.0,1.0,0.2173913,1.0,65.600006,65.3,64.9,65.600006,64.9,64.9,63.9,66.600006,65.3,66.9,61.9,61.300003,3817804,-1694947,1075200,1075200,1075200,1075200,1075200,1075200,652800,1401600,0,0,0,271,12,19,161,7,12,87,16,20,2,0,0,0,0,0,605,160,124,0,0,0,0,0,0,249489,16741,24887,139243,8922,15250,96730,27731,31062,822,0,0,0,0,0,426721,205442,174823,0,0,0,647.3497978227061,4.004877138413685
1657999802281,42.185,0.85365856,1.0,0.84615386,0.9259259,0.84615386,1.0,1.0,0.23076923,1.0,65.600006,65.600006,64.9,65.600006,65.600006,65.3,63.9,67.3,64.600006,67.3,61.9,61.300003,3828315,-1701966,1075200,1075200,1075200,1075200,1075200,1075200,652800,1401600,0,0,0,316,5,20,37,9,14,106,12,17,0,0,1,0,0,0,698,154,95,0,0,0,0,0,0,306301,7420,25037,38838,26845,31014,99877,17516,31216,0,0,29,0,0,0,482048,174342,131481,0,0,0,646.1134953271028,3.88814953271028
1657999803334,42.230003,0.8557214,1.0,0.625,1.0,1.0,1.0,1.0,0.16666667,1.0,65.9,65.600006,64.9,65.600006,65.3,64.9,63.9,66.9,64.600006,66.9,62.300003,61.300003,3817026,-1705018,1075200,1075200,1075200,1075200,1075200,1075200,652800,1401600,0,0,0,192,7,11,159,16,26,85,11,20,2,0,0,0,0,0,614,179,101,0,0,0,0,0,0,187116,7088,9736,136198,16979,47768,92400,22025,45070,17,0,0,0,0,0,428256,228320,131768,0,0,0,667.1178849144634,4.4221710730948685
1657999804377,42.272003,0.84158415,1.0,0.76,0.9259259,0.8076923,0.96153843,1.0,0.17391305,1.0,66.3,65.9,65.3,65.600006,65.600006,65.3,64.3,67.3,64.9,67.3,62.300003,61.300003,3815469,-1705018,1075200,1075200,1075200,1075200,1075200,1075200,652800,1401600,0,0,0,352,13,20,45,3,4,98,10,17,5,0,1,0,0,0,556,143,107,0,0,0,0,0,0,346241,21227,27682,21835,3170,5699,98519,17434,32870,2230,0,264,0,0,0,405304,190085,160475,0,0,0,669.2256547433904,3.9912410575427684
1657999805472,42.325,0.8761468,0.962963,1.0,0.85714287,1.0,1.0,0.9285714,0.2857143,1.0,66.3,66.3,65.3,65.9,65.9,65.9,65.3,67.3,65.9,67.600006,62.600002,61.9,3814495,-1811829,1075200,1075200,1075200,1075200,1075200,1075200,652800,1401600,0,0,0,234,7,15,100,7,9,174,17,21,5,0,1,0,0,0,542,161,105,0,0,0,0,0,0,227893,8819,21671,85428,8472,19867,171232,27907,44811,3308,0,2826,0,0,0,386446,213096,158511,0,0,0,367.2983507692308,1.88624
1657999806570,42.347,0.8879668,0.9354839,1.0,1.0,1.0,0.87096775,1.0,0.1923077,1.0,64.3,64.3,63.600002,64.3,63.9,64.3,63.300003,66.3,64.3,66.3,60.600002,60.300003,3911230,-425110,1075200,1075200,1075200,1075200,1075200,1075200,652800,1401600,39,0,0,128,13,23,69,2,12,63,9,13,20,1,2,15,2,5,417,112,110,0,0,0,21894,0,0,132605,19531,62731,52241,3208,64341,75957,16461,78953,10666,1205,7680,10628,3300,6895,335715,194548,250266,0,0,0,-1.0,-1.0
1657999807762,42.396004,0.85238093,0.96153843,1.0,0.8,0.79310346,1.0,1.0,0.26923078,1.0,63.600002,63.9,63.300003,63.9,64.3,64.3,63.600002,65.600006,63.9,65.9,60.300003,59.9,3847000,-1056519,1075200,1075200,1075200,1075200,1075200,1075200,652800,1401600,318,0,0,0,0,0,71,10,14,7,0,3,73,7,6,0,0,0,1403,40,34,0,0,0,75990,0,0,0,0,0,58527,20423,86696,6426,0,5681,80866,11065,21858,0,0,0,638650,96573,96171,0,0,0,-1.0,-1.0
