1658017520013,35.375,0.6923077,0.2631579,0.95454544,0.36363637,0.95238096,1.0,0.5714286,0.3043478,1.0,48.300003,48.600002,47.9,48.9,48.9,49.300003,48.600002,49.600002,49.600002,51.600002,45.600002,45.600002,3973903,-910645,1075200,1075200,1075200,1075200,1075200,1075200,652800,1401600,718781,14671,42712,733978,17845,48609,345230,29256,61421,338620,28622,63310,271676,22371,56477,265797,21526,56136,318673,31446,78972,232723,22714,64989,495565416,29031292,983845443,510000525,33844734,971313530,282782331,62256480,1161656421,271303264,58685865,1178311570,208356049,47765134,1189454896,204390457,45179514,1178681097,212746150,67618691,1339193453,136688522,51880739,1329939803,-1.0,-1.0
1658017521151,35.358,0.41489363,0.0,1.0,0.041666668,0.13043478,1.0,0.045454547,0.04347826,1.0,47.300003,47.300003,46.9,47.300003,47.600002,47.600002,46.9,49.300003,47.300003,49.300003,44.9,44.9,3984997,-559082,1075200,1075200,1075200,1075200,1075200,1075200,652800,1401600,298,0,0,22,0,0,355,31,72,109,7,12,226,22,22,233,35,59,132,23,77,7,0,0,268906,0,0,12637,0,0,216280,52125,188293,56276,15376,13398,132339,38679,42785,172112,53812,189558,37249,62097,524262,268,0,0,-1.0,-1.0
1658017522179,35.344,0.53038675,0.2857143,0.4347826,0.54545456,0.36363637,0.2857143,1.0,0.2,1.0,45.9,45.9,45.600002,45.600002,46.600002,46.300003,45.9,48.300003,46.600002,48.600002,43.600002,43.9,4002904,-408020,1075200,1075200,1075200,1075200,1075200,1075200,652800,1401600,280,14,22,98,1,8,207,56,76,244,24,48,0,0,0,232,64,99,100,19,120,0,0,0,492657,45644,331180,99422,2288,98477,260290,143155,455504,207575,41799,427743,0,0,0,261045,138305,332124,73633,75853,694936,0,0,0,-1.0,-1.0
1658017523299,35.338,0.9285714,1.0,1.0,0.9583333,1.0,0.9130435,0.92,0.6,1.0,47.600002,48.300003,47.600002,48.600002,48.600002,48.9,48.300003,49.300003,48.9,49.600002,44.600002,44.9,3969816,-726013,1075200,1075200,1075200,1075200,1075200,1075200,652800,1401600,644,2,3,612,0,0,432,5,15,546,14,18,582,0,0,27,7,10,548,4,16,13,0,0,465057,3034,72494,368008,0,0,394755,14475,117330,416450,42341,71850,426820,0,0,12554,14843,124776,626973,2618,171970,608,0,0,-1.0,-1.0
1658017524393,35.317,0.6363636,0.5416667,0.44444445,0.96,0.53571427,0.8518519,0.5555556,0.16666667,1.0,47.9,48.300003,47.300003,47.9,48.300003,48.300003,47.9,49.300003,48.300003,49.9,44.9,44.9,3995897,-477295,1075200,1075200,1075200,1075200,1075200,1075200,652800,1401600,215,0,0,305,0,0,253,10,26,250,26,38,226,5,10,169,13,22,653,90,99,9,0,1,93454,0,0,172215,0,0,146345,16350,67148,164761,51631,84743,94455,2476,18801,80017,17488,61855,332853,157766,158580,1095,0,786,-1.0,-1.0
1658017525463,35.301003,0.65700483,1.0,0.52,0.9166667,0.46153846,0.6296296,0.56,0.15384616,1.0,48.600002,48.600002,48.300003,48.9,48.9,49.300003,48.300003,48.9,49.300003,50.600002,44.600002,44.9,3970984,-681152,1075200,1075200,1075200,1075200,1075200,1075200,652800,1401600,392,0,0,476,0,0,311,21,19,499,31,60,213,18,30,270,12,34,845,55,100,12,0,1,152023,0,0,270158,0,0,164581,30039,35960,266702,56239,116845,106691,32714,100106,157800,24679,138408,376246,115553,276612,1750,0,586,-1.0,-1.0
1658017526616,35.287003,0.4848485,0.9583333,0.33333334,0.16666667,0.8,0.26923078,0.29166666,0.04347826,1.0,48.300003,48.300003,47.9,48.600002,49.300003,49.300003,48.600002,49.9,48.9,50.300003,44.9,44.9,3980910,-664673,1075200,1075200,1075200,1075200,1075200,1075200,652800,1401600,322,0,0,500,0,0,332,10,27,400,34,49,232,19,36,218,22,39,923,75,82,20,0,3,169812,0,0,377487,0,0,159006,18311,53343,264607,73353,152710,143787,25340,89020,133272,35490,73097,421250,140717,249291,3191,0,556,-1.0,-1.0
1658017527728,35.253002,0.70621467,0.77272725,0.9047619,0.5,0.4,0.8181818,1.0,0.1904762,1.0,46.9,46.600002,45.600002,46.600002,46.9,47.300003,46.600002,48.9,47.300003,48.9,44.9,44.600002,3988112,-725098,1075200,1075200,1075200,1075200,1075200,1075200,652800,1401600,288,0,0,577,7,4,426,31,74,370,26,46,93,7,24,151,29,39,610,113,106,6,0,0,164041,0,0,504455,16421,18745,287153,56359,319383,198090,41836,162831,81267,16608,142439,122142,61722,211285,340480,260066,274335,170,0,0,-1.0,-1.0
1658017528776,35.233,0.63366336,0.9583333,0.4347826,0.8888889,0.45833334,0.6,0.53571427,0.24,1.0,46.9,46.600002,45.9,47.300003,47.300003,47.300003,46.9,48.9,47.300003,48.600002,44.300003,44.600002,3993367,-469971,1075200,1075200,1075200,1075200,1075200,1075200,652800,1401600,462,0,0,472,14,18,421,16,49,321,27,62,181,13,29,255,9,12,527,103,92,13,0,0,191022,0,0,406952,24774,68665,199731,28091,312935,203593,37986,264252,116594,38820,226074,113553,13756,30368,358065,208450,265532,625,0,0,-1.0,-1.0
1658017529883,35.219,0.46376812,1.0,0.0,0.03846154,0.5,1.0,0.115384616,0.0,1.0,46.9,46.600002,45.9,47.300003,47.300003,47.600002,46.9,47.9,47.300003,49.300003,43.9,44.300003,3986749,-587463,1075200,1075200,1075200,1075200,1075200,1075200,652800,1401600,26,0,0,273,10,45,181,8,32,235,20,48,87,4,7,106,10,20,410,110,137,42,0,1,18562,0,0,311433,23022,266268,132148,15017,494383,168298,45760,583077,49915,17698,115516,81438,41898,539791,337661,283551,331315,14588,0,16,-1.0,-1.0
1658017531033,35.196003,0.5627907,0.6923077,0.3846154,0.9230769,0.27586207,0.37037036,0.7307692,0.18518518,0.96153843,45.600002,45.9,44.600002,45.300003,45.300003,45.300003,45.300003,47.9,45.600002,47.9,43.600002,43.600002,4006018,-335693,1075200,1075200,1075200,1075200,1075200,1075200,652800,1401600,32,0,0,303,34,44,167,39,84,164,26,45,62,17,27,152,42,63,83,9,55,46,0,4,18287,0,0,427724,83245,227222,162722,105620,646375,141526,67243,533312,57195,42457,99461,187187,96397,447712,22675,17506,987171,8148,0,4942,-1.0,-1.0
1658017532134,35.179,0.52803737,0.8214286,0.4074074,0.2962963,0.23076923,0.56,0.7307692,0.041666668,1.0,45.9,46.300003,45.600002,45.9,45.9,45.9,45.600002,47.9,45.600002,47.9,43.600002,43.9,3994145,-405884,1075200,1075200,1075200,1075200,1075200,1075200,652800,1401600,53,3,6,141,2,4,97,19,20,281,37,67,101,17,42,89,11,21,296,195,86,7,0,6,134872,7984,67820,205642,3954,8206,58908,25644,29601,193012,68141,304331,88592,29438,261221,78004,15158,52703,215004,442078,233242,7969,0,5832,-1.0,-1.0
1658017533233,35.155003,0.41208792,0.0,0.04347826,0.59090906,0.39130434,1.0,0.08695652,0.045454547,1.0,44.9,44.9,44.9,45.600002,45.600002,45.600002,45.300003,47.9,45.9,47.600002,43.300003,43.300003,4005629,-314636,1075200,1075200,1075200,1075200,1075200,1075200,652800,1401600,129,10,32,228,2,9,52,12,16,193,28,53,66,8,23,65,5,17,320,203,131,6,0,1,148725,27326,492442,276614,2720,74215,47464,38837,141514,165619,71138,694573,62290,14109,431402,48618,10953,388889,216098,457265,333855,3543,0,684,-1.0,-1.0
1658017534305,35.152,0.66190475,1.0,0.3846154,0.29166666,0.46153846,1.0,0.8076923,0.30769232,1.0,44.600002,44.9,44.300003,45.300003,45.600002,45.300003,44.600002,47.300003,45.300003,47.300003,43.300003,43.300003,4007770,-303650,1075200,1075200,1075200,1075200,1075200,1075200,652800,1401600,238,27,53,272,29,75,19,4,12,159,24,46,113,10,18,89,12,35,202,58,95,6,0,1,278706,53376,106760,299879,59270,412995,16657,12860,208567,105957,59548,467425,62259,17892,352360,90462,24128,583212,137166,114793,613360,147,0,443,0.007539657853810264,0.01408398133748056
1658017535387,35.132,0.53960395,0.88461536,0.30769232,0.33333334,0.1923077,0.6666667,0.7307692,0.125,1.0,46.600002,46.600002,45.600002,46.600002,46.600002,46.300003,45.600002,47.9,45.9,47.9,44.300003,43.600002,3909284,-1412964,1075200,1075200,1075200,1075200,1075200,1075200,652800,1401600,106,31,50,446,11,22,348,46,51,89,14,24,99,0,14,88,10,31,440,73,74,3,0,0,170869,54142,111779,357776,16491,34707,247305,93281,439587,68623,25474,95851,35411,0,390752,63470,15161,385104,258626,104300,511569,104,0,0,465.0691090342679,0.35055451713395636
1658017536457,35.128002,0.48292682,0.5555556,0.26923078,0.3846154,0.44,0.115384616,1.0,0.041666668,1.0,46.600002,46.600002,46.300003,47.300003,47.300003,46.600002,46.300003,48.600002,46.9,48.9,44.9,44.600002,3928747,-1167908,1075200,1075200,1075200,1075200,1075200,1075200,652800,1401600,81,1,10,760,58,88,307,87,126,181,47,91,96,17,48,28,6,10,530,156,108,1,0,0,125639,674,79928,687010,104979,155880,318601,192033,359487,191044,100611,507766,94720,44461,404579,28760,11779,62877,500349,236331,187957,21,0,0,416.4073,0.30615
1658017537519,35.145,0.52657,1.0,0.30769232,0.34615386,0.2,0.32,0.9259259,0.04,1.0,47.600002,47.300003,46.300003,46.9,46.9,47.300003,46.600002,48.9,46.600002,48.9,45.300003,44.600002,3935170,-1189576,1075200,1075200,1075200,1075200,1075200,1075200,652800,1401600,269,29,43,838,43,65,264,60,107,153,31,75,165,34,63,9,0,8,422,176,101,1,0,0,344889,83767,325476,738226,54319,107840,300803,123555,314388,179709,77571,357542,174712,65820,341890,13874,0,72964,387284,293125,206760,25,0,0,417.0764255319149,0.29617021276595745
1658017538539,35.169003,0.4888889,1.0,0.18181819,0.20833333,0.27272728,0.13636364,1.0,0.04761905,1.0,48.300003,47.600002,46.600002,47.300003,47.300003,47.300003,46.600002,49.600002,47.600002,49.300003,45.600002,45.300003,3934003,-1270752,1075200,1075200,1075200,1075200,1075200,1075200,652800,1401600,0,0,0,712,47,104,395,93,118,121,22,78,66,18,44,38,2,4,318,122,113,1,0,0,0,0,8451,614438,68731,163527,399686,188035,257176,103860,58332,605945,80022,40690,674140,30174,4530,8079,312685,273799,342085,39,0,0,411.8909922720247,0.30605255023183925
1658017539571,35.203003,0.44134077,0.7826087,0.1904762,0.29166666,1.0,0.08695652,0.045454547,0.13043478,1.0,48.300003,47.600002,46.9,47.300003,47.600002,47.9,46.9,49.9,47.600002,49.9,45.9,45.300003,3919210,-1360779,1075200,1075200,1075200,1075200,1075200,1075200,652800,1401600,194,17,30,742,25,39,315,95,110,132,32,40,123,19,47,18,4,18,449,171,56,2,0,0,260019,42845,164645,606532,34253,65784,346651,209987,286028,113651,78557,291964,124943,36900,425729,20281,9872,177463,401742,320802,140250,55,0,0,409.4028841761827,0.30741924959216965
1658017540592,35.246002,0.4375,1.0,0.2,0.04347826,1.0,0.0,0.04347826,0.083333336,1.0,48.600002,48.600002,47.600002,48.300003,47.600002,47.9,47.300003,49.9,47.600002,49.9,46.300003,45.600002,3934197,-1234436,1075200,1075200,1075200,1075200,1075200,1075200,652800,1401600,176,1,4,830,19,39,347,66,92,162,27,42,113,19,33,83,18,29,465,146,92,2,0,0,248233,2293,29931,687248,19167,47880,349888,155087,215687,131704,54365,229585,59953,53738,296056,78664,52960,281293,394900,278484,184182,69,0,0,416.1509730586371,0.30656101426307447
1658017541631,35.297,0.44444445,1.0,0.20833333,0.09090909,1.0,0.04347826,0.08695652,0.13043478,1.0,48.9,48.600002,47.600002,48.600002,48.600002,48.300003,47.600002,50.300003,47.9,50.300003,46.300003,45.9,3938674,-1159363,1075200,1075200,1075200,1075200,1075200,1075200,652800,1401600,66,0,0,868,33,54,253,79,124,58,10,16,97,28,55,117,28,60,396,189,79,2,0,0,82562,0,0,788577,38345,79433,314645,180654,387926,50439,12190,74085,80885,70266,619847,116269,78064,541798,381492,356974,163196,51,0,0,413.7744596273292,0.30424844720496896
1658017542660,35.344,0.43137255,1.0,0.1923077,0.115384616,1.0,0.08,0.07692308,0.0,1.0,49.300003,48.600002,47.9,48.600002,48.300003,48.600002,47.9,50.300003,48.600002,50.600002,46.600002,45.9,3914539,-1341858,1075200,1075200,1075200,1075200,1075200,1075200,652800,1401600,0,0,0,874,36,62,343,88,113,18,3,4,224,49,79,127,28,64,390,158,87,0,0,0,0,0,0,726299,58449,91284,345287,186254,338289,26264,5137,3942,174046,108002,606332,115002,80471,624585,344831,299356,191759,0,0,0,411.27720064205454,0.3071589085072231
1658017543687,35.405003,0.44148937,1.0,0.17391305,0.09090909,1.0,0.08695652,0.083333336,0.0,1.0,48.9,48.600002,47.9,48.600002,48.300003,47.9,47.9,50.600002,48.300003,50.600002,46.600002,46.300003,3922714,-1194764,1075200,1075200,1075200,1075200,1075200,1075200,652800,1401600,0,0,0,796,43,74,241,88,124,59,11,17,78,12,52,125,35,72,346,158,102,1,0,0,0,0,0,729696,72223,108088,282540,231824,417605,52013,16409,51553,72321,30108,750295,83149,112878,652122,345571,311013,248368,34,0,0,413.5627194719472,0.31646204620462043
1658017544721,35.442,0.4556213,0.59090906,0.2631579,0.42857143,1.0,0.04761905,0.17391305,0.05263158,1.0,49.600002,48.9,48.600002,48.9,48.9,48.9,47.9,50.9,48.300003,50.9,46.9,46.300003,3919599,-1166993,1075200,1075200,1075200,1075200,1075200,1075200,652800,1401600,0,0,0,822,51,65,436,112,105,0,0,0,176,39,71,163,37,78,324,143,108,0,0,0,0,0,0,728275,79441,93874,428347,230068,227899,0,0,0,163163,84496,553727,162291,79030,591415,311083,301984,304753,0,0,0,414.4155272161742,0.2917822706065319
1658017545743,35.493,0.4318182,1.0,0.18181819,0.13043478,1.0,0.13043478,0.045454547,0.045454547,1.0,49.600002,49.300003,48.600002,48.9,48.9,48.9,48.9,51.300003,49.300003,50.9,46.9,46.600002,3928358,-1273194,1075200,1075200,1075200,1075200,1075200,1075200,652800,1401600,405,20,20,911,29,36,292,64,90,10,0,3,119,27,42,203,35,71,268,164,115,0,0,0,478904,37226,38711,732959,44650,39131,268526,139027,338918,17674,1281,11664,109009,47739,219503,168157,58164,473902,252090,315730,277502,30,0,0,414.7868387096774,0.29656774193548385
1658017546761,35.554,0.4368932,1.0,0.2,0.14814815,1.0,0.11111111,0.07692308,0.0,1.0,49.9,49.300003,48.600002,49.300003,48.9,48.600002,47.9,50.9,48.600002,51.300003,47.600002,46.600002,3921546,-1297913,1075200,1075200,1075200,1075200,1075200,1075200,652800,1401600,1,0,0,782,37,74,304,85,125,44,5,11,109,25,44,218,33,83,334,163,99,2,0,0,5,0,0,675428,52104,142989,335601,184042,348881,38072,5568,16800,119847,49379,681998,209189,69186,651738,304980,333205,282400,18,0,0,420.6949641185647,0.288798751950078
1658017547789,35.608,0.46857142,0.09090909,0.2173913,0.17391305,1.0,1.0,0.13636364,0.2173913,1.0,49.9,49.600002,48.9,49.600002,49.300003,48.600002,47.9,51.600002,48.600002,51.300003,46.9,46.600002,3935560,-1183472,1075200,1075200,1075200,1075200,1075200,1075200,652800,1401600,101,0,0,919,43,60,416,76,106,107,24,33,88,21,41,257,39,91,143,105,120,2,0,0,95951,0,0,739621,62451,80003,400576,122106,270667,75139,44066,198561,96337,58754,351986,216785,72117,607696,159416,238664,528704,89,0,0,415.41348286604364,0.28964485981308413
1658017548798,35.645,0.42439026,0.074074075,0.15384616,0.07692308,1.0,0.07692308,1.0,0.04,1.0,50.300003,49.600002,48.600002,49.300003,49.9,49.600002,48.9,51.600002,50.300003,51.600002,47.600002,46.9,3926412,-1282654,1075200,1075200,1075200,1075200,1075200,1075200,652800,1401600,320,14,23,1016,22,37,399,83,107,33,6,6,147,25,45,168,45,79,188,106,101,1,0,0,355318,22608,72571,743496,23303,55048,381879,149662,275513,32799,8687,23042,141225,41899,224046,181776,101594,464285,191639,238462,429902,50,0,0,411.87060653188183,0.30601555209953346
1658017549834,35.699,0.42512077,1.0,0.1923077,0.11111111,0.037037037,1.0,0.04,0.074074075,1.0,49.600002,49.300003,48.600002,49.600002,49.600002,49.9,48.600002,51.600002,49.300003,51.600002,47.600002,46.9,3922519,-1224976,1075200,1075200,1075200,1075200,1075200,1075200,652800,1401600,316,30,64,633,53,76,212,86,132,54,8,28,65,10,39,7,2,5,375,156,87,1,0,0,541606,65882,366731,595652,99215,134422,271108,250291,407112,74274,14661,135480,45695,29890,495496,9097,5044,164805,379058,328571,234051,17,0,0,411.72426168224297,0.30778816199376946
1658017550872,35.753002,0.5232558,0.8181818,0.2857143,0.2857143,0.29166666,0.33333334,1.0,0.2,1.0,50.300003,49.9,48.9,49.300003,49.9,49.600002,48.600002,51.600002,49.300003,51.9,47.9,47.300003,3928942,-1210328,1075200,1075200,1075200,1075200,1075200,1075200,652800,1401600,199,5,5,787,51,75,234,94,107,162,21,69,107,11,24,94,13,32,364,160,100,0,0,0,225660,3874,10180,688143,93144,108667,302645,213526,274658,139291,38154,576687,101302,14076,97506,85041,28832,587840,311197,329494,257219,0,0,0,411.8938608964451,0.29833693972179287
1658017551878,35.807003,0.42079207,0.03846154,0.09090909,0.07692308,1.0,0.08,1.0,0.04,1.0,50.600002,49.600002,49.300003,49.600002,49.9,50.300003,49.600002,52.300003,49.9,51.9,47.9,47.300003,3921935,-1266175,1075200,1075200,1075200,1075200,1075200,1075200,652800,1401600,134,1,5,946,22,27,444,61,98,275,47,63,175,52,72,1,0,0,313,175,97,1,0,0,186471,4239,21837,761947,28501,42828,409541,113228,201350,237733,95527,497275,183751,133067,376802,9,0,0,267793,338263,205317,34,0,0,413.7985590062112,0.29585093167701865
1658017552911,35.845,0.42857143,0.37037036,0.25,0.5,0.65384614,0.6,0.115384616,0.0,1.0,49.600002,49.9,48.600002,49.9,49.9,49.9,48.9,51.600002,49.600002,51.600002,47.600002,47.300003,3921351,-1183167,1075200,1075200,1075200,1075200,1075200,1075200,652800,1401600,296,30,44,867,38,28,204,120,111,66,9,18,84,16,41,44,17,25,86,125,143,3,0,0,357829,59684,264329,678548,44786,28963,247693,318775,295472,44475,15673,158633,78691,42576,732854,45282,50533,162292,106722,312556,546390,74,0,0,414.0117632398754,0.3013084112149533
1658017553953,35.895,0.5736842,0.3043478,0.56,0.39130434,0.5833333,0.5,1.0,0.2173913,1.0,50.300003,49.9,49.300003,49.9,49.600002,49.300003,48.9,51.9,49.600002,51.9,48.300003,47.600002,3920573,-1196900,1075200,1075200,1075200,1075200,1075200,1075200,652800,1401600,374,31,38,897,40,49,248,81,93,207,50,51,117,16,45,47,12,24,199,122,116,3,0,0,482356,52184,145522,763244,56282,75070,285132,197862,210926,214860,115956,288213,93640,31252,211609,49306,30923,310862,204263,257459,469326,94,0,0,410.29812032520323,0.3003317073170732
1658017554982,35.956,0.5728643,0.64,1.0,0.44,0.16,0.6,0.6,0.08695652,1.0,51.600002,50.9,50.600002,50.300003,49.9,50.600002,49.9,52.600002,50.300003,52.600002,48.600002,47.9,3906753,-1390076,1075200,1075200,1075200,1075200,1075200,1075200,652800,1401600,514,14,20,792,16,22,415,68,61,180,27,43,223,30,66,34,0,2,236,106,105,7,0,0,550951,30591,103418,614451,23067,31301,394482,102158,118834,145019,46076,191614,206026,56385,423024,15756,0,3504,192172,278177,386881,356,0,0,72.88365109034267,0.06665420560747663
1658017556048,36.010002,0.52061856,0.125,0.5833333,0.9583333,0.2,1.0,0.25,0.0,1.0,49.9,49.9,48.9,49.300003,49.9,49.9,49.600002,51.600002,49.9,51.600002,47.300003,46.9,3985971,-552978,1075200,1075200,1075200,1075200,1075200,1075200,652800,1401600,107,0,0,536,10,13,437,44,95,233,53,36,116,18,30,248,30,69,85,76,152,0,0,0,141414,0,0,351375,15943,22303,294606,79471,412569,206932,107177,141749,79466,34500,333096,194966,80289,401746,74095,201413,593425,0,0,0,-1.0,-1.0
1658017557051,36.044003,0.73039216,0.5,0.84,0.6296296,0.8,0.89285713,0.8,0.36,1.0,47.9,47.9,47.9,47.9,48.600002,48.300003,47.9,50.300003,48.300003,50.600002,45.9,46.300003,3995313,-361328,1075200,1075200,1075200,1075200,1075200,1075200,652800,1401600,242,21,50,227,11,33,62,40,53,161,9,78,4,0,4,159,17,71,18,2,71,0,0,0,339996,39622,558039,243599,28815,189319,67763,115300,234035,167433,21624,639293,7900,0,31132,141987,35783,576752,7064,5796,971172,0,0,0,0.003264,0.0083072
1658017558140,36.064003,0.6770833,0.56,1.0,0.9583333,0.5,0.59090906,0.5416667,0.2173913,1.0,48.9,48.9,48.300003,49.300003,49.300003,49.300003,48.300003,50.600002,48.9,50.9,46.300003,45.9,3968064,-674744,1075200,1075200,1075200,1075200,1075200,1075200,652800,1401600,466,47,75,139,5,43,293,17,47,176,5,32,84,5,18,153,9,43,184,33,117,5,0,0,354349,81188,279319,78132,3011,240511,244396,33152,237037,102481,10466,250788,54959,10311,183969,111221,21126,449582,132614,70437,732931,132,0,0,2.349621283255086,0.07800938967136149
1658017559177,36.088,0.54444444,0.6818182,0.3478261,0.3809524,0.39130434,0.29166666,1.0,0.26086956,1.0,48.600002,48.9,47.9,48.600002,48.300003,48.600002,48.600002,50.300003,49.300003,50.600002,46.600002,45.9,3936727,-1181946,1075200,1075200,1075200,1075200,1075200,1075200,652800,1401600,393,17,26,145,0,1,149,22,35,200,15,58,115,10,44,98,5,24,350,90,129,3,0,0,288969,40577,164008,73786,0,272,140997,33959,142217,168381,29219,637364,86364,13065,599923,67104,4127,403448,217540,197811,460600,1278,0,0,436.9186732348112,2.1084269293924467
1658017560177,36.081,0.54651165,0.59090906,0.3,0.42857143,0.27272728,0.31578946,1.0,0.3,1.0,48.9,49.300003,48.600002,48.9,48.9,48.9,48.600002,50.600002,49.300003,50.9,46.9,46.600002,3928358,-1225586,1075200,1075200,1075200,1075200,1075200,1075200,652800,1401600,414,17,39,652,17,26,424,44,71,318,47,72,123,16,49,3,0,0,504,162,108,0,0,0,500310,29744,105416,645941,35225,42711,424551,62761,155658,276838,91138,209375,123071,30051,221878,908,0,0,340046,260004,203862,0,0,0,1060.2706121112928,0.790468085106383
1658017561216,36.095,0.47804877,0.9230769,0.23076923,0.23076923,0.15384616,0.08,1.0,0.125,1.0,50.600002,49.9,48.9,49.300003,49.600002,49.600002,48.9,51.9,49.9,51.600002,47.9,47.300003,3917848,-1275940,1075200,1075200,1075200,1075200,1075200,1075200,652800,1401600,375,5,32,873,25,41,390,68,79,480,68,98,134,27,53,0,0,0,602,166,75,0,0,0,382181,8367,133328,807378,30337,49326,411987,124142,142366,454507,135790,215683,129789,44202,240447,0,0,0,431394,227457,122398,0,0,0,823.3939378881987,0.5245217391304348
1658017562270,36.115,0.5263158,0.23809524,0.33333334,0.3181818,0.95238096,0.72727275,0.33333334,0.3181818,1.0,50.600002,49.9,49.300003,49.600002,49.600002,49.9,49.300003,51.9,50.300003,51.9,48.600002,47.600002,3910841,-1239319,1075200,1075200,1075200,1075200,1075200,1075200,652800,1401600,232,9,22,927,35,58,479,81,93,381,93,81,224,43,72,1,0,0,459,167,120,0,0,0,278784,10988,92399,806351,50695,68773,523765,146607,152094,356205,181962,198057,224641,69912,349001,10,0,0,401963,254244,177990,0,0,0,828.0599063962559,0.5289235569422777
1658017563284,36.145,0.6439024,0.84615386,0.34615386,0.4,0.33333334,0.92,1.0,0.26086956,1.0,50.9,50.300003,49.600002,49.9,50.300003,50.300003,49.9,52.600002,50.9,52.600002,48.600002,48.300003,3906169,-1323548,1075200,1075200,1075200,1075200,1075200,1075200,652800,1401600,169,5,13,776,44,57,487,80,70,234,65,66,59,18,48,62,8,19,518,164,108,0,0,0,213207,10921,34536,698136,69637,62272,468613,148959,121232,228162,173926,180156,70731,68159,465026,51202,17893,97642,399837,239268,187393,0,0,0,828.3764170616114,0.5310078988941548
1658017564356,36.189003,0.46368715,1.0,0.22727273,0.18181819,0.09090909,1.0,0.09090909,0.08695652,1.0,51.300003,50.9,50.300003,50.600002,50.600002,50.600002,50.600002,52.600002,51.300003,52.600002,48.9,48.300003,3911619,-1331788,1075200,1075200,1075200,1075200,1075200,1075200,652800,1401600,70,15,37,854,38,52,345,82,94,313,82,107,143,22,37,12,4,11,632,171,68,0,0,0,98202,34226,184073,789870,62335,59127,394398,184473,168918,332893,169690,232783,93727,60911,249443,15165,8817,54907,514967,235414,108607,0,0,0,828.3425647425897,0.5412542901716069
1658017565393,36.22,0.48514852,0.24,0.2,0.25,0.25925925,1.0,0.7307692,0.2,1.0,50.9,50.300003,49.9,50.300003,50.9,50.9,50.300003,52.600002,50.600002,52.600002,48.600002,48.300003,3911619,-1317444,1075200,1075200,1075200,1075200,1075200,1075200,652800,1401600,158,2,6,875,36,25,407,73,87,368,83,105,56,19,24,50,19,53,436,157,101,0,0,0,192426,553,21519,811788,47315,30897,479209,123175,152348,374850,212959,250951,67416,36666,94885,67015,62047,398156,362134,280568,217979,0,0,0,827.9561242236024,0.5032049689440994
1658017566450,36.27,0.490099,0.24,0.20833333,0.33333334,0.16666667,0.88,0.9230769,0.12,1.0,51.600002,50.9,50.300003,50.600002,50.9,50.600002,49.9,52.9,50.600002,52.9,49.300003,48.600002,3909478,-1318360,1075200,1075200,1075200,1075200,1075200,1075200,652800,1401600,207,8,38,738,24,52,428,76,71,326,82,103,57,8,16,40,12,24,567,182,94,0,0,0,233447,12869,135019,742655,32676,59369,462116,149944,128468,333324,160759,274683,64929,11909,59586,38394,29338,189763,430027,267091,159804,0,0,0,829.0519127725856,0.550778816199377
1658017567501,36.301003,0.49751243,0.962963,0.2173913,0.23076923,0.12,0.083333336,1.0,0.24,1.0,51.300003,50.9,50.300003,50.600002,50.9,50.600002,50.300003,53.300003,51.300003,53.300003,48.9,48.600002,3921546,-1294556,1075200,1075200,1075200,1075200,1075200,1075200,652800,1401600,299,27,36,823,29,48,602,56,69,300,94,121,31,4,5,78,20,21,500,165,97,0,0,0,407157,43196,86331,833605,39065,52392,546861,98963,125009,318941,222501,262096,22596,6663,18357,81440,49408,206725,404686,283096,207018,0,0,0,826.6663177570093,0.5293956386292835
1658017568589,36.351,0.48044693,0.72727275,0.3043478,0.4090909,0.13043478,0.13043478,1.0,0.0952381,1.0,51.600002,51.300003,50.300003,50.600002,50.600002,50.9,50.600002,53.300003,51.300003,53.300003,49.300003,48.600002,3914733,-1254883,1075200,1075200,1075200,1075200,1075200,1075200,652800,1401600,195,6,8,880,42,44,463,88,100,275,93,129,71,9,30,40,3,18,570,170,93,0,0,0,213519,15772,24283,823510,55886,52153,505694,183189,182611,315843,207990,324104,75394,13819,188596,50234,7970,373263,476701,260870,155159,0,0,0,822.0839751552795,0.5212919254658385
1658017569625,36.389,0.4729064,0.08,0.2173913,0.2,0.18518518,0.96,1.0,0.083333336,1.0,51.9,51.300003,50.600002,50.600002,50.9,51.600002,50.9,53.600002,51.300003,53.600002,49.600002,48.9,3917653,-1273499,1075200,1075200,1075200,1075200,1075200,1075200,652800,1401600,103,3,5,740,42,60,374,71,72,294,88,120,121,23,56,8,1,9,709,145,67,0,0,0,134188,4549,11570,737138,56061,65221,450371,139354,139691,302131,218848,281197,130856,56993,358451,10560,1174,122882,533067,188414,93876,0,0,0,828.4470015600624,0.548393135725429
1658017570681,36.419003,0.4729064,0.08,0.16666667,0.1923077,0.2,0.9230769,1.0,0.12,1.0,51.9,51.600002,50.600002,51.300003,51.300003,51.300003,50.9,53.300003,51.600002,53.300003,49.600002,48.9,3907337,-1265564,1075200,1075200,1075200,1075200,1075200,1075200,652800,1401600,395,12,22,754,41,58,405,90,84,336,104,131,91,17,44,0,0,0,662,166,59,0,0,0,405330,17874,56573,803106,52733,54042,480048,166028,168695,368015,239825,301558,89559,37235,318811,0,0,0,543749,189806,98508,0,0,0,823.692049382716,0.5585185185185185
1658017571747,36.47,0.46,0.125,0.2173913,0.13043478,0.53846157,1.0,0.46153846,0.08,1.0,52.300003,51.300003,50.600002,50.9,51.300003,51.600002,50.9,53.9,51.300003,53.600002,49.600002,48.9,3905780,-1277161,1075200,1075200,1075200,1075200,1075200,1075200,652800,1401600,419,7,27,598,41,58,392,82,87,286,88,117,123,14,52,0,0,1,697,151,74,0,0,0,493950,3868,120843,645482,64728,69321,474564,159040,150309,300804,209170,310698,123960,17534,321501,0,0,20,517735,211639,118606,0,0,0,827.4029813664596,0.542608695652174
1658017572798,36.527,0.47029704,0.96153843,0.20833333,0.2173913,0.115384616,1.0,0.08,0.08,1.0,51.9,51.600002,51.300003,51.600002,51.600002,51.300003,50.9,53.600002,51.300003,53.600002,49.9,48.9,3914928,-1273804,1075200,1075200,1075200,1075200,1075200,1075200,652800,1401600,310,34,48,607,44,56,396,80,84,357,70,111,2,0,1,105,17,26,599,143,80,0,0,0,350330,56236,116850,618297,66451,61514,436822,175392,166884,350438,134184,233474,1788,0,105801,85638,46545,250911,479060,242485,138565,0,0,0,822.1887581699347,0.515921568627451
1658017573822,36.564003,0.4816754,0.76,0.33333334,0.2173913,0.13043478,1.0,0.125,0.20833333,1.0,52.600002,52.300003,51.300003,51.600002,51.9,51.600002,51.600002,53.9,52.300003,53.9,50.300003,49.600002,3894881,-1379090,1075200,1075200,1075200,1075200,1075200,1075200,652800,1401600,324,10,10,737,37,52,632,46,44,401,94,104,44,5,6,88,5,32,287,150,106,0,0,0,368862,17626,17077,735562,56339,55592,546743,57709,68423,363720,214946,253671,34324,7549,10070,79710,12956,444711,252575,338158,259463,0,0,0,824.7491180124223,0.5335652173913044
1658017574872,36.615,0.45273632,0.07692308,0.23076923,0.16,0.08,1.0,1.0,0.12,1.0,52.600002,52.300003,50.9,51.600002,52.300003,51.9,51.600002,54.300003,52.600002,53.9,50.300003,49.600002,3902277,-1399231,1075200,1075200,1075200,1075200,1075200,1075200,652800,1401600,110,1,1,745,40,47,366,92,105,396,95,111,0,1,0,167,26,64,689,154,75,0,0,0,122157,1581,2532,757498,64967,51250,415205,180073,194192,378931,212066,262209,0,0,0,158760,58071,540315,498408,200997,106292,0,0,0,824.3913142857143,0.5467428571428572
1658017575907,36.656002,0.49748743,0.5833333,0.24,0.4,0.28,0.56,0.64,0.2173913,1.0,52.300003,51.9,50.9,51.600002,51.600002,51.9,51.300003,54.300003,51.9,54.300003,49.9,49.600002,3910841,-1287537,1075200,1075200,1075200,1075200,1075200,1075200,652800,1401600,343,20,78,598,52,84,375,94,85,255,87,121,18,6,12,17,1,5,664,122,82,0,0,0,479533,42679,385129,682296,82569,105407,444684,204475,167302,311560,205263,314930,18667,17295,61384,14173,334,18894,560617,175262,135403,0,0,0,825.1210451010886,0.5272783825816485
1658017576959,36.689003,0.4585366,1.0,0.1923077,0.1923077,0.115384616,0.08,1.0,0.08,1.0,52.300003,52.300003,51.9,52.300003,52.300003,52.300003,51.600002,54.300003,52.300003,54.600002,50.300003,49.9,3906559,-1349488,1075200,1075200,1075200,1075200,1075200,1075200,652800,1401600,352,4,22,747,24,40,409,89,81,345,75,92,99,13,24,117,19,51,655,110,98,0,0,0,360533,5548,74519,771174,41099,52730,437304,160814,144174,367379,150608,243060,96872,20572,80036,104220,34998,273212,485252,150888,146971,0,0,0,821.8971710323575,0.5499661016949152
1658017578018,36.743,0.5561224,0.26086956,0.30769232,0.32,0.42857143,0.875,1.0,0.27272728,1.0,52.9,52.300003,51.600002,51.9,51.9,52.300003,51.9,54.300003,52.300003,54.600002,50.300003,50.300003,3898189,-1336365,1075200,1075200,1075200,1075200,1075200,1075200,652800,1401600,156,10,12,631,66,92,326,84,96,317,95,111,75,2,26,1,0,0,679,127,133,0,0,0,167471,22339,33079,736083,107011,102415,440387,183162,204266,368961,228299,302644,67907,4666,564713,12,0,0,535586,161859,209737,0,0,0,828.9576573208723,0.554018691588785
1658017579092,36.791,0.4449761,0.18518518,0.12,0.115384616,0.76,0.3846154,0.8518519,0.2413793,1.0,53.9,53.300003,52.600002,52.9,52.9,52.600002,52.300003,54.9,53.300003,54.9,50.600002,50.300003,3890598,-1452332,1075200,1075200,1075200,1075200,1075200,1075200,652800,1401600,543,8,29,693,25,32,441,70,67,344,76,76,75,12,20,5,0,0,718,124,85,0,0,0,588858,13150,135961,708034,43358,40818,438915,128370,129706,374759,143240,172639,66304,22457,93997,2667,0,0,480515,169062,122980,0,0,0,207.2333311793215,0.14708885298869145
1658017580114,36.831,0.46666667,0.18181819,1.0,0.32,0.88,0.083333336,0.24,0.0,1.0,51.300003,51.600002,50.9,51.600002,51.300003,50.9,50.9,53.600002,51.600002,53.9,49.600002,48.9,3985581,-688171,1075200,1075200,1075200,1075200,1075200,1075200,652800,1401600,474,2,9,215,22,44,261,51,103,334,42,59,216,34,83,44,4,9,292,62,119,0,0,0,503428,3998,37728,333397,33590,183428,277404,94593,443189,308546,83473,218771,210674,74249,512763,37913,5484,45646,222394,144392,447285,0,0,0,-1.0,-1.0
1658017581132,36.852,0.53,0.16666667,1.0,0.20833333,0.13043478,0.962963,0.42307693,0.1923077,1.0,50.600002,50.600002,49.9,50.300003,50.600002,50.600002,49.9,52.600002,50.300003,52.9,47.9,47.9,3992394,-334778,1075200,1075200,1075200,1075200,1075200,1075200,652800,1401600,348,33,69,0,0,0,138,14,70,96,17,15,157,15,79,130,17,76,36,26,133,0,0,0,390029,94171,354922,0,0,0,142161,33109,655083,75312,43489,44846,125115,37564,607314,120988,53250,632922,39306,114721,804842,0,0,0,-1.0,-1.0
1658017582167,36.882,0.4124294,0.0,1.0,0.08695652,0.08695652,0.09090909,1.0,0.04761905,1.0,50.9,50.9,49.9,50.9,51.300003,51.600002,50.9,51.600002,51.9,53.300003,47.9,47.9,3931083,-1092530,1075200,1075200,1075200,1075200,1075200,1075200,652800,1401600,304,14,90,5,0,0,224,8,83,337,51,119,32,0,1,104,3,57,120,22,95,5,0,1,192618,28035,557146,11103,0,0,178319,17032,671683,250070,98373,489248,13320,0,378,97606,3203,646159,69837,83742,747798,758,0,16,-1.0,-1.0
1658017583256,36.889,0.7150838,0.61904764,0.7619048,0.55,0.65384614,0.95652175,0.8695652,0.375,1.0,50.300003,50.300003,49.600002,50.300003,50.300003,49.9,50.300003,51.600002,50.600002,52.300003,47.300003,47.300003,3920573,-1336976,1075200,1075200,1075200,1075200,1075200,1075200,652800,1401600,271,12,42,10,0,0,184,20,47,202,21,34,29,3,20,3,0,0,349,55,147,25,3,4,307043,36681,318412,7331,0,0,112810,43450,632923,115549,30889,679060,24992,6092,632827,1036,0,0,184771,152836,608972,11065,1677,3064,571.260893964111,1.8599412724306688
1658017584268,36.879,0.50877196,0.6,0.31578946,0.3809524,0.23809524,0.27272728,1.0,0.15,1.0,51.9,51.600002,50.9,51.300003,51.300003,51.300003,50.600002,52.9,51.300003,52.9,48.600002,48.600002,3905975,-1409913,1075200,1075200,1075200,1075200,1075200,1075200,652800,1401600,541,14,17,476,9,15,571,44,67,224,20,41,81,14,21,154,19,41,367,61,138,14,2,0,349051,24861,39105,453421,16867,28412,438026,73445,117003,146615,26763,165636,66320,26148,90429,118001,34212,134364,266426,94397,412595,7547,1425,0,1007.5462360248447,0.6866583850931677
1658017585286,36.879,0.55307263,0.75,0.33333334,0.41666666,0.3181818,0.3043478,1.0,0.3181818,1.0,52.600002,51.9,50.9,51.300003,51.600002,51.9,50.9,53.600002,51.600002,53.600002,49.9,49.600002,3895464,-1466370,1075200,1075200,1075200,1075200,1075200,1075200,652800,1401600,221,34,53,668,43,61,461,72,84,110,29,42,119,29,49,81,10,30,793,165,111,5,0,0,221967,80974,156772,708084,68232,76514,425705,120961,148997,127900,61082,183597,107802,61286,305586,73664,22918,219660,499843,186524,138185,181,0,0,1664.710860719875,1.057902973395931
1658017586321,36.899002,0.5412371,0.2,0.36,0.3043478,0.8076923,0.52,0.96153843,0.2173913,1.0,52.600002,52.600002,51.9,52.600002,52.300003,52.600002,51.9,54.600002,52.600002,54.600002,50.600002,49.600002,3913566,-1438904,1075200,1075200,1075200,1075200,1075200,1075200,652800,1401600,351,18,34,770,18,31,547,67,82,239,43,73,185,28,68,0,0,1,896,196,82,8,0,0,362671,24724,99561,729076,27662,29567,472182,116350,119519,212389,80240,284475,201723,61788,282887,0,0,26,530262,184113,90098,211,0,0,1192.805872472784,0.734954898911353
1658017587428,36.919003,0.66019416,1.0,0.4,0.30769232,1.0,0.6296296,0.65384614,0.28,1.0,52.9,52.9,52.600002,53.300003,53.300003,52.9,52.600002,54.600002,53.300003,54.9,50.9,50.300003,3890404,-1493531,1075200,1075200,1075200,1075200,1075200,1075200,652800,1401600,583,22,59,739,40,55,660,48,69,52,13,22,81,18,53,32,6,13,671,148,147,3,0,0,565458,41768,200885,743541,66160,56947,518868,72365,80657,55490,28474,90660,88509,46528,409626,32051,19086,93425,465863,211191,196202,74,0,0,1200.9372919254658,0.8281242236024845
1658017588486,36.95,0.54594594,0.5833333,0.23809524,0.2173913,1.0,1.0,0.17391305,0.13043478,1.0,53.9,53.600002,52.9,53.300003,53.600002,53.600002,52.9,55.300003,53.600002,55.300003,51.300003,50.300003,3898189,-1474610,1075200,1075200,1075200,1075200,1075200,1075200,652800,1401600,286,14,28,875,34,49,487,81,120,36,7,16,114,17,47,110,18,38,802,163,94,7,0,0,193585,23655,102669,757921,51783,54400,478617,158460,175763,46516,18425,42436,117992,30323,372486,88862,41064,276929,498189,198151,145683,173,0,0,1214.26075,0.79235
1658017589516,36.980003,0.5765766,0.64285713,0.39285713,0.53571427,0.5925926,0.37037036,0.60714287,0.42857143,1.0,53.9,53.9,52.9,53.9,53.9,53.9,52.9,55.600002,53.600002,55.9,51.600002,50.9,3892156,-1539918,1075200,1075200,1075200,1075200,1075200,1075200,652800,1401600,400,8,17,649,26,42,480,68,93,77,14,27,58,10,26,152,18,28,908,180,59,0,0,0,241369,19384,72733,645106,33951,45823,442889,111044,124239,87615,37482,187775,68273,14369,188067,106621,28999,232386,542768,192819,68353,0,0,0,1230.886689547582,0.8086365054602184
1658017590582,37.037003,0.5739645,0.4090909,0.3809524,0.36363637,0.6363636,0.47619048,1.0,0.3,1.0,54.300003,53.9,53.600002,53.9,54.300003,54.300003,53.600002,55.9,54.300003,56.300003,51.600002,50.9,3890598,-1427002,1075200,1075200,1075200,1075200,1075200,1075200,652800,1401600,394,19,37,828,29,45,398,64,81,138,26,60,90,18,51,27,7,13,767,166,105,4,0,0,444750,39268,115978,791705,39085,41840,385036,92788,99535,153039,60899,464938,110278,39835,373027,32565,17236,112304,508823,181534,141853,83,0,0,1240.5849719626167,0.7872897196261682
1658017591609,37.071003,0.495,0.42307693,0.32,0.33333334,0.041666668,0.64,0.96,0.2,1.0,54.9,54.300003,53.300003,53.9,53.9,53.600002,52.9,55.600002,53.9,55.9,51.9,51.300003,3900525,-1466065,1075200,1075200,1075200,1075200,1075200,1075200,652800,1401600,394,17,33,781,35,44,522,53,55,216,24,53,90,19,44,12,4,11,604,176,129,3,0,0,417136,24905,69630,764112,48284,48555,470965,81417,68334,156991,32739,502053,107606,46831,459204,10898,11745,50862,431034,251247,182320,47,0,0,1278.6915832037325,0.8475272161741836
1658017592641,37.098003,0.5273632,0.6,0.33333334,0.26923078,0.29166666,0.7692308,0.625,0.26086956,1.0,54.600002,54.300003,53.300003,53.300003,53.600002,53.9,53.300003,55.9,53.9,56.300003,51.9,51.300003,3893323,-1394349,1075200,1075200,1075200,1075200,1075200,1075200,652800,1401600,465,22,48,756,36,46,491,99,99,175,28,73,96,12,30,0,3,2,799,166,97,0,0,0,526714,41790,157251,788769,55800,52698,505165,166905,161676,151575,61487,557561,102286,19915,110968,0,4403,9415,519967,181141,123149,0,0,0,1304.4154368,0.8266751999999999
1658017593667,37.142002,0.5364583,0.8,0.36,0.29166666,0.3181818,1.0,0.16666667,0.37037036,1.0,55.300003,54.600002,53.9,53.9,54.600002,54.600002,53.600002,56.600002,54.300003,56.600002,52.600002,51.9,3898189,-1457520,1075200,1075200,1075200,1075200,1075200,1075200,652800,1401600,420,28,49,790,27,48,475,91,95,69,20,31,115,20,44,12,5,14,871,142,96,6,0,0,449778,67894,155105,802810,38355,57635,484374,167949,120674,83266,43751,200027,123505,44953,240171,18275,14202,58207,536516,163340,118256,118,0,0,1376.7566698564594,0.8877320574162679
1658017594681,37.189003,0.50246304,0.7037037,0.25,0.30769232,0.083333336,1.0,0.42307693,0.16,1.0,54.9,54.9,53.9,54.9,54.9,54.9,53.9,56.600002,54.300003,56.9,52.600002,51.9,3898189,-1519166,1075200,1075200,1075200,1075200,1075200,1075200,652800,1401600,287,2,7,735,28,50,501,72,98,94,13,55,13,3,5,103,21,60,707,166,102,3,0,0,323291,5198,21307,775346,36069,59822,514121,123456,124186,103557,25277,365697,13658,457,11619,100220,53252,625499,478557,192584,127733,77,0,0,1365.5654040561622,0.8819719188767551
1658017595704,37.227,0.51111114,0.1904762,0.3,0.29166666,0.8695652,1.0,0.18181819,0.13043478,1.0,55.600002,54.9,54.300003,54.600002,54.9,54.600002,53.9,56.9,54.600002,56.9,52.600002,51.9,3891766,-1435853,1075200,1075200,1075200,1075200,1075200,1075200,652800,1401600,446,17,45,803,36,49,488,86,108,219,47,70,0,0,0,125,19,33,705,146,133,2,0,0,479349,48741,166267,782038,56391,45542,490323,138647,144496,224002,92743,319217,0,0,0,126748,38036,242404,462621,161572,192898,53,0,0,1239.9280624024962,0.7904648985959438
1658017596745,37.274002,0.4950495,0.7916667,0.32,0.28,0.041666668,0.34615386,1.0,0.08695652,1.0,54.9,55.300003,54.300003,55.300003,55.300003,54.600002,53.9,56.9,54.600002,56.9,53.300003,52.600002,3893518,-1560975,1075200,1075200,1075200,1075200,1075200,1075200,652800,1401600,592,26,52,894,24,23,570,75,92,178,40,59,0,0,0,226,24,49,249,118,247,4,0,0,554896,57533,174366,756575,34540,27574,556237,120930,121283,177331,80274,221116,0,0,0,163125,44561,295441,271855,221011,447218,92,0,0,1232.472098765432,0.7973333333333332
1658017597802,37.328003,0.49751243,1.0,0.41666666,0.1923077,0.6666667,0.42307693,0.115384616,0.16,1.0,55.300003,54.9,54.300003,55.300003,54.9,54.9,54.300003,56.9,54.9,57.300003,52.600002,51.9,3896048,-1434022,1075200,1075200,1075200,1075200,1075200,1075200,652800,1401600,407,29,61,802,32,46,591,71,113,94,16,43,160,37,53,6,1,0,605,161,143,1,0,0,437221,39190,217158,765214,43728,52525,533478,112428,147336,98253,40231,192631,182075,61244,466464,4197,2480,0,426916,202820,216007,27,0,0,1239.8504755700326,0.794058631921824
1658017598843,37.362003,0.47783253,0.08695652,0.24,0.16666667,0.52,0.5555556,1.0,0.15384616,1.0,55.600002,55.300003,54.600002,55.300003,55.300003,54.600002,53.9,57.300003,54.600002,56.9,52.9,52.300003,3906364,-1381836,1075200,1075200,1075200,1075200,1075200,1075200,652800,1401600,276,34,54,723,43,64,447,103,143,116,24,38,95,11,38,73,6,29,825,142,95,0,0,0,292485,80158,167707,726515,48299,68547,503269,180778,189948,122668,41585,145305,101700,27461,459533,51068,11889,248988,527618,182444,123509,0,0,0,1242.1981154446178,0.8242121684867395
1658017599876,37.406002,0.4729064,0.07692308,0.25,0.16,0.84,0.28,1.0,0.125,1.0,54.9,55.300003,54.600002,55.300003,55.300003,55.300003,54.300003,57.300003,54.9,57.300003,53.300003,52.300003,3908505,-1365357,1075200,1075200,1075200,1075200,1075200,1075200,652800,1401600,291,23,44,781,41,55,475,97,114,158,40,56,112,16,37,40,8,20,786,159,100,3,0,0,336986,55167,158489,767243,61333,67412,489110,173887,180430,161689,81766,259529,107263,40874,390371,44747,16985,98333,488078,201187,141034,82,0,0,1246.5254121306377,0.8093561430793157
1658017600901,37.453003,0.4679803,0.7307692,0.26086956,0.3846154,0.04,0.14814815,1.0,0.083333336,1.0,56.300003,55.600002,54.9,55.300003,55.600002,55.600002,54.600002,57.600002,55.600002,57.600002,53.600002,52.300003,3898968,-1427002,1075200,1075200,1075200,1075200,1075200,1075200,652800,1401600,394,23,50,777,40,51,445,98,125,112,24,39,53,5,19,83,9,29,720,166,103,2,0,0,462819,56223,196396,773763,55401,54744,497178,166753,177704,120031,44428,259226,41786,8772,170949,70147,10586,257121,471755,214132,139087,48,0,0,1238.607900621118,0.8029316770186334
1658017601926,37.507,0.46766168,0.30769232,0.30769232,0.125,0.07692308,0.8,1.0,0.083333336,1.0,55.9,55.600002,54.600002,55.300003,55.300003,55.9,54.9,57.600002,55.600002,57.600002,53.600002,52.9,3892934,-1501771,1075200,1075200,1075200,1075200,1075200,1075200,652800,1401600,393,19,26,834,29,43,406,63,94,156,26,66,122,14,44,0,0,0,681,164,128,2,0,0,413885,45853,79777,763803,38472,40340,404146,84340,129197,166400,63272,373781,132308,39515,614515,0,0,0,442075,206091,172117,50,0,0,1236.812327447833,0.8273258426966292
1658017602949,37.534,0.5449438,0.14285715,1.0,0.4347826,0.14285715,0.85714287,0.27272728,0.48,1.0,56.600002,55.600002,54.9,55.300003,55.300003,55.9,55.300003,57.600002,55.9,57.600002,53.600002,52.9,3874249,-1620789,1075200,1075200,1075200,1075200,1075200,1075200,652800,1401600,360,27,40,818,25,45,481,87,109,147,27,65,81,24,39,1,0,1,743,163,101,4,0,0,441373,62736,119815,777256,36369,50759,506774,147730,154570,160355,50116,549529,84542,63310,264959,1781,0,743,478274,178582,128153,100,0,0,901.4519868852459,0.6266229508196722
1658017603952,37.581,0.42439026,0.0,1.0,0.04,1.0,0.15384616,0.08,0.04,1.0,54.600002,54.600002,53.600002,54.300003,54.9,54.300003,53.9,56.9,54.600002,56.9,52.600002,51.600002,3983830,-337219,1075200,1075200,1075200,1075200,1075200,1075200,652800,1401600,515,21,50,341,17,33,425,49,78,217,34,60,39,2,11,106,17,47,577,109,80,0,0,0,564385,34167,172670,307644,34457,145710,351905,83822,267224,193704,50820,189129,47371,7348,35328,103333,34200,369922,358052,167680,236662,0,0,0,-1.0,-1.0
1658017604992,37.615,0.40782124,0.045454547,0.0,0.09090909,1.0,1.0,0.08695652,0.0,1.0,52.9,53.300003,52.300003,52.9,52.9,52.600002,52.300003,55.300003,52.600002,55.300003,50.9,50.300003,3986749,-377502,1075200,1075200,1075200,1075200,1075200,1075200,652800,1401600,477,37,65,0,0,0,141,22,51,109,18,44,183,24,75,208,34,83,7,35,102,0,0,0,549681,76554,282693,0,4276,2235,158151,44482,308729,73336,40782,317286,171779,36690,622130,189667,67981,622361,13021,114193,779368,0,0,0,-1.0,-1.0
1658017605995,37.663002,0.39790577,0.0,1.0,0.041666668,0.0,1.0,0.04347826,0.04347826,1.0,51.600002,51.300003,51.300003,51.600002,52.300003,51.9,51.600002,54.300003,52.300003,54.600002,49.600002,49.600002,3991031,-289001,1075200,1075200,1075200,1075200,1075200,1075200,652800,1401600,290,13,82,84,11,23,246,39,95,4,1,1,47,0,8,227,31,99,49,39,107,0,0,0,245696,20037,481906,145869,24454,692159,227937,73071,596659,4002,6283,5509,27119,0,161283,185798,59858,550034,37809,94150,835972,0,0,0,-1.0,-1.0
1658017606999,37.673,0.5346535,0.8333333,0.52,0.041666668,0.48,0.64,0.5,0.22222222,1.0,51.300003,51.600002,50.600002,50.9,51.600002,51.600002,50.9,53.600002,51.600002,53.9,48.9,48.600002,3988306,-549927,1075200,1075200,1075200,1075200,1075200,1075200,652800,1401600,226,29,58,66,13,23,136,20,53,45,5,24,112,8,11,112,19,46,226,71,135,4,0,0,312124,78965,310972,49115,18512,48023,92886,49705,592334,46096,15028,522634,34154,11740,17496,93875,46738,429911,150266,185041,492301,253,0,0,0.8985714285714286,0.037155279503105584
1658017608048,37.669003,0.5693069,0.33333334,0.5,0.29166666,0.61538464,0.6,1.0,0.125,1.0,52.9,52.600002,51.600002,51.9,52.600002,52.300003,51.600002,54.300003,51.9,54.300003,50.600002,49.9,3887290,-1579285,1075200,1075200,1075200,1075200,1075200,1075200,652800,1401600,453,11,29,256,5,7,362,29,53,276,36,30,199,19,33,159,15,39,506,66,157,10,0,0,254008,27106,188979,218598,8041,10369,247602,68875,432968,260510,69214,243369,109839,29263,162778,119313,19270,339673,272977,119750,416156,272,0,0,1227.304831007752,0.9635720930232559
1658017609086,37.676003,0.5681818,0.90909094,0.47619048,0.1904762,0.54545456,0.17391305,1.0,0.15,1.0,53.9,53.600002,52.600002,52.9,52.9,53.300003,52.600002,55.300003,52.9,55.300003,51.300003,50.300003,3886900,-1490784,1075200,1075200,1075200,1075200,1075200,1075200,652800,1401600,398,11,19,826,16,14,218,44,84,546,43,72,101,18,25,56,7,37,586,90,218,2,0,0,377358,29188,47951,772058,17265,12283,208822,98012,391632,560934,64300,103335,92682,29389,106957,72791,12039,233743,416914,103756,291838,25,0,0,2046.2707894736843,1.3410526315789475
1658017610137,37.683002,0.5714286,0.28,0.4814815,1.0,0.5185185,1.0,0.15384616,0.125,1.0,54.600002,54.600002,54.300003,54.300003,54.600002,54.300003,52.9,56.300003,53.9,55.9,52.300003,51.600002,3889041,-1529847,1075200,1075200,1075200,1075200,1075200,1075200,652800,1401600,242,13,28,897,4,21,263,62,98,741,23,41,138,32,44,19,1,8,715,117,191,4,0,0,248174,35795,98212,820653,5767,27444,287762,133218,350395,699295,31891,51692,141708,69539,276789,15862,2238,42646,452398,127250,214392,92,0,0,1838.318953271028,1.1546915887850466
1658017611165,37.706,0.622093,0.42857143,0.5,1.0,0.71428573,0.8636364,0.27272728,0.15,1.0,55.300003,55.300003,54.9,54.9,55.300003,54.600002,53.9,56.9,54.600002,56.9,52.9,52.300003,3895075,-1454163,1075200,1075200,1075200,1075200,1075200,1075200,652800,1401600,484,30,52,897,5,26,72,18,13,675,32,67,0,0,0,208,16,77,769,187,106,1,0,0,543910,69363,163311,793899,6520,26875,66668,32395,32424,665836,29526,75568,0,0,0,208834,22819,538762,459450,199552,117888,21,0,0,1653.8305397815911,1.1143088923556943
1658017612179,37.727,0.62616825,0.5714286,0.53846157,0.8888889,0.75,0.89285713,0.12,0.15384616,1.0,56.300003,55.9,54.9,55.600002,55.600002,55.300003,54.600002,57.600002,55.300003,57.600002,53.600002,52.9,3877947,-1585084,1075200,1075200,1075200,1075200,1075200,1075200,652800,1401600,327,15,51,845,13,26,141,20,38,554,48,88,112,23,51,88,8,24,790,153,109,0,0,0,388280,30371,222530,807158,17125,27674,115571,32273,91823,574933,68352,95499,111701,45202,351929,73963,16814,127545,476945,161705,128992,0,0,0,1660.8190404984425,1.0937819314641746
1658017613283,37.771,0.575419,1.0,0.5263158,0.045454547,0.5652174,1.0,0.3181818,0.04761905,1.0,55.9,55.9,55.300003,55.600002,55.600002,55.300003,54.600002,57.600002,55.300003,57.600002,53.600002,52.9,3894491,-1436768,1075200,1075200,1075200,1075200,1075200,1075200,652800,1401600,206,19,42,681,8,19,123,27,51,521,23,50,32,4,8,78,15,25,779,187,161,10,0,0,250814,42845,118229,690507,16380,23657,111628,70805,259156,561289,35502,67689,33054,6241,8524,80331,34248,213150,490328,204572,199480,304,0,0,1651.4623105590063,1.0878012422360246
1658017614324,37.801003,0.67597765,0.5217391,0.54545456,0.6666667,0.6666667,0.6086956,0.9583333,0.2857143,1.0,56.300003,55.9,55.600002,55.9,55.9,55.600002,54.600002,57.600002,55.300003,57.9,54.300003,52.9,3884370,-1534424,1075200,1075200,1075200,1075200,1075200,1075200,652800,1401600,465,9,20,773,9,15,197,41,67,560,28,48,52,15,31,63,2,16,633,176,149,3,0,0,443623,17269,45297,751975,10163,14847,209116,65178,271858,578436,38175,69593,61991,36607,199195,72222,1152,187640,420277,214091,211295,110,0,0,1651.9272012288784,1.0646021505376342
1658017615402,37.838,0.5598086,0.1923077,0.4,0.125,0.5714286,0.89285713,1.0,0.1923077,1.0,57.300003,56.9,55.600002,56.300003,56.600002,56.600002,56.300003,58.600002,56.9,58.600002,54.600002,53.9,3887874,-1585389,1075200,1075200,1075200,1075200,1075200,1075200,652800,1401600,402,5,5,771,3,6,221,35,64,587,18,48,131,29,57,10,3,8,803,168,128,5,0,0,395497,9445,18939,747334,4945,6997,197726,78579,226045,593977,23205,56878,110080,83322,308246,10643,12029,109657,472638,170816,147520,172,0,0,1654.110337007874,1.0318110236220472
1658017616469,37.869003,0.54228854,0.28,0.3846154,0.7916667,0.53846157,0.84615386,0.34615386,0.125,1.0,57.300003,56.600002,56.300003,55.9,55.9,56.300003,55.600002,58.600002,56.300003,58.600002,54.300003,52.300003,3883592,-1534424,1075200,1075200,1075200,1075200,1075200,1075200,652800,1401600,445,18,37,762,17,34,110,29,65,571,35,60,40,5,24,53,12,38,803,116,214,7,0,0,371106,33103,100917,759519,20796,39698,114750,83338,340680,574969,59074,89928,63292,12300,259142,61896,34634,216145,507073,134776,246053,1865,0,0,1653.4984038155803,1.0125532591414943
1658017617498,37.923,0.640884,0.57894737,0.4,0.73913044,0.47619048,0.41666666,1.0,0.44,1.0,57.300003,56.9,56.600002,56.600002,56.600002,56.9,55.9,58.600002,56.300003,58.9,54.600002,53.9,3882424,-1504212,1075200,1075200,1075200,1075200,1075200,1075200,652800,1401600,429,18,41,890,16,28,167,27,50,621,40,67,32,1,4,106,26,62,496,170,136,2,0,0,405904,30895,132742,764305,20780,32130,140042,54678,252354,602212,59315,86280,19912,3109,42617,131730,50306,455969,364012,240674,235099,38,0,0,1650.767207920792,1.0091089108910891
1658017618516,37.953003,0.5369458,0.92,0.36363637,0.0,0.52,0.23076923,1.0,0.2,1.0,58.300003,57.600002,56.600002,56.600002,57.300003,57.600002,56.600002,59.600002,57.300003,59.600002,55.300003,54.300003,3894297,-1505128,1075200,1075200,1075200,1075200,1075200,1075200,652800,1401600,391,11,27,886,8,18,141,32,39,726,31,55,150,34,57,0,0,0,591,162,134,2,0,0,454327,19276,77510,793892,12849,23427,125300,62470,153529,624070,40115,59289,137313,72182,277985,0,0,0,400499,200018,163628,46,0,0,1653.4444720496892,1.1026583850931677
1658017619559,38.0,0.57560974,0.36,0.375,0.24,0.5769231,0.72,1.0,0.37037036,1.0,58.300003,57.9,56.9,57.300003,57.600002,57.600002,56.600002,59.300003,57.300003,59.600002,55.600002,54.600002,3867826,-1746522,1075200,1075200,1075200,1075200,1075200,1075200,652800,1401600,155,6,8,839,21,43,151,17,81,557,58,98,86,17,51,6,0,0,850,143,105,0,0,0,197374,16873,16977,829504,30066,44213,163499,30035,690901,614736,91345,106991,74248,51478,535750,5481,0,0,558258,149556,133275,0,0,0,1655.426492211838,1.115165109034268
1658017620594,38.044003,0.5657143,0.6363636,0.35,0.5,0.5217391,0.22727273,1.0,0.26086956,1.0,58.600002,57.9,56.600002,57.300003,57.300003,57.600002,56.9,59.600002,57.600002,59.600002,55.300003,54.600002,3885927,-1502991,1075200,1075200,1075200,1075200,1075200,1075200,652800,1401600,440,3,11,894,9,15,183,37,65,593,43,74,73,15,31,77,10,25,791,177,72,1,0,0,536916,5227,37165,860926,11688,16788,211030,74381,431235,639673,54903,80675,71611,26053,162339,52344,16979,106850,491793,178253,81384,15,0,0,1651.2001497659905,1.1182028081123245
1658017621590,38.082,0.5847953,0.3043478,0.4,0.72727275,0.6086956,0.5,0.9047619,0.2631579,1.0,58.600002,58.300003,56.9,57.300003,57.600002,57.9,57.300003,59.600002,57.9,59.9,55.600002,54.600002,3881645,-1591492,1075200,1075200,1075200,1075200,1075200,1075200,652800,1401600,250,24,62,799,23,46,162,30,78,550,53,85,115,13,37,0,0,0,811,155,83,0,0,0,333926,46365,235671,798789,27922,48093,158301,66764,439044,594593,82739,95210,102412,29887,300002,0,0,0,510882,172811,102256,0,0,0,1655.6853250388801,1.0914339035769829
1658017622618,38.119003,0.53960395,0.44,0.3043478,0.6923077,0.53846157,0.04347826,1.0,0.2,1.0,57.9,58.300003,57.9,58.300003,57.600002,58.300003,56.9,59.9,57.600002,59.9,55.600002,54.9,3879115,-1489869,1075200,1075200,1075200,1075200,1075200,1075200,652800,1401600,437,21,52,884,14,32,154,37,65,584,44,85,52,14,21,85,13,17,796,180,78,4,0,0,542173,63949,172388,861194,19660,33324,138282,89300,293003,629655,64707,102902,55357,37056,112577,72847,28991,135718,517636,162963,90061,89,0,0,1647.858852713178,1.064186046511628
1658017623682,38.169003,0.53266335,0.24,0.29166666,0.041666668,0.52,0.88461536,1.0,0.16666667,1.0,58.600002,58.300003,57.600002,57.9,57.600002,57.9,56.9,60.300003,57.9,60.300003,55.9,54.9,3890988,-1521302,1075200,1075200,1075200,1075200,1075200,1075200,652800,1401600,474,31,59,844,20,36,104,15,31,604,50,78,137,19,63,0,0,1,788,158,94,2,0,0,554963,55698,223240,869221,24066,37412,108158,22945,110576,641527,76455,87715,135406,44105,513123,0,0,1315,492313,169097,103807,47,0,0,1652.0162084690555,1.077941368078176
1658017624684,38.203003,0.59,0.7826087,0.41666666,0.8148148,0.56,0.25925925,0.5769231,0.34615386,1.0,58.9,58.600002,57.9,58.300003,58.300003,58.300003,57.600002,60.600002,57.9,60.600002,55.9,55.600002,3877947,-1535645,1075200,1075200,1075200,1075200,1075200,1075200,652800,1401600,323,29,48,862,20,34,141,32,77,591,42,81,124,21,38,0,0,0,755,167,79,0,0,0,405901,64982,184380,825294,26702,37353,162427,61196,393369,616330,47183,103600,99635,56682,268015,0,0,0,473383,190443,85372,0,0,0,1654.9602492211839,1.1022056074766355
1658017625711,38.257,0.5829146,0.6666667,0.4,0.24,0.5185185,1.0,0.5,0.375,1.0,59.300003,58.9,58.300003,58.600002,58.9,58.9,57.9,60.600002,58.600002,60.600002,56.600002,55.600002,3865880,-1748048,1075200,1075200,1075200,1075200,1075200,1075200,652800,1401600,393,39,54,879,17,39,79,11,15,571,49,88,156,19,42,44,25,51,660,144,152,1,0,0,413567,85224,109817,838623,22021,46225,87068,15346,41004,598418,80709,112862,111280,35094,245214,47915,84465,490487,492942,154613,191203,22,0,0,1652.508566096423,1.0655552099533436
1658017626772,38.301003,0.5597826,1.0,0.41666666,1.0,0.5652174,0.16666667,0.17391305,0.0952381,1.0,59.600002,58.9,57.600002,58.600002,58.9,58.600002,57.9,60.9,58.600002,60.9,56.9,55.600002,3871913,-1661988,1075200,1075200,1075200,1075200,1075200,1075200,652800,1401600,215,32,56,857,19,38,156,28,65,559,47,77,0,0,0,107,32,73,774,192,109,1,0,0,282784,75529,194992,853505,20917,41269,147355,56693,216507,622694,73685,91763,0,0,0,109940,78084,528218,465483,213366,122254,23,0,0,1653.9593246753248,1.0616103896103897
1658017627788,38.345,0.5522388,0.4,0.84,0.26923078,0.44,0.76,0.52,0.1923077,1.0,59.300003,58.600002,57.600002,57.600002,57.300003,57.600002,57.300003,60.600002,57.9,60.300003,56.600002,55.600002,3906364,-1199952,1075200,1075200,1075200,1075200,1075200,1075200,652800,1401600,81,1,1,771,23,45,88,15,34,515,34,75,248,22,75,83,12,31,900,147,61,2,0,0,67798,371,5677,714680,43629,81402,80635,36145,166128,509743,45426,182556,219195,50723,401025,91165,30489,436670,547089,156546,83119,41,0,0,0.0020096618357487925,0.0013397745571658616
1658017628797,38.382,0.40677965,0.045454547,0.0,1.0,1.0,0.0952381,0.0,0.04347826,1.0,55.9,56.600002,55.600002,56.600002,55.9,56.300003,55.600002,58.600002,56.600002,58.600002,53.300003,53.300003,3979742,-339966,1075200,1075200,1075200,1075200,1075200,1075200,652800,1401600,557,14,30,260,1,2,173,40,58,186,40,72,76,12,16,209,38,73,65,82,140,0,0,0,613820,26631,113642,393165,476,26951,187770,91783,323833,187359,76895,340720,69809,24710,67635,194669,67926,436365,58249,224725,489985,0,0,0,-1.0,-1.0
1658017629812,38.419003,0.502439,0.2413793,0.16,0.4074074,0.96,0.96153843,0.23076923,0.115384616,1.0,53.9,54.300003,54.300003,54.600002,54.300003,53.9,53.600002,56.9,54.300003,56.600002,51.9,51.9,3974292,-319214,1075200,1075200,1075200,1075200,1075200,1075200,652800,1401600,296,36,95,176,42,66,6,1,8,12,2,7,155,11,72,212,30,104,43,43,117,1,0,0,314721,73211,445181,287473,98634,465185,8755,0,84609,11691,3012,48147,162899,21305,642807,202040,61344,585098,26428,128067,811944,30,0,0,-1.0,-1.0
1658017630882,38.443,0.6059113,0.36,0.8148148,0.6666667,0.375,0.42857143,0.8,0.4,1.0,53.300003,53.300003,53.600002,54.300003,53.600002,53.9,53.300003,56.300003,54.300003,56.300003,51.300003,50.9,3934392,-576477,1075200,1075200,1075200,1075200,1075200,1075200,652800,1401600,317,27,57,253,22,40,102,18,64,93,0,10,217,7,51,181,11,47,159,84,103,4,0,0,374487,72221,221029,344162,66346,412935,114523,34066,462367,37694,0,9933,116650,11155,405276,132142,24315,290260,89929,191098,632291,97,0,0,0.0026956521739130435,0.005937888198757764
1658017631941,38.446003,0.5116279,0.95652175,0.2857143,0.14285715,0.2857143,0.13636364,1.0,0.22727273,1.0,53.9,53.9,53.300003,54.300003,54.300003,54.600002,53.9,56.300003,54.300003,56.300003,51.600002,51.300003,3898189,-1357117,1075200,1075200,1075200,1075200,1075200,1075200,652800,1401600,622,8,45,306,3,15,156,11,10,263,15,24,305,17,24,94,5,22,385,44,160,4,0,1,435180,14482,328562,265490,2969,401032,107631,16223,23713,161930,18274,58515,149234,24693,507862,41344,8891,495656,191015,91789,547428,191,0,532,700.0833939393939,1.7064625199362042
1658017632977,38.436,0.5678392,1.0,0.5,0.2173913,0.36,0.16,1.0,0.24,1.0,55.300003,55.300003,54.300003,54.9,54.600002,55.300003,54.600002,56.9,54.9,56.9,52.9,52.300003,3902471,-1448975,1075200,1075200,1075200,1075200,1075200,1075200,652800,1401600,181,8,14,670,33,47,441,79,102,471,65,81,158,39,51,37,3,9,473,125,187,1,0,0,183933,20703,37848,728095,43407,78243,412206,146918,257947,490928,112774,179678,150268,74339,304679,23770,6379,41454,363986,164762,281580,18,0,0,1829.9239049128369,1.3435942947702062
1658017634024,38.440002,0.5862069,0.76,0.46153846,0.28,0.4,0.7083333,0.72,0.34615386,1.0,56.9,56.600002,55.300003,55.9,55.9,55.9,55.300003,57.9,55.9,57.9,54.300003,53.600002,3879699,-1585694,1075200,1075200,1075200,1075200,1075200,1075200,652800,1401600,214,0,1,830,9,16,703,50,85,680,38,72,167,22,64,32,4,12,729,93,194,4,0,0,174511,0,29,804266,11967,15484,588148,62681,120633,609704,54442,96904,164614,45381,368197,32378,6155,37218,459932,98414,239068,138,0,0,2069.3780309597523,1.2280371517027864
1658017635074,38.463,0.5445545,0.26923078,0.44,0.65384614,0.52,0.36,0.88461536,0.24,1.0,57.600002,57.300003,56.600002,56.9,56.9,56.600002,55.9,58.9,56.600002,58.9,54.9,54.300003,3882618,-1578675,1075200,1075200,1075200,1075200,1075200,1075200,652800,1401600,306,9,11,887,4,16,569,43,92,635,28,70,40,22,39,81,11,27,571,112,210,4,0,0,296675,15645,19099,817890,5816,17902,502173,69006,183125,586128,33728,101635,60355,60182,207028,74800,20856,124720,380746,139790,281128,133,0,0,2077.062222222222,1.1876543209876544
1658017636131,38.487003,0.56281406,0.6,0.41666666,0.32,0.28,0.61538464,1.0,0.28,1.0,58.600002,57.9,56.9,57.300003,56.9,57.600002,56.300003,59.600002,56.9,59.600002,55.600002,54.600002,3874249,-1574402,1075200,1075200,1075200,1075200,1075200,1075200,652800,1401600,219,8,18,900,5,21,619,51,58,604,41,74,194,34,62,12,0,8,631,164,167,4,0,0,228306,20854,67882,823870,6477,23598,490223,67098,102268,559369,56701,92323,170438,71814,379757,16662,0,32269,422154,182750,206305,92,0,0,2066.8011962616824,1.2525358255451713
1658017637158,38.517002,0.53072625,1.0,0.47619048,0.14285715,0.2857143,0.17391305,1.0,0.0952381,1.0,58.300003,58.300003,57.600002,57.9,57.600002,57.600002,56.600002,59.9,57.600002,59.9,55.600002,54.600002,3878920,-1558533,1075200,1075200,1075200,1075200,1075200,1075200,652800,1401600,215,29,38,884,3,17,632,51,86,704,42,86,71,8,17,3,0,0,622,203,138,3,0,0,240569,61686,128991,796520,2456,20662,557116,67191,112463,633680,53117,113983,40029,22260,152111,453,0,0,395459,220139,178544,53,0,0,2069.6153021806854,1.3160872274143303
1658017638153,38.565002,0.5645933,0.64285713,0.4,0.44444445,0.39130434,1.0,0.33333334,0.25,1.0,59.300003,58.600002,57.600002,57.9,57.9,57.9,57.300003,60.300003,57.9,60.300003,56.300003,55.300003,3883592,-1576539,1075200,1075200,1075200,1075200,1075200,1075200,652800,1401600,203,13,19,905,2,8,561,52,97,700,37,77,151,17,39,102,13,29,461,103,226,1,0,0,183595,26427,67191,743727,2136,8388,531250,68904,151131,600032,45879,96641,118214,30900,153268,101065,24621,148451,363179,129447,306593,20,0,0,2066.1987987220446,1.2267348242811502
1658017639166,38.595,0.5598086,0.5185185,0.46153846,0.2857143,0.52,0.5,1.0,0.23076923,1.0,59.600002,58.9,58.300003,58.300003,58.600002,58.600002,57.600002,60.600002,58.300003,60.600002,56.300003,55.9,3867437,-1721802,1075200,1075200,1075200,1075200,1075200,1075200,652800,1401600,416,20,29,958,7,6,423,31,73,791,29,60,22,2,2,195,33,73,463,106,249,2,0,0,399359,36809,78556,790044,10163,7051,382280,39474,96008,667792,34039,63504,17047,4698,1937,170720,49780,299305,349214,142878,339039,58,0,0,2063.243168831169,1.2912207792207793
1658017640215,38.626003,0.53266335,0.1923077,0.47826087,0.125,0.29166666,1.0,1.0,0.083333336,1.0,59.9,58.9,57.9,58.300003,58.9,58.600002,57.600002,60.9,58.600002,60.600002,56.600002,55.9,3875028,-1570435,1075200,1075200,1075200,1075200,1075200,1075200,652800,1401600,317,15,31,946,4,22,715,58,112,674,37,75,77,15,27,0,0,1,573,213,141,2,0,0,364974,33330,125461,870571,4620,26533,650281,76484,148313,647995,46399,94693,72613,26971,227867,0,0,26,390726,265435,179399,60,0,0,2079.168494590417,1.3367295208655332
1658017641236,38.656002,0.5833333,1.0,0.4090909,0.17391305,0.27272728,0.5416667,1.0,0.2173913,1.0,59.9,59.300003,58.300003,58.600002,58.600002,59.300003,57.9,60.9,58.300003,60.9,56.300003,55.600002,3879893,-1550904,1075200,1075200,1075200,1075200,1075200,1075200,652800,1401600,401,14,34,923,7,10,617,55,91,689,44,70,152,33,53,5,0,2,445,180,173,2,0,0,372632,25683,142217,711364,5466,7224,554361,87880,116891,610967,57299,83239,163174,66228,130243,3352,0,6923,324864,226130,290252,45,0,0,2096.909707165109,1.2920623052959501
1658017642242,38.693,0.519774,1.0,0.3809524,0.4090909,0.25,0.7826087,0.13043478,0.14285715,1.0,60.300003,59.600002,58.600002,58.600002,59.300003,59.600002,58.300003,61.300003,59.300003,61.300003,56.9,56.300003,3868799,-1596680,1075200,1075200,1075200,1075200,1075200,1075200,652800,1401600,118,12,22,893,3,15,689,68,100,645,35,74,88,15,27,38,10,14,671,186,126,5,0,0,144896,27241,82759,765702,4608,15121,596613,88625,143691,609175,43051,87425,87104,30742,110710,37027,15453,28671,410580,187443,160957,1200,0,0,2094.191761983471,1.279629752066116
1658017643288,38.74,0.5260116,1.0,0.3809524,0.3,0.2857143,0.13043478,1.0,0.13636364,1.0,60.600002,59.9,58.600002,59.300003,59.600002,59.300003,58.300003,61.600002,58.9,61.600002,57.600002,56.600002,3884565,-1578980,1075200,1075200,1075200,1075200,1075200,1075200,652800,1401600,125,11,17,949,3,10,626,64,101,692,32,71,101,28,44,41,10,21,790,177,149,0,0,2,125153,27372,73063,870975,5729,9767,591339,88989,135955,694343,43392,94693,89341,65173,207148,43320,20743,262890,461582,170414,167526,0,0,935,2078.4226146645865,1.192836193447738
1658017644291,38.781002,0.5280899,0.9166667,0.42857143,0.27272728,0.3181818,0.04761905,1.0,0.2173913,1.0,60.9,60.300003,59.300003,59.600002,59.600002,59.600002,58.9,61.9,59.9,61.9,57.600002,57.300003,3874054,-1690369,1075200,1075200,1075200,1075200,1075200,1075200,652800,1401600,250,2,7,878,5,7,776,43,77,698,35,54,30,16,31,76,8,26,586,134,169,3,0,1,328443,1969,10962,795595,5898,6793,579182,51869,74504,634618,47948,88566,31245,55929,183464,71341,14597,213441,383093,150856,236661,70,0,463,2089.4505806451616,1.2708129032258066
1658017645329,38.815002,0.51497006,0.7,0.36842105,0.5,0.21052632,0.14285715,1.0,0.0952381,1.0,61.300003,60.600002,59.9,59.9,60.300003,60.300003,59.9,62.300003,60.600002,62.300003,57.9,57.300003,3867437,-1687012,1075200,1075200,1075200,1075200,1075200,1075200,652800,1401600,135,1,0,948,2,8,772,60,96,800,22,42,69,17,41,42,12,35,658,114,223,2,0,1,149611,23,0,839606,2361,9932,638450,81786,109791,703061,26439,49912,71798,33851,253628,35402,27595,237076,419015,110775,242885,50,0,546,2099.8575900621117,1.278360248447205
1658017646355,38.855003,0.5204678,1.0,0.57894737,0.13636364,0.27272728,0.0952381,1.0,0.09090909,1.0,60.9,60.600002,59.600002,59.600002,59.9,59.9,58.9,62.300003,59.600002,62.300003,57.9,57.300003,3865296,-1655884,1075200,1075200,1075200,1075200,1075200,1075200,652800,1401600,214,2,12,897,0,6,699,52,77,739,18,49,95,23,53,0,0,0,597,77,261,2,0,0,218606,3953,45723,771496,0,6204,589857,79004,82364,700625,22308,58380,98980,59740,437410,0,0,0,439863,89419,308323,89,0,0,2096.191843137255,1.2547973856209151
1658017647395,38.893,0.53768843,0.20833333,0.42857143,0.5769231,0.32,0.61538464,0.88461536,0.09090909,1.0,61.600002,60.600002,59.600002,59.9,60.300003,60.300003,59.600002,62.300003,59.600002,62.300003,58.300003,57.300003,3873276,-1590577,1075200,1075200,1075200,1075200,1075200,1075200,652800,1401600,84,1,0,933,4,5,790,52,102,806,20,55,252,26,71,0,0,0,491,67,246,3,0,0,93229,1870,0,728449,6050,5758,675176,64745,111635,710875,20614,60673,217536,47420,473446,0,0,0,405204,84449,348165,71,0,0,2076.639750778816,1.2473520249221184
1658017648419,38.93,0.5529412,0.8095238,0.42105263,0.36363637,0.25,1.0,0.15,0.3181818,1.0,61.600002,61.300003,60.600002,60.9,61.300003,60.9,60.300003,62.9,61.300003,62.9,58.9,57.600002,3858094,-1726990,1075200,1075200,1075200,1075200,1075200,1075200,652800,1401600,526,13,21,983,1,1,653,43,68,918,14,32,121,27,38,72,6,11,422,86,247,2,0,0,457051,24150,88241,783927,988,1037,509556,46496,69914,708069,17761,35949,115398,55572,194793,48654,11647,26810,338723,107667,349828,47,0,0,2073.8543157894737,1.2640990712074303
1658017649463,38.953003,0.5614035,0.9130435,0.3809524,0.23809524,0.3181818,1.0,0.23809524,0.3181818,1.0,61.9,61.600002,60.600002,60.9,61.300003,60.9,60.300003,62.9,61.300003,63.300003,58.9,57.9,3859262,-1678773,1075200,1075200,1075200,1075200,1075200,1075200,652800,1401600,235,9,12,911,0,4,725,51,86,766,18,63,11,4,5,96,24,62,636,124,185,4,0,0,260687,18211,47197,790648,0,4475,603516,74273,99855,681431,22547,66952,9088,4683,18737,118489,52179,336045,417425,117812,215046,1153,0,0,2099.7504596273293,1.339080745341615
1658017650470,39.001003,0.510989,0.875,0.35,0.18181819,0.2857143,0.125,1.0,0.09090909,1.0,62.300003,61.600002,60.600002,60.9,61.300003,60.9,60.300003,63.300003,61.300003,63.300003,58.9,58.600002,3868410,-1702576,1075200,1075200,1075200,1075200,1075200,1075200,652800,1401600,198,11,15,921,1,9,667,45,69,759,26,48,42,11,16,90,17,51,686,178,135,3,0,0,206816,17299,70149,779459,883,7431,574730,62461,89972,678146,32450,52097,39013,21915,76123,106238,39308,322114,398969,186617,160008,68,0,0,2102.295290824261,1.2570575427682738
1658017651486,39.038002,0.42372882,0.045454547,1.0,0.09090909,0.045454547,0.09090909,1.0,0.04761905,1.0,61.600002,61.300003,59.9,60.9,60.9,61.300003,60.300003,63.300003,60.9,63.300003,58.600002,57.9,3877169,-1549683,1075200,1075200,1075200,1075200,1075200,1075200,652800,1401600,273,27,49,938,0,1,582,56,87,737,14,44,11,0,18,30,5,20,738,166,173,3,0,0,265331,55835,142275,827470,0,1808,548729,81570,109486,668325,15794,47794,20051,0,214505,33691,12031,173600,469363,178701,225699,112,0,0,874.7067663551402,0.506018691588785
1658017652553,39.075,0.8226601,0.8,1.0,0.84,0.8076923,0.9230769,0.7692308,0.41666666,1.0,59.300003,59.600002,58.300003,58.9,59.600002,59.600002,58.9,61.600002,59.600002,61.600002,56.600002,56.300003,3941788,-760803,1075200,1075200,1075200,1075200,1075200,1075200,652800,1401600,584,4,16,348,2,4,499,39,73,399,30,78,179,29,49,1,0,0,581,85,56,1,0,0,578742,9473,96778,443255,4844,12921,356557,71711,310984,323316,54296,372708,148070,54508,256676,5292,0,0,316253,117889,274512,696,0,0,-1.0,-1.0
