1658001869799,37.774002,0.61538464,0.42857143,1.0,0.3809524,0.3478261,0.72727275,1.0,0.13636364,1.0,51.9,52.600002,51.9,52.9,53.300003,52.9,51.600002,52.600002,52.300003,54.300003,48.600002,48.300003,3994340,-1169129,1075200,1075200,1075200,1075200,1075200,1075200,652800,1401600,556285,20749,49445,571261,21062,52884,256199,31624,61693,252608,32760,64238,195401,19964,51498,173146,17721,47634,281111,44537,71657,144429,9212,34088,465960220,42067212,499851592,499649656,40705223,519512286,251392161,69120636,720095460,244938937,72002797,721751416,183733864,43834120,737529376,169642224,38223528,718362665,187292219,95634282,881734241,63818822,21740430,724140094,-1.0,-1.0
1658001871043,37.771,0.53571427,1.0,1.0,0.05,1.0,0.05,0.0952381,0.04761905,1.0,50.9,50.9,49.9,50.9,51.600002,51.600002,50.600002,52.600002,51.300003,52.9,47.600002,47.9,4043583,-428772,1075200,1075200,1075200,1075200,1075200,1075200,652800,1401600,162,0,0,254,0,1,314,38,60,293,37,59,121,23,33,76,15,26,44,50,122,2,1,2,160544,0,0,227762,0,1436,226111,66179,139322,224317,44840,167753,101706,37009,91786,69472,21943,63702,54704,121084,599843,96,548,602,-1.0,-1.0
1658001872054,37.747,0.5868263,1.0,0.15,0.8,0.33333334,0.2857143,1.0,0.0952381,1.0,49.600002,49.300003,49.300003,49.600002,49.9,49.600002,49.300003,51.300003,49.600002,51.9,46.9,46.9,4042026,-361023,1075200,1075200,1075200,1075200,1075200,1075200,652800,1401600,100,0,0,129,0,0,172,37,75,137,15,40,265,70,77,138,13,40,22,12,58,0,0,0,115501,0,0,87967,0,0,167035,57545,534780,115914,24928,290109,269213,147125,335962,93245,34181,264279,34512,43436,704344,0,0,0,0.0323841059602649,0.020079470198675498
1658001873059,37.74,0.5976331,1.0,0.95454544,0.36363637,0.22727273,0.1,0.9047619,0.23809524,1.0,49.600002,49.300003,48.9,48.9,49.300003,49.600002,48.9,51.600002,49.300003,51.600002,46.9,46.600002,4010884,-952454,1075200,1075200,1075200,1075200,1075200,1075200,652800,1401600,67,0,0,692,5,13,116,10,32,404,35,58,191,13,40,36,11,17,99,39,85,1,0,2,43360,0,0,613383,8409,55720,79860,12302,129880,259718,56118,218587,111903,26596,233621,20219,25150,102460,88199,103116,646583,11,0,1824,-1.0,-1.0
1658001874113,37.727,0.76811594,0.96,0.8148148,0.8,0.6,0.875,0.76,0.37037036,1.0,51.300003,50.9,50.300003,51.300003,51.600002,51.600002,51.600002,51.9,52.300003,53.300003,48.300003,48.300003,3983635,-1238404,1075200,1075200,1075200,1075200,1075200,1075200,652800,1401600,514,0,0,306,0,0,452,0,1,861,0,0,310,0,1,31,0,0,411,7,8,6,0,0,273246,0,0,201941,0,0,393758,0,482,567164,0,0,380228,0,422,25092,0,0,683076,20868,15785,130,0,0,-1.0,-1.0
1658001875259,37.713,0.7837838,0.9310345,1.0,0.71428573,0.7692308,0.8214286,0.8148148,0.17857143,1.0,50.9,50.9,50.300003,50.9,51.600002,51.600002,50.9,51.9,51.300003,52.9,47.600002,47.9,4001152,-867920,1075200,1075200,1075200,1075200,1075200,1075200,652800,1401600,108,0,0,370,8,16,99,4,5,340,36,49,161,17,37,233,20,33,544,125,106,3,0,0,92633,0,0,379098,25478,93232,44001,8706,32722,234334,49016,124948,128576,25644,228848,147024,31239,214089,355102,257217,328626,55,0,0,-1.0,-1.0
1658001876741,37.703003,0.6826923,1.0,0.96153843,0.4074074,0.9230769,0.75,0.3846154,0.04,1.0,51.300003,51.300003,50.9,51.600002,51.9,51.9,51.600002,52.600002,51.9,52.9,47.600002,47.600002,4037939,-563965,1075200,1075200,1075200,1075200,1075200,1075200,652800,1401600,84,0,0,12,0,0,154,18,23,176,6,18,157,5,13,46,1,6,1000,130,83,1,0,0,44383,0,0,13372,0,0,110133,25175,58505,89234,10775,35261,81292,6020,33277,41780,672,8039,442477,216007,205876,29,0,0,-1.0,-1.0
1658001877881,37.696003,0.8721461,0.9259259,0.9310345,0.96428573,0.962963,0.8214286,0.84615386,0.46153846,1.0,50.600002,50.300003,49.9,50.600002,50.600002,50.9,50.300003,52.300003,50.9,52.300003,47.300003,47.300003,4026455,-603638,1075200,1075200,1075200,1075200,1075200,1075200,652800,1401600,84,0,0,31,0,0,324,31,59,231,14,39,204,27,40,185,24,33,831,105,109,6,0,0,29457,0,0,15985,0,0,202254,49301,125438,113197,31175,84442,139236,46143,117439,128415,47426,65424,362688,207832,272446,458,0,0,-1.0,-1.0
1658001879062,37.673,0.84951454,0.962963,0.8148148,0.96153843,0.7916667,0.89285713,1.0,0.34615386,1.0,50.600002,50.600002,49.9,50.300003,50.600002,50.9,50.300003,52.300003,50.600002,52.300003,47.600002,47.300003,4008159,-1012573,1075200,1075200,1075200,1075200,1075200,1075200,652800,1401600,118,0,0,159,0,0,80,14,16,94,7,21,331,33,38,303,13,47,717,109,116,2,0,0,135353,0,0,113816,0,0,82121,20360,35237,79540,13045,59343,207595,50387,99053,169405,19151,157989,347962,239108,298410,61,0,0,-1.0,-1.0
1658001880274,37.649002,0.90950227,1.0,1.0,0.962963,1.0,0.962963,1.0,0.28,1.0,50.300003,50.300003,49.9,50.9,50.9,51.300003,50.9,52.300003,51.300003,52.600002,47.9,46.9,4021395,-937195,1075200,1075200,1075200,1075200,1075200,1075200,652800,1401600,141,0,0,323,0,0,113,13,28,278,40,46,366,7,12,86,14,18,668,59,92,8,0,2,102922,0,0,159014,0,0,66094,37087,146527,189812,64964,184789,131296,13862,47687,65248,31967,63952,345622,90574,409133,2452,0,1090,-1.0,-1.0
1658001881440,37.625,0.9124424,1.0,0.96153843,0.89285713,0.962963,1.0,0.9310345,0.5416667,1.0,49.9,50.300003,49.9,50.600002,50.600002,50.600002,49.600002,51.600002,50.300003,51.9,47.300003,46.9,3997843,-946350,1075200,1075200,1075200,1075200,1075200,1075200,652800,1401600,14,0,0,116,12,40,110,15,20,65,10,20,44,6,20,14,1,1,399,112,153,0,0,0,7941,0,0,151156,39007,230743,64573,36005,347470,43132,9904,152231,43588,13465,522167,4924,504,680,258466,279611,534787,0,0,0,-1.0,-1.0
1658001882650,37.622,0.75454545,1.0,0.53571427,0.5,1.0,1.0,0.9259259,0.11111111,1.0,50.300003,50.300003,49.9,50.600002,50.600002,50.600002,49.9,51.9,50.600002,51.9,47.300003,46.9,4028985,-601501,1075200,1075200,1075200,1075200,1075200,1075200,652800,1401600,2,4,3,182,2,5,150,11,21,16,1,0,28,3,9,162,6,16,319,134,89,32,0,0,1851,14052,52695,136155,4047,15477,131518,38967,161596,20201,1356,0,35247,3597,64619,135139,17217,116801,334467,296765,210647,5136,0,0,-1.0,-1.0
1658001883798,37.602,0.5505618,1.0,1.0,0.0,0.2173913,1.0,0.09090909,0.04347826,1.0,49.300003,48.9,48.9,49.600002,49.600002,49.300003,48.9,50.9,49.300003,51.300003,46.300003,46.600002,4054483,-334472,1075200,1075200,1075200,1075200,1075200,1075200,652800,1401600,0,0,0,178,14,28,55,4,18,10,3,5,38,3,7,87,3,19,359,166,111,0,0,0,0,0,0,200313,24955,179562,74750,10472,180881,21555,10199,66442,37058,2162,10338,91398,1895,166463,269145,355325,399678,0,0,0,-1.0,-1.0
1658001884826,37.585003,0.5245098,1.0,0.0,1.0,1.0,0.074074075,0.04,0.0,1.0,48.300003,48.300003,47.300003,47.600002,48.600002,48.300003,47.9,50.300003,48.300003,50.300003,45.9,45.600002,4057986,-346985,1075200,1075200,1075200,1075200,1075200,1075200,652800,1401600,57,0,0,480,0,1,141,46,54,255,42,70,9,1,0,169,36,51,110,117,136,10,0,0,93512,0,0,454980,0,0,159764,124589,207246,213305,58580,486418,4272,814,0,164885,69000,315024,112408,255130,482757,383,0,0,-1.0,-1.0
1658001885906,37.561,0.5217391,1.0,0.8695652,0.17391305,0.041666668,1.0,0.0952381,0.041666668,1.0,47.9,47.600002,47.600002,47.600002,47.9,47.600002,47.300003,49.600002,47.9,49.9,45.300003,45.300003,4059154,-285644,1075200,1075200,1075200,1075200,1075200,1075200,652800,1401600,1,0,0,466,27,27,159,39,45,127,21,44,35,10,25,105,11,26,75,70,144,2,0,0,2360,0,0,533603,78315,82412,143783,53391,241094,120523,29403,418176,35054,31498,277383,77962,20895,466208,83314,178879,712292,71,0,0,-1.0,-1.0
1658001886925,37.551003,0.8151659,1.0,0.6923077,0.7692308,0.7692308,0.9259259,1.0,0.37037036,1.0,47.600002,47.300003,46.9,47.300003,47.600002,47.600002,46.9,49.600002,47.600002,49.300003,45.300003,44.9,4057402,-315857,1075200,1075200,1075200,1075200,1075200,1075200,652800,1401600,16,0,1,144,35,28,78,4,23,42,14,28,13,1,8,150,43,59,112,20,47,4,0,0,71550,0,19,138798,108668,105761,67256,3007,374051,40516,49218,474093,7327,397,146135,133729,122642,315230,66574,37189,687875,65,0,0,0.004745341614906832,0.009813664596273291
1658001888029,37.531002,0.7022222,0.4,0.6296296,0.56,1.0,1.0,0.7586207,0.31034482,1.0,48.300003,48.600002,48.300003,48.9,48.9,48.300003,47.9,50.300003,48.300003,50.600002,46.600002,45.9,3987528,-1410523,1075200,1075200,1075200,1075200,1075200,1075200,652800,1401600,157,5,6,137,2,0,121,9,8,219,34,35,125,11,24,84,7,16,491,76,82,0,0,0,180613,9823,10127,101687,0,0,93656,10205,12385,139328,77076,108154,75874,19216,172952,51776,9435,153065,290032,138951,530450,0,0,0,177.76815,1.76845
1658001889140,37.510002,0.5920398,0.8076923,0.32,0.12,0.6923077,0.45833334,1.0,0.28,1.0,49.600002,49.9,49.600002,49.600002,49.600002,49.600002,48.9,51.300003,49.600002,51.300003,47.300003,46.9,3983440,-1209412,1075200,1075200,1075200,1075200,1075200,1075200,652800,1401600,597,28,47,309,16,41,203,31,38,39,18,10,74,5,22,114,5,26,310,106,147,0,0,0,520651,43897,86142,232561,20811,80010,187814,57713,119741,45826,40158,35340,64061,4079,137499,77794,14072,76857,255339,234459,392917,0,0,0,196.8791552795031,0.18991304347826085
1658001890229,37.517002,0.6130653,0.32,0.48,0.44,0.8518519,1.0,0.64,0.16,1.0,49.9,50.300003,48.9,49.600002,49.9,49.9,49.300003,51.9,49.9,51.9,47.9,47.300003,3988696,-1194458,1075200,1075200,1075200,1075200,1075200,1075200,652800,1401600,238,18,35,637,38,68,334,52,93,50,9,22,97,18,39,105,15,19,463,154,80,1,0,0,261821,26951,71968,505225,51097,126409,357239,113311,295012,45815,18372,119449,95984,33167,289039,92819,21465,63866,392942,254785,161170,27,0,0,210.07500780031202,0.20962246489859593
1658001891318,37.531002,0.5686275,1.0,1.0,0.07692308,0.0,0.28,1.0,0.09090909,1.0,50.9,50.300003,50.300003,50.600002,49.9,50.300003,49.600002,52.300003,50.300003,52.600002,48.300003,47.600002,3977601,-1340943,1075200,1075200,1075200,1075200,1075200,1075200,652800,1401600,373,57,83,597,56,87,190,45,54,12,2,6,31,3,5,44,14,40,431,146,101,2,0,0,448757,113856,186483,524426,87566,147744,237063,69240,158712,13271,996,54775,20912,2920,13645,57160,26481,306113,404493,287009,175519,218,0,0,225.84617322834646,0.22536062992125985
1658001892404,37.561,0.58426964,0.6363636,0.65217394,0.13636364,1.0,0.13636364,1.0,0.04761905,1.0,51.600002,51.600002,50.600002,51.300003,50.9,51.600002,50.300003,52.9,51.300003,52.9,48.9,48.600002,3976433,-1313477,1075200,1075200,1075200,1075200,1075200,1075200,652800,1401600,158,1,2,447,25,44,271,61,79,127,33,47,113,14,33,17,6,18,546,114,87,0,0,0,164569,1419,3013,344779,24918,69325,286195,118034,376767,133645,59859,237592,79909,26791,290720,19549,21403,120175,467779,196748,125536,0,0,0,221.53778360655738,0.22368524590163935
1658001893411,37.598003,0.5829146,0.083333336,1.0,0.1923077,0.875,1.0,0.20833333,0.17391305,1.0,51.600002,50.9,50.600002,51.300003,51.600002,51.600002,50.600002,53.300003,51.300003,53.300003,48.9,48.600002,3978574,-1278382,1075200,1075200,1075200,1075200,1075200,1075200,652800,1401600,300,19,25,342,23,26,319,47,77,69,8,18,240,39,63,8,0,0,468,173,65,0,0,0,307296,33076,40484,291183,34064,34304,292947,71560,373430,44859,21381,60948,188760,70080,314845,8368,0,2595,429146,281014,98170,0,0,0,229.6285054602184,0.19469578783151326
1658001894477,37.639,0.60674155,0.6666667,0.5,0.8636364,0.27272728,1.0,0.3181818,0.23809524,1.0,51.600002,51.9,50.9,51.600002,51.600002,51.600002,50.600002,53.300003,51.9,53.300003,49.300003,48.9,3980132,-1358643,1075200,1075200,1075200,1075200,1075200,1075200,652800,1401600,428,32,43,614,21,19,319,73,91,82,20,43,45,14,21,62,7,28,444,156,82,1,0,0,422364,53908,68061,491713,30040,27134,314412,154790,377330,100142,42009,156349,42574,27337,90036,47230,14085,238834,414409,297599,180235,28,0,0,208.74806800618236,0.19160432766615146
1658001895589,37.696003,0.5769231,0.15384616,0.24,0.7083333,1.0,0.4,1.0,0.08,1.0,51.9,51.300003,51.300003,51.600002,51.9,51.300003,50.9,53.600002,51.300003,53.600002,49.300003,48.9,3969037,-1252442,1075200,1075200,1075200,1075200,1075200,1075200,652800,1401600,359,12,14,464,18,23,146,40,66,203,44,91,18,7,15,89,10,34,434,144,74,0,0,0,397551,19674,28922,345728,30711,42414,148624,91520,230922,204596,88388,500263,27084,13913,65324,81431,20181,248215,393996,278043,176651,0,0,0,205.1707912772586,0.208
1658001896655,37.747,0.5678392,0.45833334,0.36,0.32,1.0,0.9583333,0.29166666,0.12,1.0,51.600002,51.300003,50.9,51.600002,51.600002,51.600002,50.9,53.300003,51.600002,53.300003,49.300003,48.600002,3986944,-1188355,1075200,1075200,1075200,1075200,1075200,1075200,652800,1401600,334,43,79,800,53,54,233,85,73,25,2,8,73,20,39,19,3,15,381,147,112,0,0,0,368078,68509,170974,640657,65472,62775,237701,208151,239240,13883,7785,43712,82910,58319,226469,16557,8126,135166,384243,308873,260639,0,0,0,206.3192679738562,0.1848888888888889
1658001897680,37.791,0.60818714,0.5,0.23809524,0.42857143,0.95454544,0.8636364,0.61904764,0.3043478,1.0,52.300003,51.600002,50.300003,51.600002,51.9,51.600002,50.9,53.600002,51.300003,53.600002,49.300003,48.9,3974292,-1297913,1075200,1075200,1075200,1075200,1075200,1075200,652800,1401600,207,15,9,665,43,72,288,72,60,134,22,26,108,34,53,100,22,36,328,135,101,1,0,0,217447,19280,13260,572999,64737,133366,311586,138297,127954,125390,26926,64836,106486,104021,281867,105221,32460,52465,337577,302267,249183,70,0,0,205.1700392156863,0.1848888888888889
1658001898675,37.835003,0.61576355,0.45833334,0.375,0.25,0.84615386,0.7037037,1.0,0.26923078,1.0,52.600002,52.300003,51.9,52.300003,52.300003,51.9,51.600002,53.9,51.9,54.300003,49.600002,49.300003,3980326,-1260987,1075200,1075200,1075200,1075200,1075200,1075200,652800,1401600,404,31,44,620,29,49,226,52,55,23,4,8,97,10,26,105,9,14,452,121,106,0,0,0,393686,58865,93805,547821,49426,92907,220243,119402,286853,19758,4859,31288,85724,12319,94341,81819,9451,33576,401007,203104,176684,0,0,0,203.33433816425122,0.1962769726247987
1658001899717,37.899002,0.62068963,0.7307692,0.33333334,0.26923078,1.0,0.6296296,0.72,0.30769232,1.0,52.9,52.600002,51.600002,51.9,52.300003,52.300003,51.600002,54.300003,51.9,54.300003,50.300003,49.600002,3970594,-1293946,1075200,1075200,1075200,1075200,1075200,1075200,652800,1401600,367,15,27,663,27,37,398,66,79,200,48,81,72,14,27,0,0,0,332,112,96,1,0,0,359503,14565,50370,499321,33018,56595,403021,105253,179324,203678,103931,251544,67266,21784,195287,0,0,0,343518,258365,276410,20,0,0,204.98935064935065,0.18233766233766233
1658001900737,37.95,0.6039604,0.65384614,0.5416667,0.68,0.24,0.48,1.0,0.16666667,1.0,52.600002,52.600002,51.9,52.300003,52.300003,51.9,51.300003,54.300003,52.300003,54.300003,49.9,49.600002,3985387,-1129456,1075200,1075200,1075200,1075200,1075200,1075200,652800,1401600,150,3,3,667,33,46,255,63,89,113,25,46,198,37,53,67,7,10,394,140,80,1,0,0,181931,4646,3656,521485,51162,63257,247074,126030,297839,112584,56308,156614,190310,54334,255225,51865,12925,16832,355038,261949,216897,39,0,0,207.1732418096724,0.19988767550702027
1658001901770,38.014,0.60301507,0.44,0.22727273,0.5,1.0,0.4,1.0,0.2,1.0,52.9,52.300003,51.9,51.9,52.300003,52.300003,51.600002,54.300003,52.300003,54.600002,49.9,49.600002,3980910,-1198426,1075200,1075200,1075200,1075200,1075200,1075200,652800,1401600,314,38,51,704,45,60,264,62,72,274,38,41,172,29,45,1,0,1,235,124,107,0,0,0,355608,71604,87393,545250,56164,104557,292307,108688,166057,220846,56237,89346,175262,40687,113050,1599,0,75792,298060,304261,317837,0,0,0,203.46018691588785,0.19957632398753894
1658001902824,38.068,0.5873786,0.7083333,0.29166666,0.24,0.7692308,0.44,1.0,0.22222222,1.0,52.600002,52.600002,52.300003,52.600002,52.600002,52.600002,51.9,54.300003,52.300003,54.600002,49.9,49.300003,3982856,-1164856,1075200,1075200,1075200,1075200,1075200,1075200,652800,1401600,574,42,42,652,18,32,236,42,51,31,13,17,155,29,64,10,2,3,344,108,118,1,0,0,538326,63511,67182,507828,19266,56378,221671,73625,160847,33277,23210,93429,157927,47691,368876,7954,5564,13735,377257,224643,282302,27,0,0,209.18165472312702,0.17886644951140065
1658001903849,38.119003,0.5803109,0.08695652,0.5833333,0.28,1.0,0.41666666,1.0,0.20833333,1.0,52.9,52.600002,52.300003,51.9,52.300003,52.600002,51.9,54.600002,52.300003,54.600002,50.300003,49.600002,3982273,-1166077,1075200,1075200,1075200,1075200,1075200,1075200,652800,1401600,408,41,58,756,38,26,234,63,57,60,20,25,120,29,42,0,0,0,276,102,137,0,0,0,416732,62299,102951,573408,51621,42311,193123,138536,205645,47417,63000,129160,103642,72013,245520,0,0,0,306938,235861,335907,0,0,0,210.5644929797192,0.20637753510140405
1658001904887,38.163002,0.5572139,0.4,0.625,0.15384616,0.68,0.56,1.0,0.04,1.0,52.9,52.9,52.300003,53.300003,52.9,53.300003,52.600002,54.9,53.300003,54.9,50.600002,50.300003,3971567,-1289673,1075200,1075200,1075200,1075200,1075200,1075200,652800,1401600,419,56,94,664,31,58,236,56,88,36,16,22,39,4,20,11,2,0,508,147,69,1,0,0,474141,91093,180690,526030,44099,126232,243520,132242,485788,31802,30989,163615,41806,5913,115996,5263,1322,0,434496,274069,121355,30,0,0,205.01364852255054,0.19732503888024883
1658001905959,38.22,0.58536583,0.20833333,0.23076923,0.35714287,0.7916667,1.0,1.0,0.115384616,1.0,53.300003,53.300003,51.9,52.600002,52.9,52.9,51.9,54.300003,52.9,55.300003,50.600002,50.300003,3981105,-1212769,1075200,1075200,1075200,1075200,1075200,1075200,652800,1401600,323,19,24,586,41,59,365,74,100,76,10,18,106,17,39,7,4,8,319,117,94,2,0,0,279990,34637,52493,462148,54231,122351,325207,156051,357612,67804,20506,32486,106746,29208,451229,11464,11732,24012,322776,269735,304514,47,0,0,205.45819314641744,0.16976947040498444
1658001907011,38.254,0.6216216,0.32,0.3478261,0.15,0.95652175,0.84,1.0,0.32,1.0,53.600002,52.600002,52.600002,52.600002,52.9,52.9,52.300003,54.9,52.600002,55.300003,50.600002,50.300003,3956775,-1414185,1075200,1075200,1075200,1075200,1075200,1075200,652800,1401600,378,36,37,641,24,33,283,61,82,198,49,56,50,9,22,0,0,0,192,91,132,1,0,0,355349,60357,66413,460232,31014,53149,289639,128854,252135,182349,105224,215467,39198,17544,258701,0,0,0,261761,264069,391958,22,0,0,205.475744149766,0.19534477379095164
1658001908041,38.315002,0.56796116,0.8,0.125,0.5,0.23076923,0.6923077,1.0,0.083333336,1.0,53.300003,52.9,52.300003,53.300003,52.9,53.300003,52.300003,54.9,52.600002,54.9,50.600002,50.300003,3986360,-1130066,1075200,1075200,1075200,1075200,1075200,1075200,652800,1401600,489,34,44,724,34,41,252,48,62,59,11,27,49,3,19,15,3,9,365,127,93,2,0,0,446835,53602,88438,519978,58111,71334,250441,79298,187562,59418,20897,109836,43152,4077,163387,18983,8858,70810,323849,276003,255753,55,0,0,-1.0,-1.0
1658001909101,38.372,0.5441176,0.0,0.61538464,0.25,0.88461536,0.48,1.0,0.115384616,1.0,51.600002,51.300003,50.9,50.9,51.600002,51.600002,50.9,53.9,51.600002,53.9,48.9,48.600002,4029180,-692444,1075200,1075200,1075200,1075200,1075200,1075200,652800,1401600,45,1,2,682,14,17,264,53,83,234,56,83,88,17,20,0,0,0,63,63,152,0,0,0,77042,0,0,749214,27836,57239,263619,82341,335470,237461,103019,327891,78825,33665,80478,0,0,0,65967,182497,601922,0,0,0,-1.0,-1.0
1658001910154,38.396004,0.53960395,1.0,0.08,0.56,0.52,0.14814815,1.0,0.04,1.0,50.600002,50.600002,49.9,50.600002,50.9,50.9,50.300003,52.9,50.9,52.9,48.600002,48.300003,4047476,-315246,1075200,1075200,1075200,1075200,1075200,1075200,652800,1401600,57,6,27,210,50,63,153,19,79,4,3,3,111,17,38,0,0,0,67,52,153,0,0,0,178106,21034,387122,316444,150952,334207,166958,39169,594810,6128,9632,17099,105181,30789,298648,0,0,0,58814,200788,732179,0,0,0,-1.0,-1.0
1658001911234,38.409,0.66183573,0.61538464,0.5652174,0.46153846,0.75,0.88461536,0.8076923,0.23076923,1.0,50.600002,49.9,49.9,49.9,50.300003,50.600002,50.300003,52.600002,50.300003,52.9,47.9,47.600002,4043972,-423279,1075200,1075200,1075200,1075200,1075200,1075200,652800,1401600,4,0,0,335,59,60,103,17,34,90,18,38,69,7,30,0,1,0,109,34,71,2,0,0,1946,0,0,448035,105729,163621,81256,27204,239392,81585,36163,330219,53122,13303,545736,0,1070,0,73102,101921,701866,41,0,0,27.794028892455856,0.5680642054574638
1658001912313,38.413002,0.5810056,0.54545456,0.45454547,0.7619048,0.6086956,0.13636364,1.0,0.0,1.0,52.300003,51.9,50.9,51.600002,52.300003,52.300003,51.300003,53.600002,51.9,53.9,49.9,49.600002,3970205,-1435853,1075200,1075200,1075200,1075200,1075200,1075200,652800,1401600,232,12,10,504,13,30,366,29,37,282,18,27,156,26,32,18,3,8,325,96,153,4,0,0,189330,21252,16569,317631,41515,87032,229985,57632,69600,191413,16410,160973,116229,49397,197440,18831,5407,33954,271007,148289,352658,92,0,0,303.19171294851793,0.3718689547581903
1658001913360,38.416,0.57,0.8076923,0.20833333,0.36,0.7307692,0.20833333,1.0,0.16,1.0,52.300003,52.300003,51.300003,51.600002,51.9,52.300003,51.300003,53.9,52.300003,53.9,50.300003,49.600002,3978769,-1183167,1075200,1075200,1075200,1075200,1075200,1075200,652800,1401600,386,38,40,645,34,36,293,54,67,269,53,85,84,18,27,5,0,3,401,116,163,2,0,0,405541,50370,81715,470654,55740,59541,290153,92381,145413,275197,110262,241544,83809,39170,94088,7539,0,11531,403726,199738,292552,54,0,0,282.34149141965673,0.2894477379095164
1658001914444,38.423,0.62376237,0.32,0.39130434,0.68,0.7692308,0.4,1.0,0.32,1.0,52.600002,53.300003,51.9,52.600002,52.600002,52.600002,51.9,54.600002,52.600002,54.9,50.300003,49.9,3977991,-1224671,1075200,1075200,1075200,1075200,1075200,1075200,652800,1401600,427,26,51,575,29,37,236,49,79,189,33,57,185,42,57,0,0,0,427,129,103,0,0,0,437682,43875,88358,423832,36422,64675,259512,81579,287573,204587,55190,180772,182582,78626,206731,0,0,0,424915,183698,173123,0,0,0,309.8223317535545,0.29770616113744075
1658001915507,38.467003,0.67788464,0.6785714,0.44,0.7307692,0.36,0.8076923,1.0,0.37037036,1.0,53.600002,53.600002,52.600002,53.9,53.9,53.9,53.300003,55.300003,53.600002,55.600002,50.9,50.600002,3964561,-1378479,1075200,1075200,1075200,1075200,1075200,1075200,652800,1401600,545,14,20,615,18,25,248,30,44,287,36,41,157,29,51,0,0,0,344,102,148,0,0,0,528784,22748,38006,478409,26474,43738,216280,55288,96086,255781,67205,107884,165503,50385,314407,0,0,0,325762,165191,289396,0,0,0,339.05595031055896,0.31845962732919253
1658001916652,38.494003,0.5940594,0.625,0.7826087,0.6666667,0.16666667,0.92,0.30769232,0.18181819,1.0,54.300003,54.300003,53.600002,53.9,53.9,53.600002,52.9,55.600002,53.600002,55.600002,50.9,50.9,3970205,-1340638,1075200,1075200,1075200,1075200,1075200,1075200,652800,1401600,434,20,29,590,14,23,140,30,43,273,58,69,69,28,44,0,0,0,540,130,112,0,0,0,416274,34239,49280,449011,17271,43106,131827,62079,140261,281940,131843,239469,61817,69491,333210,0,0,0,424986,214492,219095,0,0,0,364.5632492307692,0.30144
1658001917722,38.534,0.5923913,0.6956522,0.65217394,0.59090906,0.9166667,0.375,0.4,0.13043478,1.0,53.9,53.600002,53.9,53.9,53.9,53.600002,52.9,55.9,53.300003,55.9,51.300003,50.9,3975460,-1275025,1075200,1075200,1075200,1075200,1075200,1075200,652800,1401600,366,11,17,517,13,28,148,42,63,201,54,93,22,14,18,55,11,17,522,152,62,1,0,0,357401,18555,28228,418628,31140,50352,158733,108157,200325,205853,130080,262106,30607,30439,63717,50064,30714,109022,410988,243929,106530,27,0,0,398.23660530421216,0.3309828393135726
1658001918730,38.585003,0.5752688,0.3181818,0.64,0.3043478,0.9130435,0.59090906,0.5833333,0.20833333,1.0,54.300003,53.9,53.9,54.600002,54.300003,53.9,53.300003,55.9,53.600002,56.300003,51.600002,50.9,3971762,-1286011,1075200,1075200,1075200,1075200,1075200,1075200,652800,1401600,572,33,48,684,23,39,213,37,48,178,25,34,50,9,20,76,13,33,379,143,113,2,0,0,571624,54116,61558,543582,31815,56210,171199,67504,109587,169204,45016,58289,46481,16551,104432,76498,27774,264706,347768,262943,230956,190,0,0,421.9929719626168,0.33500311526479754
1658001919801,38.632,0.5847953,0.3809524,0.2857143,0.71428573,0.7619048,0.42857143,1.0,0.045454547,1.0,54.9,54.600002,54.300003,54.300003,53.9,54.300003,53.9,56.600002,54.600002,56.600002,51.9,51.600002,3978185,-1204834,1075200,1075200,1075200,1075200,1075200,1075200,652800,1401600,463,14,22,597,11,21,245,59,79,226,49,52,41,8,17,46,17,23,385,109,138,1,0,0,466035,21071,46497,461198,15529,45636,237824,132368,235875,208686,84555,151152,34604,16099,94776,38151,41784,244095,310379,191565,291464,25,0,0,399.0399,0.39035
1658001920812,38.676003,0.64179105,0.41666666,0.47826087,0.6,1.0,0.45833334,0.9230769,0.25925925,1.0,55.300003,54.9,53.600002,53.9,54.600002,54.600002,53.9,56.600002,54.9,56.600002,52.300003,51.9,3968843,-1266785,1075200,1075200,1075200,1075200,1075200,1075200,652800,1401600,360,9,11,559,12,19,286,47,63,423,64,69,55,14,21,94,19,23,77,71,164,1,0,0,317388,10455,22788,402745,13889,25193,239759,92975,202936,367882,106776,144025,54830,25811,123628,80381,33718,55963,102693,200340,599614,24,0,0,423.8173442088091,0.3189559543230016
1658001921835,38.72,0.6453202,0.33333334,0.53846157,0.88461536,0.33333334,0.7307692,0.84615386,0.42307693,1.0,55.600002,55.300003,54.300003,54.9,55.300003,55.300003,54.600002,56.600002,54.9,56.9,52.300003,51.600002,3970984,-1362916,1075200,1075200,1075200,1075200,1075200,1075200,652800,1401600,426,34,46,678,26,38,260,30,41,162,37,47,143,29,46,22,0,2,100,80,157,2,0,0,402944,54651,94615,463772,27446,56857,249166,57337,73828,159943,67197,199314,135378,47642,264198,12559,0,6617,124111,232936,564489,44,0,0,452.310230529595,0.3356510903426791
1658001922885,38.768,0.7027027,0.875,0.65384614,0.36363637,0.73913044,0.6956522,1.0,0.27272728,1.0,55.600002,54.9,54.600002,54.600002,54.9,55.300003,54.300003,56.600002,55.300003,56.9,52.600002,51.9,3961641,-1452637,1075200,1075200,1075200,1075200,1075200,1075200,652800,1401600,476,57,61,524,24,34,99,42,69,201,41,44,72,13,39,25,4,5,433,152,99,3,0,0,459562,110910,108865,415343,36642,62014,124521,110962,224767,190805,69422,123574,67037,17923,492513,19621,6532,12976,376737,237542,158861,253,0,0,474.3177285491419,0.366028081123245
1658001923890,38.808002,0.6086956,0.23076923,0.7407407,0.33333334,0.7307692,0.5416667,1.0,0.26923078,1.0,55.300003,55.600002,55.300003,55.9,55.300003,55.600002,54.600002,57.300003,54.9,57.600002,52.600002,52.300003,3965144,-1351014,1075200,1075200,1075200,1075200,1075200,1075200,652800,1401600,517,19,26,438,4,11,295,59,76,180,48,75,58,10,14,0,0,0,474,125,114,2,0,0,517336,25092,47206,333211,3758,10506,301489,106505,240038,189164,104198,199458,49399,20477,131738,0,0,0,378816,187403,169218,221,0,0,496.4484492979719,0.36862402496099844
1658001924916,38.849003,0.6122449,0.8333333,0.48,0.8333333,0.25,0.25,0.96,0.2,1.0,55.9,55.300003,54.9,55.600002,55.300003,55.300003,54.600002,57.600002,55.300003,57.300003,52.600002,51.9,3966118,-1470948,1075200,1075200,1075200,1075200,1075200,1075200,652800,1401600,578,29,40,429,4,7,233,57,112,277,51,89,35,2,10,1,0,1,500,157,67,0,0,0,567036,46889,62960,304878,9573,19338,243491,136139,399261,267909,94644,268866,31346,4196,191765,321,0,575,388171,264835,113838,0,0,0,525.7148351309708,0.39228351309707243
1658001925981,38.896004,0.6368715,0.45,0.42857143,0.73913044,0.65217394,0.5,1.0,0.29166666,1.0,55.9,55.9,55.300003,55.300003,55.300003,55.300003,54.300003,57.300003,54.600002,57.300003,52.9,52.300003,3956970,-1412964,1075200,1075200,1075200,1075200,1075200,1075200,652800,1401600,271,36,51,528,31,40,106,31,38,306,61,103,155,37,49,4,1,3,356,137,115,1,0,0,282536,50268,98990,394131,57936,53715,119145,59937,86097,299236,137867,267798,154857,65466,449551,6440,1084,9926,323163,246429,295596,24,0,0,550.331650485437,0.4065760517799353
1658001927009,38.947002,0.6136364,0.6,0.4,0.3043478,0.8181818,0.5217391,1.0,0.22727273,1.0,55.300003,55.300003,54.9,55.300003,55.300003,55.300003,54.600002,57.300003,55.300003,57.600002,52.9,52.600002,3956775,-1347046,1075200,1075200,1075200,1075200,1075200,1075200,652800,1401600,558,12,23,670,25,37,280,40,59,206,35,45,40,9,21,0,0,0,375,120,157,1,0,0,533250,16909,35697,496403,34329,52264,257250,58054,164273,182367,55146,99761,39540,24061,107453,0,0,0,322904,186967,326185,34,0,0,525.7514045307444,0.35003236245954694
1658001928037,38.994003,0.5862069,0.45833334,0.37037036,0.52,0.6,0.56,1.0,0.15384616,1.0,55.9,55.9,54.9,55.300003,55.600002,55.600002,54.600002,57.300003,55.300003,57.600002,52.9,52.600002,3955802,-1324158,1075200,1075200,1075200,1075200,1075200,1075200,652800,1401600,400,33,48,630,24,38,182,44,90,149,40,63,41,4,21,0,0,0,414,143,137,1,0,0,431982,54843,72307,476270,33449,69043,212853,97350,378005,157336,86466,225381,44268,7194,143496,0,0,0,365736,237541,201482,20,0,0,473.44364430577224,0.3193010920436818
1658001929132,39.031002,0.56435645,0.65384614,0.72,0.5,0.46153846,0.34615386,0.8148148,0.0,1.0,55.600002,55.9,54.9,55.300003,55.600002,55.600002,54.600002,57.600002,55.300003,57.9,52.9,52.9,3966896,-1306763,1075200,1075200,1075200,1075200,1075200,1075200,652800,1401600,530,59,71,417,35,57,182,43,72,219,52,85,37,9,13,1,0,0,389,170,106,1,0,0,546142,105075,120199,381706,59579,104573,178420,96912,228183,242190,126350,283855,28241,23309,111317,70,0,0,361296,266915,211401,42,0,0,412.82126677067083,0.27841497659906395
1658001930181,39.078003,0.5671642,0.23076923,0.7307692,0.5652174,0.45833334,0.4,1.0,0.083333336,1.0,55.600002,55.300003,55.300003,55.300003,55.600002,55.600002,54.600002,57.600002,55.300003,57.600002,53.300003,52.600002,3970205,-1287537,1075200,1075200,1075200,1075200,1075200,1075200,652800,1401600,549,17,30,441,20,16,262,58,77,374,43,79,73,18,19,24,7,11,94,103,129,2,0,0,469722,29852,43587,340931,39119,29358,251181,116402,170866,363502,60041,215034,79198,27428,167879,28160,19491,42960,91979,276428,554242,36,0,0,415.9522745709828,0.28490483619344775
1658001931211,39.126003,0.6502732,1.0,0.54545456,0.59090906,0.3043478,0.22727273,1.0,0.39130434,1.0,55.600002,56.300003,55.600002,55.600002,55.600002,55.600002,54.9,57.600002,55.600002,57.600002,53.300003,52.600002,3968064,-1280518,1075200,1075200,1075200,1075200,1075200,1075200,652800,1401600,441,36,42,522,19,31,147,36,51,314,75,98,110,19,39,0,0,0,247,130,116,1,0,0,417441,58913,67806,452464,17613,53599,145318,75519,150215,321017,132615,261167,118962,36253,264701,0,0,0,254980,292171,353947,17,0,0,312.17273343605547,0.23130970724191063
1658001932271,39.170002,0.54404145,0.625,0.041666668,1.0,0.45833334,0.16666667,1.0,0.04347826,1.0,55.300003,54.9,54.9,54.600002,54.9,55.300003,54.9,57.300003,55.600002,57.600002,52.300003,51.9,4012052,-644836,1075200,1075200,1075200,1075200,1075200,1075200,652800,1401600,231,17,29,342,5,12,136,18,27,189,31,51,237,26,40,0,0,0,519,101,73,0,0,0,299892,27357,35313,294527,6053,18902,109972,33049,59781,187591,43204,242292,209842,35840,149721,0,0,0,351392,199247,174484,0,0,0,-1.0,-1.0
1658001933274,39.22,0.5359116,0.0,0.65217394,0.3478261,0.7916667,0.41666666,1.0,0.04761905,1.0,52.9,53.300003,53.300003,53.9,53.9,53.600002,52.9,55.9,53.9,55.9,50.9,50.600002,4041053,-333252,1075200,1075200,1075200,1075200,1075200,1075200,652800,1401600,116,8,21,480,29,59,192,38,69,72,15,33,159,29,73,0,0,0,78,58,141,0,0,0,225474,13582,85645,524192,62454,232949,200244,67261,196676,73417,28678,129713,169611,54426,499376,0,0,0,72855,167302,623826,0,0,0,-1.0,-1.0
1658001934326,39.251003,0.53333336,1.0,0.08695652,0.0,1.0,0.13043478,1.0,0.045454547,1.0,52.600002,52.9,52.300003,52.300003,52.600002,52.9,51.9,54.9,52.600002,54.9,50.600002,50.300003,4034825,-605774,1075200,1075200,1075200,1075200,1075200,1075200,652800,1401600,183,28,55,90,6,19,152,28,81,34,4,22,89,7,58,14,0,0,82,64,152,0,0,0,275233,82082,523554,92961,7775,116464,163503,61245,496461,38931,13102,136709,96212,15713,524262,9658,0,0,94701,171564,730435,0,0,0,-1.0,-1.0
1658001935387,39.247,0.6122449,0.75,0.24,1.0,0.46153846,0.33333334,1.0,0.13043478,1.0,52.600002,51.600002,51.300003,52.300003,52.300003,52.600002,51.9,54.600002,52.600002,54.300003,49.600002,49.600002,4028207,-297851,1075200,1075200,1075200,1075200,1075200,1075200,652800,1401600,61,14,15,285,10,53,118,25,43,54,9,17,157,8,19,0,0,0,177,66,163,2,0,0,39956,34018,48070,311468,22983,326970,105278,48089,463074,43384,22715,184886,92714,6822,214552,0,0,0,148089,183244,529342,69,0,0,19.50673783359498,0.31782731554160126
1658001936425,39.261,0.5898876,0.45454547,0.33333334,1.0,0.72727275,0.20833333,1.0,0.13043478,1.0,54.300003,53.600002,53.300003,53.300003,53.300003,53.9,53.300003,55.300003,54.300003,55.600002,51.600002,50.9,3958527,-1454468,1075200,1075200,1075200,1075200,1075200,1075200,652800,1401600,430,15,15,436,11,45,168,15,19,180,28,30,166,17,30,0,0,0,479,85,134,3,0,0,326486,19936,19654,285593,13437,192967,110364,24359,268151,187876,65588,70463,118029,22306,277967,0,0,0,281532,133368,362458,90,0,0,688.4499561128526,0.47077115987460816
1658001937429,39.261,0.5870647,0.41666666,0.125,0.96153843,0.2173913,0.8,1.0,0.04,1.0,54.300003,53.9,53.9,54.300003,54.300003,54.300003,53.300003,55.9,53.9,56.300003,51.9,51.300003,3969037,-1322327,1075200,1075200,1075200,1075200,1075200,1075200,652800,1401600,655,46,62,695,41,55,109,21,24,347,62,63,89,12,32,0,0,0,339,107,170,0,0,0,554937,65284,80995,527679,48486,88486,103153,34761,46858,352911,115599,128868,94005,21088,160956,0,0,0,343597,187649,287587,0,0,0,614.1720061633282,0.43010169491525424
1658001938469,39.271004,0.56725144,0.95238096,0.13636364,1.0,0.2173913,0.05,1.0,0.1904762,1.0,55.300003,54.9,54.300003,54.300003,54.600002,54.600002,53.600002,56.600002,54.300003,56.600002,52.300003,51.600002,3974292,-1277771,1075200,1075200,1075200,1075200,1075200,1075200,652800,1401600,455,24,36,787,42,46,7,1,2,541,68,69,305,41,47,0,0,0,242,107,188,2,0,0,378933,26504,39555,596123,44010,79247,5819,1136,5077,534287,121598,123216,247027,68323,188101,0,0,0,219067,229286,445117,234,0,0,618.9570795631824,0.45883307332293294
1658001939467,39.291,0.56613755,0.09090909,0.9130435,1.0,0.17391305,0.045454547,1.0,0.17391305,1.0,55.600002,55.9,55.300003,55.300003,55.300003,55.600002,54.9,56.9,55.600002,57.300003,52.9,52.300003,3970789,-1299134,1075200,1075200,1075200,1075200,1075200,1075200,652800,1401600,254,6,8,740,31,53,5,3,2,487,78,65,140,20,58,30,4,13,425,114,125,0,0,0,209337,5713,9609,603805,37496,83176,5952,4569,2000,465973,133869,130821,131919,38108,312251,27719,11531,47152,349926,186503,213360,0,0,0,624.4093104524181,0.4653229329173167
1658001940484,39.339,0.5862069,0.28,0.22222222,1.0,0.7916667,0.33333334,1.0,0.083333336,1.0,55.600002,56.300003,55.300003,55.600002,55.600002,55.600002,54.9,57.300003,55.300003,57.600002,52.9,52.300003,3951520,-1435242,1075200,1075200,1075200,1075200,1075200,1075200,652800,1401600,767,54,61,424,10,15,41,8,22,373,94,78,106,14,41,0,0,0,515,116,116,1,0,0,658947,90427,81924,348022,15934,24459,40160,11153,168288,428485,205525,162631,63581,33740,287725,0,0,0,400548,188482,177427,15,0,0,616.3999752704791,0.47065224111282844
1658001941546,39.376003,0.56725144,0.8,0.3181818,1.0,0.17391305,1.0,0.09090909,0.14285715,1.0,55.600002,55.600002,55.300003,55.600002,55.600002,55.600002,54.600002,57.300003,55.600002,57.300003,52.9,52.600002,3946654,-1427918,1075200,1075200,1075200,1075200,1075200,1075200,652800,1401600,344,48,54,659,41,56,37,9,26,308,62,50,41,7,21,0,0,0,581,153,101,0,0,0,302918,82400,73272,497197,71609,88169,55424,21490,148352,338005,125804,93309,42646,15182,221586,0,0,0,475620,205062,167914,0,0,0,624.4659219968798,0.4614290171606864
1658001942553,39.410004,0.6059113,0.88461536,0.24,0.8076923,0.28,1.0,0.44,0.16666667,1.0,56.300003,56.300003,55.600002,55.600002,55.9,55.9,54.9,57.600002,55.600002,57.9,53.300003,52.600002,3954245,-1354981,1075200,1075200,1075200,1075200,1075200,1075200,652800,1401600,488,24,30,536,32,49,124,29,42,296,72,71,24,13,19,31,7,15,540,143,72,0,0,0,443460,40000,31539,436391,45391,83530,132423,50804,167586,339713,147984,165361,29999,29387,167850,36538,16289,192464,420964,221559,107366,0,0,0,618.0088224299064,0.46265420560747667
1658001943611,39.443,0.63276833,0.36363637,0.7826087,1.0,0.36363637,0.22727273,1.0,0.36363637,1.0,56.9,56.300003,55.9,55.9,56.300003,55.9,55.600002,58.300003,56.600002,57.9,53.600002,53.300003,3951131,-1423646,1075200,1075200,1075200,1075200,1075200,1075200,652800,1401600,610,4,4,922,25,36,49,13,16,391,56,67,0,0,0,98,10,25,542,173,68,1,0,0,517800,2614,9066,723593,32941,58405,55910,19319,41219,448432,100194,130087,0,0,0,97292,21405,311292,428268,269492,124077,18,0,0,617.1311477449456,0.48004976671850697
1658001944669,39.480003,0.6179775,0.90909094,0.14285715,1.0,0.22727273,0.27272728,1.0,0.36363637,1.0,56.300003,56.600002,56.300003,55.9,56.300003,56.600002,55.600002,58.300003,56.300003,58.600002,53.9,53.300003,3958527,-1378785,1075200,1075200,1075200,1075200,1075200,1075200,652800,1401600,679,57,63,566,37,50,34,4,14,368,92,85,88,15,24,1,0,1,541,168,81,0,0,0,626403,86030,72159,466154,59844,88657,29773,2243,77310,444203,194817,187497,98977,25637,89662,0,0,0,431998,224109,112794,0,0,0,621.7980621118013,0.49480745341614907
1658001945699,39.538002,0.6482412,0.625,0.61538464,0.44,0.4347826,0.625,1.0,0.4,1.0,56.9,56.9,56.300003,56.600002,56.9,57.300003,56.300003,58.600002,56.9,58.9,54.300003,53.600002,3956386,-1477967,1075200,1075200,1075200,1075200,1075200,1075200,652800,1401600,484,13,17,606,23,22,4,0,0,414,76,79,103,21,42,12,2,6,551,140,87,0,0,0,420279,17499,19914,489391,28339,34493,2767,0,0,442280,133169,147627,106418,40414,221862,10995,327,33077,419877,191317,136771,0,0,0,619.5194009360374,0.48609048361934476
1658001946729,39.568,0.58152175,0.16666667,0.47619048,1.0,0.25,0.59090906,1.0,0.0952381,1.0,56.9,57.300003,56.600002,56.600002,56.600002,56.9,56.300003,58.600002,57.300003,58.9,54.300003,53.600002,3961057,-1375123,1075200,1075200,1075200,1075200,1075200,1075200,652800,1401600,721,30,29,274,9,13,179,47,51,288,66,55,199,18,52,0,0,0,501,110,126,1,0,0,564803,44009,28821,210342,8532,18144,141019,102377,245286,306653,137274,105228,124574,23298,440653,0,0,0,404625,180916,192816,17,0,0,620.0147769110764,0.48933541341653664
1658001947730,39.599003,0.56725144,0.95454544,0.61904764,0.6363636,0.1904762,0.0952381,1.0,0.04761905,1.0,57.300003,56.600002,56.300003,56.300003,56.600002,56.600002,55.600002,58.600002,56.300003,58.600002,53.9,53.300003,3968843,-1300965,1075200,1075200,1075200,1075200,1075200,1075200,652800,1401600,461,64,73,406,33,53,126,20,33,295,81,84,29,4,17,27,14,29,479,155,110,9,0,0,388600,101384,80337,353814,54459,89683,121482,31537,91247,340326,183085,158109,32053,10070,204691,25709,36130,153736,393713,247236,200266,427,0,0,619.8830016528926,0.4751338842975207
1658001948777,39.649002,0.625,0.8095238,0.45454547,1.0,0.33333334,0.1904762,0.90909094,0.3809524,1.0,57.300003,56.600002,55.9,56.300003,56.300003,56.600002,55.9,58.600002,56.300003,58.600002,53.9,53.300003,3961836,-1304932,1075200,1075200,1075200,1075200,1075200,1075200,652800,1401600,397,17,18,732,26,44,105,41,42,402,86,66,117,25,41,0,0,0,344,169,115,3,0,2,345896,21400,18246,551226,37377,59934,109848,97810,133420,428460,177286,139985,113243,50569,255948,0,0,0,305134,292172,260079,1512,0,2974,621.6754212218649,0.5116398713826367
1658001949806,39.697002,0.64878047,0.72,0.4814815,0.32,0.41666666,0.875,1.0,0.34615386,1.0,57.9,56.9,56.600002,56.9,56.600002,57.300003,56.300003,58.9,56.600002,59.300003,54.9,54.300003,3955413,-1382142,1075200,1075200,1075200,1075200,1075200,1075200,652800,1401600,301,0,0,710,20,28,92,21,54,417,95,99,116,14,33,28,4,4,556,160,52,1,0,1,214078,0,1017,572586,28761,46877,107410,54226,325074,457638,178871,213160,128983,14647,172495,21108,3859,12360,452773,216785,70474,34,0,468,619.93735,0.4576
1658001950837,39.734,0.5980392,0.25,0.53846157,0.8518519,0.5,0.76,0.64,0.18518518,1.0,57.300003,57.600002,56.600002,57.300003,57.300003,57.300003,56.300003,59.300003,56.9,59.300003,54.600002,54.300003,3964755,-1324769,1075200,1075200,1075200,1075200,1075200,1075200,652800,1401600,568,24,36,555,26,38,185,46,41,372,68,70,69,7,24,2,1,4,450,110,143,0,0,0,492287,31954,45932,445981,32236,66994,161402,94555,219759,386853,126165,144290,64443,13343,203922,2570,2201,26869,402723,166956,233981,0,0,0,620.0584370860927,0.481430463576159
1658001951843,39.785004,0.5990099,0.24,0.5769231,0.75,0.3181818,1.0,0.6,0.16666667,1.0,57.600002,57.600002,57.300003,57.600002,57.600002,57.300003,56.600002,59.300003,57.600002,59.300003,54.9,54.300003,3950352,-1405945,1075200,1075200,1075200,1075200,1075200,1075200,652800,1401600,644,51,41,586,38,56,15,5,3,222,64,51,46,18,45,47,6,14,366,120,167,1,0,0,537726,63037,46766,442293,49432,85476,14359,13479,6700,274670,128262,100062,48207,47817,524027,36446,13329,59683,347987,198562,282476,18,0,0,619.0238751950078,0.46856786271450857
1658001952882,39.825,0.60487807,0.5769231,0.6296296,0.26923078,0.30769232,1.0,0.84615386,0.2173913,1.0,57.9,57.600002,56.300003,56.9,57.600002,57.600002,56.9,59.300003,57.600002,59.600002,54.9,53.9,3959889,-1389466,1075200,1075200,1075200,1075200,1075200,1075200,652800,1401600,508,58,72,577,25,48,113,15,27,389,86,78,1,0,0,77,18,42,417,142,110,1,0,2,486436,99107,84801,449713,25141,86073,75827,27975,105901,433379,181692,154084,559,0,0,80295,35087,280493,346968,268311,198589,530,0,895,619.5795290423862,0.4715102040816327
1658001953917,39.862003,0.6117647,0.6666667,0.4,1.0,0.33333334,0.23809524,1.0,0.23809524,1.0,58.300003,57.9,56.300003,57.300003,57.600002,57.300003,56.300003,59.600002,57.300003,59.300003,54.9,54.300003,3962225,-1342774,1075200,1075200,1075200,1075200,1075200,1075200,652800,1401600,566,30,41,555,17,21,92,26,59,321,76,74,0,0,0,96,16,39,510,140,70,0,0,1,454908,46847,43695,451952,36346,33450,103067,71007,322007,344834,160816,154466,0,0,0,102227,22408,278960,442752,203726,106404,0,0,525,621.0884984423676,0.4639501557632399
1658001954918,39.910004,0.74871796,0.65217394,0.84,0.7083333,0.52,0.88,1.0,0.3043478,1.0,57.9,57.9,57.300003,57.600002,57.600002,57.9,57.600002,59.600002,58.300003,59.600002,55.300003,54.300003,3934586,-1567689,1075200,1075200,1075200,1075200,1075200,1075200,652800,1401600,404,25,36,597,37,55,3,0,0,485,81,52,113,25,61,28,8,8,276,158,124,1,0,0,347947,31076,42193,505376,50052,78998,1526,0,0,515608,121656,98728,114385,51009,435336,32077,10244,13205,263847,300909,264575,30,0,0,619.9017107309487,0.5039875583203732
1658001955961,39.943,0.54210526,0.2173913,0.8333333,1.0,0.0,0.16666667,1.0,0.0,1.0,58.600002,58.300003,56.9,57.600002,57.600002,57.9,57.300003,59.600002,58.300003,59.9,55.300003,54.600002,3947822,-1443482,1075200,1075200,1075200,1075200,1075200,1075200,652800,1401600,499,50,79,237,22,37,170,24,33,470,80,84,76,13,38,0,0,0,600,153,90,1,0,0,432106,78125,92089,204786,33946,57255,152927,30021,133256,487251,151695,151132,63238,31021,267906,0,0,0,471708,207902,120289,25,0,0,0.015224958949096881,0.014174055829228245
1658001957021,39.987003,0.52,1.0,0.03846154,0.03846154,1.0,0.08,1.0,0.04,1.0,54.9,54.9,54.600002,54.9,55.300003,55.600002,55.300003,57.9,55.9,57.9,52.9,52.9,3995897,-671692,1075200,1075200,1075200,1075200,1075200,1075200,652800,1401600,173,1,10,329,3,9,91,13,15,220,53,84,153,27,80,0,1,2,290,95,104,0,0,0,306426,2767,159436,377080,12658,94654,77750,20720,26989,239288,99224,457481,169175,56171,465631,7078,2698,7623,193572,265143,404577,0,0,0,-1.0,-1.0
1658001958132,40.024002,0.6359223,0.84615386,0.34615386,0.8076923,0.2962963,0.64,1.0,0.125,1.0,54.600002,53.9,53.300003,54.300003,54.600002,54.600002,53.9,56.9,54.600002,56.600002,51.9,51.600002,4026650,-426330,1075200,1075200,1075200,1075200,1075200,1075200,652800,1401600,0,0,0,276,14,69,227,36,95,3,1,0,105,11,68,8,1,2,126,79,131,0,0,0,0,0,0,315031,29407,583513,220396,57334,563393,1280,648,0,111345,34780,590559,0,0,0,114890,204033,612654,0,0,0,-1.0,-1.0
1658001959174,40.043003,0.7877358,0.96,0.84615386,0.61538464,0.7407407,0.8148148,0.84,0.51724136,1.0,54.300003,53.9,52.9,53.9,53.9,54.600002,53.600002,56.600002,54.300003,56.600002,51.300003,51.300003,4020421,-592041,1075200,1075200,1075200,1075200,1075200,1075200,652800,1401600,97,0,1,258,19,45,30,7,16,192,13,53,136,1,46,0,0,0,164,78,139,2,0,0,124947,0,20,323986,41074,376141,26210,15272,121880,138747,29899,476149,93321,906,436239,0,0,0,122437,206558,537874,44,0,0,0.0020496894409937887,0.003838509316770186
1658001960253,40.050003,0.6142857,0.7307692,0.44444445,0.44444445,0.7307692,0.35714287,1.0,0.24,1.0,54.600002,54.600002,54.300003,54.600002,54.600002,54.9,54.300003,56.300003,54.9,56.9,51.9,51.600002,3975655,-1090088,1075200,1075200,1075200,1075200,1075200,1075200,652800,1401600,27,0,0,339,11,40,158,12,19,131,9,14,121,5,25,73,7,25,385,37,158,4,0,0,26030,0,0,280586,24757,320294,113752,18812,31340,97594,7910,23327,71178,15010,451794,58358,13555,492400,237769,73385,505265,103,0,0,763.0392922590837,0.923349131121643
1658001961298,40.050003,0.6480447,0.7826087,0.4347826,0.3181818,0.61904764,1.0,0.6666667,0.4,1.0,55.9,55.9,55.600002,55.9,55.9,55.9,55.300003,57.600002,55.600002,57.600002,53.600002,52.9,3948795,-1483155,1075200,1075200,1075200,1075200,1075200,1075200,652800,1401600,475,23,35,615,22,37,285,63,88,270,48,36,155,21,54,1,0,0,563,115,120,3,0,0,375702,33381,41817,458370,32259,58724,304623,117134,201133,240707,81588,71070,147836,28249,320449,15,0,0,416772,147682,148800,67,0,0,999.4707769110764,0.6035569422776911
1658001962300,40.035004,0.6243655,0.53846157,0.76,0.2,0.36363637,0.96,0.7083333,0.4,1.0,57.300003,56.9,55.9,56.600002,56.9,56.600002,55.9,58.300003,56.600002,58.300003,54.300003,53.600002,3946265,-1474000,1075200,1075200,1075200,1075200,1075200,1075200,652800,1401600,661,38,63,539,10,13,316,60,62,188,26,26,47,8,33,114,16,31,519,112,114,2,0,0,533614,47925,75935,402935,12514,21979,287008,116772,102371,159086,41892,45667,50794,22889,322390,98377,27088,126457,395348,160081,150530,54,0,0,828.5247402799378,0.511751166407465
1658001963329,40.076,0.60194176,0.5555556,0.32142857,0.42307693,0.88461536,1.0,0.5185185,0.13043478,1.0,57.300003,57.300003,56.300003,57.300003,57.300003,56.9,55.9,58.600002,56.600002,59.300003,54.600002,53.9,3948211,-1450196,1075200,1075200,1075200,1075200,1075200,1075200,652800,1401600,466,21,21,494,12,19,322,103,108,286,70,79,26,4,15,89,12,32,519,101,114,0,0,0,372237,26316,19796,373687,13768,30261,337837,201851,192463,319687,113237,136638,27435,8922,82895,82616,25442,261499,428952,130595,177763,0,0,0,824.7949158878504,0.5041246105919003
1658001964355,40.099003,0.6588785,0.75,0.8,0.34615386,0.30769232,0.6923077,1.0,0.4074074,1.0,57.600002,57.600002,56.300003,57.600002,57.300003,56.9,56.300003,59.300003,56.600002,58.9,54.600002,53.9,3961252,-1375428,1075200,1075200,1075200,1075200,1075200,1075200,652800,1401600,481,10,13,603,12,24,263,71,80,264,67,81,45,4,11,66,11,28,391,144,104,0,0,0,366849,12427,12239,441506,12396,33698,260416,153933,131382,278337,131744,139609,44393,6852,78822,45968,27327,256660,349556,233697,189132,0,0,0,831.6289297971919,0.5126989079563182
1658001965380,40.137,0.6300578,0.61904764,0.4090909,0.3809524,0.8636364,0.5652174,0.85714287,0.3809524,1.0,58.300003,57.600002,57.600002,57.600002,57.300003,57.300003,56.600002,59.300003,57.300003,59.600002,55.300003,54.600002,3952882,-1438599,1075200,1075200,1075200,1075200,1075200,1075200,652800,1401600,367,30,27,347,8,13,281,54,74,394,69,103,136,16,35,22,0,3,396,124,109,2,0,0,334350,44983,28328,252566,11267,22263,277596,94747,146393,358891,135705,198218,101953,27596,151102,13498,0,20061,361679,213039,229430,48,0,0,824.4422679127725,0.502828660436137
1658001966420,40.171,0.6213592,0.4814815,0.61538464,0.5769231,0.53846157,0.76,0.84615386,0.15384616,1.0,58.600002,58.300003,57.300003,57.300003,57.300003,57.600002,56.9,59.600002,57.300003,59.600002,55.300003,54.600002,3955997,-1357117,1075200,1075200,1075200,1075200,1075200,1075200,652800,1401600,557,40,47,588,11,18,262,64,97,224,48,69,62,11,24,33,9,19,433,109,150,3,0,0,437022,55094,54314,459219,21619,24398,273427,116864,166072,230385,83284,128510,57071,14125,147176,22698,29146,332131,409712,168109,209761,60,0,0,828.4069922239503,0.5039875583203732
1658001967442,40.201,0.6,0.7037037,0.96153843,0.45833334,0.48,0.16,0.7916667,0.30769232,1.0,57.9,57.9,57.600002,58.300003,58.300003,57.9,56.9,59.9,57.300003,59.9,55.600002,54.600002,3949768,-1401978,1075200,1075200,1075200,1075200,1075200,1075200,652800,1401600,773,18,23,526,16,22,383,60,88,249,58,63,109,9,10,36,5,13,157,116,173,6,0,0,561326,24930,29719,386508,20588,26934,348104,104131,145730,238595,110715,97391,82792,12643,49027,42868,10068,88178,183363,271793,425262,112,0,0,826.4865940902022,0.5162799377916019
1658001968457,40.250004,0.6315789,0.28,0.6666667,0.53846157,0.44,0.96153843,0.96,0.23076923,1.0,58.9,58.300003,57.9,58.300003,57.9,57.300003,56.600002,59.9,57.300003,60.300003,55.9,54.600002,3941593,-1562195,1075200,1075200,1075200,1075200,1075200,1075200,652800,1401600,410,18,20,349,21,29,276,62,65,266,56,71,109,25,49,35,7,17,426,113,127,4,0,0,348957,24078,22997,289042,32006,38404,239619,111129,133254,259076,108770,139639,98244,52389,463109,30372,18901,145394,383330,167764,221863,77,0,0,823.0123297045101,0.5162799377916019
1658001969495,40.299004,0.6057692,0.4074074,0.41666666,0.65384614,0.7037037,1.0,0.5,0.15384616,1.0,58.9,58.600002,58.300003,58.600002,58.600002,57.600002,56.9,60.300003,57.600002,60.300003,55.600002,55.300003,3956775,-1428528,1075200,1075200,1075200,1075200,1075200,1075200,652800,1401600,683,22,31,724,23,32,293,41,43,265,49,72,18,1,14,48,19,19,350,117,176,2,0,0,532597,28950,32729,521656,24774,53028,243607,56974,55045,253672,89998,122156,16340,229,188358,52915,53940,55504,329698,204171,334198,59,0,0,825.0193615635179,0.5142410423452769
1658001970506,40.337,0.6135266,0.64,0.30769232,0.4642857,0.5416667,0.9230769,0.96153843,0.115384616,1.0,58.9,58.300003,57.9,58.300003,58.600002,58.300003,57.600002,60.600002,57.9,60.600002,55.600002,54.9,3953466,-1399231,1075200,1075200,1075200,1075200,1075200,1075200,652800,1401600,665,23,22,671,34,37,275,38,49,229,49,58,21,8,10,38,4,12,376,82,181,1,0,0,490626,33014,20256,489166,35658,54754,263209,56223,71637,223613,94544,100304,25930,21506,63105,40846,13031,110534,327118,133391,322490,29,0,0,826.9321057542768,0.5188678071539657
1658001971538,40.367,0.60294116,0.45833334,0.4074074,0.65384614,0.375,1.0,0.88461536,0.04,1.0,59.300003,58.9,57.600002,57.9,58.600002,57.9,57.300003,60.300003,57.9,60.600002,55.9,55.600002,3959305,-1376954,1075200,1075200,1075200,1075200,1075200,1075200,652800,1401600,246,8,10,676,18,28,412,72,107,319,57,66,0,0,2,120,17,36,333,159,122,2,0,0,200029,11895,15459,521987,27997,43878,378744,128604,178274,322176,86330,115731,0,0,18828,98322,28585,316031,288653,300571,235619,55,0,0,824.7858442367601,0.5024299065420561
1658001972574,40.416,0.5714286,0.95454544,1.0,0.09090909,0.14285715,0.18181819,1.0,0.13636364,1.0,59.300003,59.300003,58.300003,57.9,58.300003,58.300003,57.300003,60.300003,57.600002,60.600002,56.300003,55.300003,3955023,-1495362,1075200,1075200,1075200,1075200,1075200,1075200,652800,1401600,395,22,41,668,20,26,334,47,56,475,68,87,141,17,21,29,5,8,120,149,145,2,0,0,323937,32387,40214,450065,26258,34822,317370,69110,88260,439469,114219,142191,114400,24633,39999,24247,12218,47162,135658,364163,403249,72,0,0,830.4658,0.52975
1658001973578,40.457,0.5875706,0.27272728,0.5,0.6363636,1.0,1.0,0.13043478,0.09090909,1.0,58.9,59.300003,58.300003,58.9,58.9,58.600002,57.600002,60.9,58.300003,60.600002,56.600002,55.600002,3957554,-1404419,1075200,1075200,1075200,1075200,1075200,1075200,652800,1401600,605,21,25,350,10,21,370,67,91,317,74,101,106,12,22,32,2,3,405,100,169,3,0,0,463053,29488,20988,252482,9384,17202,356547,149169,175413,340469,144195,182295,91995,18824,102889,23313,3195,9917,342311,151349,289612,96,0,0,826.5555,0.50895
1658001974582,40.495003,0.59090906,0.45454547,0.8095238,0.5,0.23809524,0.77272725,0.82608694,0.04761905,1.0,58.9,58.9,58.600002,58.9,58.9,58.600002,57.300003,60.9,58.300003,60.9,56.300003,55.600002,3957943,-1403504,1075200,1075200,1075200,1075200,1075200,1075200,652800,1401600,637,4,14,378,24,26,219,25,30,360,47,46,196,35,44,43,11,24,279,92,203,1,0,0,493079,3540,10307,302177,37414,51090,203484,31016,38770,322126,73861,67439,172439,77511,216281,43908,31887,149592,288911,180451,372594,26,0,0,826.2971819595646,0.49751788491446347
1658001975623,40.533,0.57788944,0.45833334,0.8,0.41666666,0.16666667,1.0,0.65384614,0.041666668,1.0,59.300003,59.300003,58.600002,59.300003,58.9,58.300003,57.600002,60.9,58.300003,60.600002,56.300003,55.600002,3950352,-1424256,1075200,1075200,1075200,1075200,1075200,1075200,652800,1401600,686,29,38,684,24,32,313,50,64,179,36,42,187,29,39,25,5,8,259,100,209,1,0,0,533728,26517,40066,455472,27975,40956,314765,93275,123552,165927,70515,72507,147150,52387,136458,18314,14603,67464,248158,212869,434795,37,0,0,824.7200996884735,0.5086604361370717
1658001976679,40.571003,0.5763547,0.52,0.2962963,0.48,0.84615386,1.0,0.4,0.08,1.0,59.9,58.9,58.600002,59.600002,59.300003,58.9,58.600002,61.300003,58.9,61.300003,56.9,56.300003,3940815,-1596680,1075200,1075200,1075200,1075200,1075200,1075200,652800,1401600,654,26,31,619,15,23,416,46,60,307,64,69,17,5,2,71,9,24,199,122,171,1,0,0,487835,29256,35582,448923,19734,29171,334962,77288,104352,294221,108610,117465,13037,7287,4234,73155,9335,169470,193417,279861,413797,47,0,0,827.2421682242991,0.5041246105919003
1658001977716,40.601,0.5771144,0.16666667,0.26923078,0.29166666,0.8888889,0.7692308,1.0,0.08695652,1.0,59.600002,59.600002,58.300003,59.300003,59.300003,58.9,57.9,61.300003,58.600002,61.300003,56.9,56.300003,3945875,-1437684,1075200,1075200,1075200,1075200,1075200,1075200,652800,1401600,753,35,42,649,32,53,296,54,56,218,51,67,0,0,0,63,14,34,316,120,193,7,0,0,571961,45058,46802,522471,44957,75754,276680,109862,98407,239410,102213,136211,0,0,0,63232,31547,173245,297057,248367,341755,183,0,0,828.9522688,0.49853440000000004
1658001978749,40.65,0.6367925,0.23076923,0.85714287,0.28,0.8518519,1.0,0.6296296,0.25925925,1.0,59.300003,59.600002,58.600002,59.600002,59.300003,59.300003,58.600002,61.300003,58.9,61.300003,56.600002,56.300003,3955802,-1365357,1075200,1075200,1075200,1075200,1075200,1075200,652800,1401600,694,45,58,492,27,40,278,68,117,226,36,45,82,18,29,3,0,5,517,138,100,1,0,0,584494,74049,60092,371162,41189,66183,314955,132873,223696,200986,57507,72230,85870,37545,168659,5249,0,59314,423598,194677,140574,106,0,0,829.3305709828394,0.5029641185647425
1658001979798,40.695004,0.54891306,0.3043478,0.68,0.56,0.25,0.5416667,1.0,0.08695652,1.0,60.300003,59.9,58.600002,59.300003,59.600002,59.600002,58.9,61.300003,59.9,61.600002,56.9,56.600002,3943734,-1498719,1075200,1075200,1075200,1075200,1075200,1075200,652800,1401600,675,35,36,690,8,16,466,50,65,296,33,48,37,6,14,21,4,11,397,152,129,1,0,0,524552,36502,41236,485663,3347,21839,393722,72988,101257,265336,36858,90409,31403,14752,92695,27056,5251,64793,343477,259753,227148,30,0,0,328.74671228615864,0.21211819595645412
1658001980877,40.729,0.9285714,1.0,0.96428573,0.9285714,1.0,0.96428573,1.0,0.5185185,1.0,57.600002,57.9,56.9,57.600002,57.9,57.9,56.9,60.300003,57.9,60.300003,55.300003,54.9,4030542,-340576,1075200,1075200,1075200,1075200,1075200,1075200,652800,1401600,419,33,63,266,15,27,146,39,51,238,34,65,76,8,33,32,2,2,453,52,93,0,0,0,410246,63588,201948,250663,20161,44380,174029,84951,168087,222230,65941,321271,68661,22042,279040,22720,989,43396,304965,93934,433591,0,0,0,-1.0,-1.0
