1658013292723,27.179,0.26708075,0.055555556,0.4,0.1904762,0.22727273,0.10526316,0.95454544,0.05,0.14285715,34.300003,34.600002,33.9,34.9,35.300003,35.600002,34.600002,34.9,35.600002,36.9,32.300003,32.300003,4114626,-799866,1075200,1075200,1075200,1075200,1075200,1075200,652800,1401600,232148,23378,39114,216638,17712,34637,104879,9501,23042,97297,9371,23004,83128,7664,23456,82039,7509,22191,168076,12566,23492,80996,6186,18382,174328897,55864617,476417412,174514232,40902529,505786313,90803463,21794730,527456686,85709654,21702228,545276701,73530171,18037052,563529199,70769895,18020700,563763754,78940326,26416354,686979558,33409684,15456539,648525546,-1.0,-1.0
1658013293704,27.188002,0.30487806,0.15,0.15,0.0,0.18181819,1.0,0.65217394,0.2173913,0.0,32.9,32.600002,32.600002,32.9,33.300003,33.600002,32.600002,33.300003,33.300003,33.600002,31.900002,31.900002,4153164,-254516,1075200,1075200,1075200,1075200,1075200,1075200,652800,1401600,996,0,0,835,0,0,453,0,0,323,27,69,321,31,77,272,33,54,161,27,97,450,85,154,772555,0,0,644438,0,0,602622,0,0,250902,49046,312975,258236,61717,304489,211736,59821,172921,153180,57531,584858,240679,77132,246060,-1.0,-1.0
1658013294711,27.194002,0.21656051,0.11111111,0.15,1.0,0.14285715,0.055555556,0.15,0.0,0.10526316,33.300003,32.9,32.300003,32.9,33.300003,32.9,32.600002,32.600002,32.9,33.300003,31.900002,31.900002,4154137,-265197,1075200,1075200,1075200,1075200,1075200,1075200,652800,1401600,769,73,52,632,0,0,433,0,0,210,38,106,27,9,58,100,19,36,32,12,87,262,122,227,689438,98317,93681,907561,0,0,922993,0,0,219063,71504,652642,34998,27906,394507,94157,34910,135002,30080,35899,811778,274940,83978,566276,-1.0,-1.0
1658013295704,27.206001,0.36809817,0.21052632,0.3809524,0.23809524,0.4,0.42105263,0.3809524,0.33333334,0.5714286,33.9,33.9,34.300003,33.9,34.300003,33.9,33.600002,33.9,33.9,34.600002,31.900002,32.300003,4136425,-429992,1075200,1075200,1075200,1075200,1075200,1075200,652800,1401600,968,25,28,877,0,0,129,0,0,258,27,73,287,39,50,604,27,81,118,3,32,519,91,131,642874,38302,57913,770573,0,0,336285,0,0,210092,58764,506423,222137,77610,149724,261650,46431,454850,144726,3052,741752,301737,76560,405801,-1.0,-1.0
1658013296750,27.209002,0.9041096,0.9259259,0.962963,0.962963,1.0,0.9655172,1.0,0.4814815,0.962963,34.9,34.9,34.300003,35.300003,35.600002,35.300003,35.300003,35.600002,36.300003,36.9,32.600002,32.9,4076282,-1123658,1075200,1075200,1075200,1075200,1075200,1075200,652800,1401600,1189,0,0,1318,0,0,578,11,18,515,8,20,319,7,16,692,3,7,563,9,31,749,2,10,668826,0,0,738052,0,0,588252,16205,46778,574104,13785,62498,507383,12138,38039,573277,2499,15995,689894,8967,72357,566605,3218,9489,-1.0,-1.0
1658013297949,27.206001,0.6119403,0.64,0.76,0.64,0.5769231,0.5769231,0.5833333,0.33333334,0.76,36.600002,36.9,36.600002,37.300003,37.600002,37.300003,36.600002,37.300003,36.9,38.600002,33.9,33.9,4121049,-584106,1075200,1075200,1075200,1075200,1075200,1075200,652800,1401600,217,0,0,359,0,0,277,1,7,180,2,8,249,3,8,78,3,10,770,128,43,316,4,30,57605,0,420,78476,0,0,60761,383,5293,39267,1740,5302,50676,1908,7447,23636,833,10550,429017,211809,81419,80465,1273,24897,-1.0,-1.0
1658013299154,27.218,0.22815534,0.2173913,0.16,0.34615386,0.2962963,0.2962963,0.2,0.07692308,0.083333336,36.600002,36.600002,36.300003,36.9,37.300003,37.600002,36.9,36.9,37.300003,37.9,33.9,34.300003,4132922,-527344,1075200,1075200,1075200,1075200,1075200,1075200,652800,1401600,344,2,3,442,0,3,405,12,28,454,16,26,352,5,26,261,7,23,840,133,52,598,23,70,165007,4792,2463,222180,0,4813,152869,19926,73802,157249,47797,70303,143220,11580,103100,105721,17427,93919,445080,199075,141190,184287,17440,108679,0.13052700490998365,0.08577414075286416
1658013300223,27.224,0.64204544,0.6818182,0.5714286,0.65217394,0.5714286,0.7826087,0.77272725,0.36363637,0.6666667,34.9,34.600002,34.9,34.600002,34.600002,34.9,34.600002,34.600002,34.9,34.9,34.300003,33.9,4139345,-377197,1075200,1075200,1075200,1075200,1075200,1075200,652800,1401600,744,0,0,1090,0,0,506,62,67,465,46,71,423,46,71,543,24,54,328,23,83,510,66,75,692338,0,0,698247,0,0,297976,131029,209955,315284,99162,263998,281872,124996,222688,299630,35095,240650,286165,33190,595679,219104,174890,376226,-1.0,-1.0
1658013301290,27.235,0.047393367,0.03846154,0.03846154,0.0,0.03846154,0.037037037,0.07692308,0.0,0.14285715,35.300003,35.300003,34.9,35.300003,35.300003,35.600002,35.300003,34.9,35.600002,35.300003,33.9,33.9,4149076,-374145,1075200,1075200,1075200,1075200,1075200,1075200,652800,1401600,958,0,0,1100,0,0,793,37,41,533,36,51,497,24,47,405,22,31,530,11,87,554,13,75,618998,0,0,607389,0,0,403895,73995,116048,325436,50844,174101,286616,29139,208365,252073,41284,140041,400495,37573,407576,230997,16990,346203,-1.0,-1.0
1658013302389,27.235,0.20942408,0.33333334,0.13043478,0.20833333,0.13043478,0.20833333,0.22727273,0.08,0.25,33.600002,33.9,33.600002,33.9,33.9,33.600002,33.600002,33.600002,33.600002,33.9,33.300003,32.9,4170876,-157470,1075200,1075200,1075200,1075200,1075200,1075200,652800,1401600,666,12,33,846,13,28,430,22,83,255,32,68,330,30,68,401,31,56,146,5,53,302,7,58,671416,29121,207890,679680,25984,201130,277294,32808,524995,207029,70156,499382,225442,59861,430418,257037,70825,549195,132932,9576,778396,118049,16946,661241,-1.0,-1.0
1658013303418,27.241001,0.17010309,0.15384616,0.16,0.16,0.12,0.32,0.13043478,0.20833333,0.24,34.300003,34.600002,33.9,34.300003,34.600002,34.9,34.600002,35.9,34.9,36.9,32.9,33.600002,4142459,-502930,1075200,1075200,1075200,1075200,1075200,1075200,652800,1401600,742,7,31,791,4,35,468,22,45,382,24,60,576,22,64,627,17,54,218,8,84,235,26,63,583614,9421,157217,644313,7199,148039,298312,34435,469776,281007,60582,484724,323737,33470,312905,301450,23445,343460,245526,24983,720355,198242,76375,474794,-1.0,-1.0
1658013304483,27.250002,0.17073171,0.0,0.12,0.5925926,0.1923077,0.44444445,0.115384616,0.0,0.0,34.600002,34.9,34.300003,34.9,35.300003,34.9,34.9,35.300003,35.300003,36.300003,32.9,33.300003,4135646,-665894,1075200,1075200,1075200,1075200,1075200,1075200,652800,1401600,348,15,37,512,15,46,357,12,41,277,14,23,269,8,27,172,12,59,146,7,44,206,8,38,419914,25004,471747,391461,31637,455868,223765,14825,651176,192071,37335,620477,166488,6780,676665,166042,22106,618184,157326,26357,744634,72178,22267,671271,-1.0,-1.0
1658013305585,27.262001,0.17837837,0.2173913,0.20833333,0.13636364,0.24,0.13043478,0.0952381,0.13636364,0.32,33.300003,32.9,32.9,33.300003,32.9,32.9,32.9,32.9,33.300003,32.9,32.300003,32.600002,4169124,-162963,1075200,1075200,1075200,1075200,1075200,1075200,652800,1401600,349,18,53,606,57,58,258,53,85,131,11,47,169,16,46,132,22,59,71,14,57,105,8,54,512157,34923,375582,582906,147821,176685,244322,140819,395334,104140,20477,685019,123252,36956,544048,137766,68732,616733,44713,40184,841335,48472,4824,725295,-1.0,-1.0
1658013306594,27.259,0.23076923,0.20833333,0.39130434,0.25,0.24,0.29166666,0.20833333,0.04347826,0.2,33.300003,33.300003,32.600002,32.9,33.300003,33.300003,32.9,32.9,33.300003,33.300003,32.600002,32.300003,4158808,-264282,1075200,1075200,1075200,1075200,1075200,1075200,652800,1401600,326,0,35,589,4,33,179,50,81,153,23,69,111,19,51,203,41,53,30,3,67,55,19,87,539842,0,376269,540828,14247,355056,175601,110003,641651,161705,46994,711195,106895,35506,639031,194754,89070,618211,50248,8488,980770,47433,48404,866055,-1.0,-1.0
1658013307644,27.277,0.32,0.34615386,0.3043478,0.2173913,0.20833333,0.29166666,0.39285713,0.2173913,0.41666666,32.600002,32.600002,32.300003,32.600002,32.9,32.600002,32.300003,32.600002,32.600002,32.600002,32.300003,32.300003,4143627,-398865,1075200,1075200,1075200,1075200,1075200,1075200,652800,1401600,244,4,44,318,5,48,182,28,111,154,34,50,96,17,40,72,16,36,12,4,46,74,15,79,400979,5192,554954,361936,9705,539144,162820,56373,714327,181588,64328,703019,97569,33282,799226,63631,30655,758866,26982,9719,975818,70396,34163,878280,-1.0,-1.0
1658013308714,27.277,0.39772728,0.45833334,0.31578946,0.45454547,0.4347826,0.6363636,0.45454547,0.17391305,0.27272728,32.9,32.9,32.600002,33.300003,33.300003,33.600002,33.300003,32.600002,33.300003,33.300003,32.300003,32.300003,4148103,-417785,1075200,1075200,1075200,1075200,1075200,1075200,652800,1401600,253,11,25,476,7,50,158,22,66,273,31,63,134,16,50,107,9,54,96,7,48,175,9,57,460378,34412,432180,487230,14902,422170,138093,53873,758926,187566,47162,714489,111290,27187,692358,98832,19303,741291,63599,14927,779135,66707,19464,827001,-1.0,-1.0
1658013309774,27.295002,0.26455027,0.14285715,0.39130434,0.5,0.20833333,0.28,0.26086956,0.125,0.16,32.9,33.300003,32.9,33.300003,33.300003,32.9,32.9,32.9,33.300003,32.9,31.900002,32.300003,4138955,-461120,1075200,1075200,1075200,1075200,1075200,1075200,652800,1401600,411,3,64,428,24,65,204,16,51,196,28,63,61,5,21,126,9,41,53,25,61,303,12,44,309574,3342,579240,322099,51794,523664,127097,37525,719871,142975,79200,668939,38315,7420,690847,82260,6573,733785,46114,53925,985475,166995,31312,748295,43.09829315960912,1.000013029315961
1658013310811,27.307001,0.17801048,0.04347826,0.27272728,0.41666666,0.28,0.12,0.12,0.1923077,0.041666668,34.9,34.9,34.300003,34.300003,34.600002,34.600002,33.9,34.600002,34.300003,34.9,33.9,33.300003,4051758,-1263733,1075200,1075200,1075200,1075200,1075200,1075200,652800,1401600,633,50,51,723,37,56,262,35,72,170,43,84,71,11,42,315,66,86,195,63,129,307,56,145,648619,84684,110301,636070,56589,104435,278951,80705,431383,182100,110103,561033,61740,27943,501830,315139,125792,259788,205848,130266,653246,178158,133324,522522,526.026329113924,3.653620253164557
1658013311870,27.322,0.095,0.07692308,0.2,0.32,0.0,0.07692308,0.04,0.07692308,0.0,35.300003,35.300003,34.300003,34.9,34.9,34.600002,33.9,34.9,34.600002,34.600002,34.600002,34.300003,4052731,-1231690,1075200,1075200,1075200,1075200,1075200,1075200,652800,1401600,570,49,90,642,43,47,379,38,32,167,26,74,204,17,69,111,22,73,399,186,146,262,107,237,667138,65707,223619,690618,84339,71690,526284,101295,125319,154720,49467,683649,209368,21870,642751,164117,58314,649185,291588,326028,328191,216486,212242,564318,367.0223820224719,2.27569823434992
1658013312904,27.366001,0.119791664,0.045454547,0.2173913,0.36,0.041666668,0.041666668,0.12,0.12,0.041666668,35.600002,35.600002,35.300003,35.300003,35.300003,34.600002,34.300003,34.9,34.600002,34.9,35.300003,34.600002,4063436,-1044617,1075200,1075200,1075200,1075200,1075200,1075200,652800,1401600,527,73,97,600,73,86,490,58,43,239,42,91,91,7,50,218,44,85,108,81,147,130,87,185,549236,130723,266430,666535,132760,123473,643583,127553,98214,257004,75934,612826,115692,15801,721543,245195,92040,641976,136586,210499,636493,125037,238947,625725,373.4751270358306,2.3731074918566772
1658013313913,27.414001,0.26285714,0.04761905,0.2,0.4347826,0.045454547,0.0952381,1.0,0.04761905,0.045454547,36.600002,35.9,35.9,35.9,35.300003,35.600002,34.9,35.600002,35.300003,35.9,35.9,35.300003,4052926,-1245728,1075200,1075200,1075200,1075200,1075200,1075200,652800,1401600,652,67,68,678,55,63,502,39,32,157,26,67,101,10,37,172,17,50,100,81,154,187,79,175,617703,82686,138187,657524,84949,68934,564206,76841,87229,155226,54972,619908,91106,14815,678398,152770,30826,623577,120636,257745,585930,147504,220183,557288,374.9283,2.2763
1658013314944,27.477001,0.16585366,0.08,0.26086956,0.42307693,0.04347826,0.115384616,0.115384616,0.12,0.07692308,36.9,36.9,36.600002,36.600002,36.600002,36.300003,35.9,36.600002,36.300003,36.9,36.300003,35.9,4049228,-1228638,1075200,1075200,1075200,1075200,1075200,1075200,652800,1401600,755,47,68,699,46,54,512,50,39,159,35,66,97,7,32,81,18,32,132,79,153,216,133,157,671116,87867,187712,742448,68772,95073,602491,113426,105380,190891,86223,677918,72383,17353,695693,74807,30258,519031,160520,215031,594252,209118,283028,501734,375.5631009771987,2.311869706840391
1658013315988,27.539001,0.16042781,0.04347826,0.28,0.3181818,0.045454547,0.08695652,0.28,0.08695652,0.083333336,36.9,36.9,36.9,36.300003,35.9,35.9,35.9,36.300003,35.9,36.600002,36.300003,35.600002,4073168,-1011353,1075200,1075200,1075200,1075200,1075200,1075200,652800,1401600,548,29,56,712,43,49,506,57,48,325,67,93,156,41,63,134,19,53,90,75,143,185,164,151,671851,38229,217480,740820,69276,66868,581414,133355,118078,340321,127241,461050,167007,94827,567718,133513,32330,763393,112260,213272,617234,175635,340717,438679,387.68029813664594,2.321888198757764
1658013317020,27.622002,0.16836734,0.125,0.28,0.41666666,0.24,0.0,0.12,0.04347826,0.083333336,37.300003,37.300003,36.9,36.9,36.9,36.9,36.600002,36.9,36.9,37.300003,36.600002,36.300003,4050395,-1154480,1075200,1075200,1075200,1075200,1075200,1075200,652800,1401600,556,24,68,750,37,35,468,66,41,431,114,145,112,16,35,122,24,51,119,70,153,160,67,172,609482,43270,313025,795636,58969,45326,585230,150754,115171,468217,211438,267787,122895,32158,707052,137179,51969,731768,146197,192638,639765,116234,217739,633984,393.9773311793215,2.416387722132472
1658013318045,27.7,0.12437811,0.0,0.26923078,0.29166666,0.1923077,0.04,0.14814815,0.14814815,0.03846154,37.9,37.300003,36.9,37.300003,36.600002,36.9,36.600002,37.300003,37.300003,37.300003,37.300003,36.9,4055456,-1139832,1075200,1075200,1075200,1075200,1075200,1075200,652800,1401600,596,24,67,716,56,53,433,70,45,253,51,84,83,10,37,240,71,94,102,68,160,139,71,179,630586,37719,290720,739368,94232,79531,579595,152498,134283,237556,100301,596335,86388,13235,811590,264573,148158,470157,129812,208904,650080,140398,191776,652625,399.9455064935065,2.749766233766234
1658013319080,27.78,0.30813953,0.23809524,0.47619048,0.52380955,0.25,0.4090909,0.15,0.23809524,0.13043478,38.300003,37.600002,37.300003,37.300003,37.300003,36.9,36.600002,37.600002,36.9,38.300003,37.600002,36.9,4062268,-1106873,1075200,1075200,1075200,1075200,1075200,1075200,652800,1401600,731,36,54,716,52,42,427,66,60,375,97,112,85,10,43,175,43,68,110,69,133,146,93,187,704369,67459,163784,762448,86100,67397,567294,161100,135183,404196,176600,325779,104122,10121,724443,209064,88530,632847,139168,217203,558799,135566,231273,613618,413.9273009708738,2.8844919093851136
1658013320098,27.86,0.1,0.04347826,0.22727273,0.27272728,0.04347826,0.125,0.0,0.09090909,0.04347826,38.600002,38.600002,37.9,38.300003,38.300003,38.300003,37.9,38.300003,38.300003,38.600002,37.9,37.600002,4051174,-1265870,1075200,1075200,1075200,1075200,1075200,1075200,652800,1401600,754,21,37,817,20,23,497,36,39,411,29,75,312,26,59,413,22,73,508,129,132,168,69,143,580963,43958,126332,591973,30968,30804,439105,68623,112751,264257,42658,437469,174519,35638,385311,251710,36263,303473,406476,203606,247420,126316,162030,408477,421.9832703583062,2.7204169381107492
1658013321104,27.935001,0.16847827,0.08695652,0.22727273,0.3181818,0.13043478,0.13043478,0.08695652,0.17391305,0.13043478,38.9,38.600002,38.300003,38.300003,38.300003,38.300003,37.600002,38.300003,37.9,38.300003,37.9,37.600002,4029180,-1449891,1075200,1075200,1075200,1075200,1075200,1075200,652800,1401600,461,25,62,682,46,49,411,69,45,320,115,117,128,22,63,342,76,117,183,96,131,191,89,193,640197,49968,251036,729187,84035,79042,538762,155916,128089,346079,245832,333621,143748,47582,635654,341320,131448,416044,179111,229750,512272,130759,224225,624182,427.95640063593004,2.951173290937997
1658013322134,28.015001,0.1618497,0.0952381,0.23809524,0.3181818,0.16666667,0.09090909,0.17391305,0.27272728,0.09090909,38.9,38.9,38.600002,38.300003,38.600002,38.600002,38.300003,38.300003,38.300003,38.600002,38.300003,37.9,4037939,-1309510,1075200,1075200,1075200,1075200,1075200,1075200,652800,1401600,684,43,69,670,42,56,452,57,40,332,100,126,75,10,36,233,48,76,152,103,125,146,81,183,707462,64702,160675,731028,77390,95801,609911,134659,98243,383116,176412,366697,78445,15399,749932,227652,92492,581929,164293,273797,510293,117313,215377,628450,438.54950237717907,2.855150554675119
1658013323138,28.093,0.1185567,0.04347826,0.25,0.29166666,0.0,0.083333336,0.04,0.1923077,0.115384616,39.300003,38.9,38.600002,38.600002,38.600002,38.600002,38.300003,38.600002,38.600002,38.9,38.600002,37.9,4043389,-1215210,1075200,1075200,1075200,1075200,1075200,1075200,652800,1401600,647,24,71,741,39,42,422,56,51,214,34,76,116,13,45,196,60,82,141,97,122,115,84,189,600391,40885,271958,762693,65192,55621,550452,122169,136707,209187,61062,695947,116189,21923,780726,229023,123473,485233,161298,275272,468800,107247,249484,611722,450.1525705229794,2.8144278922345483
1658013324155,28.170002,0.16949153,0.13043478,0.29166666,0.2857143,0.09090909,0.09090909,0.13043478,0.28,0.0952381,39.600002,39.300003,38.9,38.600002,38.600002,38.300003,38.300003,38.600002,38.300003,38.9,38.9,38.300003,4055261,-1198426,1075200,1075200,1075200,1075200,1075200,1075200,652800,1401600,688,50,71,729,52,50,454,62,36,365,100,130,128,32,52,153,28,69,141,94,130,199,81,201,708261,75002,145897,762307,81993,78622,594721,122250,108383,392876,197684,338390,137687,62854,626928,156899,53443,745855,163763,284529,463565,145444,217336,621478,455.9379441707718,2.791513957307061
1658013325186,28.268002,0.18435754,0.05,0.27272728,0.36363637,0.125,0.13043478,0.13043478,0.3181818,0.04761905,39.600002,39.300003,38.9,39.300003,38.9,38.600002,38.600002,39.300003,39.300003,39.300003,39.300003,38.600002,4052342,-1195984,1075200,1075200,1075200,1075200,1075200,1075200,652800,1401600,722,34,64,728,43,45,433,66,40,349,100,108,73,2,33,144,43,79,192,126,128,163,85,192,697898,51054,178280,778698,72678,69937,562267,160130,114897,344378,185980,403916,74072,1816,750414,193346,106929,622705,215989,326066,417295,110277,228562,638383,467.34931578947374,2.7786315789473686
1658013326222,28.340002,0.13235295,0.11111111,0.2173913,0.34615386,0.03846154,0.115384616,0.04,0.15384616,0.04,39.9,39.600002,38.9,38.9,38.9,38.9,38.600002,38.9,38.9,38.9,39.300003,38.600002,4039885,-1248169,1075200,1075200,1075200,1075200,1075200,1075200,652800,1401600,761,51,59,722,40,49,407,67,51,279,57,91,78,12,42,149,55,63,216,95,131,165,94,194,701410,95028,139952,786780,70673,81816,532951,152508,139926,285442,111572,550254,96847,26973,732956,181101,158059,625979,225515,212465,483665,117630,252983,617452,475.9487378640777,2.793423948220065
1658013327239,28.417002,0.20571429,0.09090909,0.3181818,0.36363637,0.0952381,0.22727273,0.14285715,0.2,0.13043478,39.9,39.600002,39.600002,39.300003,39.300003,39.300003,38.9,39.600002,39.300003,39.300003,39.300003,38.9,4030542,-1240235,1075200,1075200,1075200,1075200,1075200,1075200,652800,1401600,779,35,64,724,28,44,467,59,40,232,43,88,160,33,71,268,66,92,132,66,142,180,85,187,729938,45533,147310,771176,43216,71258,606636,140386,107708,242031,97225,582056,214455,73489,643258,295605,144512,398421,146930,192182,576794,148596,224092,605284,485.895934318555,3.0291231527093596
1658013328280,28.506,0.16489361,0.04761905,0.22727273,0.3043478,0.045454547,0.12,0.13043478,0.16666667,0.08695652,40.300003,39.9,39.600002,39.600002,39.600002,39.600002,38.9,39.600002,39.300003,39.300003,39.600002,38.9,4046892,-1184082,1075200,1075200,1075200,1075200,1075200,1075200,652800,1401600,544,42,65,715,53,55,461,79,46,364,92,104,335,83,95,94,24,52,136,79,150,144,88,202,655026,87759,232867,768361,89868,75388,598439,157818,109410,381007,168138,396814,362207,156122,339860,126836,78192,650031,163963,247761,541408,128955,269590,615556,410.0971986970684,2.762944625407166
1658013329281,28.563002,0.0867052,0.09090909,0.13636364,0.18181819,0.09090909,0.0,0.13043478,0.17391305,0.045454547,40.300003,39.9,39.300003,39.9,39.600002,38.9,38.9,39.600002,39.300003,39.600002,39.600002,38.9,4063825,-1025391,1075200,1075200,1075200,1075200,1075200,1075200,652800,1401600,789,50,50,678,45,68,390,80,43,225,54,108,171,37,73,164,28,66,76,88,146,112,89,174,709078,72557,90635,722313,71997,108075,503473,177306,151520,267086,89596,566760,189875,78933,594189,168213,39692,542398,100949,283204,543528,87355,247598,592422,412.22738704581354,2.5911911532385465
1658013330283,28.649002,0.02793296,0.0,0.0,0.04347826,0.0,0.125,0.0,0.045454547,0.0,40.300003,39.9,39.300003,39.600002,39.600002,39.9,39.300003,39.600002,39.300003,39.9,39.300003,38.9,4082705,-746155,1075200,1075200,1075200,1075200,1075200,1075200,652800,1401600,846,25,39,780,27,38,465,41,62,197,15,72,356,38,49,132,35,59,81,55,143,184,80,172,738167,37405,93663,768284,42693,57496,504033,96245,242294,238661,23466,623424,285792,70534,418490,169096,90453,523859,107651,161640,641199,137524,194388,605029,-1.0,-1.0
1658013331316,28.718,0.034883723,0.0,0.045454547,0.0,0.045454547,0.0952381,0.0,0.0,0.0,38.300003,37.9,37.600002,38.300003,37.9,37.9,37.9,38.300003,38.300003,38.600002,37.600002,37.300003,4152385,-165710,1075200,1075200,1075200,1075200,1075200,1075200,652800,1401600,486,3,27,579,10,30,130,41,103,117,38,98,141,34,67,129,19,79,18,0,86,95,38,94,683411,3008,247542,712929,25454,215378,167966,107809,668489,145523,105366,639778,182191,105446,527122,149545,37636,741919,33363,0,867800,30253,123530,830083,-1.0,-1.0
1658013332358,28.774002,0.10194175,0.115384616,0.08,0.14814815,0.15384616,0.15384616,0.18518518,0.0,0.04,37.300003,37.300003,36.600002,36.9,37.300003,36.9,36.9,36.9,36.9,37.300003,36.9,36.600002,4153553,-632935,1075200,1075200,1075200,1075200,1075200,1075200,652800,1401600,254,17,84,263,26,86,147,26,99,90,24,91,73,9,52,102,24,75,2,0,70,73,1,20,298260,34253,654381,289694,40740,653808,125282,62659,795535,113936,73708,809318,91903,23095,745746,110621,51614,766731,2742,0,977932,16195,3021,999213,-1.0,-1.0
1658013333421,28.822,0.20348836,0.05,0.35,0.5652174,0.14285715,0.13636364,0.05,0.18181819,0.045454547,36.9,36.9,36.600002,36.9,36.9,36.9,36.600002,36.9,36.9,36.9,36.300003,36.300003,4151801,-170288,1075200,1075200,1075200,1075200,1075200,1075200,652800,1401600,351,23,56,349,8,62,208,29,88,172,33,72,222,24,58,145,30,72,94,16,41,105,10,57,442093,56443,421193,378991,26608,479243,159419,57581,681147,147956,69907,667443,125612,57459,588633,130035,62078,694847,60860,17432,854013,63003,19109,806264,26.22056597774245,0.45617806041335457
1658013334424,28.86,0.20320855,0.045454547,0.39130434,0.53846157,0.22727273,0.0,0.125,0.23076923,0.12,38.300003,38.300003,37.9,37.9,37.600002,37.9,37.300003,37.9,37.9,38.600002,37.9,37.300003,4054094,-1248169,1075200,1075200,1075200,1075200,1075200,1075200,652800,1401600,724,20,43,682,22,34,411,44,57,281,33,71,295,28,59,433,39,68,176,36,159,554,32,159,542482,28367,235478,523982,45000,199661,352461,79830,300172,240983,67112,501452,223502,49813,478661,292586,60487,389078,192095,59958,683742,250814,31597,546316,1014.6686763285024,6.689597423510467
1658013335434,28.887001,0.2173913,0.13043478,0.36363637,0.5416667,0.25,0.13043478,0.08695652,0.13636364,0.045454547,39.600002,39.300003,38.9,39.300003,38.9,38.600002,38.600002,38.9,38.9,39.300003,38.9,38.300003,4050785,-1268921,1075200,1075200,1075200,1075200,1075200,1075200,652800,1401600,645,33,62,614,21,31,265,21,22,445,73,94,415,71,113,189,41,86,232,93,215,337,102,287,636791,67044,192249,708595,36957,53160,450099,47103,78125,416644,119074,315612,383234,106177,362580,236035,85278,486167,218989,187464,504259,237442,170107,539050,843.9883544303798,5.60820253164557
1658013336442,28.920002,0.1969697,0.125,0.36,0.48,0.115384616,0.2,0.12,0.16,0.041666668,40.300003,40.300003,39.600002,39.600002,39.600002,39.600002,38.600002,39.600002,39.600002,39.600002,39.300003,38.9,4027428,-1289673,1075200,1075200,1075200,1075200,1075200,1075200,652800,1401600,625,45,55,657,19,39,332,34,26,454,80,117,342,69,86,310,51,98,185,107,208,237,117,216,638827,92909,171662,718085,30545,55936,515382,88713,72321,401990,119706,347374,368306,104479,328575,302692,92914,495204,203500,206615,485648,191894,235671,486989,851.855144654088,5.6381383647798735
1658013337462,28.971,0.22058824,0.12,0.39285713,0.64285713,0.041666668,0.041666668,0.28,0.15384616,0.04,40.9,40.9,40.600002,40.300003,39.9,40.300003,39.600002,39.9,39.9,40.600002,40.600002,39.9,4023146,-1400757,1075200,1075200,1075200,1075200,1075200,1075200,652800,1401600,897,37,59,707,23,45,390,28,21,469,86,122,151,30,70,137,34,68,176,110,205,347,90,247,657310,40308,147084,764699,40169,56615,541260,71584,63558,435552,109702,329775,133274,90113,573475,156140,85709,524921,205973,218234,502293,263221,161771,508894,848.9762861788619,5.600052032520325
1658013338478,29.024002,0.18905473,0.083333336,0.3043478,0.53846157,0.07692308,0.1923077,0.15384616,0.1923077,0.07692308,41.300003,40.9,40.600002,40.9,40.300003,40.300003,39.9,40.300003,40.300003,40.600002,40.600002,39.9,4033462,-1256409,1075200,1075200,1075200,1075200,1075200,1075200,652800,1401600,849,49,68,696,33,42,334,29,23,549,96,154,235,42,68,106,25,54,188,110,210,199,111,223,716315,65108,117213,773278,57518,57338,548824,71246,60493,521932,128049,247567,201576,93230,616487,116313,56931,608305,209830,236966,503598,159157,233016,559165,827.9833540372671,5.080049689440994
1658013339513,29.090002,0.19607843,0.115384616,0.36,0.53846157,0.23076923,0.08,0.08,0.12,0.04,41.600002,41.300003,40.9,40.9,41.300003,40.600002,40.600002,40.9,40.9,41.300003,41.300003,40.600002,4027623,-1371155,1075200,1075200,1075200,1075200,1075200,1075200,652800,1401600,966,40,40,767,22,35,451,40,14,186,30,89,143,25,51,145,17,36,164,104,190,353,107,266,759112,49114,75807,795609,31162,40827,615562,96102,32977,215189,41947,713640,154144,36399,593445,133416,32065,521879,177677,229981,492997,285558,173975,528478,827.5450931677018,4.91383850931677
1658013340558,29.146002,0.2361809,0.3043478,0.3846154,0.52,0.1923077,0.041666668,0.26923078,0.15384616,0.07692308,41.9,41.600002,41.300003,41.300003,40.9,40.300003,40.300003,40.9,40.9,41.300003,40.9,40.600002,4036966,-1238404,1075200,1075200,1075200,1075200,1075200,1075200,652800,1401600,770,67,78,723,33,47,399,42,24,327,83,117,114,20,67,102,22,51,130,125,183,274,121,239,714909,89947,112074,809877,50974,63958,602564,101495,61808,350260,153494,424669,144766,39579,676235,117281,53314,797087,152439,307835,502448,247849,259450,488491,825.5758151815182,4.879788778877888
1658013341590,29.218002,0.21666667,0.13043478,0.3181818,0.5,0.13636364,0.16666667,0.1904762,0.17391305,0.13043478,42.300003,42.300003,41.600002,41.600002,41.600002,40.600002,40.9,41.300003,41.300003,41.300003,41.300003,40.9,4036576,-1245728,1075200,1075200,1075200,1075200,1075200,1075200,652800,1401600,816,38,42,737,28,33,461,38,36,203,49,91,127,22,63,266,52,87,163,129,189,232,121,235,721579,47988,78182,796324,46115,45758,586791,83999,88790,218248,108605,570216,148746,41776,659696,279845,90321,535036,178075,266464,517963,190103,231907,528782,828.8131794071762,4.980667706708268
1658013342590,29.283,0.18817204,0.09090909,0.3478261,0.52,0.0,0.2173913,0.17391305,0.16666667,0.115384616,42.600002,42.300003,41.9,42.300003,41.9,41.9,41.600002,41.9,41.9,42.300003,41.9,41.300003,4017502,-1438294,1075200,1075200,1075200,1075200,1075200,1075200,652800,1401600,889,24,35,787,20,21,462,33,23,392,83,130,131,17,64,184,47,71,178,118,201,295,112,226,782149,32402,86692,796577,29630,29894,632689,59226,59053,388170,156196,368912,132136,28103,656768,192249,95703,593133,204668,238939,488888,222780,196778,477018,831.9722866043613,5.027738317757009
1658013343614,29.343002,0.15625,0.08,0.3181818,0.53846157,0.0,0.0,0.08,0.13043478,0.04347826,42.600002,42.300003,41.9,42.300003,41.9,41.600002,40.9,41.600002,41.600002,41.9,41.9,41.300003,4017891,-1423340,1075200,1075200,1075200,1075200,1075200,1075200,652800,1401600,791,58,77,560,44,51,389,54,39,209,63,108,52,6,33,189,47,77,185,111,197,217,119,240,702938,65820,132246,762380,73110,73459,532073,139995,88297,238968,148510,566626,69887,13044,668757,215424,84366,509484,232544,241860,488744,193510,210782,523124,828.0411936507936,5.143771428571428
1658013344636,29.414001,0.19186047,0.09090909,0.2857143,0.45454547,0.09090909,0.04761905,0.17391305,0.3478261,0.0952381,43.300003,43.300003,42.600002,42.9,42.600002,41.9,41.600002,42.300003,42.300003,42.9,42.300003,41.600002,4024119,-1340638,1075200,1075200,1075200,1075200,1075200,1075200,652800,1401600,867,49,56,601,29,43,401,31,28,457,120,87,123,17,61,96,24,65,151,120,184,254,103,245,740791,70484,93659,782104,43988,58249,556919,77348,78635,477587,216768,200145,133755,26697,701488,133912,60023,703478,169543,271092,494591,235669,187629,502633,827.0594480620156,4.897736434108527
1658013345656,29.473001,0.1882353,0.13043478,0.33333334,0.5,0.0952381,0.0,0.17391305,0.27272728,0.09090909,43.300003,43.300003,42.9,42.9,42.9,42.600002,42.300003,42.600002,42.9,43.300003,42.9,41.600002,4029959,-1376343,1075200,1075200,1075200,1075200,1075200,1075200,652800,1401600,861,16,35,656,16,14,403,45,34,487,89,135,282,84,85,125,25,70,172,103,188,325,103,253,799391,18597,87038,830744,22372,24211,539490,107898,81956,470985,128505,295409,329766,198110,371110,140720,66307,622879,196104,212166,461007,267970,179278,490758,830.1359871589085,4.942587479935794
1658013346686,29.536001,0.13170731,0.074074075,0.29166666,0.46153846,0.0,0.07692308,0.0,0.115384616,0.07692308,43.600002,43.600002,42.9,42.9,42.600002,42.600002,42.300003,42.9,42.9,43.300003,42.600002,42.300003,4021200,-1320801,1075200,1075200,1075200,1075200,1075200,1075200,652800,1401600,835,42,52,626,30,37,414,40,25,419,102,104,242,54,84,112,18,50,129,122,179,341,122,227,764017,62101,91728,798047,55815,53751,559301,95376,70251,424321,179271,322976,244976,96906,593976,107018,42553,700771,147345,274626,471579,250219,228664,488424,826.1682330097087,4.589618122977346
1658013347710,29.607002,0.15270936,0.0,0.33333334,0.53846157,0.0,0.0,0.04,0.1923077,0.07692308,43.300003,43.300003,42.600002,42.600002,42.9,42.300003,41.9,42.300003,42.600002,42.600002,42.300003,41.9,4035992,-1235962,1075200,1075200,1075200,1075200,1075200,1075200,652800,1401600,643,76,102,513,46,67,431,38,25,195,57,75,63,11,39,256,83,96,132,129,182,228,124,208,621729,126664,189134,710464,84962,101846,599289,85312,69164,209738,114358,637661,69840,28566,770379,275188,171249,437535,145725,301273,528472,175122,260186,538359,826.7526347107438,4.992158677685951
1658013348754,29.676,0.13265306,0.0,0.32,0.5185185,0.0,0.041666668,0.08,0.125,0.04,43.300003,43.300003,42.600002,42.600002,42.600002,42.600002,42.300003,43.300003,42.9,43.300003,42.600002,42.300003,4021978,-1308289,1075200,1075200,1075200,1075200,1075200,1075200,652800,1401600,795,43,56,643,27,36,386,55,29,223,64,56,272,57,113,324,66,78,172,114,188,273,108,247,736156,64504,125033,834814,46003,49675,567095,130905,92550,229218,145737,558423,300064,94866,500745,324242,110446,473411,193589,244881,505421,242540,209888,529719,827.2688198757764,4.621863354037267
1658013349781,29.744001,0.13366337,0.0,0.32,0.52,0.0,0.0,0.08,0.12,0.03846154,43.600002,43.600002,43.300003,42.9,42.9,42.600002,42.600002,42.600002,42.600002,42.9,42.600002,42.300003,4014972,-1344605,1075200,1075200,1075200,1075200,1075200,1075200,652800,1401600,864,59,60,659,33,44,441,44,34,105,24,45,106,23,57,315,53,109,149,118,185,229,121,228,717734,84660,104696,785158,62163,56986,597015,89017,77719,111780,55587,762055,137249,45704,678301,337190,72490,531267,165656,280800,500196,216740,217762,511651,826.999382594417,4.867888341543514
1658013350785,29.810001,0.24022347,0.0952381,0.36363637,0.5217391,0.0952381,0.13636364,0.2,0.39130434,0.09090909,44.300003,43.9,43.300003,43.300003,42.600002,42.9,42.300003,43.300003,42.9,43.300003,42.9,42.300003,4018670,-1319886,1075200,1075200,1075200,1075200,1075200,1075200,652800,1401600,770,50,68,615,38,43,450,44,21,111,21,59,338,105,136,130,24,51,161,122,198,251,109,226,686883,91383,142588,774643,61587,51771,608063,98539,56784,113766,60223,757390,396304,178846,301727,129873,45293,690331,161869,260221,531612,225139,212408,508455,830.2204327868852,4.921704918032787
1658013351812,29.878002,0.1521739,0.0,0.2857143,0.5416667,0.0,0.045454547,0.041666668,0.16666667,0.083333336,43.9,43.9,43.9,43.600002,43.600002,42.9,42.9,43.300003,43.300003,43.9,43.600002,42.9,4029375,-1288147,1075200,1075200,1075200,1075200,1075200,1075200,652800,1401600,914,21,30,688,14,20,401,52,21,475,83,110,129,25,58,245,43,92,156,113,186,285,109,246,792466,41166,59580,834749,30361,28255,561372,119117,48657,446466,136866,277369,148921,56635,617840,265959,90481,564902,155422,241895,483742,266267,168941,489810,828.8987329192547,4.965763975155279
1658013352817,29.938002,0.33990148,0.2173913,0.52,0.7692308,0.24,0.25,0.26923078,0.1923077,0.15384616,44.300003,44.300003,43.9,43.9,43.600002,43.600002,42.9,43.9,43.300003,43.9,43.600002,42.600002,4028012,-1377564,1075200,1075200,1075200,1075200,1075200,1075200,652800,1401600,711,65,95,586,39,56,405,38,20,384,74,106,42,4,29,74,17,49,128,123,179,324,110,245,648387,83497,167206,756173,56504,87619,578629,75948,65880,413415,134838,381832,56114,14868,789262,91448,33603,816211,137092,275831,522614,258673,189991,514396,824.1588111455108,4.641139318885449
1658013353874,30.003002,0.10344828,0.0952381,0.0,0.13636364,0.0,0.13636364,0.0,0.25,0.04761905,44.9,44.600002,44.300003,44.300003,44.300003,44.300003,43.600002,44.300003,44.300003,44.9,43.600002,43.300003,4023536,-1530152,1075200,1075200,1075200,1075200,1075200,1075200,652800,1401600,847,39,65,606,22,43,430,38,30,451,71,94,73,3,25,175,25,66,215,102,209,382,108,263,692789,51929,133351,731196,45805,69626,556584,76689,70557,414816,121088,351771,59552,2294,708897,194160,38176,603749,230960,206845,510369,293056,175584,506963,101.61404942339374,0.6265700164744645
1658013354913,30.073002,0.12849163,0.0952381,0.0952381,0.08695652,0.36,0.13043478,0.045454547,0.045454547,0.08695652,42.300003,42.300003,41.9,41.9,42.300003,41.9,41.9,42.300003,42.300003,42.600002,41.600002,41.300003,4118908,-378418,1075200,1075200,1075200,1075200,1075200,1075200,652800,1401600,761,3,13,476,4,7,199,37,92,434,70,70,144,32,62,206,43,88,43,10,114,156,45,129,843437,6618,52953,859103,7685,82167,244979,100730,560715,386871,184596,337624,155810,73645,560620,223181,85996,610297,66892,17333,762321,95737,158992,638770,-1.0,-1.0
1658013355955,30.131,0.34759358,0.3181818,0.23809524,0.26086956,0.29166666,0.41666666,0.26086956,0.42307693,0.54545456,40.600002,40.600002,40.300003,40.300003,40.9,40.600002,40.300003,40.600002,40.600002,40.9,39.9,39.9,4145768,-148010,1075200,1075200,1075200,1075200,1075200,1075200,652800,1401600,302,21,72,108,1,36,113,27,95,106,20,90,61,7,46,100,29,83,0,0,66,62,6,27,304974,47929,604952,201894,3230,782906,119017,75158,808215,101601,42625,791704,54668,18856,804702,101896,88461,793214,0,0,994464,12737,11139,890686,-1.0,-1.0
1658013356973,30.172,0.255,0.23076923,0.25,0.24,0.28,0.375,0.25,0.12,0.23076923,41.600002,41.300003,40.9,41.300003,41.300003,41.300003,40.9,41.600002,41.300003,41.600002,39.9,39.600002,4097303,-584106,1075200,1075200,1075200,1075200,1075200,1075200,652800,1401600,361,11,56,233,3,40,170,19,92,175,35,83,147,7,53,187,17,69,95,8,82,124,4,39,276961,32911,558913,277556,3756,625293,128991,40237,719694,141710,68030,685829,87134,10340,697362,110306,35733,741970,58956,9578,825917,50332,7966,958977,-1.0,-1.0
1658013358034,30.201002,0.20555556,0.04761905,0.33333334,0.0,0.3478261,0.09090909,0.13043478,0.27272728,0.28,40.9,40.600002,40.300003,40.9,40.9,40.600002,40.600002,40.300003,40.600002,40.9,39.600002,39.300003,4058765,-1052857,1075200,1075200,1075200,1075200,1075200,1075200,652800,1401600,356,3,69,335,6,67,109,17,32,160,14,52,99,5,17,110,5,51,93,7,58,176,28,44,328366,3807,575972,324971,8693,563619,72039,38058,804792,123724,25024,745795,37300,15007,753967,55296,9121,810007,60768,24942,908973,78175,39598,832760,350.0434776859504,3.521031404958678
1658013359043,30.217001,0.36453202,0.16666667,0.65384614,0.6,0.53846157,0.083333336,0.24,0.16,0.33333334,41.600002,41.600002,40.9,41.300003,40.9,40.600002,40.600002,41.300003,40.9,41.300003,40.9,40.600002,4045530,-1145325,1075200,1075200,1075200,1075200,1075200,1075200,652800,1401600,905,31,37,622,28,30,469,119,108,336,60,80,283,50,83,161,37,84,150,71,176,668,86,177,773518,34737,75981,720794,52985,43349,467983,192685,220715,329470,137273,329276,263532,76891,492585,186212,69832,613846,163843,167664,550923,383100,138369,345198,1380.7830234741782,8.888738654147105
1658013360080,30.245,0.27272728,0.14285715,0.6,0.13043478,0.6956522,0.04761905,0.04761905,0.2173913,0.26086956,43.300003,43.9,42.600002,42.9,42.600002,42.600002,42.300003,43.300003,42.9,43.600002,42.9,42.300003,4009911,-1465455,1075200,1075200,1075200,1075200,1075200,1075200,652800,1401600,817,39,49,406,12,19,251,54,81,388,27,41,250,27,61,294,47,66,484,74,317,999,56,301,589976,57743,81739,490138,26307,53881,253582,95087,272343,367477,45551,153164,187652,39546,397988,250830,87565,338330,327377,94074,519614,446618,58344,339386,1420.103847133758,7.9652993630573246
1658013361126,30.29,0.19900498,0.083333336,0.4347826,0.08,0.48,0.115384616,0.04,0.08,0.26923078,43.9,44.300003,43.9,43.9,43.600002,43.300003,43.300003,43.9,43.9,43.9,43.300003,42.300003,4011273,-1446229,1075200,1075200,1075200,1075200,1075200,1075200,652800,1401600,878,46,68,481,12,19,425,80,111,259,25,30,167,19,75,217,51,82,268,89,258,957,55,341,655666,66369,139533,653723,24591,37436,354994,134527,418767,354849,53211,130225,186831,49180,638236,243566,94200,496526,276597,152968,462817,450260,52356,410164,1368.152156862745,8.092130718954248
1658013362139,30.328001,0.30107528,0.08695652,0.5,0.09090909,0.47826087,0.7083333,0.13043478,0.17391305,0.13636364,44.600002,44.9,43.600002,43.9,43.600002,43.300003,42.9,43.9,43.600002,44.600002,43.600002,42.9,4008549,-1419068,1075200,1075200,1075200,1075200,1075200,1075200,652800,1401600,821,27,43,459,5,11,337,73,97,394,32,51,232,53,83,270,43,80,233,110,250,1024,57,234,673664,47610,125693,611883,14453,20260,347582,111180,439956,490841,68035,150007,239549,90818,464017,252781,57315,469964,249974,174048,493643,416563,58382,323917,1315.3979643435982,7.141341977309562
1658013363158,30.388002,0.25,0.13636364,0.45,0.04761905,0.5217391,0.17391305,0.17391305,0.13636364,0.3846154,45.300003,44.9,44.300003,44.600002,44.600002,44.600002,43.9,44.600002,44.300003,45.600002,44.300003,43.600002,4001152,-1488648,1075200,1075200,1075200,1075200,1075200,1075200,652800,1401600,790,48,82,570,29,38,324,75,77,476,34,44,181,55,79,105,17,49,230,116,238,710,82,297,652075,77791,160306,718904,49067,49614,343385,152801,396550,558616,53554,89453,194035,113607,306235,94222,42565,654738,254164,187009,493686,390533,82777,423480,1239.4002356589149,6.96577984496124
1658013364182,30.446001,0.18226601,0.12,0.375,0.04,0.36,0.083333336,0.07692308,0.14814815,0.1923077,45.300003,45.600002,44.600002,44.9,44.600002,44.600002,43.9,45.300003,44.600002,45.600002,44.300003,43.600002,4008938,-1488038,1075200,1075200,1075200,1075200,1075200,1075200,652800,1401600,930,52,52,583,19,26,435,79,119,425,34,49,180,30,52,119,25,55,249,117,240,724,59,283,730477,68103,88583,744741,35176,41964,389184,136518,379795,541116,62185,99532,147971,74817,689749,123604,57623,590931,254348,191722,492445,421352,58009,412396,1239.0257835218094,7.029764135702746
1658013365211,30.506,0.21764706,0.0952381,0.42857143,0.0952381,0.45,0.14285715,0.04761905,0.0952381,0.3478261,45.600002,45.600002,44.600002,44.9,44.600002,44.300003,44.300003,45.300003,45.300003,45.600002,44.600002,43.9,4018864,-1372071,1075200,1075200,1075200,1075200,1075200,1075200,652800,1401600,879,39,47,592,14,25,329,92,104,437,39,48,208,62,91,118,17,59,218,118,248,727,73,264,734162,48078,100342,762733,27792,38424,337781,181241,344895,554669,87551,95561,221433,160252,512042,130867,39104,657143,256472,191386,496367,401302,86233,378619,1240.8206721044046,6.455908646003263
1658013366215,30.557001,0.20588236,0.0,0.41666666,0.03846154,0.48,0.23076923,0.115384616,0.115384616,0.22222222,46.300003,46.300003,45.300003,45.300003,45.300003,45.300003,44.9,45.9,45.600002,46.600002,44.9,44.300003,4006602,-1420289,1075200,1075200,1075200,1075200,1075200,1075200,652800,1401600,796,40,70,600,16,27,273,62,86,500,35,58,200,36,75,241,54,94,254,108,243,694,42,273,657743,72601,186237,744264,24904,42956,269287,114115,477284,565733,63907,113629,175600,70484,576841,238787,85980,528652,286801,208273,441941,423845,53651,394226,1242.1560981996727,7.059168576104746
1658013367217,30.627,0.25862068,0.22727273,0.45454547,0.13636364,0.5,0.1,0.18181819,0.17391305,0.3181818,45.9,46.300003,44.9,45.300003,45.300003,44.9,44.600002,45.9,45.600002,46.300003,45.300003,44.600002,4015166,-1390992,1075200,1075200,1075200,1075200,1075200,1075200,652800,1401600,774,37,63,585,18,26,174,47,81,474,32,42,403,76,95,169,32,48,192,114,221,743,62,262,652956,75336,150237,746385,32330,34110,204729,100280,559444,558900,63730,91106,343982,126558,368098,153516,80712,580458,205032,214054,481892,425180,61211,380525,1240.672198757764,6.744198757763975
1658013368255,30.684002,0.2215909,0.13636364,0.42857143,0.09090909,0.4,0.13043478,0.09090909,0.27272728,0.2173913,46.300003,45.9,45.600002,45.9,45.600002,45.600002,45.300003,45.9,45.600002,46.600002,45.600002,44.9,4007770,-1506348,1075200,1075200,1075200,1075200,1075200,1075200,652800,1401600,871,62,78,614,23,33,157,36,69,489,44,50,497,102,144,90,8,46,240,116,236,733,50,295,739265,75404,112327,793289,43703,49430,167030,75307,691149,569641,82501,85379,518959,150044,247138,117478,8524,758809,277842,210697,471340,440672,55713,414417,1242.2661342062195,6.080837970540098
1658013369261,30.748001,0.17412935,0.07692308,0.41666666,0.03846154,0.44,0.115384616,0.07692308,0.12,0.23076923,46.600002,46.300003,45.600002,46.300003,45.9,45.600002,45.300003,46.300003,45.9,46.300003,45.600002,45.300003,4005045,-1408387,1075200,1075200,1075200,1075200,1075200,1075200,652800,1401600,751,51,56,607,23,34,303,57,101,510,30,57,85,23,35,177,20,63,220,108,223,936,120,216,655542,101285,142055,781414,44550,43628,304928,89195,461763,608305,41431,111350,118535,52474,337602,188402,30477,665893,279807,192924,411903,485078,130720,262127,1238.2063615999998,5.947699200000001
1658013370293,30.808,0.20231214,0.13636364,0.42857143,0.04761905,0.5217391,0.0,0.09090909,0.14285715,0.26086956,46.9,46.600002,45.600002,46.300003,45.9,45.9,45.300003,46.600002,46.300003,46.9,45.600002,44.9,4022562,-1360169,1075200,1075200,1075200,1075200,1075200,1075200,652800,1401600,851,23,56,622,23,27,300,59,77,482,36,59,155,18,55,378,83,119,229,122,244,800,83,236,698813,43860,189206,799904,42377,38262,262924,125037,551827,568684,65807,111327,148165,25048,718034,338545,149266,381903,260793,229117,480589,463239,91449,339827,1239.3868819875777,7.039204968944099
1658013371297,30.881,0.25142857,0.0952381,0.5,0.13636364,0.5,0.17391305,0.0952381,0.14285715,0.3478261,47.300003,46.9,46.300003,46.300003,45.9,45.9,45.600002,46.600002,45.9,47.300003,45.9,45.300003,4017113,-1414490,1075200,1075200,1075200,1075200,1075200,1075200,652800,1401600,719,45,56,581,19,23,365,100,99,476,32,44,388,61,92,129,24,49,199,115,216,677,55,276,620811,72449,114919,758180,38667,35704,394984,174836,319886,583084,52126,101868,351181,97640,464201,130558,43066,592375,217397,211072,453965,396246,56694,386977,1240.6418035426732,6.428444444444444
1658013372300,30.951002,0.22807017,0.1,0.4,0.0952381,0.4090909,0.14285715,0.05,0.1,0.39130434,46.9,46.9,46.300003,46.600002,46.300003,46.300003,45.600002,46.600002,45.9,46.9,45.9,45.300003,4021978,-1396180,1075200,1075200,1075200,1075200,1075200,1075200,652800,1401600,828,52,64,577,23,35,450,105,156,504,32,49,136,28,54,196,38,78,218,118,235,679,69,260,685301,74861,124768,756062,42047,46432,485912,144565,272913,588989,52861,106472,154949,74211,692282,192235,53660,562423,244619,210385,481293,421599,83725,355087,1242.0337951219512,6.995304065040651
1658013373341,31.008001,0.17877094,0.16666667,0.4,0.0,0.5,0.125,0.0,0.13636364,0.2173913,47.300003,47.300003,46.300003,46.9,46.300003,45.9,45.9,46.600002,46.600002,47.300003,46.300003,45.600002,4018280,-1384278,1075200,1075200,1075200,1075200,1075200,1075200,652800,1401600,808,57,62,611,23,39,504,93,126,483,47,49,110,25,55,131,32,41,229,126,251,724,52,282,695747,94799,125004,797717,41296,53667,471110,144011,314537,589278,88512,111239,124912,42529,701032,131575,78155,656605,265229,225480,480978,440715,64038,390690,1238.206945634267,6.518510708401977
1658013374361,31.082,0.26666668,0.14285715,0.42857143,0.13636364,0.5416667,0.13636364,0.24,0.2173913,0.3043478,47.300003,47.600002,46.300003,46.9,46.300003,45.9,45.600002,46.9,46.600002,47.600002,46.600002,45.600002,4010300,-1534424,1075200,1075200,1075200,1075200,1075200,1075200,652800,1401600,753,43,60,594,19,26,498,103,135,534,30,50,121,29,52,277,49,104,262,117,244,695,100,266,695449,68286,139746,785360,34295,33602,497328,165109,253578,620518,53585,98258,143812,64120,694068,280724,82834,523298,299033,198360,452751,410601,102476,358456,1241.6808526645768,6.943498432601881
1658013375366,31.145002,0.2580645,0.09090909,0.45454547,0.09090909,0.4347826,0.25,0.16,0.29166666,0.26086956,47.600002,47.9,46.9,46.9,46.600002,46.600002,46.300003,47.300003,46.600002,47.600002,46.600002,45.9,4003683,-1413880,1075200,1075200,1075200,1075200,1075200,1075200,652800,1401600,715,50,77,585,24,24,565,114,115,517,29,48,141,39,43,118,14,56,245,107,231,671,67,274,661273,77982,144441,775264,47322,40830,554802,156931,174905,591320,57494,93032,139593,85480,618500,106097,22607,758323,256754,188219,475978,406424,74327,388038,1238.492077419355,6.9564903225806445
1658013376376,31.209002,0.21925133,0.083333336,0.42857143,0.04347826,0.5217391,0.045454547,0.125,0.2,0.25,48.300003,48.300003,47.300003,47.600002,47.300003,46.9,46.600002,47.9,47.300003,48.600002,46.9,46.300003,3992394,-1641236,1075200,1075200,1075200,1075200,1075200,1075200,652800,1401600,674,30,72,535,24,33,561,105,113,528,25,48,131,17,49,158,15,58,202,124,233,785,38,254,561538,74205,266843,707407,45949,48684,522607,162393,176495,606659,46394,98815,127886,34333,650319,145530,20810,689606,233675,220992,482701,443589,47081,357881,1245.5210282131663,7.1009780564263325
1658013377395,31.276001,0.20197044,0.083333336,0.25,0.115384616,0.28,0.12,0.24,0.24,0.1923077,47.9,47.9,46.9,47.300003,46.9,46.9,46.600002,47.300003,46.600002,47.9,46.600002,46.300003,4013609,-1394043,1075200,1075200,1075200,1075200,1075200,1075200,652800,1401600,889,41,57,566,7,18,380,75,92,507,34,38,225,53,98,181,40,62,242,101,240,764,54,301,718215,52668,102415,738326,14008,22353,346798,159668,407734,562210,65487,56873,276066,96789,522150,162511,67733,532988,267652,191791,447552,406649,63534,412505,1240.5407921440262,6.381276595744681
1658013378423,31.333002,0.123595506,0.1,0.08695652,0.08695652,0.20833333,0.18181819,0.13636364,0.13636364,0.045454547,47.300003,47.300003,46.300003,46.600002,46.600002,46.300003,45.9,47.600002,46.300003,48.300003,46.300003,45.9,4053120,-864563,1075200,1075200,1075200,1075200,1075200,1075200,652800,1401600,891,48,49,513,23,29,334,59,82,507,40,38,122,15,56,104,8,32,311,103,178,699,37,233,684591,68925,97067,695598,35861,83017,324035,104718,461351,521714,79228,135548,128959,33574,686269,79791,16248,644327,268924,173958,435469,375369,60959,454280,0.0018808373590982288,0.0020869565217391307
1658013379444,31.396002,0.06417112,0.125,0.04347826,0.08,0.0,0.0,0.08695652,0.083333336,0.0,45.300003,45.300003,44.9,44.9,45.300003,45.300003,44.600002,45.600002,44.9,45.600002,43.9,43.9,4122022,-294800,1075200,1075200,1075200,1075200,1075200,1075200,652800,1401600,653,8,26,424,2,33,209,37,96,218,43,103,189,37,77,82,15,60,24,12,109,81,21,92,678410,12815,210331,691549,5179,253118,256930,81293,601492,290374,73642,550027,212612,79510,526675,95904,40131,693248,42986,40423,827357,44264,60528,821858,0.0019273927392739274,0.0021386138613861383
1658013380469,31.460001,0.13259669,0.13043478,0.13043478,0.17391305,0.14285715,0.13043478,0.3043478,0.0,0.0,43.600002,43.300003,43.300003,43.600002,43.600002,43.300003,43.300003,43.600002,43.300003,43.9,42.9,42.9,4115794,-311584,1075200,1075200,1075200,1075200,1075200,1075200,652800,1401600,314,27,111,354,27,103,129,22,86,162,37,95,272,11,72,86,19,64,1,0,78,41,3,38,326796,47230,581517,338242,62159,553050,139886,58388,704482,149965,77169,736614,234558,22009,658424,87452,56636,754645,2058,0,972250,13719,11773,955291,-1.0,-1.0
1658013381514,31.501001,0.19587629,0.20833333,0.20833333,0.125,0.23076923,0.24,0.24,0.125,0.26086956,42.9,42.600002,42.600002,42.600002,42.9,42.600002,42.300003,42.600002,42.600002,43.300003,41.9,41.9,4137593,-179748,1075200,1075200,1075200,1075200,1075200,1075200,652800,1401600,417,14,70,254,10,60,163,29,82,108,26,63,183,10,74,160,18,58,97,11,69,104,14,56,374115,29122,444182,356263,25102,507809,108383,54476,640977,68378,64789,714173,99371,19958,684891,85844,42426,625975,57514,23899,831946,41088,31657,811655,0.004236842105263159,0.007078947368421053
1658013382514,31.533,0.23255815,0.04761905,0.45,0.04761905,0.77272725,0.09090909,0.13636364,0.3043478,0.08695652,43.300003,43.600002,42.600002,43.300003,42.9,42.9,42.9,42.9,43.600002,43.300003,42.600002,42.300003,4027818,-1231385,1075200,1075200,1075200,1075200,1075200,1075200,652800,1401600,649,8,42,590,13,35,198,34,54,263,26,44,169,13,53,184,16,47,129,25,85,248,33,90,440901,10149,374996,441803,30217,372880,169878,58589,617013,233423,46455,562257,113411,18920,671827,134443,15409,523520,105695,58143,782038,131518,51604,679808,894.2394313408724,6.010054927302099
1658013383512,31.552002,0.40957448,0.3043478,0.7,0.2173913,0.73913044,0.20833333,0.33333334,0.5,0.2962963,45.300003,44.9,44.300003,44.9,44.600002,44.300003,43.600002,43.600002,43.9,43.9,43.9,43.600002,4028791,-1273804,1075200,1075200,1075200,1075200,1075200,1075200,652800,1401600,760,30,60,519,24,35,441,74,108,227,16,12,367,59,91,228,39,88,279,70,232,123,48,157,621161,63360,159821,649804,40352,56929,385536,129808,308326,388312,52115,41636,326883,110937,371296,212446,87257,424920,229073,120163,579810,62013,155140,682883,1399.221965678627,7.534876755070203
1658013384531,31.578001,0.36666667,0.33333334,0.61904764,0.26086956,0.59090906,0.3043478,0.22727273,0.41666666,0.2173913,46.300003,45.9,45.300003,45.9,45.300003,45.600002,44.9,45.300003,45.600002,45.9,45.600002,44.600002,4002320,-1563416,1075200,1075200,1075200,1075200,1075200,1075200,652800,1401600,818,44,54,390,13,19,265,42,88,284,21,31,266,48,100,298,42,75,486,63,254,774,56,180,623586,64861,92030,509077,20644,31097,223290,66308,533839,382586,53771,85707,235147,93464,492141,256761,77096,418582,303654,91248,468404,290955,76224,519959,1515.1812721311476,9.313154098360656
1658013385541,31.625002,0.295858,0.1,0.5,0.055555556,0.6818182,0.18181819,0.1904762,0.39130434,0.23809524,46.9,46.600002,46.600002,46.600002,46.300003,46.300003,45.600002,46.600002,46.300003,47.600002,45.600002,45.300003,3999206,-1508790,1075200,1075200,1075200,1075200,1075200,1075200,652800,1401600,664,39,48,437,11,14,210,43,74,329,25,34,260,42,68,367,60,101,443,67,255,1611,94,95,550021,57180,80979,509601,17139,17279,200768,58681,491301,491667,60054,96833,193268,74767,426863,304756,120338,306661,285756,99089,407521,448502,111955,199047,1308.2670870279148,7.152761904761904
1658013386543,31.670002,0.3768116,0.23076923,0.5416667,0.23076923,0.64285713,0.35714287,0.44444445,0.3846154,0.31034482,47.300003,46.9,46.300003,46.9,46.300003,46.300003,45.600002,46.300003,45.9,47.300003,46.300003,45.300003,4003877,-1459046,1075200,1075200,1075200,1075200,1075200,1075200,652800,1401600,761,33,60,499,10,11,265,50,42,306,22,35,147,30,64,279,61,97,508,81,255,1389,33,155,626326,51092,169619,635405,14606,15680,247031,98378,522034,487653,48365,75462,168237,58857,582499,294177,96803,449778,342531,113763,419617,373679,51980,407296,1327.603325695581,7.741381342062193
1658013387576,31.724,0.2556818,0.13636364,0.5,0.08695652,0.8095238,0.05,0.13636364,0.27272728,0.045454547,47.600002,47.600002,46.9,47.300003,46.9,46.9,46.300003,46.600002,46.600002,47.300003,46.600002,46.300003,4001542,-1459656,1075200,1075200,1075200,1075200,1075200,1075200,652800,1401600,674,35,57,512,9,15,330,78,91,333,17,35,120,21,35,144,20,47,467,70,263,1754,41,186,597194,55018,140934,639659,16948,21297,264867,149217,377908,555095,37645,88588,124472,51317,507965,130017,31347,569040,335334,94710,403944,471840,37885,295275,1335.0130443349756,6.864446633825945
1658013388612,31.788002,0.27272728,0.125,0.5,0.08,0.64285713,0.16,0.12,0.3846154,0.25925925,47.600002,47.600002,46.9,47.300003,46.600002,46.600002,46.300003,46.300003,46.300003,46.600002,46.600002,45.9,4012441,-1402283,1075200,1075200,1075200,1075200,1075200,1075200,652800,1401600,862,38,60,645,13,21,201,49,90,267,9,18,294,105,80,179,30,70,556,67,253,615,52,150,690690,58063,108355,781455,21909,23389,203642,105137,594679,414510,18278,43604,340922,248521,319837,177224,48929,625919,384305,84731,471739,179443,123705,628103,1352.0142681744749,7.552155088852989
1658013389624,31.835001,0.38918918,0.3478261,0.6363636,0.13636364,0.7083333,0.3043478,0.3181818,0.48,0.18181819,47.9,47.600002,47.300003,47.600002,46.9,46.9,45.9,47.300003,46.9,47.300003,46.9,46.300003,3999401,-1426697,1075200,1075200,1075200,1075200,1075200,1075200,652800,1401600,672,34,65,495,1,11,216,30,67,371,13,33,310,55,74,138,24,62,583,79,230,1352,48,163,623623,77405,145726,643004,2462,13655,225811,74129,560365,556077,29157,71454,278799,94827,450971,161106,46792,612561,378699,100792,386151,395852,55301,385155,1394.611486862442,8.432420401854714
1658013390648,31.893002,0.35,0.23076923,0.76,0.18518518,0.7307692,0.14814815,0.26923078,0.41666666,0.1923077,48.600002,48.300003,47.300003,47.9,47.600002,47.300003,47.300003,47.300003,47.9,47.600002,47.300003,46.9,3999595,-1426697,1075200,1075200,1075200,1075200,1075200,1075200,652800,1401600,811,41,47,489,9,17,314,61,76,380,7,23,109,12,28,124,12,26,470,68,272,1109,49,202,576818,64388,93086,552220,18210,29919,255353,94917,439184,552950,20135,51188,97412,12233,259975,96231,16932,217909,332890,91651,417674,369972,80833,378696,1438.3230984126985,8.009346031746032
1658013391712,31.959002,0.31073445,0.22727273,0.6666667,0.08695652,0.6956522,0.13043478,0.0952381,0.4090909,0.25,48.600002,48.9,47.9,48.300003,48.300003,48.300003,47.300003,47.9,48.300003,48.300003,47.600002,46.600002,4006991,-1519471,1075200,1075200,1075200,1075200,1075200,1075200,652800,1401600,700,32,55,350,7,11,279,63,91,277,12,27,172,37,67,226,51,82,559,60,286,1488,33,179,563506,46460,143767,467410,15343,10520,266917,131724,442883,448080,39715,89174,194479,73887,434797,218961,88516,409471,359085,66127,444174,415268,48644,364596,1429.2575263157894,7.467105263157895
1658013392745,32.017002,0.38636363,0.26086956,0.90909094,0.0952381,0.8695652,0.13636364,0.23809524,0.3809524,0.18181819,48.9,49.300003,47.9,48.300003,47.9,47.600002,47.600002,48.300003,48.300003,48.600002,47.9,46.9,4002904,-1390076,1075200,1075200,1075200,1075200,1075200,1075200,652800,1401600,748,34,47,430,14,8,371,74,88,304,26,33,229,40,61,213,23,71,676,83,243,1311,46,160,616898,60302,106781,513082,15423,7755,304024,148740,379989,434041,72770,91083,194511,82282,374222,215161,43067,582707,391997,118287,368198,406514,56172,291706,1472.0979409836066,8.136918032786886
1658013393780,32.077,0.24742268,0.24,0.54545456,0.0,0.7083333,0.04,0.12,0.36,0.0,48.9,48.600002,47.9,48.300003,48.600002,48.300003,47.600002,47.9,47.9,47.9,47.9,47.300003,4011468,-1422425,1075200,1075200,1075200,1075200,1075200,1075200,652800,1401600,616,17,36,212,0,0,333,68,105,222,4,14,244,47,49,195,46,79,583,86,271,1017,33,166,515531,19006,116447,284680,0,0,311065,141648,357769,470150,13326,40642,228733,108106,360479,196305,78354,366485,354874,102158,422969,300693,41461,455398,1440.9350065359479,7.233516339869281
1658013394806,32.128002,0.24630542,0.08,0.5416667,0.0,0.6666667,0.07692308,0.083333336,0.34615386,0.115384616,49.300003,48.9,48.300003,48.600002,48.300003,48.300003,47.600002,48.300003,47.9,48.300003,47.9,47.300003,4006408,-1438904,1075200,1075200,1075200,1075200,1075200,1075200,652800,1401600,759,29,53,508,13,28,346,85,117,418,21,28,197,24,66,145,30,62,487,55,251,1015,46,164,624993,45850,123954,632661,19275,35073,341747,140704,364239,548270,56221,70399,175140,34087,527783,151218,60783,602924,353763,80779,410288,293320,66020,455598,1515.6154313408722,8.91740226171244
1658013395823,32.198,0.23902439,0.12,0.5,0.04,0.6296296,0.07692308,0.115384616,0.26923078,0.15384616,49.600002,49.300003,48.300003,48.600002,48.600002,48.600002,47.9,48.600002,48.9,48.9,48.600002,47.600002,4002320,-1453858,1075200,1075200,1075200,1075200,1075200,1075200,652800,1401600,586,44,60,401,11,11,285,76,97,332,17,25,227,41,60,348,81,107,498,75,256,1262,46,167,552586,88470,143858,519661,20868,13194,295813,138530,384821,580585,34181,58337,232967,77897,491028,323794,124626,309770,334896,99300,406141,359861,46937,445011,1534.5016291600632,8.11988589540412
1658013396831,32.242,0.24875621,0.12,0.52380955,0.115384616,0.6923077,0.04,0.08,0.30769232,0.15384616,49.600002,49.600002,48.9,48.9,48.600002,48.9,48.300003,48.9,49.300003,49.600002,48.9,47.9,4003099,-1500550,1075200,1075200,1075200,1075200,1075200,1075200,652800,1401600,658,31,65,590,11,16,339,65,98,444,19,43,228,50,82,202,44,82,458,71,253,1574,104,86,603642,47133,175810,744408,16741,26127,325715,120330,467005,604552,51620,83447,214532,84968,517939,199781,79865,578965,349472,93887,375560,464561,150588,211535,1508.182016,7.2195072
1658013397837,32.319,0.29946524,0.24,0.6666667,0.041666668,0.75,0.041666668,0.24,0.3181818,0.09090909,49.9,49.9,48.9,48.9,48.9,48.600002,47.9,48.9,48.600002,49.600002,48.600002,47.9,4021005,-1356202,1075200,1075200,1075200,1075200,1075200,1075200,652800,1401600,780,33,62,591,18,16,338,76,105,326,19,31,210,36,79,113,31,47,467,63,260,1164,143,111,592502,44866,176789,692310,31197,21016,320499,128575,385543,494591,37548,65931,200754,73036,569302,104524,61311,564907,336898,102595,408770,428096,210146,222900,1544.9706666666668,7.581522906793048
1658013398885,32.370003,0.33497536,0.1923077,0.77272725,0.12,0.7777778,0.12,0.08695652,0.4,0.1923077,49.9,49.600002,49.300003,49.300003,48.9,48.9,48.300003,49.300003,49.300003,49.9,48.9,48.300003,4008549,-1571046,1075200,1075200,1075200,1075200,1075200,1075200,652800,1401600,759,50,68,523,15,21,212,27,66,409,19,40,296,40,83,155,28,56,603,56,244,1507,115,91,622512,77468,107269,620391,21688,32204,179309,53094,709964,557559,37228,101583,247689,53752,581781,173671,48552,540370,402952,76068,388711,442406,149909,258003,1592.4389024793388,8.529295867768594
1658013399888,32.424,0.24019608,0.04347826,0.5769231,0.12,0.53846157,0.07692308,0.04,0.39285713,0.12,50.600002,50.300003,49.600002,49.9,49.9,49.600002,49.300003,49.9,49.600002,50.600002,49.300003,48.600002,3995119,-1524964,1075200,1075200,1075200,1075200,1075200,1075200,652800,1401600,668,31,51,446,3,7,288,47,79,349,7,27,283,59,93,292,56,81,525,69,270,1572,73,127,603019,62777,137704,582458,5081,7669,261877,71129,480116,526664,20662,63413,241657,124536,394317,274026,102186,387166,315710,83500,406805,455363,90989,234694,1601.606148031496,7.762645669291339
1658013400928,32.494003,0.28431374,0.25925925,0.65217394,0.07692308,0.61538464,0.04,0.07692308,0.4074074,0.125,50.600002,50.600002,49.300003,49.600002,49.600002,49.300003,48.600002,49.600002,49.600002,49.600002,49.300003,48.300003,3999595,-1447449,1075200,1075200,1075200,1075200,1075200,1075200,652800,1401600,672,35,62,564,9,20,409,78,96,471,19,37,111,16,45,198,33,66,524,65,239,1253,47,177,597553,54220,160324,670656,14202,31873,360896,124118,356128,600744,25751,82321,126956,27490,677418,163193,74766,598556,365132,104465,399326,421229,47427,392727,1644.3783251231528,8.601799671592776
1658013401984,32.554,0.057291668,0.083333336,0.08,0.041666668,0.12,0.04347826,0.04347826,0.125,0.0,50.600002,50.300003,49.600002,49.600002,49.600002,49.300003,48.9,49.9,49.600002,50.300003,49.300003,48.600002,4003877,-1342774,1075200,1075200,1075200,1075200,1075200,1075200,652800,1401600,697,46,73,567,5,10,258,43,77,505,25,31,160,25,67,229,34,71,553,81,273,1225,50,191,616634,71234,136617,676273,8049,14769,229227,75565,602777,602622,60283,66830,149814,53712,683231,203514,56114,597435,346423,104754,427984,424104,54378,379055,935.2987662337662,5.154909090909091
1658013402981,32.611,0.032432433,0.04347826,0.0,0.04347826,0.041666668,0.0,0.08695652,0.0,0.0,48.600002,48.600002,47.9,48.300003,47.9,48.300003,47.600002,48.600002,48.300003,48.600002,47.300003,47.300003,4117156,-305481,1075200,1075200,1075200,1075200,1075200,1075200,652800,1401600,843,2,10,413,1,7,245,37,68,257,32,71,292,56,78,358,46,68,292,28,123,504,60,142,745993,4898,52039,727697,20,63456,224431,82248,478502,317321,67057,384668,286236,109858,359386,282400,100045,298953,187935,35588,555645,178896,142037,510676,-1.0,-1.0
1658013404007,32.662003,0.02259887,0.0,0.0,0.045454547,0.0,0.04761905,0.0,0.0,0.0,46.300003,45.9,45.300003,45.600002,45.9,45.9,45.600002,46.300003,45.9,46.300003,45.600002,45.300003,4129418,-167236,1075200,1075200,1075200,1075200,1075200,1075200,652800,1401600,378,16,65,117,0,32,66,21,94,76,33,88,130,28,75,76,13,80,9,0,48,34,33,86,448068,31814,443107,404670,654,593554,96940,66708,806126,119392,88604,746730,144870,71172,708081,86464,31044,761662,17948,0,942899,11698,107858,860119,-1.0,-1.0
1658013405006,32.704002,0.024509804,0.0,0.0,0.0,0.074074075,0.0,0.07692308,0.0,0.0,45.300003,44.9,44.600002,44.9,45.300003,45.300003,44.600002,44.600002,44.9,44.9,44.300003,43.9,4129807,-216064,1075200,1075200,1075200,1075200,1075200,1075200,652800,1401600,287,17,74,69,3,34,133,19,100,127,12,93,96,6,63,44,29,83,0,1,27,72,2,65,303725,26764,620908,205867,7514,761882,100786,52052,752401,107381,24461,809694,72242,11147,756698,70758,80957,746135,0,5093,979872,14681,3288,952128,-1.0,-1.0
1658013406020,32.729,0.2662722,0.23809524,0.55,0.77272725,0.13636364,0.13636364,0.09090909,0.23809524,0.13636364,44.300003,44.300003,43.600002,44.300003,44.300003,43.9,43.600002,44.300003,44.300003,44.300003,43.600002,43.300003,4119102,-112304,1075200,1075200,1075200,1075200,1075200,1075200,652800,1401600,407,12,65,307,19,50,106,22,50,179,19,51,200,20,81,194,26,62,112,6,40,108,15,48,415408,12892,423599,418078,38104,427585,81616,42636,620923,118383,33897,578386,123746,45165,625366,133758,53435,631878,61311,9757,549350,39962,24415,781824,41.69547281713344,0.7077298187808896
1658013407064,32.742,0.39306358,0.1904762,0.8947368,0.95454544,0.25,0.14285715,0.0952381,0.2857143,0.26086956,46.600002,46.600002,46.300003,45.9,45.9,45.9,45.600002,46.300003,46.300003,46.600002,45.600002,44.9,4005045,-1536561,1075200,1075200,1075200,1075200,1075200,1075200,652800,1401600,765,10,36,702,12,16,429,23,45,363,51,92,265,24,68,369,57,87,401,56,192,1078,97,81,630897,14761,151518,568999,27566,91473,344566,49211,346640,283914,81929,531184,175579,54116,512143,299947,83503,340545,246960,106702,766891,393399,142590,251680,1524.2906581469647,9.925520766773163
1658013408076,32.758003,0.31868133,0.2173913,0.8333333,0.7083333,0.04761905,0.125,0.08695652,0.27272728,0.17391305,48.300003,47.9,47.600002,47.600002,47.600002,47.300003,46.600002,47.600002,47.300003,48.300003,46.9,46.300003,4002904,-1587525,1075200,1075200,1075200,1075200,1075200,1075200,652800,1401600,700,27,57,348,11,12,209,8,11,322,54,102,403,70,118,211,38,77,548,49,355,2530,36,133,571681,39076,122370,460504,15029,10464,342417,28773,21474,324424,73305,419590,352859,106332,299419,200766,65693,485949,355880,58875,436759,539771,32013,186716,1812.773341894061,9.855434991974318
1658013409087,32.780003,0.31213874,0.18181819,0.65,0.6956522,0.0952381,0.17391305,0.22727273,0.35,0.17391305,48.9,48.600002,47.9,47.9,47.600002,47.600002,47.300003,48.300003,47.600002,48.600002,47.600002,46.9,4004461,-1548157,1075200,1075200,1075200,1075200,1075200,1075200,652800,1401600,650,46,75,368,10,12,410,30,37,298,52,99,181,42,79,218,35,76,565,69,281,1511,40,216,567145,82555,142013,452487,17551,15760,515730,73024,85153,279271,83828,452820,153084,112905,488393,232835,69535,491838,330937,93346,380317,473238,46549,290275,1788.0839671592773,9.948426929392447
1658013410099,32.812,0.39411765,0.22727273,0.85714287,0.9130435,0.3181818,0.14285715,0.13043478,0.3809524,0.15,49.9,49.600002,48.9,48.9,48.9,48.600002,48.600002,49.300003,48.9,49.9,48.600002,47.9,3976044,-1603394,1075200,1075200,1075200,1075200,1075200,1075200,652800,1401600,713,35,36,331,1,7,515,11,28,392,63,101,262,42,76,175,41,63,649,87,303,1244,54,197,584365,53089,50160,416632,1226,8953,623015,17698,49421,345070,108074,289883,248981,80528,377447,174642,79618,494435,347441,91303,394909,402842,66987,296124,1916.061569620253,10.817822784810126
1658013411133,32.853,0.41489363,0.25,0.875,0.875,0.17391305,0.29166666,0.33333334,0.3043478,0.20833333,50.300003,50.300003,49.600002,49.600002,49.300003,48.9,48.600002,49.600002,49.600002,50.300003,48.9,47.9,3979742,-1600342,1075200,1075200,1075200,1075200,1075200,1075200,652800,1401600,618,41,64,224,9,6,297,10,14,310,56,89,232,32,74,190,46,67,632,66,372,1888,33,186,509701,74142,165207,283032,19497,9013,409664,19708,40600,297797,80824,390289,207193,59346,577171,185747,85773,517729,324234,75260,459006,515607,29571,272347,1846.3108320251176,9.95461224489796
1658013412146,32.913002,0.3448276,0.13043478,0.72,0.72,0.08,0.23076923,0.35714287,0.4074074,0.22222222,50.600002,50.600002,49.600002,49.300003,49.300003,49.300003,48.9,50.300003,49.300003,50.600002,49.300003,48.300003,3999790,-1531373,1075200,1075200,1075200,1075200,1075200,1075200,652800,1401600,587,34,55,264,6,7,324,12,19,268,52,93,131,22,54,70,12,25,567,43,355,1745,109,119,563289,49721,108657,352854,10727,10542,409802,21756,57399,253721,105413,388665,141270,35560,323175,67773,22656,388564,314376,51435,444495,515330,107148,189943,1928.7507651888343,10.580860426929393
1658013413180,32.958,0.5744681,1.0,1.0,0.875,0.45833334,0.26086956,0.47826087,0.26086956,0.20833333,50.600002,50.600002,49.9,49.9,49.300003,49.300003,49.300003,49.9,49.300003,50.600002,49.300003,48.600002,3993172,-1461182,1075200,1075200,1075200,1075200,1075200,1075200,652800,1401600,667,36,63,463,7,13,456,16,31,198,59,100,367,60,92,261,46,63,647,79,310,1811,52,183,606980,66562,131321,538833,8462,11195,565701,51082,64854,211664,126417,586001,318225,93739,411363,227859,79065,528905,362256,98578,388118,514517,43777,259467,1830.9595309446254,10.002605863192182
1658013414196,33.012,0.4260355,0.3,0.75,0.71428573,0.1904762,0.27272728,0.35,0.45454547,0.3,51.600002,51.300003,50.600002,50.600002,50.300003,49.9,49.9,50.600002,50.600002,50.9,49.9,49.600002,3978769,-1671143,1075200,1075200,1075200,1075200,1075200,1075200,652800,1401600,465,6,6,184,0,1,316,7,16,437,71,85,273,36,73,300,49,90,580,56,395,1105,60,242,402378,4620,8047,227071,0,861,478015,10805,25806,372763,132827,238894,244278,50719,388249,261352,82161,323227,336570,63391,519586,375751,69476,361425,1860.0981829457364,10.638982945736434
1658013415276,33.053,0.625,0.7826087,1.0,0.8333333,0.625,1.0,0.45454547,0.26086956,0.04347826,51.600002,51.9,50.9,50.9,50.600002,50.9,50.300003,50.9,50.600002,51.600002,50.600002,49.600002,3996870,-1593323,1075200,1075200,1075200,1075200,1075200,1075200,652800,1401600,667,37,45,323,4,8,353,15,28,322,57,92,230,36,69,213,47,65,597,54,344,1421,45,225,529016,47598,101532,391395,4870,8423,488625,27521,60964,308621,108023,430899,206268,57790,465412,195854,92181,555006,362302,58414,466348,413513,48753,365381,1663.7464234930449,10.359938176197836
1658013416334,33.111,0.45549738,0.5,0.95652175,0.875,0.39130434,0.16,0.29166666,0.4074074,0.13043478,51.600002,51.600002,51.300003,51.300003,51.300003,50.9,49.9,50.600002,50.9,50.9,50.600002,49.600002,3965339,-1643372,1075200,1075200,1075200,1075200,1075200,1075200,652800,1401600,381,27,50,61,0,3,302,0,6,330,62,77,80,14,36,142,41,73,812,36,336,1073,56,234,343408,52205,110187,69859,0,6462,444479,0,20545,284564,101517,266241,80916,31446,422400,143463,94552,480900,438694,40576,446427,405546,85303,404447,1923.4026496815286,10.299668789808917
1658013417366,33.174,0.41379312,0.2,0.65,0.6818182,0.3043478,0.35,0.33333334,0.33333334,0.39130434,51.600002,51.600002,50.600002,51.300003,51.300003,50.9,49.9,50.9,50.600002,51.600002,50.600002,49.600002,3998622,-1503907,1075200,1075200,1075200,1075200,1075200,1075200,652800,1401600,581,30,50,208,7,8,398,12,17,245,37,57,213,46,69,207,42,65,652,43,345,1479,44,202,529845,39057,109653,252162,9796,12142,485949,15959,49160,210265,55793,470736,222424,87359,446794,198971,68884,417706,328457,41053,449496,471796,45283,312463,1865.7460958466454,9.81776357827476
1658013418417,33.219,0.39411765,0.2857143,0.71428573,0.6956522,0.15789473,0.4347826,0.14285715,0.42857143,0.27272728,52.300003,52.600002,51.600002,51.300003,51.300003,50.9,50.9,51.300003,51.300003,51.9,50.9,49.9,3982273,-1587220,1075200,1075200,1075200,1075200,1075200,1075200,652800,1401600,875,22,34,444,6,8,509,22,34,314,41,68,332,54,83,321,57,96,703,54,295,1625,49,174,685496,34243,75289,541217,9786,9014,598496,50347,48412,284195,58411,465721,298834,96705,380649,302512,93007,428331,422606,62077,393584,470302,41405,262732,1913.4245695792881,10.05074433656958
1658013419429,33.289,0.41340783,0.25,0.71428573,0.8,0.18181819,0.39130434,0.25,0.4090909,0.23809524,52.600002,52.300003,51.9,51.600002,50.9,51.300003,50.600002,51.600002,50.9,51.9,50.9,50.600002,4001347,-1506043,1075200,1075200,1075200,1075200,1075200,1075200,652800,1401600,703,23,52,436,3,9,422,16,29,269,45,75,166,33,58,239,46,81,419,73,295,1917,43,160,602274,32501,134751,497350,14783,10370,537357,39753,41719,224677,70421,594075,160626,68550,558274,203640,97329,512725,279059,83781,405803,496189,49525,230396,1936.3953822152887,9.949404056162246
1658013420441,33.333,0.53333336,0.64285713,1.0,0.8148148,0.30769232,0.4,0.53846157,0.32,0.25925925,52.600002,52.600002,51.600002,51.600002,51.600002,51.300003,50.9,51.9,51.9,52.600002,51.300003,50.600002,3996870,-1492005,1075200,1075200,1075200,1075200,1075200,1075200,652800,1401600,712,34,56,501,6,11,384,20,30,284,51,90,296,52,79,228,49,82,631,69,316,1997,33,158,598008,56547,109493,582589,4541,10454,526961,40532,47896,273827,69764,552091,253677,81179,424570,210016,100825,477971,366638,78529,395244,524702,27731,211116,1677.991279620853,9.008530805687204
1658013421499,33.387,0.55191255,0.6086956,1.0,0.8,0.1,0.54545456,0.59090906,0.41666666,0.29166666,52.600002,52.600002,51.9,51.9,51.9,51.9,51.300003,51.9,51.9,52.600002,51.300003,50.600002,3991031,-1640015,1075200,1075200,1075200,1075200,1075200,1075200,652800,1401600,291,28,53,59,1,0,205,0,7,360,58,69,358,63,88,69,9,38,570,39,419,1123,62,244,293089,53896,158122,57480,380,0,351247,0,15440,304667,87725,376854,333283,111293,336300,62469,23059,597700,338451,38331,546959,414527,87049,387747,1473.730147299509,9.414232405891982
1658013422508,33.457,0.4827586,0.45833334,0.96,0.88461536,0.32,0.33333334,0.25,0.28,0.26923078,52.600002,52.300003,51.9,51.9,51.9,51.9,51.9,52.600002,52.300003,52.9,51.300003,50.9,3995897,-1557007,1075200,1075200,1075200,1075200,1075200,1075200,652800,1401600,357,28,43,43,0,0,246,2,9,345,76,80,132,19,42,174,30,62,560,34,384,1146,40,219,339679,50893,114478,53496,0,0,426521,2725,35389,291795,136406,251885,108009,30207,572382,158608,50873,480026,305713,32191,481937,403785,50779,327816,2009.8814805598754,10.869499222395023
1658013423547,33.508003,0.35672516,0.23809524,0.61904764,0.6086956,0.36363637,0.26086956,0.1904762,0.45454547,0.29166666,53.300003,52.9,52.300003,52.300003,52.300003,51.9,51.300003,51.9,51.9,52.300003,51.600002,50.9,3984997,-1523743,1075200,1075200,1075200,1075200,1075200,1075200,652800,1401600,677,24,36,326,3,4,418,5,16,336,63,91,206,44,67,273,46,83,628,56,369,1803,38,185,561066,33972,84945,393299,6823,8136,487032,6365,49291,285783,88016,425496,204406,106130,487297,249214,81867,449946,333011,69054,455357,504913,47786,257975,1991.7571410658306,10.392225705329153
1658013424571,33.575,0.30177516,0.14285715,0.7,0.8095238,0.05,0.08695652,0.0952381,0.36363637,0.23809524,53.300003,53.300003,52.600002,52.300003,52.600002,52.600002,52.300003,52.9,53.300003,53.300003,51.9,50.9,3982662,-1671754,1075200,1075200,1075200,1075200,1075200,1075200,652800,1401600,566,40,66,523,5,13,503,14,29,325,61,92,265,58,88,101,19,43,546,77,300,2054,38,171,527213,94220,182045,600594,2908,15851,575564,30860,47836,306028,95967,423169,242834,110007,522535,100243,33885,706683,339347,72238,388709,556068,34715,204363,1940.2088698517298,10.788481054365734
1658013425609,33.623,0.55307263,0.4090909,0.82608694,0.82608694,0.6086956,0.47619048,0.4090909,0.47826087,0.3181818,53.600002,53.600002,52.9,52.9,52.9,52.600002,51.600002,52.9,52.600002,53.300003,52.300003,51.600002,3974682,-1737061,1075200,1075200,1075200,1075200,1075200,1075200,652800,1401600,648,30,39,378,10,5,310,19,28,246,51,69,250,46,95,331,48,82,554,59,345,2232,46,147,596490,62883,76493,458099,14502,9080,388031,46722,63974,251416,116534,466381,240466,94217,520829,306660,71202,415859,346857,64175,447106,538407,51882,211326,1980.8050718954248,10.680156862745099
1658013426615,33.693,0.051813472,0.12,0.0,0.041666668,0.041666668,0.08,0.083333336,0.08695652,0.0,53.9,53.600002,52.9,53.300003,52.9,52.9,52.300003,52.600002,52.600002,52.9,52.600002,51.600002,3984997,-1723328,1075200,1075200,1075200,1075200,1075200,1075200,652800,1401600,715,29,51,368,5,5,312,16,24,301,47,69,212,20,48,215,18,38,525,61,274,1878,37,177,530323,57277,134779,472695,5216,9075,410973,29794,65097,231385,68094,366088,179280,29194,512865,151202,46267,508915,301192,76148,432711,462712,32495,292126,0.0113,0.0058625
1658013427630,33.744003,0.4516129,0.5,0.48,0.73913044,0.5217391,0.3478261,0.5652174,0.09090909,0.4347826,49.9,49.9,49.300003,49.600002,49.9,49.600002,48.9,49.9,49.600002,50.300003,48.9,48.300003,4108787,-490112,1075200,1075200,1075200,1075200,1075200,1075200,652800,1401600,693,3,21,500,4,15,232,49,117,261,40,75,146,26,74,169,22,70,42,14,113,100,60,114,709933,4327,151726,744317,6586,163891,243245,105382,540156,260365,84836,527967,156621,56057,667843,184307,49660,635986,95543,45420,672519,96302,182173,659022,-1.0,-1.0
