1658004537856,28.721,0.16867469,0.1,0.0952381,0.1,0.1904762,0.3,0.3181818,0.0952381,0.2,37.9,37.9,37.300003,38.600002,38.9,38.9,38.600002,38.9,38.9,40.300003,35.600002,35.9,4303424,-600891,1075200,1075200,1075200,1075200,1075200,1075200,652800,1401600,740610,30223,114370,780047,28353,104339,342969,40277,97185,346047,42144,100558,269389,25340,87918,242176,22514,85721,350960,58812,94287,179500,11120,50340,658572216,62752724,2818294266,696477929,56212979,2859101387,375065381,87501623,3124511697,371486196,92119742,3125903471,288402970,55135083,3127142822,271178391,48782974,3097388530,250633289,123793876,3415839803,86052401,26740768,3210251464,-1.0,-1.0
1658004538822,28.735,0.16564417,0.10526316,0.14285715,0.14285715,0.15,0.36363637,0.15,0.14285715,0.15,35.9,35.9,35.600002,35.9,35.600002,35.9,35.9,35.9,36.300003,36.300003,34.600002,34.600002,4322109,-364074,1075200,1075200,1075200,1075200,1075200,1075200,652800,1401600,797,0,0,757,0,0,346,42,71,389,51,89,102,13,39,106,15,37,143,38,110,186,11,69,749066,0,0,682510,0,0,268486,81319,240950,310808,106486,279181,95790,13864,239614,74884,43166,181932,141272,78843,523524,116203,29849,435527,-1.0,-1.0
1658004539831,28.750002,0.115606934,0.13636364,0.17391305,0.14285715,0.13636364,0.2173913,0.0,0.045454547,0.13636364,34.9,34.600002,33.9,34.600002,34.600002,34.600002,34.600002,34.9,34.9,35.300003,33.9,33.9,4321719,-301513,1075200,1075200,1075200,1075200,1075200,1075200,652800,1401600,358,2,34,412,4,42,118,30,48,185,27,50,108,23,64,96,16,55,11,13,50,54,9,55,397394,1576,509214,406105,5672,490722,123505,71973,720890,141444,67791,664076,100527,56170,716999,116378,18831,784437,18158,42302,855865,33514,34433,816218,-1.0,-1.0
1658004540827,28.753002,0.024096385,0.04761905,0.04761905,0.0,0.0,0.04761905,0.0,0.0,0.05,34.300003,34.300003,33.600002,34.300003,34.300003,34.600002,34.300003,34.300003,34.300003,34.9,33.9,33.600002,4335344,-187988,1075200,1075200,1075200,1075200,1075200,1075200,652800,1401600,570,2,15,551,2,15,183,47,103,256,49,102,128,27,78,236,47,112,14,9,43,143,9,73,771720,1085,112410,780155,1936,101592,180005,116802,604411,212760,129484,528748,119647,56834,683194,205942,106982,556721,19589,23141,929689,40126,24351,812525,-1.0,-1.0
1658004541829,28.768002,0.11904762,0.2173913,0.0,0.05,0.0952381,0.1,0.0952381,0.13636364,0.2,34.600002,34.600002,33.9,34.9,34.600002,34.9,34.600002,34.300003,34.9,34.9,33.600002,33.600002,4330283,-254821,1075200,1075200,1075200,1075200,1075200,1075200,652800,1401600,954,3,23,699,3,30,456,13,38,434,16,58,577,8,36,394,5,43,102,3,44,288,1,29,645921,2097,173257,685391,3725,186107,332701,30237,502073,368244,36902,477739,316513,13840,525888,318653,5428,456345,309394,8837,521280,297790,5789,556515,-1.0,-1.0
1658004542825,28.783,0.3559322,0.3809524,0.23809524,0.15,0.33333334,0.4090909,0.3478261,0.27272728,0.65217394,35.300003,35.600002,34.9,35.300003,35.600002,35.600002,35.300003,35.300003,35.600002,35.600002,34.600002,34.600002,4299336,-631714,1075200,1075200,1075200,1075200,1075200,1075200,652800,1401600,1040,0,2,898,0,7,592,13,16,519,8,24,244,3,11,390,1,7,349,7,32,318,0,14,774624,0,82969,820218,0,80647,662721,25186,166306,585667,19296,124347,543166,10263,181244,644395,1526,142404,743974,13239,228906,584259,5047,177832,-1.0,-1.0
1658004543918,28.792002,0.04265403,0.074074075,0.03846154,0.03846154,0.0,0.07692308,0.074074075,0.0,0.0,36.300003,36.600002,36.300003,37.300003,37.300003,36.9,36.9,36.9,37.600002,38.600002,35.600002,36.300003,4272087,-623779,1075200,1075200,1075200,1075200,1075200,1075200,652800,1401600,904,9,24,735,6,20,340,13,35,600,26,42,198,5,21,361,4,32,403,72,85,373,27,92,595908,18996,105472,681596,10443,113240,323401,23232,156930,337099,61714,365260,183440,4269,245027,260984,4101,396859,327546,192347,279832,198435,74414,425562,-1.0,-1.0
1658004545050,28.813002,0.12440191,0.16,0.14814815,0.07692308,0.1923077,0.23076923,0.115384616,0.03846154,0.0,34.300003,33.9,33.9,33.9,33.9,33.9,33.9,33.9,33.9,34.300003,33.600002,33.600002,4334176,-177917,1075200,1075200,1075200,1075200,1075200,1075200,652800,1401600,448,5,43,454,10,66,236,34,87,259,25,76,216,12,53,128,16,57,172,13,46,177,15,72,500733,8587,469238,460060,21002,484422,165141,68355,746204,203910,40618,761946,111019,29735,761409,105311,35214,742999,80497,27973,935509,114338,33867,861550,2.499980230642504,0.07641515650741351
1658004546119,28.825,0.09178744,0.083333336,0.11111111,0.12,0.07692308,0.115384616,0.115384616,0.03846154,0.0,35.300003,34.9,34.600002,34.9,34.9,34.9,34.600002,34.300003,34.600002,34.600002,34.600002,34.600002,4260409,-994873,1075200,1075200,1075200,1075200,1075200,1075200,652800,1401600,987,26,40,1059,28,41,446,51,104,405,57,91,169,24,56,127,29,61,78,41,118,226,54,109,776332,31582,81573,800647,45681,72305,402431,96226,410710,384091,118751,365990,155053,44946,499384,139939,72444,529587,99689,141379,711756,147621,96021,613719,135.73567266775777,0.6404713584288052
1658004547177,28.846,0.078125,0.09090909,0.041666668,0.041666668,0.041666668,0.08695652,0.15384616,0.041666668,0.04,35.9,35.9,35.300003,35.600002,35.600002,35.600002,35.300003,35.300003,35.600002,35.9,35.600002,35.300003,4262939,-868836,1075200,1075200,1075200,1075200,1075200,1075200,652800,1401600,879,36,53,849,50,66,353,61,95,220,54,67,305,34,66,195,26,54,296,90,91,128,15,68,622242,50813,119469,643637,71039,132317,337889,109852,363464,236208,114176,488887,285439,70862,387388,155716,50884,572544,310523,214599,435023,50215,55472,888077,101.84340902021773,0.064049766718507
1658004548238,28.875002,0.18357489,0.22222222,0.15384616,0.12,0.23076923,0.4814815,0.23076923,0.04,0.037037037,36.300003,35.9,35.300003,35.9,35.600002,35.600002,35.300003,35.300003,35.300003,35.300003,35.300003,35.300003,4261382,-902405,1075200,1075200,1075200,1075200,1075200,1075200,652800,1401600,891,58,84,864,52,86,298,68,103,311,82,84,282,29,58,173,14,49,101,55,98,64,4,43,726891,84435,158108,719644,82354,163707,320661,152339,500786,346822,191004,452359,262788,48987,503742,160106,28602,648753,159500,165044,695778,14827,13541,1036784,105.00115755627009,0.07557556270096463
1658004549312,28.935001,0.21256039,0.16,0.04,0.03846154,0.125,0.8076923,0.34615386,0.03846154,0.0,36.9,36.300003,35.9,36.600002,36.600002,36.300003,35.9,35.9,36.300003,36.300003,35.9,35.600002,4244254,-1110535,1075200,1075200,1075200,1075200,1075200,1075200,652800,1401600,895,56,70,777,62,83,449,64,85,263,62,85,81,5,40,131,15,43,295,68,102,80,16,62,655994,79879,131668,637884,91999,170093,404407,147338,346026,276733,140990,488266,60351,6440,584290,93475,36868,555761,292740,185894,543225,33794,50044,921318,106.31977674418604,0.06514108527131783
1658004550404,28.994001,0.13,0.2,0.15384616,0.08,0.08695652,0.115384616,0.12,0.23076923,0.0,36.9,36.9,36.300003,36.600002,36.600002,36.600002,35.9,36.300003,36.300003,36.300003,36.300003,35.9,4250872,-907593,1075200,1075200,1075200,1075200,1075200,1075200,652800,1401600,933,44,66,859,63,86,148,45,107,470,67,81,233,25,31,152,29,52,205,58,106,85,21,81,787831,55916,113834,706495,106703,165524,148291,106185,733686,471977,150248,364695,230973,54461,195568,148226,67451,566688,244875,153309,604174,56601,80333,961584,102.85873291925466,0.10693167701863353
1658004551482,29.075,0.068627454,0.16,0.08,0.07692308,0.115384616,0.11111111,0.04,0.11111111,0.0,37.600002,37.300003,36.9,37.300003,36.9,37.300003,36.600002,36.300003,36.9,36.9,36.9,36.600002,4243865,-1116944,1075200,1075200,1075200,1075200,1075200,1075200,652800,1401600,961,43,46,1030,29,51,400,58,92,488,81,76,166,35,84,144,30,67,115,45,111,98,42,111,796489,54444,63486,827238,44564,118252,415803,102595,409231,431775,157345,352055,169317,80711,610366,175947,55240,653546,211055,141660,598552,60361,117922,842229,102.33064039408868,0.07309031198686372
1658004552515,29.146002,0.069767445,0.15,0.0952381,0.0,0.04761905,0.09090909,0.045454547,0.09090909,0.0,37.300003,36.9,36.600002,36.600002,36.600002,36.300003,35.9,36.300003,36.9,36.9,36.600002,36.300003,4248147,-973816,1075200,1075200,1075200,1075200,1075200,1075200,652800,1401600,756,72,83,806,59,102,292,55,76,247,54,81,82,21,59,257,54,86,93,62,105,99,6,55,671926,94010,139486,675778,76440,188536,312456,97909,524740,291794,135194,506473,106784,60029,660293,298325,110887,533126,141092,208948,628696,29744,23781,981623,105.10999672667758,0.06672340425531915
1658004553560,29.218002,0.14358975,0.20833333,0.09090909,0.16,0.125,0.16,0.125,0.16,0.0,37.600002,37.600002,36.9,36.9,36.9,36.600002,36.300003,36.9,36.9,36.9,36.9,36.600002,4258073,-887756,1075200,1075200,1075200,1075200,1075200,1075200,652800,1401600,958,49,44,858,48,82,330,51,79,497,89,74,74,16,49,122,25,74,105,47,100,73,18,67,730282,72134,81269,714826,67438,182737,304714,90489,522933,502312,190311,222176,93892,48725,709368,151113,54440,744794,166680,139872,653296,33567,67455,913367,104.20372327044025,0.06017610062893081
1658004554604,29.295002,0.20114942,0.15789473,0.0952381,0.13636364,0.3478261,0.14285715,0.5652174,0.05,0.04347826,37.9,37.600002,37.300003,37.600002,37.600002,37.300003,36.600002,37.300003,36.9,37.300003,37.300003,36.9,4260409,-848389,1075200,1075200,1075200,1075200,1075200,1075200,652800,1401600,954,33,34,1043,40,45,209,40,68,489,51,85,251,51,87,102,16,58,84,45,104,48,30,89,779152,48382,58635,796683,54880,83265,207242,55719,602756,465873,76577,373641,302135,121658,404813,109642,45726,679727,128341,134946,685143,33863,87492,886154,103.58694539781591,0.07982527301092045
1658004555638,29.372002,0.08695652,0.13636364,0.125,0.04347826,0.125,0.13043478,0.083333336,0.125,0.0,38.300003,38.300003,37.600002,37.9,37.9,37.600002,37.300003,37.600002,37.600002,37.600002,37.600002,37.300003,4251845,-1012879,1075200,1075200,1075200,1075200,1075200,1075200,652800,1401600,1001,56,49,775,52,93,425,60,74,133,53,55,261,31,72,108,17,43,88,46,103,95,21,66,735059,70661,69026,682542,74546,180604,390901,110714,384280,156003,147831,541561,243639,51141,496954,106303,31666,455135,143026,147100,675349,25533,65427,942044,103.66780952380952,0.060749206349206344
1658004556663,29.456001,0.09550562,0.2173913,0.04761905,0.045454547,0.13636364,0.08695652,0.09090909,0.13043478,0.0,38.300003,38.300003,37.600002,37.9,37.9,37.600002,37.300003,37.600002,37.600002,37.9,37.600002,37.300003,4251845,-979920,1075200,1075200,1075200,1075200,1075200,1075200,652800,1401600,938,40,43,873,43,64,355,41,72,220,71,69,51,20,41,108,20,74,86,37,104,74,24,61,726880,55341,84117,682483,67444,175993,359423,55529,520285,218827,170249,510142,55290,58867,723858,133344,42612,774543,134530,133648,676142,32032,72494,893589,105.43175,0.06955
1658004557681,29.521002,0.09223301,0.1923077,0.15384616,0.08,0.15384616,0.07692308,0.07692308,0.08,0.071428575,38.300003,38.300003,37.600002,38.300003,38.300003,37.9,37.600002,37.9,37.600002,38.300003,37.600002,37.300003,4247952,-949097,1075200,1075200,1075200,1075200,1075200,1075200,652800,1401600,1015,39,42,843,53,72,148,34,86,215,52,57,243,40,82,193,27,50,101,39,112,131,22,66,750937,48652,75668,709369,77371,159053,153349,66636,750561,246119,129134,494715,256752,80245,568411,180675,42011,598347,150416,124307,673199,77930,57907,869955,102.048,0.06294736842105263
1658004558709,29.613,0.21468927,0.1,0.04761905,0.045454547,0.13043478,1.0,0.13636364,0.08695652,0.13043478,38.600002,38.300003,37.600002,37.9,37.9,37.9,37.300003,37.600002,37.9,37.9,37.9,37.600002,4256905,-915528,1075200,1075200,1075200,1075200,1075200,1075200,652800,1401600,938,34,55,998,39,51,387,45,67,238,74,63,137,42,90,82,12,42,87,42,112,202,33,86,726823,42716,106113,703272,54923,122581,364504,105101,412196,289782,167487,435217,170995,103950,643861,89762,24198,660191,138489,126950,661598,149009,88840,731661,107.09952631578948,0.06978947368421054
1658004559755,29.685001,0.12637363,0.18181819,0.09090909,0.0952381,0.13043478,0.13636364,0.13043478,0.13043478,0.045454547,38.600002,38.9,38.600002,38.600002,38.9,38.300003,38.300003,38.300003,38.300003,38.600002,37.9,37.600002,4241529,-1077271,1075200,1075200,1075200,1075200,1075200,1075200,652800,1401600,882,52,52,790,42,84,300,57,84,365,62,78,250,14,36,138,15,57,146,36,109,426,81,125,770633,77208,93369,720485,63493,182029,325213,118203,331284,399040,124787,345563,165650,19070,247483,132557,32716,669611,237579,113946,642587,309183,154387,498173,105.87672049689441,0.06588819875776397
1658004560791,29.762001,0.11734694,0.13043478,0.083333336,0.115384616,0.16,0.083333336,0.29166666,0.08,0.04,38.9,38.600002,37.9,38.600002,38.600002,38.300003,38.600002,38.300003,38.9,38.600002,38.300003,37.9,4246784,-1043091,1075200,1075200,1075200,1075200,1075200,1075200,652800,1401600,915,41,58,758,46,89,228,35,41,311,53,74,150,22,69,111,20,53,100,48,100,477,73,73,721463,73028,120019,679988,77286,192723,217451,79403,326006,344332,116628,452907,157126,39201,627222,131616,35975,702900,148142,142244,669625,286772,164800,497559,102.7427284768212,0.0750728476821192
1658004561804,29.834002,0.15763547,0.13043478,0.12,0.12,0.16,0.15384616,0.23076923,0.25925925,0.07692308,39.300003,38.9,38.300003,38.600002,38.300003,38.300003,38.300003,38.600002,38.300003,38.600002,38.600002,37.9,4252818,-926819,1075200,1075200,1075200,1075200,1075200,1075200,652800,1401600,884,27,50,816,54,65,371,57,86,424,73,95,257,48,74,92,13,41,81,34,109,100,34,71,745770,33285,107674,723368,80453,116520,392727,136913,421243,423816,133293,337994,228761,113508,582137,97489,20408,638969,126216,104957,708151,48269,94346,792281,105.4177705977383,0.07123747980613893
1658004562832,29.905,0.14035088,0.22727273,0.0952381,0.13636364,0.13636364,0.33333334,0.09090909,0.18181819,0.0,39.600002,38.9,38.9,38.9,38.600002,38.600002,38.600002,38.600002,38.600002,38.600002,38.300003,38.300003,4252818,-959473,1075200,1075200,1075200,1075200,1075200,1075200,652800,1401600,801,50,63,1099,31,46,365,61,98,209,57,68,173,43,79,77,15,33,72,43,106,73,21,69,718865,73301,117842,785080,51197,71662,332979,117237,473785,254733,140748,529452,159642,101738,656117,72794,32604,706119,113368,138251,684409,31063,86783,882914,100.42285337726524,0.05825370675453048
1658004563870,29.979002,0.2238806,0.16,0.083333336,0.16,0.12,0.32,0.7692308,0.08,0.04,39.300003,38.9,38.600002,38.9,38.600002,38.600002,37.9,38.600002,38.600002,38.9,38.600002,37.9,4251455,-940247,1075200,1075200,1075200,1075200,1075200,1075200,652800,1401600,923,41,56,881,44,63,455,55,93,160,67,73,66,13,40,383,62,91,104,23,111,73,22,68,740788,52998,123237,745826,64111,144647,417597,116355,425301,195393,166947,587791,76643,31824,762341,394344,130482,391572,142410,89873,753429,32991,78766,954077,100.2848,0.06001311475409836
1658004564896,30.051,0.0964467,0.16666667,0.115384616,0.08,0.12,0.15384616,0.08,0.12,0.03846154,39.600002,39.600002,39.300003,39.300003,39.300003,38.9,38.600002,39.300003,38.9,39.300003,38.9,38.300003,4245227,-976868,1075200,1075200,1075200,1075200,1075200,1075200,652800,1401600,861,37,64,887,48,44,629,56,64,222,49,91,117,18,53,32,5,11,138,60,111,273,55,109,737145,55703,99880,769064,71206,83892,495998,99920,206634,292883,101937,495995,135668,37665,425431,38448,8490,143970,187646,152389,576093,222547,142280,602157,102.53560396039603,0.06178217821782178
1658004565916,30.124,0.119760476,0.18181819,0.0952381,0.1,0.1,0.18181819,0.14285715,0.0,0.0,39.300003,39.300003,38.9,39.300003,38.9,39.300003,38.600002,39.300003,39.300003,39.9,38.9,38.600002,4257684,-813904,1075200,1075200,1075200,1075200,1075200,1075200,652800,1401600,993,33,35,937,40,50,252,31,72,277,48,83,114,13,56,199,41,60,77,37,96,130,18,77,761926,44672,76472,773256,51398,84152,245526,58440,593808,322578,97405,501895,136772,25063,675108,215748,112019,622258,129903,113859,708706,68956,71068,835807,-1.0,-1.0
1658004566918,30.197,0.118644066,0.0,0.13043478,0.09090909,0.05,0.18181819,0.17391305,0.13043478,0.0952381,39.9,39.9,39.600002,39.9,40.300003,39.9,39.600002,39.9,40.300003,40.300003,38.600002,38.600002,4305370,-343933,1075200,1075200,1075200,1075200,1075200,1075200,652800,1401600,1504,0,0,1278,0,0,742,13,39,579,6,23,613,5,19,652,7,29,308,1,37,485,0,39,728080,0,0,813435,0,0,611759,24311,138038,590101,10278,194317,494253,8554,180984,604041,12618,162228,664858,1488,225893,564605,0,239576,-1.0,-1.0
1658004567933,30.255001,0.14423077,0.11111111,0.18518518,0.12,0.22222222,0.16,0.21428572,0.0,0.18518518,38.9,38.9,38.9,38.9,38.9,38.9,38.600002,38.600002,38.9,38.9,38.300003,37.9,4302061,-354309,1075200,1075200,1075200,1075200,1075200,1075200,652800,1401600,1168,0,0,1063,0,0,439,29,57,508,22,38,514,10,33,261,36,63,1045,25,53,595,12,67,649398,0,0,727837,0,825,403301,57230,197585,409741,46672,210880,362306,18896,161548,263858,61168,135725,475323,67889,178345,415833,39983,241283,0.25389067524115755,0.14159485530546626
1658004568974,30.299002,0.2244898,0.13043478,0.041666668,0.125,0.12,0.08,0.12,0.26923078,1.0,39.600002,39.600002,38.9,39.600002,39.600002,39.600002,39.300003,39.600002,39.600002,39.9,37.9,38.300003,4271698,-604248,1075200,1075200,1075200,1075200,1075200,1075200,652800,1401600,795,0,12,723,2,19,470,25,57,428,21,46,509,26,43,515,25,66,485,16,84,533,17,56,529052,0,172345,527252,1254,157759,323715,68314,320549,337225,44217,319498,292443,54346,304390,334552,36928,304769,298182,44639,539361,223766,30791,429951,-1.0,-1.0
1658004569979,30.337002,0.7277487,0.7083333,0.6086956,0.64,0.88461536,0.8,0.73913044,0.4347826,1.0,39.9,39.9,39.600002,40.600002,40.600002,40.9,40.9,41.9,41.300003,42.300003,38.300003,38.300003,4252234,-1047669,1075200,1075200,1075200,1075200,1075200,1075200,652800,1401600,912,13,10,626,7,23,320,28,77,261,53,83,268,36,73,322,49,70,336,39,113,2,0,1,725745,15373,26207,711907,13869,92420,257337,37643,495759,245496,111668,445469,206521,66834,507327,264946,111179,391316,229014,97290,401925,0,0,0,-1.0,-1.0
1658004571056,30.357002,0.32954547,0.2857143,0.18181819,0.1904762,0.2173913,0.23809524,0.23809524,0.29166666,1.0,41.300003,41.600002,40.9,41.600002,41.9,41.9,41.600002,42.300003,42.300003,43.600002,39.9,40.300003,4290188,-586243,1075200,1075200,1075200,1075200,1075200,1075200,652800,1401600,1024,0,0,751,0,0,536,4,15,438,6,12,352,1,5,370,3,8,1057,20,17,30,0,12,541752,0,0,579461,0,0,522661,3497,28154,471971,10155,28289,431566,1367,5731,481147,1930,13481,571867,21193,41285,10008,0,12359,-1.0,-1.0
1658004572072,30.372002,0.24064171,0.045454547,0.17391305,0.125,0.13043478,0.125,0.083333336,0.16666667,1.0,40.300003,40.300003,39.9,40.300003,40.600002,40.600002,40.600002,42.300003,40.9,42.600002,38.9,38.600002,4246200,-1009217,1075200,1075200,1075200,1075200,1075200,1075200,652800,1401600,878,1,12,554,1,19,425,53,112,397,34,72,191,27,57,259,31,66,255,15,124,13,0,5,573166,3970,162838,562907,322,145457,344535,88521,367569,275476,68190,496980,173172,60260,490745,210759,60396,532538,147408,25229,676973,2515,0,10599,97.31244590163934,0.8579934426229509
1658004573086,30.385002,0.19786096,0.12,0.04761905,0.15384616,0.04347826,0.083333336,0.0,0.23076923,1.0,40.600002,39.9,39.600002,40.300003,40.300003,40.300003,39.9,42.600002,40.300003,42.600002,38.9,38.9,4238609,-993347,1075200,1075200,1075200,1075200,1075200,1075200,652800,1401600,689,19,42,762,30,51,454,96,103,248,62,105,106,15,55,290,60,91,376,104,96,1,0,0,740400,28985,159573,782796,52866,93116,453222,186982,235301,269796,132014,521134,127112,26689,660751,293947,109667,497971,352372,217564,277863,28,0,0,105.2034828150573,0.09259574468085108
1658004574090,30.411001,0.20555556,0.09090909,0.09090909,0.045454547,0.045454547,0.13636364,0.09090909,0.13043478,1.0,40.9,40.600002,39.9,40.600002,40.300003,40.600002,40.600002,42.600002,41.300003,42.9,39.600002,39.300003,4237831,-1046448,1075200,1075200,1075200,1075200,1075200,1075200,652800,1401600,518,31,90,602,59,88,291,64,93,96,42,75,58,9,33,119,15,69,705,100,71,0,0,0,554483,57901,315588,639452,115073,179763,349853,120327,451771,131276,113909,656060,75902,29162,722089,139505,42576,728319,511540,202526,146198,0,0,0,106.36925081433225,0.14160260586319218
1658004575099,30.436,0.25882354,0.13636364,0.23809524,0.18181819,0.13636364,0.17391305,0.14285715,0.26086956,1.0,40.9,41.300003,40.300003,40.9,41.300003,41.300003,40.9,43.300003,40.9,43.300003,39.9,39.600002,4231603,-1164551,1075200,1075200,1075200,1075200,1075200,1075200,652800,1401600,886,22,37,694,55,62,267,52,86,537,61,76,73,15,65,68,12,55,231,81,110,0,0,0,777807,30401,95407,703502,107693,107144,302962,108594,514021,481369,119554,259606,99527,37642,643481,84154,33017,713096,256552,199186,440665,0,0,0,103.82117957166393,0.08703789126853377
1658004576109,30.474,0.42857143,0.26923078,0.37037036,0.28,0.3043478,0.16666667,0.7307692,0.16,1.0,41.9,41.9,40.9,41.300003,41.300003,41.300003,40.9,43.300003,41.600002,43.300003,39.9,39.600002,4236468,-1025086,1075200,1075200,1075200,1075200,1075200,1075200,652800,1401600,809,13,26,782,26,33,423,72,77,289,64,78,201,29,68,120,21,67,341,103,90,0,0,0,728717,17989,99001,750522,46810,60023,382900,166676,308956,299293,131828,415323,218183,47182,542428,138408,44012,579942,306378,227803,308868,0,0,0,104.92769131832797,0.09028938906752411
1658004577142,30.525002,0.21978022,0.16666667,0.17391305,0.04347826,0.125,0.13043478,0.12,0.18181819,1.0,42.300003,41.9,41.600002,42.300003,42.300003,42.600002,41.9,44.300003,42.300003,43.9,40.600002,40.300003,4215448,-1146546,1075200,1075200,1075200,1075200,1075200,1075200,652800,1401600,853,33,51,578,43,89,273,30,75,170,40,76,138,28,51,26,9,19,452,102,100,0,0,0,718314,48216,112868,648795,68052,179153,229322,55369,606697,177265,76552,628137,120883,66776,645876,33888,24662,164843,393370,209307,270824,0,0,0,103.93078369905956,0.09258934169278997
1658004578171,30.592001,0.205,0.12,0.16,0.08,0.0,0.115384616,0.041666668,0.12,1.0,41.9,41.600002,40.9,41.300003,41.300003,41.600002,41.300003,43.9,41.600002,43.600002,40.300003,39.9,4233938,-1048279,1075200,1075200,1075200,1075200,1075200,1075200,652800,1401600,895,24,46,722,44,66,157,48,91,142,41,73,79,16,46,129,20,68,383,111,96,0,0,0,790593,33688,78785,695400,85135,149912,196588,114332,629013,171074,91527,641876,77213,47855,719286,151907,40976,736554,341388,253383,274513,0,0,0,104.93824836601308,0.07477124183006537
1658004579183,30.646002,0.24418604,0.0952381,0.13636364,0.0952381,0.13636364,0.13636364,0.13636364,0.10526316,1.0,41.600002,41.300003,40.9,40.9,41.300003,41.300003,40.600002,43.9,41.600002,43.9,40.300003,39.600002,4231213,-1033325,1075200,1075200,1075200,1075200,1075200,1075200,652800,1401600,817,20,41,741,42,53,346,68,102,151,51,84,80,15,61,241,46,102,225,66,132,0,0,0,753926,37373,117573,740327,77622,99064,364555,139728,410359,180553,128385,639754,89925,39504,710713,276130,74985,581083,249500,164095,460882,0,0,0,106.65047589424572,0.10092690513219284
1658004580182,30.7,0.21511628,0.09090909,0.05263158,0.0,0.16666667,0.04761905,0.0952381,0.15,1.0,41.9,41.9,41.600002,41.9,42.300003,42.300003,41.9,43.9,42.300003,44.300003,40.9,40.300003,4225569,-1162415,1075200,1075200,1075200,1075200,1075200,1075200,652800,1401600,793,48,55,638,42,78,319,79,85,136,49,68,100,17,66,141,14,50,419,98,98,0,0,0,714267,75114,98901,664022,77266,181352,350198,171522,380442,180389,119361,597793,118625,25750,713151,165913,27914,646281,401544,208080,256180,0,0,0,105.43622617124393,0.09005492730210016
1658004581222,30.776001,0.19900498,0.0,0.083333336,0.0,0.12,0.07692308,0.041666668,0.08,1.0,42.300003,42.300003,41.300003,41.9,41.600002,41.9,41.9,44.300003,42.300003,44.300003,40.9,40.300003,4215642,-1191407,1075200,1075200,1075200,1075200,1075200,1075200,652800,1401600,601,30,67,833,35,47,159,59,89,208,45,77,155,17,60,83,14,50,561,128,79,0,0,0,645429,55010,233411,769962,69154,92626,179729,144729,643451,232462,95833,631315,137523,34331,755555,102475,40459,740806,465722,243380,179856,0,0,0,105.62863157894736,0.08689473684210526
1658004582260,30.824001,0.33519554,0.0952381,0.1904762,0.29166666,0.27272728,0.27272728,0.18181819,0.27272728,1.0,42.300003,42.300003,41.600002,41.9,42.300003,42.300003,41.600002,44.600002,42.300003,44.600002,40.9,40.600002,4236079,-1106873,1075200,1075200,1075200,1075200,1075200,1075200,652800,1401600,830,27,42,702,37,60,363,76,89,325,64,95,130,26,54,143,24,51,445,89,114,0,0,0,820908,40922,107626,777492,59006,139099,406610,168895,409413,344943,131319,469748,132648,52158,594359,125634,52142,670213,388218,194618,353117,0,0,0,105.61444481054366,0.08086985172981878
1658004583272,30.891,0.1878453,0.09090909,0.04761905,0.04347826,0.13043478,0.04347826,0.08695652,0.083333336,1.0,43.300003,42.9,42.300003,42.9,42.9,42.600002,42.600002,44.9,42.9,44.600002,41.300003,40.9,4228878,-1177979,1075200,1075200,1075200,1075200,1075200,1075200,652800,1401600,508,34,69,613,43,77,405,63,86,146,47,69,103,24,60,129,22,54,471,110,83,0,0,0,513153,75637,310461,617300,88527,184898,422320,142709,249654,182279,104477,566967,111528,57204,642848,106727,54286,630141,383965,229232,207512,0,0,0,105.97724092409241,0.10846204620462047
1658004584278,30.954002,0.23255815,0.05,0.0952381,0.13636364,0.0,0.04761905,0.18181819,0.25,1.0,42.600002,42.300003,41.9,41.9,41.9,42.300003,42.300003,44.300003,42.300003,44.600002,41.300003,40.600002,4227515,-1091309,1075200,1075200,1075200,1075200,1075200,1075200,652800,1401600,761,29,41,690,34,47,202,52,98,229,61,94,339,40,71,201,27,47,261,78,103,0,0,0,742032,44665,115320,724623,76397,109105,254973,95102,582427,269063,131616,504145,363962,84830,465145,179267,67677,586581,296498,197705,368218,0,0,0,105.62863157894736,0.10057894736842106
1658004585284,31.012001,0.36571428,0.4090909,0.2,0.09090909,0.17391305,0.52380955,0.18181819,0.26086956,1.0,42.9,42.9,41.9,42.300003,42.600002,42.600002,42.300003,44.9,42.9,44.9,41.600002,40.9,4227904,-1089783,1075200,1075200,1075200,1075200,1075200,1075200,652800,1401600,582,41,70,555,51,83,317,85,87,154,59,79,387,62,81,99,31,79,319,62,108,0,0,0,634952,61563,227565,652201,92210,186706,341108,199595,375244,212945,172276,548088,422417,124984,389171,125134,92311,626992,358520,161470,356143,0,0,0,100.7227012987013,0.09657142857142859
1658004586290,31.082,0.17877094,0.0,0.04761905,0.0,0.04347826,0.0,0.045454547,0.20833333,1.0,43.300003,42.9,42.300003,42.9,42.9,42.9,42.600002,45.300003,43.300003,44.9,41.600002,40.9,4225958,-1104126,1075200,1075200,1075200,1075200,1075200,1075200,652800,1401600,342,18,45,623,38,68,199,54,89,122,33,64,88,32,55,229,16,39,557,112,61,0,0,0,469317,36053,138103,590395,71316,148414,235100,113478,539655,144959,68750,494745,107707,85601,538033,181947,26137,604682,446346,222866,183658,0,0,0,102.85152755905511,0.08909606299212598
1658004587295,31.139002,0.22459893,0.16,0.08695652,0.125,0.04347826,0.12,0.04347826,0.25,1.0,42.9,43.300003,42.600002,42.600002,42.600002,42.9,42.600002,45.300003,43.300003,44.9,41.9,41.600002,4215448,-1201477,1075200,1075200,1075200,1075200,1075200,1075200,652800,1401600,850,30,44,1048,21,30,241,29,59,185,37,70,149,31,55,303,34,68,353,81,103,0,0,0,704419,46849,116456,733827,34130,69237,167596,57920,421241,177097,84766,526189,171141,65004,592321,216697,62368,466050,333674,173409,319071,0,0,0,104.05612539184953,0.08672100313479623
1658004588311,31.199001,0.24277456,0.04761905,0.13636364,0.0,0.04761905,0.13636364,0.13043478,0.3043478,1.0,43.300003,42.9,41.9,42.600002,42.9,42.9,42.600002,45.300003,42.9,45.300003,41.600002,41.300003,4228294,-1034241,1075200,1075200,1075200,1075200,1075200,1075200,652800,1401600,775,45,59,755,45,59,185,54,93,246,56,101,102,24,50,223,55,93,329,75,91,0,0,0,682533,87200,140016,718153,72565,140031,245097,133792,590951,293186,112788,543972,99829,50928,737929,262187,105681,518289,312147,206755,378839,0,0,0,103.22157774140753,0.08793453355155484
1658004589335,31.260002,0.24293785,0.08695652,0.18181819,0.13043478,0.26086956,0.0952381,0.09090909,0.13636364,1.0,43.300003,42.9,42.300003,42.600002,42.600002,42.600002,42.300003,45.300003,42.9,45.300003,41.600002,40.9,4240556,-995789,1075200,1075200,1075200,1075200,1075200,1075200,652800,1401600,535,32,81,657,53,71,477,75,106,131,37,78,98,24,46,172,41,69,357,104,119,0,0,0,603279,69484,279558,656724,110700,173565,460316,143468,327996,163672,77888,683711,104265,49910,694574,196084,110641,649359,329896,238712,326837,0,0,0,103.9979617834395,0.08545222929936305
1658004590347,31.320002,0.25,0.13636364,0.14285715,0.0952381,0.0952381,0.0952381,0.04761905,0.2857143,1.0,43.300003,42.9,42.300003,42.600002,42.9,42.600002,42.300003,45.300003,42.9,45.300003,41.300003,41.300003,4236274,-1052857,1075200,1075200,1075200,1075200,1075200,1075200,652800,1401600,713,30,54,714,36,57,381,50,83,127,46,84,155,41,74,343,80,105,204,85,112,0,0,0,753324,43320,115058,737029,63938,114914,391604,90474,414773,161429,134275,619925,180974,98572,524681,372663,151652,399401,249441,199156,402816,0,0,0,106.0238961038961,0.10602597402597402
1658004591347,31.381002,0.24117647,0.09090909,0.18181819,0.04761905,0.17391305,0.13636364,0.18181819,0.23809524,1.0,43.600002,43.300003,42.600002,42.9,43.300003,42.9,42.600002,45.600002,43.300003,45.600002,41.9,41.600002,4226153,-1100159,1075200,1075200,1075200,1075200,1075200,1075200,652800,1401600,578,47,72,620,49,72,408,82,95,122,43,71,70,24,61,280,88,98,361,98,80,0,0,0,596317,84300,210610,640718,89330,178741,445002,184517,282497,132712,104213,663757,83862,60469,694784,327249,203252,378272,343823,236350,285387,0,0,0,104.63216124031007,0.09158449612403101
1658004592351,31.441002,0.3814433,0.33333334,0.25,0.2173913,0.29166666,0.29166666,0.32,0.26923078,0.96,43.300003,43.300003,42.600002,42.9,42.9,42.9,42.600002,45.300003,42.9,45.300003,42.300003,41.600002,4234717,-1257630,1075200,1075200,1075200,1075200,1075200,1075200,652800,1401600,466,34,82,700,47,84,228,47,78,171,34,78,239,73,94,88,16,49,616,69,56,0,0,0,579524,83030,275678,698385,74214,154068,227781,106839,618420,179970,73193,693221,308065,149505,355417,101239,19962,569647,447516,139905,276251,0,0,0,0.0053677419354838714,6.709677419354839E-4
1658004593350,31.498001,0.505618,0.27272728,0.5,0.3478261,0.3,0.5217391,0.5652174,0.4090909,1.0,43.600002,43.600002,43.300003,43.600002,43.600002,43.9,43.600002,45.600002,44.300003,45.9,41.9,41.600002,4252429,-730591,1075200,1075200,1075200,1075200,1075200,1075200,652800,1401600,1192,1,9,1066,2,10,437,38,52,483,7,19,540,8,33,415,13,43,807,2,23,47,0,0,662226,413,104610,717610,8525,88824,493773,79083,209924,418379,8508,324584,414961,12080,329859,380960,18482,316336,366408,6568,400647,5943,0,0,0.013557632398753895,0.03146417445482866
1658004594393,31.543001,0.44615385,0.375,0.20833333,0.20833333,0.2,0.28,0.18181819,1.0,1.0,42.9,43.300003,42.600002,42.9,43.300003,43.300003,43.300003,45.300003,43.600002,45.9,41.600002,41.300003,4265664,-602112,1075200,1075200,1075200,1075200,1075200,1075200,652800,1401600,833,0,0,748,0,0,422,31,55,490,21,54,590,20,39,257,11,23,425,31,77,15,0,0,658397,0,0,599456,0,0,422811,52273,183964,457338,36319,151995,469249,32807,120973,382666,16924,104550,456899,57248,171214,844,0,0,-1.0,-1.0
1658004595402,31.581001,0.7641509,0.8518519,0.76,0.8148148,0.71428573,0.7407407,0.7407407,0.45833334,1.0,43.600002,43.9,43.300003,43.9,44.300003,44.600002,44.600002,45.600002,44.9,45.9,41.300003,41.300003,4248731,-891113,1075200,1075200,1075200,1075200,1075200,1075200,652800,1401600,869,0,1,723,0,1,666,45,94,381,22,40,490,46,82,285,18,57,155,43,91,0,0,0,678190,0,7802,774725,0,7186,373360,80963,312554,243675,43124,248539,340350,87336,334666,237150,25604,383456,105837,96621,272008,0,0,0,-1.0,-1.0
1658004596447,31.594002,0.4090909,0.44,0.29166666,0.8076923,0.16666667,0.23076923,0.16,0.2173913,1.0,43.9,44.300003,43.9,44.300003,44.600002,44.600002,44.600002,45.9,44.9,45.9,42.9,42.9,4267221,-466919,1075200,1075200,1075200,1075200,1075200,1075200,652800,1401600,784,0,0,715,0,0,493,9,19,673,8,11,441,3,8,514,4,9,228,12,45,8,0,0,443940,0,0,450312,0,0,430066,12178,38007,470606,5544,21155,433432,8073,15161,432736,7054,14159,138233,22612,80314,269,0,0,0.0050098360655737705,0.009678688524590164
1658004597448,31.603,0.33142856,0.0952381,0.14285715,0.0,0.125,1.0,0.13636364,0.08695652,1.0,43.300003,43.600002,42.9,43.600002,43.600002,43.300003,42.600002,45.300003,43.300003,45.600002,41.9,41.600002,4214280,-1222229,1075200,1075200,1075200,1075200,1075200,1075200,652800,1401600,735,12,11,527,6,7,418,37,62,341,44,71,266,33,62,242,32,63,133,38,140,12,0,0,653053,21889,40704,401824,7981,15014,284816,67254,246414,266047,76401,371346,205398,60865,407834,203563,63866,369887,126330,88809,604476,303,0,0,107.2097733990148,0.2944105090311987
1658004598454,31.600002,0.35025382,0.08,0.083333336,0.083333336,0.16666667,1.0,0.22222222,0.2,1.0,43.600002,43.9,42.9,43.300003,43.600002,43.300003,42.600002,45.300003,43.300003,45.600002,42.300003,41.300003,4241334,-925598,1075200,1075200,1075200,1075200,1075200,1075200,652800,1401600,1044,23,33,753,21,32,175,55,100,258,58,99,106,9,20,199,34,60,34,13,77,1,0,0,755743,33363,80717,669902,32833,49004,205308,116933,592830,231438,141517,474323,79926,25437,113946,178832,77581,544374,55693,51658,804208,19,0,0,104.30031948881789,0.14154632587859425
1658004599485,31.622002,0.3888889,0.2173913,0.27272728,0.16666667,0.20833333,0.26086956,1.0,0.045454547,1.0,43.600002,43.600002,43.300003,43.300003,43.9,43.300003,42.9,45.600002,43.9,45.600002,41.9,41.300003,4234911,-1000366,1075200,1075200,1075200,1075200,1075200,1075200,652800,1401600,371,9,16,723,43,48,192,40,78,844,44,54,49,15,27,214,40,67,132,24,68,1,0,0,440567,13622,40010,678167,72548,104570,243502,85189,542546,596660,82405,158384,58429,21523,457808,212574,76432,517594,155442,64338,720044,24,0,0,107.08545,0.07995
1658004600507,31.654001,0.36407766,0.16666667,0.12,0.96428573,0.041666668,0.115384616,0.18518518,0.22222222,1.0,43.600002,43.300003,42.600002,43.300003,43.600002,43.600002,43.300003,45.600002,43.600002,45.9,41.9,41.600002,4237636,-935669,1075200,1075200,1075200,1075200,1075200,1075200,652800,1401600,661,23,41,908,23,31,192,51,81,474,55,74,277,37,50,76,14,27,112,32,101,3,0,0,644766,28379,109828,747757,34188,51503,199329,124701,459327,361679,121272,298161,231448,60194,322948,95018,29185,195759,125754,82450,689574,127,0,0,102.02821183800623,0.0712772585669782
1658004601544,31.689001,0.37823835,0.25,0.13043478,0.083333336,0.08695652,0.375,0.9166667,0.2,1.0,43.9,43.9,43.300003,43.600002,43.300003,43.600002,42.9,45.9,43.600002,45.600002,42.300003,41.9,4236663,-954895,1075200,1075200,1075200,1075200,1075200,1075200,652800,1401600,1023,25,41,968,20,38,150,20,45,139,35,83,95,7,50,130,30,41,58,25,72,1,0,0,718235,37089,122373,786427,27162,80916,140552,40315,378826,152209,86722,621567,104332,10447,625664,136188,89091,364067,72905,88002,780922,25,0,0,100.75797530864197,0.08153086419753086
1658004602600,31.734001,0.32352942,0.23809524,0.05263158,0.25,0.05,0.6818182,0.0952381,0.09090909,1.0,44.300003,43.9,43.300003,43.600002,44.300003,44.600002,43.9,46.300003,44.600002,46.600002,42.600002,41.9,4228878,-1019593,1075200,1075200,1075200,1075200,1075200,1075200,652800,1401600,952,29,35,806,30,45,183,44,59,259,52,91,27,6,19,33,7,30,219,34,77,0,0,0,713016,60569,101624,739017,49619,94412,199047,92560,325070,262373,122780,456883,24178,22328,150269,36676,11664,341998,195585,86924,654648,0,0,0,99.09054304635762,0.06818543046357617
1658004603615,31.791002,0.38235295,0.09090909,0.16666667,0.6,0.28,0.115384616,0.5,0.083333336,1.0,43.9,43.9,43.600002,43.600002,43.600002,43.9,43.300003,46.300003,43.9,45.9,42.300003,41.9,4234327,-942078,1075200,1075200,1075200,1075200,1075200,1075200,652800,1401600,589,19,38,787,28,42,605,42,46,149,35,80,133,35,62,41,12,26,300,31,77,0,0,0,594485,37223,130548,727784,55031,111570,475054,74215,141602,169098,62878,648331,160789,86737,539153,55279,38491,283857,256532,92265,535798,0,0,0,102.92448154093098,0.07478651685393259
1658004604637,31.842001,0.352657,0.115384616,0.15384616,0.07692308,0.083333336,1.0,0.30769232,0.07692308,1.0,44.600002,44.600002,43.600002,43.600002,43.9,43.600002,43.300003,45.9,43.600002,45.9,42.600002,41.9,4233744,-979920,1075200,1075200,1075200,1075200,1075200,1075200,652800,1401600,1051,15,24,755,23,36,143,15,44,162,47,76,142,34,67,169,22,55,91,35,97,2,0,0,720635,16673,41502,599267,32006,76011,156643,24034,242748,184217,115008,510712,168839,63454,605929,131170,39659,641380,109116,99391,709852,46,0,0,104.7351647634584,0.07600652528548124
1658004605641,31.880001,0.3257143,0.18181819,0.23809524,0.13636364,0.04761905,0.09090909,0.8636364,0.0,1.0,44.300003,44.300003,43.300003,43.9,43.9,44.300003,43.600002,46.300003,43.9,46.300003,42.600002,42.300003,4234911,-929260,1075200,1075200,1075200,1075200,1075200,1075200,652800,1401600,652,21,25,714,10,14,275,64,87,415,45,63,115,16,46,171,15,63,35,13,64,1,0,0,573833,39694,71843,592311,9955,32368,323919,143405,435635,360184,92218,407146,115551,38098,448105,122977,39690,499973,62746,38905,803707,32,0,0,105.68866146645867,0.0811232449297972
1658004606689,31.940002,0.30898875,0.13043478,0.13636364,0.045454547,1.0,0.08695652,0.08695652,0.0,1.0,44.300003,44.300003,43.300003,43.600002,43.600002,43.600002,43.300003,46.300003,43.600002,46.300003,42.600002,41.9,4237247,-924683,1075200,1075200,1075200,1075200,1075200,1075200,652800,1401600,881,26,50,830,24,31,332,79,83,224,69,95,130,14,55,119,27,36,41,16,78,1,0,0,697982,39368,173202,623614,40739,74012,381641,170995,373578,253962,160846,521357,115685,31096,514077,121934,83571,198508,78076,61146,804491,45,0,0,102.18459308072488,0.0740164744645799
1658004607722,32.004,0.3255814,0.1,0.05,0.13636364,0.04761905,0.0952381,1.0,0.0,1.0,44.300003,44.300003,43.600002,44.300003,43.9,44.300003,43.300003,46.600002,43.600002,46.300003,42.9,42.600002,4224790,-993042,1075200,1075200,1075200,1075200,1075200,1075200,652800,1401600,743,25,31,908,18,27,195,39,69,203,26,35,160,36,75,197,67,77,35,19,66,0,0,0,629977,40055,95214,754640,24890,47628,190576,84908,501646,192675,56710,93653,211693,67280,635920,201149,172670,518484,62416,56173,780832,0,0,0,105.32391277258566,0.08034890965732086
1658004608774,32.052002,0.30409357,0.14285715,0.52380955,0.59090906,0.08695652,0.0,0.13043478,0.045454547,1.0,44.600002,43.9,43.600002,44.300003,44.600002,44.300003,43.9,46.300003,44.9,46.300003,42.9,42.300003,4233160,-1019898,1075200,1075200,1075200,1075200,1075200,1075200,652800,1401600,1004,36,35,669,41,63,388,65,82,140,31,55,410,51,73,79,4,24,77,22,78,0,0,0,773629,50432,93459,691566,64081,172159,419607,133687,334598,142843,73393,355337,389395,86664,359470,79381,4165,329632,100162,65922,794602,0,0,0,107.91997355371902,0.0832
1658004609805,32.115,0.32178217,0.083333336,0.3846154,0.26923078,0.6923077,0.115384616,0.115384616,0.03846154,1.0,44.300003,44.300003,43.9,44.300003,43.9,43.9,43.600002,46.300003,43.9,46.300003,42.600002,42.300003,4238609,-919495,1075200,1075200,1075200,1075200,1075200,1075200,652800,1401600,749,26,47,749,19,39,362,40,41,235,46,67,296,44,92,252,32,64,34,15,59,2,0,0,637984,46268,181267,647062,31497,76679,306542,63819,105979,240405,111749,313321,324469,74436,446084,246631,56587,539867,60788,46907,830905,49,0,0,101.86089235569422,0.07982527301092045
1658004610824,32.166,0.3505747,0.09090909,0.0952381,0.14285715,0.0,1.0,0.3181818,0.0,1.0,44.600002,44.600002,43.600002,44.600002,44.300003,44.300003,43.600002,46.600002,43.9,46.600002,42.9,42.600002,4238026,-898132,1075200,1075200,1075200,1075200,1075200,1075200,652800,1401600,739,17,42,684,28,52,198,19,23,549,49,48,217,43,68,98,15,46,33,15,66,2,0,0,707559,14963,162023,674718,29850,120832,157176,49859,165676,432802,93793,112860,201810,83250,565202,123880,25779,464519,63295,46983,821555,28,0,0,103.55774102964118,0.07917628705148205
1658004611842,32.214,0.31034482,0.045454547,0.3809524,0.04761905,0.2857143,0.47619048,0.09090909,0.04761905,1.0,44.9,44.9,44.300003,44.600002,44.9,44.9,44.300003,46.9,44.9,46.9,43.300003,42.9,4217589,-1087952,1075200,1075200,1075200,1075200,1075200,1075200,652800,1401600,731,46,36,747,30,46,505,42,82,219,27,74,125,15,22,368,45,67,77,29,106,0,0,0,718183,78144,83407,707913,55103,74143,447708,66090,337581,231490,48309,383143,101856,24077,249897,351347,91123,327147,113121,87347,688234,0,0,0,102.49856200941915,0.07379591836734693
1658004612877,32.268,0.32972974,0.09090909,0.33333334,0.20833333,0.125,0.08695652,0.6956522,0.08695652,1.0,44.9,44.300003,43.9,44.300003,44.9,44.600002,43.9,46.9,44.600002,46.600002,43.600002,42.9,4234133,-1004639,1075200,1075200,1075200,1075200,1075200,1075200,652800,1401600,624,35,57,798,35,49,259,31,37,200,32,60,221,33,60,321,39,59,89,45,110,3,0,0,652437,75232,192759,654703,72471,86734,236924,66553,294944,214749,71465,370710,175874,95946,451581,322012,83589,460342,113105,117249,736556,147,0,0,103.63980295566502,0.062160919540229884
1658004613909,32.328003,0.3004926,0.08,0.08,0.07692308,0.041666668,0.07692308,1.0,0.0,1.0,45.300003,45.300003,44.600002,45.600002,44.9,44.9,44.600002,47.300003,44.9,46.9,43.600002,42.9,4217199,-1130066,1075200,1075200,1075200,1075200,1075200,1075200,652800,1401600,1255,6,10,787,16,24,170,40,67,132,29,43,169,29,72,189,23,70,82,21,87,1,0,0,816638,2796,27647,728170,26259,60910,193820,103450,517187,149157,51936,167976,185137,55616,581441,201007,36098,506737,113929,60818,686881,31,0,0,102.89896855345913,0.07522012578616352
1658004614962,32.373,0.2955665,0.083333336,0.125,0.9230769,0.04,0.14814815,0.03846154,0.0,1.0,44.9,44.600002,43.9,44.300003,44.600002,44.9,44.300003,46.9,44.600002,46.9,43.300003,42.9,4231603,-964661,1075200,1075200,1075200,1075200,1075200,1075200,652800,1401600,1001,41,64,570,56,92,133,52,75,540,75,98,80,17,50,45,14,14,36,14,62,2,0,0,721111,48973,145586,579755,103864,228547,182307,143817,571383,506551,161163,287104,78253,46965,706856,65988,28542,77956,61201,65634,884169,60,0,0,100.75925925925925,0.07125925925925926
1658004616027,32.427002,0.4556213,0.3181818,0.3043478,0.3181818,0.85714287,0.33333334,0.36363637,0.25,1.0,44.9,44.9,44.600002,44.600002,44.600002,44.300003,43.600002,46.9,44.300003,46.9,42.9,42.9,4218951,-1197510,1075200,1075200,1075200,1075200,1075200,1075200,652800,1401600,1035,24,49,754,47,53,181,50,54,330,50,68,85,16,41,216,27,76,39,17,75,0,0,0,743793,41102,100445,654642,75644,110561,218724,125105,239015,329331,103285,248457,103670,31739,450704,208105,66680,658840,67187,50313,818049,0,0,0,102.01745,0.0689
1658004617030,32.487003,0.35326087,0.045454547,0.125,0.04761905,1.0,0.08695652,0.3043478,0.16,1.0,45.600002,45.300003,44.9,45.300003,45.600002,45.300003,44.9,47.600002,45.600002,47.600002,43.9,43.300003,4218367,-1117554,1075200,1075200,1075200,1075200,1075200,1075200,652800,1401600,964,12,18,863,16,22,218,45,71,603,32,45,189,25,20,140,19,63,37,21,74,3,0,0,766635,14763,37413,775633,36573,54214,223513,99339,431006,439849,56903,124349,141734,46331,112895,140249,40716,563650,65392,69958,686171,82,0,0,39.46090280065898,0.048500823723228996
1658004618075,32.545002,0.77837837,0.6956522,0.6363636,0.73913044,0.7916667,0.84615386,0.7826087,0.73913044,1.0,45.600002,45.600002,45.300003,46.300003,45.9,46.300003,45.600002,47.600002,45.9,47.600002,43.300003,43.300003,4270141,-603332,1075200,1075200,1075200,1075200,1075200,1075200,652800,1401600,705,23,39,914,18,35,377,50,66,101,1,1,165,19,58,118,29,52,264,6,48,5,0,0,605034,46570,193449,711759,39943,103059,357207,98247,391539,55579,1510,485,125245,43097,630170,99801,82261,559171,129334,22509,710240,107,0,0,-1.0,-1.0
1658004619072,32.589,0.56395346,0.4347826,0.3181818,0.15,0.85714287,0.33333334,0.4090909,1.0,1.0,45.9,45.600002,45.300003,45.600002,46.300003,46.300003,46.9,47.9,47.300003,48.300003,43.9,43.9,4225569,-1092530,1075200,1075200,1075200,1075200,1075200,1075200,652800,1401600,1079,0,0,969,0,0,556,7,10,463,6,14,350,1,3,284,5,10,579,0,14,16,0,0,595188,0,0,629648,0,0,525897,5024,25587,498768,7317,41321,314787,607,4778,286665,8186,15135,543761,0,25807,322,0,0,-1.0,-1.0
1658004620081,32.618,0.8097561,0.84,0.625,0.7307692,0.65384614,0.72,1.0,0.9230769,1.0,43.9,44.300003,43.600002,44.300003,44.9,45.300003,45.300003,46.600002,46.300003,46.9,41.9,41.9,4268973,-591125,1075200,1075200,1075200,1075200,1075200,1075200,652800,1401600,488,0,0,592,0,0,421,39,76,381,52,68,279,31,82,394,61,64,0,0,0,0,0,0,602440,0,0,661721,0,0,293022,82528,298273,267651,81369,171292,254260,56248,315822,262453,128156,163239,0,0,0,0,0,0,-1.0,-1.0
1658004621192,32.637,0.560241,0.25,0.8181818,0.25,0.39130434,0.3,1.0,0.4090909,1.0,46.300003,46.300003,45.600002,46.600002,46.9,46.9,46.600002,47.300003,47.600002,48.600002,44.300003,44.300003,4259436,-837708,1075200,1075200,1075200,1075200,1075200,1075200,652800,1401600,732,0,0,715,0,0,666,3,1,809,3,5,460,1,1,62,0,0,130,5,5,1,0,0,329826,0,0,407919,0,0,405057,22,396,379512,2887,2874,385454,452,763,37748,0,0,83924,7219,8134,43,0,0,7.766990291262136E-4,0.0026019417475728157
1658004622206,32.637,0.43979058,0.08695652,0.0952381,0.125,1.0,1.0,0.083333336,0.0,1.0,44.9,45.300003,44.9,45.9,45.600002,46.300003,45.600002,47.600002,45.9,47.300003,42.9,42.600002,4235495,-1083679,1075200,1075200,1075200,1075200,1075200,1075200,652800,1401600,712,0,0,130,0,0,446,27,54,308,32,51,213,29,54,22,2,4,334,104,104,4,0,0,545216,0,0,84355,0,0,236972,41688,218871,218868,62308,227752,162725,53054,181182,13142,2787,18788,252618,183961,265426,82,0,0,114.73288958009331,0.5900839813374806
1658004623231,32.643,0.479798,0.28,0.13043478,0.1,0.36,1.0,0.5833333,0.16666667,1.0,44.9,44.9,44.300003,45.300003,45.600002,45.300003,44.600002,47.300003,45.600002,47.300003,43.600002,43.600002,4229072,-1011353,1075200,1075200,1075200,1075200,1075200,1075200,652800,1401600,410,37,39,971,25,25,334,65,58,72,21,44,96,23,50,142,25,40,119,42,106,0,0,0,415789,62797,71787,711242,46677,30588,357071,137147,247157,82954,49112,241256,105919,54107,373492,152204,31026,287035,83680,116907,715526,0,0,0,105.43879146141215,0.06489326765188834
1658004624249,32.656002,0.5141243,0.6363636,0.18181819,0.23809524,1.0,0.5652174,0.2173913,0.2,1.0,45.300003,44.9,44.9,45.300003,45.300003,45.300003,45.300003,47.300003,45.600002,47.300003,43.9,43.300003,4224790,-1044312,1075200,1075200,1075200,1075200,1075200,1075200,652800,1401600,509,11,22,898,16,20,428,72,67,175,39,42,0,0,0,159,33,72,61,37,104,0,0,0,439250,18565,77139,665531,19821,31554,426451,155520,266798,188823,78027,379547,0,0,0,173243,79025,439466,103877,126228,699201,0,0,0,103.31808667736759,0.068776886035313
1658004625280,32.685,0.42541435,0.045454547,0.0952381,0.13043478,1.0,1.0,0.08695652,0.045454547,1.0,46.600002,45.600002,45.300003,45.9,45.9,45.600002,45.300003,47.600002,45.9,47.9,43.9,43.600002,4214085,-1214905,1075200,1075200,1075200,1075200,1075200,1075200,652800,1401600,618,30,38,621,34,63,198,39,41,42,21,23,87,8,17,102,18,64,571,87,123,0,0,0,540184,47189,56207,628701,55575,152486,230013,79124,181701,54081,45378,195304,80202,7448,35896,120866,33237,600187,432683,183186,211863,0,0,0,101.58964852255053,0.05369828926905132
1658004626277,32.710003,0.5929648,0.3043478,0.4,0.29166666,1.0,0.7407407,0.64,0.32,1.0,45.9,45.300003,44.9,45.600002,45.300003,45.300003,44.9,47.9,45.300003,47.600002,43.9,43.600002,4225763,-1004944,1075200,1075200,1075200,1075200,1075200,1075200,652800,1401600,450,23,57,812,33,38,322,60,73,78,14,21,21,5,7,87,16,43,534,67,104,0,0,0,509990,60033,246057,686746,64127,79700,305327,126970,375962,84431,18752,115789,15697,18882,46520,93143,41942,524556,404294,142784,289769,0,0,0,101.85171339563863,0.054429906542056074
1658004627293,32.754,0.53731346,0.47619048,0.30769232,0.26923078,0.25,1.0,0.6,0.29166666,1.0,46.300003,45.9,45.300003,46.300003,45.9,45.600002,45.600002,47.9,45.9,47.9,43.9,43.9,4229267,-1009217,1075200,1075200,1075200,1075200,1075200,1075200,652800,1401600,554,41,53,452,10,7,360,60,66,0,0,0,96,23,59,112,18,39,534,64,108,0,0,0,482249,67100,72595,372702,21198,6900,372341,120061,312278,0,0,0,123027,59987,401960,97213,33428,158558,450377,148266,275270,0,0,0,103.93346835443037,0.06253164556962025
1658004628295,32.796,0.45108697,0.13043478,0.13043478,0.0952381,1.0,0.08695652,1.0,0.045454547,1.0,46.600002,46.300003,45.600002,46.300003,45.600002,45.600002,45.300003,47.9,45.9,47.9,44.600002,43.9,4219535,-1059571,1075200,1075200,1075200,1075200,1075200,1075200,652800,1401600,570,41,44,637,36,78,402,58,61,86,9,38,19,8,14,154,16,44,437,73,115,0,0,0,534073,55121,77046,595840,70724,201991,356572,133124,326750,94898,18885,153062,18681,19140,58014,128625,46019,544454,365931,148673,343300,0,0,0,101.42673291925466,0.0555527950310559
1658004629344,32.844,0.4943182,1.0,0.14285715,0.22727273,0.27272728,0.6666667,0.36363637,0.22727273,1.0,45.9,45.9,45.300003,46.300003,45.9,46.300003,45.300003,47.9,45.600002,47.600002,44.300003,43.300003,4225958,-989380,1075200,1075200,1075200,1075200,1075200,1075200,652800,1401600,433,22,34,870,29,41,628,57,49,109,6,10,143,30,77,33,10,26,55,25,86,0,0,0,454872,30814,94264,754066,42705,84797,552914,91258,108792,93643,4427,16827,155010,68035,595071,39168,22290,281546,90012,74737,774908,0,0,0,101.68296111975117,0.06340279937791601
1658004630337,32.888,0.49514562,0.5185185,0.16,0.25,0.34615386,0.56,1.0,0.11111111,1.0,46.300003,45.9,44.9,45.9,45.600002,45.300003,45.300003,47.9,45.600002,47.9,44.300003,43.600002,4222844,-1012573,1075200,1075200,1075200,1075200,1075200,1075200,652800,1401600,543,38,39,808,38,45,359,61,51,104,21,63,56,12,21,116,21,31,44,24,83,8,0,0,457068,53133,57300,633861,67373,72062,335451,132376,283049,111158,34346,499292,56583,24538,173064,118307,39342,184406,76966,81792,724831,573,0,0,101.55635458786936,0.06793157076205288
1658004631377,32.942,0.47029704,0.24,0.29166666,0.36,1.0,0.52,0.115384616,0.26923078,1.0,45.9,45.600002,45.300003,45.9,46.300003,46.300003,45.600002,48.300003,46.300003,47.9,44.300003,43.600002,4217005,-1137390,1075200,1075200,1075200,1075200,1075200,1075200,652800,1401600,584,23,34,765,34,40,513,71,49,299,35,50,200,14,31,31,6,19,135,48,101,0,0,0,589150,45631,90576,711283,59657,55041,459756,128472,137396,298844,44424,165747,157508,48540,281001,38902,9979,160159,166881,135093,655657,0,0,0,107.50741232227487,0.06571879936808847
1658004632438,32.996002,0.43781096,0.0,0.3043478,0.083333336,0.8,1.0,0.115384616,0.15384616,1.0,46.300003,45.600002,45.300003,45.9,46.300003,46.300003,45.600002,48.300003,45.9,47.9,44.300003,43.600002,4222844,-1008911,1075200,1075200,1075200,1075200,1075200,1075200,652800,1401600,493,28,67,634,29,36,199,52,62,53,4,7,192,30,58,119,14,44,553,100,88,0,0,0,520850,69604,245798,561672,54186,84376,245146,117358,360459,48336,7959,21971,178743,51699,255420,112063,23937,359210,411638,251812,189543,0,0,0,101.50285714285714,0.06136645962732919
1658004633463,33.041,0.5048544,0.20833333,0.30769232,0.25,0.8076923,1.0,0.23076923,0.1923077,1.0,46.600002,46.300003,45.9,45.9,46.600002,46.300003,45.600002,48.300003,45.9,48.300003,44.300003,43.9,4225958,-981140,1075200,1075200,1075200,1075200,1075200,1075200,652800,1401600,515,37,64,863,22,29,324,66,74,154,17,40,0,0,0,198,30,63,343,129,97,0,0,0,538623,71097,185924,733351,27753,46132,371449,131562,284333,106907,46488,216126,0,0,0,208035,45379,448995,331391,271869,248416,0,0,0,105.33987096774193,0.06105806451612903
1658004634475,33.098003,0.4874372,0.33333334,0.25,0.34615386,0.04347826,1.0,0.72,0.125,1.0,46.600002,46.300003,45.300003,46.300003,45.600002,45.9,45.600002,48.300003,45.9,48.600002,44.600002,43.9,4226153,-1028137,1075200,1075200,1075200,1075200,1075200,1075200,652800,1401600,369,9,14,796,36,29,209,56,73,165,26,73,36,11,8,108,19,51,327,89,130,0,0,0,341715,19219,36638,675501,62776,51531,276385,112312,409928,158269,56901,438706,31112,28736,18964,112837,40182,563921,300603,193182,385019,0,0,0,103.08665838509317,0.06524223602484472
1658004635515,33.149002,0.45588234,0.25,0.20833333,0.16666667,0.115384616,0.7307692,1.0,0.07692308,1.0,46.600002,46.300003,45.600002,45.9,46.600002,45.9,45.600002,48.300003,46.300003,48.300003,44.600002,43.9,4222844,-1049805,1075200,1075200,1075200,1075200,1075200,1075200,652800,1401600,391,32,52,618,26,49,412,66,58,205,31,39,5,2,1,73,12,45,449,87,132,2,0,0,472214,86081,177387,636473,54114,150011,466930,129814,181994,183514,58316,195758,3769,825,9577,71664,27730,402015,361520,190356,280579,303,0,0,107.20923556942279,0.05711076443057722
1658004636536,33.197002,0.44198895,0.09090909,0.6818182,0.41666666,0.16666667,0.125,1.0,0.0952381,1.0,46.600002,46.300003,45.9,45.9,46.300003,46.600002,45.600002,48.600002,46.300003,48.600002,44.600002,44.300003,4222455,-987244,1075200,1075200,1075200,1075200,1075200,1075200,652800,1401600,659,7,24,925,13,19,316,77,70,112,23,39,174,26,66,15,1,6,147,46,122,0,0,0,687166,10188,105713,686980,18901,21598,351774,158625,322632,123231,39000,151187,169500,46662,421364,9719,1068,66186,153335,110101,616354,0,0,0,107.04220327868852,0.06478688524590163
1658004637544,33.257,0.43715847,0.08695652,0.125,0.09090909,1.0,1.0,0.045454547,0.0,1.0,46.600002,46.600002,45.300003,45.600002,45.9,46.300003,45.600002,48.300003,46.300003,48.600002,44.600002,43.9,4213501,-1147156,1075200,1075200,1075200,1075200,1075200,1075200,652800,1401600,895,39,43,618,29,34,265,65,63,105,28,50,184,17,50,0,0,0,183,46,105,0,0,0,702411,65999,77154,522270,43477,71278,333696,126499,275155,119053,62521,304074,175523,33282,502932,0,0,0,202936,124305,557102,0,0,0,101.60447900466563,0.05822706065318818
1658004638544,33.295002,0.43,0.8,0.125,0.083333336,0.32,0.041666668,1.0,0.0,1.0,46.600002,46.300003,45.9,46.600002,46.600002,46.300003,45.9,48.600002,46.600002,48.9,44.9,44.300003,4215837,-1091309,1075200,1075200,1075200,1075200,1075200,1075200,652800,1401600,466,17,32,541,30,49,441,68,57,6,6,13,57,11,32,267,39,84,374,93,115,0,0,0,546595,25402,65672,619438,58651,105846,393200,130079,235565,6271,22319,134753,67494,29417,325313,284752,64683,344786,291954,213619,335148,0,0,0,102.00901092043681,0.063600624024961
1658004639577,33.352,0.56,0.30769232,0.36,0.6296296,0.7916667,0.28,1.0,0.08695652,1.0,46.600002,46.600002,45.600002,46.300003,46.300003,46.600002,45.600002,48.9,46.300003,48.600002,44.600002,43.9,4225374,-1011963,1075200,1075200,1075200,1075200,1075200,1075200,652800,1401600,478,21,35,873,38,48,397,43,41,268,40,58,70,18,50,95,15,21,171,43,112,0,0,0,438915,42147,107163,695375,66569,84913,348094,83432,220957,241352,77184,184267,80749,56761,421672,93505,31054,97239,189235,103468,605085,0,0,0,105.62589473684211,0.05542105263157895
1658004640581,33.397003,0.4848485,0.26086956,0.16666667,0.4814815,0.72,0.12,1.0,0.11111111,1.0,46.300003,46.600002,45.9,46.600002,46.600002,46.600002,45.9,48.9,46.600002,48.600002,44.9,44.300003,4218562,-1056519,1075200,1075200,1075200,1075200,1075200,1075200,652800,1401600,765,30,49,660,36,42,250,52,59,25,3,9,130,20,67,15,5,9,345,73,126,0,0,0,625600,62502,158235,620848,63246,74450,293463,117719,280905,16355,5911,51213,149541,44533,529604,20931,7751,16758,318558,158548,371609,0,0,0,104.0303430420712,0.06192880258899676
1658004641599,33.445,0.47191012,0.27272728,0.17391305,0.5833333,0.26086956,0.27272728,1.0,0.1904762,1.0,46.600002,46.300003,45.600002,46.600002,46.600002,46.600002,45.600002,48.600002,46.600002,48.600002,44.600002,44.300003,4222649,-1031494,1075200,1075200,1075200,1075200,1075200,1075200,652800,1401600,532,36,57,837,34,35,251,46,67,116,28,33,213,21,62,0,0,0,287,54,130,0,0,0,537002,60320,179203,694491,53922,70636,314840,102856,343515,101065,60847,63552,180639,37878,530076,0,0,0,287890,130055,445323,0,0,0,91.75543801652893,0.06332561983471074
1658004642616,33.489002,0.51758796,0.32,0.76,0.5652174,0.24,0.36363637,0.64,0.1923077,1.0,46.300003,46.300003,45.9,46.300003,46.600002,46.9,46.300003,48.600002,46.300003,48.9,44.300003,44.300003,4286101,-299072,1075200,1075200,1075200,1075200,1075200,1075200,652800,1401600,364,11,26,816,33,33,167,46,59,271,50,77,169,26,67,17,4,1,173,64,112,0,0,0,336865,24966,112964,656789,65465,85840,199530,86727,268410,263941,109530,462506,161325,53076,472018,14930,5577,388,198113,162241,454894,0,0,0,-1.0,-1.0
1658004643644,33.537003,0.59067357,0.5416667,0.2,0.46153846,0.76,0.36,0.3043478,1.0,1.0,47.300003,47.600002,46.9,47.300003,47.600002,48.300003,47.300003,49.300003,47.9,49.600002,44.9,44.9,4262939,-680847,1075200,1075200,1075200,1075200,1075200,1075200,652800,1401600,1089,3,15,474,10,17,367,0,0,545,3,11,885,0,5,90,0,0,184,2,4,8,0,0,534125,3552,109274,322919,29772,80700,319827,0,0,472697,4547,199402,410045,0,214497,112144,0,0,606063,5867,230432,222,0,0,0.0042184087363494535,0.003232449297971919
1658004644659,33.565002,0.81958765,0.625,0.7826087,0.88,0.65217394,0.5769231,1.0,1.0,1.0,46.600002,46.9,46.300003,47.300003,46.9,46.9,47.300003,48.9,47.9,48.9,44.300003,43.9,4254570,-668640,1075200,1075200,1075200,1075200,1075200,1075200,652800,1401600,723,0,0,392,0,0,438,17,37,263,11,21,430,9,30,486,26,36,156,4,9,6,0,0,360291,0,0,281643,0,0,261810,36712,94027,147879,13414,40057,178520,9064,129383,274715,45939,87337,73985,8151,18982,785,0,0,-1.0,-1.0
1658004645675,33.594,0.8453039,0.6818182,1.0,1.0,1.0,0.75,1.0,0.3181818,1.0,47.600002,48.300003,47.600002,47.9,47.9,48.300003,47.9,49.600002,48.600002,49.600002,44.9,45.300003,4250482,-706787,1075200,1075200,1075200,1075200,1075200,1075200,652800,1401600,388,0,0,125,0,0,272,27,35,401,44,41,324,5,14,192,32,47,0,0,0,0,0,0,246937,0,0,83541,0,0,174377,30803,122080,314671,60205,91231,194938,7505,43320,164735,45142,144830,0,0,0,0,0,0,-1.0,-1.0
1658004646699,33.594,0.61463416,0.45833334,0.33333334,0.61538464,0.5714286,0.7692308,1.0,0.083333336,1.0,46.9,47.300003,46.9,47.600002,47.600002,47.9,47.300003,48.9,47.600002,49.300003,44.600002,44.600002,4282208,-432739,1075200,1075200,1075200,1075200,1075200,1075200,652800,1401600,340,0,0,54,0,0,180,5,14,215,1,4,217,10,13,54,4,5,507,70,40,4,0,2,290060,0,0,33330,0,0,152005,7244,35893,145874,1112,2662,187890,16731,25489,32891,11406,7559,230632,116360,89157,2754,0,1020,2.8140127388535032,0.07844585987261146
1658004647700,33.581,0.6041667,1.0,0.4090909,0.29166666,0.7083333,0.2173913,1.0,0.13043478,1.0,47.300003,47.300003,46.600002,46.9,46.9,47.300003,46.300003,48.9,46.600002,48.9,44.9,44.600002,4198514,-1249390,1075200,1075200,1075200,1075200,1075200,1075200,652800,1401600,510,6,10,289,10,9,357,37,37,349,41,41,172,24,33,9,2,5,191,68,141,3,0,3,349276,10446,21089,222190,13616,13546,213156,53839,184814,280322,72067,204367,132833,36871,103580,11902,6731,132369,171418,145103,499160,93,0,1296,101.69858786936236,0.13198133748055985
1658004648702,33.594,0.5728643,1.0,0.28,0.125,0.52,0.5,1.0,0.083333336,1.0,47.600002,47.300003,46.9,47.300003,47.300003,47.300003,46.600002,48.9,47.600002,49.300003,45.300003,44.600002,4210971,-1154785,1075200,1075200,1075200,1075200,1075200,1075200,652800,1401600,88,3,2,626,27,56,454,39,59,205,49,60,59,10,18,0,0,0,579,32,93,0,0,0,78317,8971,6145,507718,57749,162018,383352,58059,236464,204420,103395,369936,58683,25260,105594,0,0,0,456224,74153,295173,0,0,0,103.66780952380952,0.1181968253968254
1658004649708,33.604,0.6090909,0.7407407,0.6296296,0.5,0.4074074,0.39285713,1.0,0.14814815,1.0,47.600002,46.9,46.9,47.300003,46.9,47.600002,46.600002,48.9,47.300003,49.300003,45.300003,44.600002,4207662,-1200867,1075200,1075200,1075200,1075200,1075200,1075200,652800,1401600,139,2,6,499,35,45,329,44,43,402,39,73,68,9,28,0,0,0,563,47,98,0,0,0,149849,4939,37338,539333,65487,101280,302202,86114,166538,368569,69658,231061,71669,31702,269098,0,0,0,437811,105276,281083,0,0,0,101.57188180404354,0.12939346811819596
1658004650755,33.629,0.6780488,0.64,0.36,0.5555556,1.0,0.9230769,0.7692308,0.14814815,1.0,47.600002,47.300003,46.9,46.9,47.300003,47.300003,46.600002,49.300003,46.9,48.9,45.300003,44.9,4208246,-1142273,1075200,1075200,1075200,1075200,1075200,1075200,652800,1401600,244,22,39,466,22,42,136,28,40,281,25,55,164,9,26,0,0,0,714,62,72,0,0,0,295245,41472,215556,413971,41747,161662,130025,61038,220883,255491,35302,277023,110104,16413,186081,0,0,0,516197,138168,186223,0,0,0,101.57188180404354,0.12745256609642303
1658004651792,33.655003,0.5472637,0.14285715,0.25,1.0,0.875,1.0,0.115384616,0.083333336,1.0,47.9,47.600002,46.9,47.600002,47.600002,47.300003,46.600002,49.600002,47.300003,49.300003,45.300003,44.9,4213891,-1050720,1075200,1075200,1075200,1075200,1075200,1075200,652800,1401600,91,4,12,633,26,40,222,23,63,126,8,19,144,18,32,4,5,4,662,54,66,0,0,0,90747,5283,36912,585970,41665,105234,199799,46502,353962,100476,9886,116245,146687,29377,117899,4338,10627,37551,505342,100258,245125,0,0,0,101.57188180404354,0.10674961119751167
1658004652839,33.702003,0.56435645,0.34615386,0.12,0.96153843,0.22222222,1.0,0.7692308,0.08695652,1.0,47.9,47.600002,47.300003,47.300003,47.300003,47.300003,46.600002,49.300003,47.300003,49.600002,45.600002,44.9,4220897,-970154,1075200,1075200,1075200,1075200,1075200,1075200,652800,1401600,178,9,26,379,22,55,140,25,32,190,30,38,22,6,16,38,5,20,967,53,44,0,0,0,207650,14517,160302,400844,30539,158162,113819,56713,146562,162349,70858,129413,30138,22499,105667,42794,15359,223406,622723,98114,114841,0,0,0,101.46737888198757,0.10852173913043478
1658004653884,33.744003,0.58,0.84615386,0.4347826,0.16666667,0.5714286,0.56,1.0,0.07692308,1.0,48.600002,48.300003,47.600002,47.9,47.9,47.600002,47.300003,49.9,47.9,49.9,46.300003,45.600002,4207273,-1130677,1075200,1075200,1075200,1075200,1075200,1075200,652800,1401600,174,11,24,594,15,34,329,23,38,227,30,49,130,24,31,28,5,12,615,85,82,0,0,0,139436,33802,90230,574795,19879,127144,222535,43503,76992,214579,59324,307123,112723,47328,161398,26401,14146,152016,456768,158262,184414,0,0,0,105.00115755627009,0.14446302250803858
1658004654895,33.782,0.56684494,0.5217391,0.27272728,0.875,1.0,0.16666667,0.6,0.08695652,1.0,47.9,47.300003,47.300003,47.9,47.600002,47.9,46.9,49.600002,47.300003,49.600002,45.9,45.300003,4229072,-940552,1075200,1075200,1075200,1075200,1075200,1075200,652800,1401600,118,2,6,496,28,49,243,21,51,349,34,41,136,27,44,0,0,0,375,79,119,0,0,0,85519,3208,15359,471667,66530,172758,225695,46867,250364,299299,72124,144376,125018,68145,377500,0,0,0,323941,143014,401028,0,0,0,106.36925081433225,0.14499022801302933
1658004655892,33.823,0.57425743,0.56,0.29166666,0.42307693,0.5833333,0.64,1.0,0.041666668,1.0,48.300003,47.9,47.300003,47.9,47.9,47.9,47.300003,49.600002,47.600002,49.9,45.9,45.300003,4219146,-1043701,1075200,1075200,1075200,1075200,1075200,1075200,652800,1401600,82,4,7,671,26,34,36,7,10,1,0,1,351,57,84,355,31,45,427,43,106,0,0,0,117138,6387,18533,656423,50494,81939,35318,10098,78836,1781,0,1599,325670,112856,315293,292145,56338,234696,355947,93451,379233,0,0,0,107.24256157635469,0.125688013136289
1658004656922,33.871002,0.55172414,0.04,0.3846154,0.28,1.0,0.88,0.7692308,0.041666668,1.0,48.9,48.600002,47.600002,47.9,47.9,47.9,47.600002,49.9,47.9,49.9,46.300003,45.600002,4218562,-1055298,1075200,1075200,1075200,1075200,1075200,1075200,652800,1401600,389,3,5,669,17,26,415,23,48,318,38,44,158,9,23,0,0,0,228,49,139,1,0,0,338093,4085,6580,567881,33395,84114,306551,43918,247847,260740,59207,90343,124188,15738,192425,0,0,0,227047,93435,504311,32,0,0,100.63285053929121,0.12050539291217256
1658004657968,33.918003,0.5960591,0.92,0.22222222,0.375,0.23076923,0.8076923,1.0,0.20833333,1.0,47.9,47.9,47.600002,47.300003,47.600002,47.9,47.300003,49.9,47.9,49.9,45.9,45.600002,4227515,-946961,1075200,1075200,1075200,1075200,1075200,1075200,652800,1401600,149,16,42,605,17,29,160,23,47,152,10,16,108,12,21,5,1,6,581,84,93,0,0,0,196895,33553,240969,560041,35042,97502,156099,63062,349426,141495,17719,84931,103017,23736,133754,6384,3457,48755,415760,198125,256241,0,0,0,100.55520760697306,0.12658003169572107
1658004658974,33.960003,0.56218904,1.0,0.16666667,0.61538464,0.125,1.0,0.48,0.0,1.0,48.9,48.9,47.600002,48.300003,48.600002,48.300003,48.300003,50.300003,48.600002,50.600002,46.600002,45.9,4215253,-1066284,1075200,1075200,1075200,1075200,1075200,1075200,652800,1401600,111,3,7,631,20,37,141,10,34,398,42,67,180,16,43,0,0,0,780,64,49,0,0,0,111853,2546,26374,663344,34589,100560,124604,15105,139427,357253,74188,281790,136022,33031,319801,0,0,0,533864,110320,98092,0,0,0,104.39945510835913,0.12235294117647058
1658004660033,34.004,0.55714285,0.11111111,0.2,1.0,1.0,1.0,0.07692308,0.071428575,1.0,48.600002,47.9,47.9,48.300003,48.300003,47.9,47.300003,50.300003,47.600002,50.300003,45.9,45.600002,4224012,-963745,1075200,1075200,1075200,1075200,1075200,1075200,652800,1401600,290,8,10,492,32,57,211,14,38,392,21,43,14,1,13,33,4,15,424,49,96,0,0,0,216614,18864,24936,512140,54532,216541,215668,26774,238834,362894,34103,136857,18963,1412,163052,27144,9348,199441,334364,125894,468398,0,0,0,107.77346534653465,0.14827722772277227
1658004661044,34.049,0.66183573,1.0,0.34615386,0.42307693,0.53846157,0.96,0.68,0.33333334,1.0,48.600002,47.9,47.300003,48.300003,48.300003,47.9,47.300003,49.9,47.600002,49.9,46.300003,45.600002,4227710,-940247,1075200,1075200,1075200,1075200,1075200,1075200,652800,1401600,212,24,45,790,18,24,195,32,43,200,18,26,60,4,2,71,11,24,273,73,96,0,0,0,181873,43557,194136,668877,21205,60795,181991,54114,184180,142223,28601,116201,38778,12162,10444,67660,16201,314877,253255,180200,415620,0,0,0,109.86623602484472,0.13460869565217393
1658004662076,34.097,0.59615386,0.61538464,0.20833333,0.61538464,0.5555556,0.6785714,1.0,0.07692308,1.0,48.600002,48.600002,47.9,48.600002,48.600002,48.9,48.300003,50.600002,48.9,50.600002,46.300003,45.9,4218562,-1030884,1075200,1075200,1075200,1075200,1075200,1075200,652800,1401600,288,0,0,906,8,12,220,28,44,198,21,35,29,4,8,189,26,42,186,67,82,0,0,0,273293,0,0,709939,17649,30559,188257,61151,198523,164974,34690,104773,26672,8976,58298,148333,49860,227613,156120,179089,464652,0,0,0,101.41416149068323,0.14017391304347826
1658004663115,34.147003,0.56157637,0.72,0.26086956,0.5769231,0.34615386,0.52,1.0,0.0,1.0,48.9,48.300003,47.600002,48.300003,48.300003,48.300003,47.300003,50.300003,48.300003,50.300003,46.300003,45.600002,4217783,-1103821,1075200,1075200,1075200,1075200,1075200,1075200,652800,1401600,279,8,9,579,31,61,308,20,38,80,9,23,134,26,48,6,1,4,384,46,109,1,0,0,209135,18191,49253,540998,64347,224317,265828,33207,231624,67850,16655,117363,122326,63344,391777,3619,0,53526,318736,121382,483454,23,0,0,101.25693023255813,0.12512248062015505
1658004664145,34.195004,0.625,0.7692308,0.26086956,0.39130434,0.54545456,0.6363636,1.0,0.3846154,1.0,48.9,48.600002,47.9,47.9,48.300003,48.300003,47.600002,50.300003,48.300003,50.300003,46.300003,45.600002,4217978,-1132202,1075200,1075200,1075200,1075200,1075200,1075200,652800,1401600,199,8,24,532,21,37,306,25,57,378,43,54,152,23,37,0,0,0,374,50,113,0,0,1,191745,11330,81839,487721,50373,146935,274162,46095,204295,360605,86342,215427,137199,40963,166506,0,0,0,350005,107834,412213,0,0,423,106.93830340557275,0.13523219814241486
1658004665158,34.227,0.56804734,0.7,0.2857143,1.0,0.3809524,0.14285715,1.0,0.045454547,1.0,48.9,48.300003,47.9,48.300003,48.600002,48.600002,47.600002,50.600002,48.600002,50.600002,46.600002,45.9,4221871,-1040039,1075200,1075200,1075200,1075200,1075200,1075200,652800,1401600,269,1,3,599,9,18,317,47,71,493,35,44,80,12,21,0,0,0,371,28,91,0,0,0,212083,3476,3469,641837,9509,43320,277681,100145,293130,386775,45422,123038,67709,23359,45056,0,0,0,322599,58414,411085,0,0,0,101.41416149068323,0.12014906832298136
1658004666158,34.262,0.5555556,1.0,0.05,0.47619048,0.61904764,0.13636364,1.0,0.0,1.0,48.9,48.300003,47.9,48.300003,48.300003,48.600002,47.9,50.300003,48.9,50.300003,46.300003,45.9,4214864,-973816,1075200,1075200,1075200,1075200,1075200,1075200,652800,1401600,635,23,25,580,44,62,177,15,36,157,25,41,32,3,18,1,0,2,155,22,87,0,0,0,437699,46301,54577,464964,74115,170039,151496,27267,167987,154725,55972,184785,27137,7042,237933,1780,0,38849,151993,44328,716474,0,0,0,101.41416149068323,0.13177639751552794
1658004667185,34.31,0.60714287,0.45,0.8095238,0.1904762,0.77272725,0.36363637,1.0,0.1904762,1.0,48.9,48.600002,47.9,48.300003,48.600002,48.600002,48.300003,50.600002,48.600002,50.600002,46.600002,45.9,4219340,-1008301,1075200,1075200,1075200,1075200,1075200,1075200,652800,1401600,66,0,0,591,38,46,386,37,49,329,38,66,139,17,32,0,0,0,303,44,129,0,0,0,70150,0,0,523371,77402,153653,336918,69275,207287,298850,77609,314308,132172,36648,160290,0,0,0,294901,118045,461036,0,0,0,17.522430868167202,0.03997427652733119
1658004668221,34.354,0.8557214,0.75,0.875,0.875,0.7083333,0.6666667,1.0,1.0,1.0,48.9,49.300003,48.600002,49.300003,49.9,50.300003,49.300003,50.9,49.600002,50.9,46.9,46.600002,4272866,-586243,1075200,1075200,1075200,1075200,1075200,1075200,652800,1401600,435,9,7,416,6,9,364,35,61,373,15,19,229,43,63,0,0,0,268,11,68,1,0,0,323518,24833,35343,352917,12656,15867,246582,63046,160547,227892,30223,44592,221820,75910,255711,0,0,0,119986,40632,563317,12,0,0,-1.0,-1.0
1658004669359,34.386,0.8168317,0.88,1.0,0.52,0.44,0.6923077,1.0,1.0,1.0,48.9,49.300003,48.300003,48.9,49.600002,49.600002,49.600002,50.9,50.300003,51.300003,47.300003,47.300003,4226542,-731506,1075200,1075200,1075200,1075200,1075200,1075200,652800,1401600,609,0,0,44,0,0,341,1,6,401,8,6,384,3,16,0,0,0,698,10,2,2,0,0,361153,0,0,34892,0,0,285302,2098,9934,351225,12433,8680,347179,4154,27304,0,0,0,468005,9694,2060,69,0,0,-1.0,-1.0
1658004670445,34.402,0.89903843,0.76,1.0,1.0,0.75,0.7692308,1.0,0.88461536,1.0,47.600002,47.9,46.600002,46.9,47.600002,48.300003,48.600002,49.9,49.300003,49.9,44.9,44.9,4220119,-615234,1075200,1075200,1075200,1075200,1075200,1075200,652800,1401600,356,0,7,72,0,0,293,58,59,415,56,65,108,14,30,111,21,40,0,0,0,0,0,0,347874,0,157099,92637,0,0,242533,110102,299762,247560,95292,253208,102844,23033,119466,119107,42487,153443,0,0,0,0,0,0,-1.0,-1.0
1658004671503,34.415,0.83555555,1.0,1.0,0.9655172,0.61290324,1.0,0.6296296,0.41666666,1.0,49.300003,49.9,49.300003,50.300003,50.300003,50.300003,49.600002,50.300003,50.600002,51.9,46.600002,46.600002,4227321,-855408,1075200,1075200,1075200,1075200,1075200,1075200,652800,1401600,414,0,0,50,0,0,117,1,2,360,1,3,257,1,1,68,0,0,210,5,1,0,0,0,206801,0,0,40740,0,0,46710,310,672,217267,0,821,170819,1010,816,72796,0,0,74084,6127,590,0,0,0,-1.0,-1.0
1658004672601,34.405003,0.6896552,1.0,0.16666667,0.20833333,1.0,0.96,1.0,0.12,1.0,48.9,48.9,48.300003,48.9,48.9,48.600002,48.600002,49.9,48.9,50.9,45.9,45.600002,4213891,-1016541,1075200,1075200,1075200,1075200,1075200,1075200,652800,1401600,130,0,0,3,0,0,64,8,15,149,11,13,61,4,6,90,13,18,662,101,78,1,0,0,122307,0,0,2109,0,0,69328,22496,76863,91362,17795,22289,38063,1728,7618,69134,22215,45967,363687,133805,164867,19,0,0,109.67557763975155,0.6401490683229814
1658004673627,34.405003,0.73224044,1.0,0.9130435,0.4,0.82608694,0.27272728,1.0,0.2857143,1.0,48.9,48.600002,47.600002,48.600002,48.300003,48.600002,48.300003,50.600002,48.600002,50.300003,45.9,45.600002,4218367,-1022339,1075200,1075200,1075200,1075200,1075200,1075200,652800,1401600,2,0,0,381,30,49,255,61,53,128,29,23,46,7,13,20,4,6,684,45,75,0,0,0,1961,0,0,400788,51936,93343,287121,119029,194981,126421,61889,62383,45535,9379,77370,17405,10139,33485,461580,91676,210321,0,0,0,101.73009345794392,0.10756386292834891
1658004674640,34.408,0.7076923,0.8333333,0.8076923,0.4,0.5,0.88,1.0,0.16666667,1.0,49.300003,48.9,48.300003,48.9,48.9,49.300003,48.600002,50.600002,49.300003,50.600002,46.600002,45.9,4209414,-1151734,1075200,1075200,1075200,1075200,1075200,1075200,652800,1401600,5,0,0,325,26,60,272,50,53,41,5,10,79,22,32,0,0,0,981,36,26,0,0,0,9153,0,0,336360,38498,147090,310098,91171,283723,41138,4975,38795,80137,40377,116914,0,0,0,649198,61213,54164,0,0,0,101.57188180404354,0.11710108864696735
1658004675664,34.427002,0.7512195,1.0,0.65384614,0.48,1.0,0.92,0.5185185,0.44,1.0,49.600002,49.300003,48.600002,49.300003,48.9,48.9,48.300003,50.9,48.9,50.9,46.9,45.9,4211555,-1126099,1075200,1075200,1075200,1075200,1075200,1075200,652800,1401600,8,2,5,228,17,27,268,45,46,139,26,41,7,6,5,5,0,1,909,63,30,0,0,0,14300,1616,20279,230695,19915,55566,267733,99013,224130,133271,50536,174072,12979,17030,34696,4295,0,543,581989,120689,51745,0,0,0,108.51209968847353,0.13801869158878505
1658004676684,34.453003,0.8679245,1.0,0.9285714,0.48,0.962963,1.0,1.0,0.4347826,1.0,49.600002,49.600002,48.9,49.600002,49.600002,49.600002,48.9,51.300003,49.300003,51.300003,46.9,46.300003,4196179,-1275330,1075200,1075200,1075200,1075200,1075200,1075200,652800,1401600,13,4,10,307,14,35,222,39,47,48,13,24,15,4,4,102,14,21,972,55,20,0,0,0,21036,6041,49998,289707,16602,99650,250450,70211,256428,58803,28316,158458,9713,9429,7633,88334,15072,41048,610656,104800,39892,0,0,0,101.57188180404354,0.12227682737169518
1658004677724,34.475002,0.76744187,1.0,0.5,0.5,0.96153843,0.96153843,0.96153843,0.22222222,1.0,49.9,49.600002,48.600002,48.9,49.600002,49.600002,48.600002,51.300003,49.300003,51.300003,47.300003,46.300003,4208441,-1174927,1075200,1075200,1075200,1075200,1075200,1075200,652800,1401600,0,0,0,91,2,4,292,47,48,29,5,3,1,2,2,49,3,6,946,42,45,0,0,0,0,0,0,117162,2425,15320,324967,93539,243467,18363,11653,8178,1591,4387,2964,21922,1480,39842,613796,86009,79620,0,0,0,101.73009345794392,0.10367601246105919
1658004678762,34.516003,0.72864324,1.0,0.7916667,0.33333334,0.4,0.96,0.96,0.3478261,1.0,49.9,49.600002,48.600002,49.300003,49.600002,48.9,48.600002,51.300003,48.9,51.300003,46.9,46.600002,4218756,-1076966,1075200,1075200,1075200,1075200,1075200,1075200,652800,1401600,56,2,4,418,21,27,340,41,44,70,12,13,39,7,12,22,3,7,893,45,47,0,0,0,64743,6451,18246,459290,33600,44460,312145,75670,192124,71471,23812,31313,40059,7324,51804,18601,6156,35752,586457,79209,113238,0,0,0,108.68138533541341,0.11422152886115444
1658004679786,34.561,0.7536232,1.0,0.61538464,0.56,0.46153846,0.96,1.0,0.36,1.0,49.9,49.300003,49.300003,49.9,49.300003,49.300003,48.9,51.300003,49.600002,51.600002,47.300003,46.600002,4209219,-1181031,1075200,1075200,1075200,1075200,1075200,1075200,652800,1401600,12,3,8,428,31,56,217,32,42,104,22,31,10,6,7,25,2,5,859,70,42,0,0,0,14125,4411,31268,448752,45132,120528,253774,62089,243423,104429,35963,113056,15868,12432,41515,12931,8411,11146,558657,143538,79585,0,0,0,104.79156589147286,0.11802790697674419
1658004680854,34.596,0.8557692,1.0,0.8,0.72,1.0,1.0,0.96153843,0.25,1.0,49.600002,49.300003,48.600002,49.300003,49.600002,49.300003,48.600002,51.300003,49.300003,51.300003,47.300003,46.600002,4212139,-1129151,1075200,1075200,1075200,1075200,1075200,1075200,652800,1401600,7,0,1,320,23,47,249,36,43,89,21,30,5,0,3,12,1,3,838,60,47,0,0,0,17951,0,5258,389743,34742,130345,291356,75779,306024,93763,39559,134531,5716,0,7299,7315,23,9960,577299,111976,82068,0,0,0,104.81739130434782,0.1111055900621118
1658004681912,34.637,0.8078818,1.0,0.8,0.6296296,1.0,1.0,0.88,0.13043478,1.0,49.9,49.9,49.300003,49.600002,49.9,49.600002,49.300003,51.300003,49.600002,51.600002,46.9,46.600002,4211166,-1139832,1075200,1075200,1075200,1075200,1075200,1075200,652800,1401600,9,3,2,126,13,16,172,23,23,21,3,6,0,0,0,2,0,1,1004,68,15,0,0,0,1720,6215,1125,130536,24480,49363,181087,53521,65945,21025,9240,18947,0,0,0,1801,0,1094,587098,122866,24269,0,0,0,102.62632457496136,0.1819598145285935
1658004682964,34.679,0.7087912,0.8636364,0.5217391,0.375,0.7826087,1.0,1.0,0.09090909,1.0,50.300003,50.300003,49.9,49.9,49.600002,49.600002,49.300003,51.9,49.9,51.9,47.300003,46.9,4197736,-1355286,1075200,1075200,1075200,1075200,1075200,1075200,652800,1401600,0,0,0,46,2,1,122,13,23,82,12,14,9,4,2,26,1,3,996,59,16,0,0,0,0,0,0,72874,1355,2676,125818,27196,87629,69674,15645,31854,8764,7124,5224,22963,229,16431,589726,110767,38235,0,0,0,101.57188180404354,0.12098289269051321
1658004684003,34.72,0.7205882,0.68,0.61538464,0.5,0.8,1.0,1.0,0.16,1.0,50.300003,49.300003,49.300003,49.9,49.9,49.600002,49.300003,51.600002,49.600002,51.600002,47.300003,46.9,4209025,-1118470,1075200,1075200,1075200,1075200,1075200,1075200,652800,1401600,28,1,2,380,12,21,228,38,47,94,15,26,1,0,0,18,1,9,934,71,29,0,0,0,31207,1221,1708,373311,17758,48014,262547,69453,208955,89174,24995,86317,422,0,0,13758,1110,79921,601444,128446,46192,0,0,0,108.45871651090341,0.12311526479750778
1658004685032,34.758003,0.73429954,1.0,0.44,0.41666666,0.84615386,1.0,1.0,0.18518518,1.0,50.300003,49.600002,49.600002,49.600002,49.9,49.9,49.300003,51.9,49.600002,51.9,47.300003,46.9,4211944,-1135559,1075200,1075200,1075200,1075200,1075200,1075200,652800,1401600,70,4,13,286,18,42,198,38,46,140,23,41,2,0,2,15,0,1,1018,47,18,0,0,0,63254,12404,53936,292963,24287,65642,224152,85113,229842,137149,35777,185624,1801,0,2299,10385,0,1371,625609,82719,46631,0,0,0,101.57188180404354,0.1054556765163297
1658004686048,34.799,0.7107843,1.0,0.52,0.4,0.7307692,1.0,0.92,0.16,1.0,50.300003,49.9,49.600002,49.9,50.300003,49.600002,49.300003,51.600002,49.9,51.9,47.600002,46.9,4207078,-1190796,1075200,1075200,1075200,1075200,1075200,1075200,652800,1401600,56,1,1,379,26,39,247,44,47,165,17,27,37,8,11,17,0,3,822,59,38,0,0,0,59849,318,940,359522,45632,97721,281327,92303,209760,138713,22949,84044,36034,21686,29676,11759,0,17946,568446,122899,81437,0,0,0,102.77216848673947,0.12265834633385335
1658004687082,34.844,0.7264151,1.0,0.53846157,0.6296296,0.8888889,0.9230769,0.68,0.115384616,1.0,50.300003,50.300003,49.600002,49.9,50.300003,49.9,49.300003,51.9,49.9,51.9,47.600002,47.300003,4198514,-1255188,1075200,1075200,1075200,1075200,1075200,1075200,652800,1401600,26,0,1,357,23,46,256,39,64,38,6,11,0,0,0,65,15,19,993,49,29,0,0,0,46546,0,823,460208,26661,97161,302942,65485,260310,32878,7580,54624,0,0,0,54477,26945,68682,628286,85595,71402,0,0,0,103.42559501557632,0.1302429906542056
1658004688131,34.882,0.705,1.0,0.52,0.33333334,0.7037037,0.9230769,0.9166667,0.23076923,1.0,50.300003,49.9,49.600002,49.9,49.9,49.9,48.9,51.9,49.600002,51.600002,47.9,47.300003,4211555,-1116333,1075200,1075200,1075200,1075200,1075200,1075200,652800,1401600,35,0,0,285,21,44,251,38,51,130,13,20,26,3,7,51,3,22,813,66,52,0,0,0,41254,0,0,263603,36918,98713,300429,79363,211781,112597,19918,113527,20378,3732,30529,49884,5851,162596,538622,136873,116615,0,0,0,103.42559501557632,0.11274766355140187
1658004689165,34.911003,0.6888889,1.0,0.59090906,0.6086956,0.95652175,0.17391305,1.0,0.17391305,1.0,50.600002,50.600002,49.600002,49.600002,50.300003,50.300003,49.9,52.300003,50.600002,51.9,47.600002,47.600002,4204743,-1217652,1075200,1075200,1075200,1075200,1075200,1075200,652800,1401600,9,0,0,299,9,32,303,41,51,176,28,47,27,4,4,8,1,3,924,68,24,0,0,0,9487,0,0,345928,6354,74808,307421,61020,235851,173454,57498,177674,23048,6712,5052,6322,3335,19910,569803,109370,36514,0,0,0,103.6545,0.1131
1658004690175,34.962,0.68159205,1.0,0.1923077,0.28,1.0,0.92,1.0,0.083333336,1.0,50.600002,50.300003,49.9,50.300003,50.300003,49.9,49.300003,51.9,49.9,52.300003,47.600002,46.9,4204159,-1115723,1075200,1075200,1075200,1075200,1075200,1075200,652800,1401600,2,0,0,271,14,25,178,29,33,122,18,47,58,8,27,0,0,0,919,55,43,0,0,0,1117,0,0,310877,24524,46088,203854,69351,190182,146945,34820,232885,56301,13822,178893,0,0,0,596889,109526,82923,0,0,0,101.76568224299066,0.09395638629283488
1658004691212,34.99,0.7268293,1.0,0.7307692,0.42307693,0.42307693,1.0,0.9230769,0.33333334,1.0,50.600002,50.300003,49.600002,50.300003,50.300003,50.300003,49.300003,52.300003,49.9,51.9,47.9,46.9,4203186,-1103211,1075200,1075200,1075200,1075200,1075200,1075200,652800,1401600,15,0,0,339,19,37,296,43,66,124,21,18,9,1,7,14,1,0,822,53,38,0,0,0,23969,0,0,329268,31802,62283,306630,83491,264757,108589,25893,45602,12360,2154,110110,13870,1119,6279,526025,95795,127127,0,0,0,101.88879875195008,0.14861778471138845
1658004692231,35.037003,0.734375,1.0,0.875,0.4347826,0.9583333,0.3181818,1.0,0.17391305,1.0,50.9,50.9,49.9,50.300003,50.600002,50.9,50.300003,52.300003,50.600002,52.600002,48.300003,47.600002,4184890,-1275635,1075200,1075200,1075200,1075200,1075200,1075200,652800,1401600,43,0,0,366,8,22,233,42,39,207,29,29,6,2,4,4,1,3,908,56,20,0,0,0,41025,0,0,401170,8292,56757,244181,86386,137261,176666,57047,126108,2664,4144,26210,6595,983,4128,553979,96637,34145,0,0,0,57.49120748829954,0.09070826833073323
1658004693246,35.071003,0.7735849,0.76,1.0,0.4814815,0.75,0.962963,1.0,0.23076923,1.0,50.300003,49.600002,49.300003,49.300003,49.600002,49.600002,48.9,51.9,49.600002,51.9,47.300003,46.9,4259241,-820923,1075200,1075200,1075200,1075200,1075200,1075200,652800,1401600,31,0,0,259,22,43,242,31,42,60,12,27,118,17,30,0,0,0,542,45,84,0,0,0,34734,0,0,241964,30073,136230,235092,58539,358661,63334,31418,97895,100751,40214,113487,0,0,0,382166,94041,289350,0,0,0,-1.0,-1.0
1658004694292,35.111,0.8309859,0.96428573,1.0,0.48,0.5416667,0.96428573,0.56,1.0,1.0,50.9,51.300003,50.600002,50.600002,51.300003,51.600002,50.600002,52.600002,50.9,52.600002,47.600002,47.9,4253402,-530701,1075200,1075200,1075200,1075200,1075200,1075200,652800,1401600,329,0,0,7,0,0,270,12,19,239,19,40,34,0,0,44,9,5,1027,22,30,2,0,0,130477,0,0,14110,0,0,236663,25254,77850,239469,30223,116841,18569,0,0,38081,15508,15125,528587,69331,128812,32,0,0,0.004166409861325116,0.003180277349768875
1658004695372,35.128002,0.8869565,0.85714287,0.78571427,0.76666665,0.9655172,0.79310346,0.9285714,1.0,1.0,49.9,49.9,49.300003,49.9,50.600002,50.600002,50.600002,51.600002,50.9,51.9,46.9,46.600002,4249509,-673218,1075200,1075200,1075200,1075200,1075200,1075200,652800,1401600,4,0,0,25,0,0,257,16,14,217,10,21,60,0,4,119,9,17,186,8,1,2,0,0,4872,0,0,14776,0,0,167966,24110,22775,163262,14836,48005,25390,0,11255,74334,20794,29018,113900,10185,3230,55,0,0,-1.0,-1.0
1658004696453,35.128002,0.9408867,1.0,1.0,0.84,0.72,0.96153843,1.0,1.0,1.0,48.9,49.300003,48.600002,49.600002,49.9,50.300003,49.9,50.9,50.600002,51.300003,46.300003,45.9,4249509,-892029,1075200,1075200,1075200,1075200,1075200,1075200,652800,1401600,163,0,0,69,0,0,178,8,16,75,13,8,45,7,9,13,2,2,0,0,0,0,0,0,87317,0,0,74649,0,0,107445,7656,39517,50551,24942,15383,37922,5861,16674,10121,3409,8314,0,0,0,0,0,0,-1.0,-1.0
1658004697590,35.128002,0.9055794,1.0,1.0,1.0,0.9310345,0.7586207,1.0,0.56666666,1.0,50.9,51.300003,50.9,51.300003,51.600002,51.600002,51.300003,51.9,52.300003,52.600002,47.300003,47.600002,4219730,-916443,1075200,1075200,1075200,1075200,1075200,1075200,652800,1401600,315,0,0,8,0,0,117,0,0,195,0,0,69,0,0,1,0,0,172,0,0,0,0,0,104715,0,0,3454,0,0,115626,0,0,162472,0,0,33362,0,0,10,0,0,90546,471,0,0,0,0,-1.0,-1.0
1658004698777,35.105003,0.79802954,0.92,0.71428573,1.0,0.7307692,0.88,1.0,0.083333336,1.0,49.9,50.300003,49.9,50.300003,50.300003,50.600002,49.9,51.9,50.600002,51.9,46.9,46.9,4217005,-1016846,1075200,1075200,1075200,1075200,1075200,1075200,652800,1401600,3,0,0,0,0,0,9,3,1,24,2,2,84,14,13,0,0,0,853,92,46,2,0,0,4075,0,0,0,0,0,6061,3904,2288,16538,3042,1098,75606,19782,58596,0,0,0,431188,121042,83036,41,0,0,107.23369470404984,0.5225669781931465
1658004699813,35.084003,0.8425926,1.0,0.96153843,0.7777778,0.7037037,0.8888889,1.0,0.4642857,1.0,50.600002,50.600002,49.9,50.600002,50.300003,50.600002,49.9,51.600002,50.600002,52.300003,48.300003,47.300003,4186836,-1410218,1075200,1075200,1075200,1075200,1075200,1075200,652800,1401600,4,2,3,156,18,32,137,18,24,11,0,11,55,5,18,0,0,0,893,92,34,0,0,0,4982,5337,7400,154321,28776,52662,121299,35517,83549,12640,0,65458,53190,16844,105244,0,0,0,570994,119992,75454,0,0,0,98.51518100890208,0.09258160237388723
1658004700901,35.088,0.835,1.0,0.8076923,0.9583333,1.0,0.6086956,0.9583333,0.375,1.0,50.9,50.9,50.300003,50.600002,50.300003,50.600002,49.600002,52.300003,50.600002,52.300003,47.600002,47.300003,4197152,-1153565,1075200,1075200,1075200,1075200,1075200,1075200,652800,1401600,38,4,16,64,6,4,54,24,38,45,10,11,43,6,10,0,0,0,1194,59,31,0,0,0,53411,6386,73540,63277,9170,8032,67102,63482,165242,39709,13408,27940,38314,12199,64086,0,0,0,653925,123591,58843,0,0,0,103.9979617834395,0.09008917197452229
1658004701947,35.091003,0.8041237,1.0,0.9583333,1.0,1.0,0.20833333,1.0,0.25,1.0,50.600002,50.600002,49.9,50.600002,50.300003,50.600002,49.9,52.300003,50.300003,52.600002,47.9,47.300003,4203964,-1095887,1075200,1075200,1075200,1075200,1075200,1075200,652800,1401600,7,0,0,125,4,7,21,1,3,1,0,0,106,21,47,10,2,5,1050,56,33,1,0,0,10988,0,0,129628,6541,16323,13363,476,4126,73,0,0,104030,40169,319898,8322,1457,11987,617414,85245,76660,42,0,0,103.06735802469136,0.07190123456790123
1658004702961,35.118,0.9117647,1.0,1.0,0.96,1.0,1.0,1.0,0.32,1.0,50.9,50.9,50.300003,50.9,50.300003,50.600002,49.9,52.600002,50.300003,52.300003,47.9,47.600002,4207078,-1104431,1075200,1075200,1075200,1075200,1075200,1075200,652800,1401600,3,0,0,37,0,0,52,14,22,4,0,5,69,26,38,0,0,0,979,60,29,1,0,0,3925,0,0,29990,0,0,57114,36074,105257,6944,0,30702,85088,70361,177654,0,0,0,588302,105810,60711,38,0,0,100.63285053929121,0.07435439137134052
1658004704000,35.148003,0.84375,1.0,0.82758623,1.0,0.5925926,1.0,1.0,0.32142857,1.0,50.9,50.9,50.300003,50.9,50.9,50.9,50.300003,52.600002,50.600002,52.600002,48.300003,47.9,4207468,-1096802,1075200,1075200,1075200,1075200,1075200,1075200,652800,1401600,0,0,0,0,0,0,5,7,11,5,2,3,6,1,0,0,0,0,1094,56,20,0,0,0,0,0,0,0,0,0,7331,21260,65044,7873,8457,14864,4325,33,0,0,0,0,606409,94284,27692,0,0,0,108.09913043478261,0.09237267080745341
1658004705032,35.179,0.8853211,1.0,0.9655172,1.0,0.9285714,0.8518519,1.0,0.26923078,1.0,51.600002,51.300003,50.9,51.300003,50.9,50.9,50.300003,52.9,50.9,52.9,48.600002,47.9,4205910,-1211548,1075200,1075200,1075200,1075200,1075200,1075200,652800,1401600,0,0,0,276,10,25,0,0,0,32,7,12,35,3,8,31,4,5,1048,55,29,0,0,0,0,0,0,337580,15334,62568,0,0,0,39802,15167,55738,32389,5576,106009,30817,5797,16150,631813,100938,47368,0,0,0,100.31198732171157,0.0896608557844691
1658004706087,35.226,0.79802954,1.0,1.0,0.64,1.0,0.61538464,1.0,0.08695652,1.0,51.300003,51.300003,50.600002,50.600002,50.600002,50.600002,50.300003,52.9,50.600002,52.9,48.300003,47.9,4207273,-1105347,1075200,1075200,1075200,1075200,1075200,1075200,652800,1401600,0,0,0,44,0,0,12,1,2,12,2,4,157,25,44,14,4,6,1066,48,33,0,0,0,0,0,0,43289,0,0,10963,3657,2425,11440,4405,5333,142613,51618,249131,18321,5544,23278,607282,83022,69832,0,0,0,107.48551166407465,0.08151788491446345
1658004707102,35.260002,0.7942857,1.0,1.0,0.85714287,1.0,0.3809524,1.0,0.14285715,1.0,51.300003,51.300003,50.9,51.300003,50.600002,51.300003,50.600002,52.9,50.9,52.600002,48.300003,47.600002,4204937,-1078186,1075200,1075200,1075200,1075200,1075200,1075200,652800,1401600,0,0,0,64,0,0,153,42,52,1,1,1,41,8,16,0,0,0,1053,52,24,0,0,0,0,0,0,71740,0,0,154499,93299,251747,1131,211,9918,43548,20358,121518,0,0,0,630704,105192,62353,0,0,0,100.53136305732484,0.09605095541401275
1658004708124,35.304,0.785,1.0,0.96153843,0.25,0.96,1.0,1.0,0.08695652,1.0,51.600002,51.600002,50.600002,50.9,50.9,50.9,50.300003,53.300003,50.9,52.9,48.300003,47.9,4208051,-1092530,1075200,1075200,1075200,1075200,1075200,1075200,652800,1401600,1,1,1,102,2,2,127,27,28,3,0,1,48,9,29,0,0,0,1006,59,20,0,0,0,823,848,3152,94590,1948,2673,111663,51112,117715,2853,0,1264,56867,30696,201385,0,0,0,586747,109004,40773,0,0,0,102.64424691358023,0.10143209876543209
1658004709155,35.355003,0.7920792,1.0,1.0,1.0,1.0,1.0,0.13043478,0.125,1.0,51.300003,51.600002,50.300003,51.300003,50.9,50.9,50.300003,52.9,50.9,53.300003,48.600002,47.600002,4210387,-1020203,1075200,1075200,1075200,1075200,1075200,1075200,652800,1401600,32,0,0,85,0,0,61,13,24,5,3,2,17,0,1,150,20,35,1036,67,27,0,0,0,26303,0,0,83184,0,0,58415,36902,119904,1707,8200,6854,10192,0,1018,114729,44870,169993,617153,121869,48132,0,0,0,107.01193241167435,0.08818433179723502
1658004710215,35.402,0.89767444,1.0,1.0,1.0,1.0,1.0,1.0,0.18518518,1.0,51.9,51.9,51.300003,51.9,51.600002,50.9,50.600002,53.300003,50.9,53.300003,48.600002,48.300003,4213307,-1047974,1075200,1075200,1075200,1075200,1075200,1075200,652800,1401600,31,0,0,8,0,0,0,0,0,3,5,7,3,1,0,87,29,52,968,71,30,0,0,0,28249,0,0,11796,0,0,0,0,0,2700,19398,40834,1560,2133,0,106232,84778,237943,598910,125619,71487,0,0,0,102.94454573643411,0.08642480620155038
1658004711272,35.449,0.9099099,1.0,1.0,1.0,1.0,1.0,1.0,0.25925925,1.0,51.300003,51.600002,50.600002,51.300003,51.300003,51.600002,50.600002,53.300003,50.9,53.300003,48.600002,48.300003,4214280,-1053772,1075200,1075200,1075200,1075200,1075200,1075200,652800,1401600,0,0,0,53,0,1,121,18,23,5,0,3,0,0,0,10,4,11,1156,65,14,0,0,0,0,0,0,41716,0,524,102452,34436,77079,5643,0,4290,0,0,0,15982,11108,112371,656769,104000,23301,0,0,0,101.57690824261275,0.09445723172628305
1658004712367,35.486,0.82125604,1.0,0.962963,1.0,1.0,1.0,0.42307693,0.08,1.0,52.300003,51.9,51.300003,51.9,52.300003,52.300003,51.300003,53.600002,52.300003,53.600002,48.9,48.300003,4201628,-1161805,1075200,1075200,1075200,1075200,1075200,1075200,652800,1401600,2,0,0,10,0,0,139,18,23,7,5,8,0,0,0,5,1,2,1045,50,22,0,0,0,3361,0,0,7513,0,0,111168,31746,65330,9236,17903,31477,0,0,0,2501,955,9772,600935,80762,33623,0,0,0,101.82061586314153,0.08604665629860031
1658004713390,35.54,0.82587063,0.9230769,0.9230769,0.72,1.0,1.0,0.7307692,0.33333334,1.0,51.9,51.9,51.300003,51.600002,51.600002,51.300003,50.300003,53.300003,51.300003,53.300003,48.9,48.300003,4197346,-1181031,1075200,1075200,1075200,1075200,1075200,1075200,652800,1401600,2,0,0,143,3,9,62,22,36,8,0,4,10,5,4,39,4,19,1124,63,28,0,0,0,4386,0,0,163964,3944,10721,83842,50366,174256,7975,0,22411,14265,10694,20558,42483,11121,113922,677833,96575,67986,0,0,0,106.98323868954758,0.09475195007800312
1658004714452,35.588,0.779661,1.0,0.95652175,1.0,1.0,1.0,0.13636364,0.13636364,1.0,52.300003,51.9,51.300003,51.9,51.9,51.9,51.300003,53.300003,52.300003,53.9,49.300003,48.600002,4189950,-1178589,1075200,1075200,1075200,1075200,1075200,1075200,652800,1401600,14,0,0,81,2,3,182,27,44,16,3,10,18,2,3,44,12,17,999,62,29,0,0,0,21051,0,0,92804,3053,2667,173696,52034,139948,17912,6974,26994,18209,4226,5904,40369,32066,77189,598958,96835,62728,0,0,0,100.9439258114374,0.10801854714064914
1658004715490,35.638,0.7802198,1.0,1.0,1.0,1.0,1.0,0.09090909,0.09090909,1.0,51.9,51.9,51.300003,51.600002,51.9,51.300003,50.9,53.300003,51.300003,53.300003,49.300003,48.300003,4209803,-1056214,1075200,1075200,1075200,1075200,1075200,1075200,652800,1401600,0,1,0,125,16,20,49,19,32,0,0,0,19,4,4,15,6,25,1128,52,28,1,0,0,0,3281,0,135234,32938,35253,68912,39492,147253,0,0,0,21489,5744,4545,16144,17879,203648,667136,98664,46801,33,0,0,101.41416149068323,0.0826832298136646
1658004716498,35.682003,0.8508287,1.0,0.9130435,1.0,1.0,1.0,0.42857143,0.47826087,1.0,52.300003,52.300003,51.300003,51.9,51.9,51.300003,50.600002,53.600002,51.300003,53.600002,48.9,48.300003,4201823,-1141968,1075200,1075200,1075200,1075200,1075200,1075200,652800,1401600,27,1,6,113,13,17,15,3,6,5,0,4,2,1,1,105,33,36,1040,60,21,1,0,0,48592,4115,39637,108961,17202,27772,20561,4507,25711,7413,0,8677,2080,236,658,116245,79907,176023,615699,109168,39227,20,0,0,103.10439751552795,0.08462111801242236
1658004717510,35.733,0.8292683,1.0,1.0,1.0,1.0,1.0,0.44444445,0.16,1.0,52.600002,52.600002,51.9,52.300003,52.300003,51.9,51.300003,53.600002,51.9,53.600002,49.300003,48.600002,4200850,-1182862,1075200,1075200,1075200,1075200,1075200,1075200,652800,1401600,40,0,0,79,8,7,37,10,18,2,1,0,0,0,0,202,20,27,941,65,26,0,0,0,45188,0,0,72581,13584,15822,35940,25976,115391,1303,708,0,0,0,0,176044,21237,107680,538179,95019,49602,0,0,0,103.42464696734059,0.0892814930015552
1658004718529,35.77,0.7887324,1.0,1.0,0.48,0.88461536,0.8888889,1.0,0.07692308,1.0,52.300003,51.9,51.600002,52.300003,52.300003,51.600002,50.9,53.600002,51.9,53.600002,48.9,48.600002,4205910,-1106873,1075200,1075200,1075200,1075200,1075200,1075200,652800,1401600,48,0,1,55,6,12,31,7,9,0,0,0,0,0,0,52,21,41,1079,52,24,0,0,0,19890,0,1691,73412,8027,23501,27054,18340,74703,0,0,0,0,0,0,68034,50027,249217,655709,109202,45721,0,0,0,25.451451713395638,0.030292834890965733
1658004719572,35.814003,0.9276018,1.0,1.0,0.8518519,1.0,1.0,1.0,0.5185185,1.0,50.9,51.300003,50.600002,50.9,50.9,50.9,50.300003,52.9,50.9,52.9,47.9,47.600002,4271503,-458679,1075200,1075200,1075200,1075200,1075200,1075200,652800,1401600,6,0,0,79,0,0,137,15,27,98,3,11,51,1,3,17,4,12,411,81,96,0,0,0,10118,0,0,89912,0,0,119197,28450,203322,74709,5209,31442,18773,940,24580,18820,6666,53677,289309,196702,274427,0,0,0,-1.0,-1.0
1658004720767,35.858,0.86255926,0.9230769,1.0,0.96153843,0.8076923,0.96153843,1.0,0.26923078,1.0,52.300003,52.300003,51.600002,52.600002,52.600002,52.9,52.300003,53.600002,52.600002,53.9,49.600002,49.600002,4251650,-828552,1075200,1075200,1075200,1075200,1075200,1075200,652800,1401600,6,0,0,3,0,0,61,0,0,5,0,0,2,0,0,0,0,0,1502,11,8,0,0,0,3111,0,0,1755,0,0,75166,0,0,4337,0,0,2395,0,0,0,0,0,631193,19154,11208,0,0,0,-1.0,-1.0
