1658685831336,43.611004,0.5769231,0.27272728,0.47826087,0.42857143,0.7916667,0.41666666,1.0,0.1904762,1.0,59.300003,59.600002,59.300003,59.9,60.300003,60.300003,59.600002,60.9,60.600002,62.300003,55.9,55.9,4205132,-603943,1075200,1075200,1075200,1075200,1075200,1075200,652800,1401600,1711596,53957,99080,2078077,58249,120169,836343,96190,158667,823818,106105,172696,596958,77567,159724,579333,75085,151251,624823,100906,251975,399388,53176,160166,1488275057,95911966,637405183,1534569087,95315713,613831539,811301067,210534103,1187155156,805520909,229189812,1209961606,519312523,161221889,1427105874,502831203,152449871,1344549893,474772422,229340186,1660540702,238344263,114961787,1101749454,-1.0,-1.0
1658685832452,43.584003,0.6,0.3846154,1.0,0.65384614,0.33333334,0.44444445,0.9259259,0.037037037,1.0,58.9,59.600002,58.600002,59.600002,59.9,59.9,59.300003,61.300003,59.9,61.9,56.9,56.9,4202018,-632019,1075200,1075200,1075200,1075200,1075200,1075200,652800,1401600,500,0,0,434,0,0,218,0,0,116,0,0,298,0,0,23,0,0,469,0,1,15,0,0,223513,0,0,168500,0,0,193814,0,0,89426,0,0,214325,0,0,7989,0,0,401438,0,596,3618,0,0,-1.0,-1.0
1658685833543,43.550003,0.50753766,0.45833334,0.68,0.33333334,0.76,0.2857143,0.16666667,0.41666666,1.0,58.300003,58.300003,57.9,59.300003,59.300003,59.600002,59.300003,60.9,59.300003,61.300003,55.600002,55.600002,4196179,-646973,1075200,1075200,1075200,1075200,1075200,1075200,652800,1401600,818,0,0,130,0,0,317,15,21,268,16,48,412,3,18,71,2,6,341,36,83,18,0,3,487924,0,0,135311,0,0,267614,39198,49752,227385,21477,162231,247279,3365,74785,29948,2340,19935,289218,137281,224716,2409,0,2578,-1.0,-1.0
1658685834640,43.498,0.45405406,0.29166666,0.4090909,0.13636364,0.4090909,0.375,1.0,0.083333336,1.0,57.9,57.300003,57.600002,57.600002,57.300003,57.300003,56.9,59.9,57.600002,59.9,55.300003,54.9,4223428,-374145,1075200,1075200,1075200,1075200,1075200,1075200,652800,1401600,750,15,20,66,16,12,273,34,66,223,42,86,183,24,71,219,20,53,144,43,78,11,0,0,517435,42599,77119,148719,43741,47382,192512,67845,451915,212852,74079,408286,155879,47521,499158,180548,26574,173190,99133,145266,618994,666,0,0,36.9996879875195,0.615163806552262
1658685835741,43.449,0.44660193,0.20833333,0.16,0.34615386,0.5,0.23076923,1.0,0.074074075,1.0,57.9,58.300003,57.600002,58.600002,58.300003,58.9,58.600002,60.300003,59.600002,60.600002,56.300003,55.600002,4150439,-1309815,1075200,1075200,1075200,1075200,1075200,1075200,652800,1401600,812,11,16,927,10,14,619,41,60,498,48,62,138,23,49,18,2,3,195,33,95,16,0,0,564389,21674,53643,561604,14241,31796,453368,78390,231813,390774,96291,159333,148518,49378,281142,20901,2495,2400,146012,88772,503533,369,0,0,101.25693023255813,0.7647751937984496
1658685836995,43.407,0.4568528,0.5,0.52,1.0,0.29166666,0.12,0.083333336,0.12,1.0,57.9,57.300003,56.600002,57.300003,57.9,58.300003,57.300003,59.9,57.9,59.9,55.300003,54.600002,4171849,-1009827,1075200,1075200,1075200,1075200,1075200,1075200,652800,1401600,671,18,47,524,56,85,194,31,61,207,27,40,31,13,33,263,12,18,293,23,71,0,0,0,504482,28786,104031,646936,79776,214330,181901,71455,454347,171041,81139,211818,25738,44908,449513,178968,22288,185853,214358,59077,629167,0,0,0,103.2667298578199,0.8306350710900474
1658685838075,43.415,0.549763,0.5555556,0.125,0.28,0.4814815,0.375,1.0,0.46153846,1.0,57.9,57.600002,56.9,57.600002,56.9,56.9,56.9,59.9,57.600002,59.9,55.300003,54.9,4165037,-1091004,1075200,1075200,1075200,1075200,1075200,1075200,652800,1401600,658,22,42,491,35,57,312,35,41,310,57,75,127,20,38,86,12,30,301,66,101,0,0,0,459840,45703,129536,471446,78412,136815,268746,61524,146358,335917,133496,404863,128519,41431,309310,88617,18531,161250,294125,161847,359706,0,0,0,101.71401555209953,0.7922363919129082
1658685839188,43.419003,0.67464113,0.7407407,0.37037036,0.32142857,0.5,1.0,1.0,0.4814815,1.0,57.600002,57.9,57.300003,57.600002,57.9,57.9,56.9,59.600002,57.600002,59.9,55.300003,54.9,4169708,-1100769,1075200,1075200,1075200,1075200,1075200,1075200,652800,1401600,316,21,39,728,27,34,522,31,33,445,54,73,150,19,44,38,5,18,77,25,81,0,0,0,318616,37556,117961,597973,40341,64532,366539,57905,78390,421743,94987,225172,115655,47761,265128,42184,12493,122482,79094,68590,527362,0,0,0,103.42559501557632,0.7838006230529595
1658685840315,43.43,0.49162012,0.27272728,0.3181818,0.4090909,0.39130434,0.0952381,1.0,0.4090909,1.0,57.600002,57.600002,57.300003,57.600002,57.9,58.300003,57.9,59.9,58.600002,60.300003,55.600002,55.300003,4170681,-1146241,1075200,1075200,1075200,1075200,1075200,1075200,652800,1401600,434,7,19,679,34,56,542,72,74,321,47,57,130,25,45,0,0,0,137,26,71,0,0,0,376372,8395,36710,690725,58902,167703,484361,126572,172788,294336,109975,368624,141037,59590,158473,0,0,0,129436,70484,672082,0,0,0,107.24256157635469,0.835152709359606
1658685841412,43.460003,0.5698324,0.61904764,0.54545456,0.5,0.375,0.71428573,0.22727273,0.59090906,1.0,57.600002,57.600002,56.9,57.600002,57.600002,57.9,57.300003,59.9,57.9,60.300003,55.300003,55.300003,4162506,-1174317,1075200,1075200,1075200,1075200,1075200,1075200,652800,1401600,477,43,60,605,26,33,313,57,80,564,39,45,165,39,67,0,0,0,138,40,85,1,0,0,439517,99419,143094,534509,46647,66135,293661,126907,201420,476421,66565,185951,176487,85148,396511,0,0,0,173031,110969,453461,119,0,0,108.25450699844478,0.6965847589424573
1658685842475,43.494003,0.5245098,0.5769231,0.20833333,0.92,0.25,0.29166666,0.53846157,0.30769232,1.0,58.600002,58.600002,56.9,57.300003,57.9,58.300003,57.300003,59.9,57.600002,60.300003,55.600002,55.300003,4160755,-1202393,1075200,1075200,1075200,1075200,1075200,1075200,652800,1401600,505,42,67,489,44,69,156,18,33,405,59,74,152,36,51,109,10,15,463,42,61,0,0,0,431291,90722,211513,490200,101614,199079,124433,28229,108105,421190,115112,318488,132282,69704,361706,85141,25189,91296,359093,104829,283004,0,0,0,101.57252877138413,0.6185505443234836
1658685843592,43.517002,0.5090909,0.15384616,0.115384616,0.2962963,0.53571427,0.8214286,1.0,0.071428575,1.0,57.600002,57.300003,57.300003,57.300003,57.600002,57.9,57.300003,59.600002,57.600002,59.9,55.300003,54.9,4172628,-1072388,1075200,1075200,1075200,1075200,1075200,1075200,652800,1401600,606,35,72,660,45,44,244,10,16,264,42,71,143,26,37,71,12,40,313,27,60,0,0,0,480971,59944,151172,600562,98532,87483,215376,15920,56206,271637,71658,297903,120146,58810,172485,73489,25505,292556,209121,56735,471114,0,0,0,102.20769953051644,0.6527198748043819
1658685844696,43.554,0.4550562,0.13636364,0.2173913,1.0,0.17391305,0.13043478,1.0,0.0,1.0,57.300003,57.300003,57.300003,57.300003,57.300003,57.9,57.300003,59.9,57.600002,59.9,55.300003,54.600002,4164453,-1072693,1075200,1075200,1075200,1075200,1075200,1075200,652800,1401600,557,29,38,725,50,65,231,37,54,210,38,52,212,24,51,58,10,21,551,36,68,0,0,0,445129,45618,82063,707497,83790,153204,210970,71861,267692,232464,77317,238934,194268,53826,378020,41615,33133,161069,426153,78631,274387,0,0,0,103.33974683544304,0.6194430379746836
1658685845791,43.592003,0.45673078,0.5,0.22222222,0.12,0.4074074,0.36,1.0,0.0,1.0,57.600002,57.300003,56.9,57.300003,57.300003,57.600002,56.600002,59.600002,57.300003,59.9,54.9,54.9,4171265,-1007996,1075200,1075200,1075200,1075200,1075200,1075200,652800,1401600,852,21,29,592,41,57,350,32,26,309,44,87,163,24,46,0,0,0,74,14,54,0,0,0,672819,31574,62112,598339,83773,135140,289308,53075,87884,280939,101047,497528,153160,49611,256700,0,0,0,61840,35641,691089,0,0,0,104.33088817891374,0.6332523961661342
1658685846871,43.618004,0.555,0.41666666,0.2173913,0.16,0.5769231,0.375,1.0,0.5925926,1.0,56.9,56.9,56.9,57.300003,57.300003,57.300003,56.600002,59.600002,57.300003,59.600002,54.9,54.600002,4170876,-1018067,1075200,1075200,1075200,1075200,1075200,1075200,652800,1401600,717,31,39,647,35,41,496,49,58,373,42,71,93,18,40,0,0,0,66,13,73,0,0,0,596284,35214,66870,662220,63146,74343,404066,93113,214335,324272,93410,319457,83468,41496,341065,0,0,0,103993,38911,746719,0,0,0,108.32686780715397,0.6826003110419906
1658685847975,43.656002,0.43564355,0.0,0.13043478,1.0,0.08695652,1.0,0.08,0.0,1.0,58.600002,58.300003,57.300003,57.9,57.9,57.9,57.9,60.300003,58.9,60.300003,55.600002,55.300003,4154137,-1298523,1075200,1075200,1075200,1075200,1075200,1075200,652800,1401600,732,5,12,687,20,21,458,51,80,495,45,49,318,37,59,5,1,5,66,9,58,0,0,0,522528,2906,28005,634679,29802,46838,385401,96216,220468,388165,97061,178374,260207,65801,313807,6735,1477,36925,64059,28948,530431,0,0,0,107.1301457364341,0.607305426356589
1658685849070,43.686,0.5872093,0.8095238,0.25,0.23809524,0.33333334,0.36363637,1.0,0.6666667,1.0,56.9,56.9,56.9,56.9,57.600002,57.300003,56.600002,59.600002,57.300003,59.600002,55.300003,54.600002,4172044,-1103821,1075200,1075200,1075200,1075200,1075200,1075200,652800,1401600,394,30,55,664,47,65,426,30,41,530,72,59,93,13,24,38,2,30,51,12,62,1,0,0,396260,52095,146903,663489,89510,155430,362393,55161,196430,499349,141600,194933,81665,36940,178187,33879,2135,341573,67045,35547,770707,49,0,0,101.73138940809969,0.5587040498442367
1658685850128,43.72,0.48677248,0.08695652,0.20833333,0.82608694,0.3478261,0.13043478,1.0,0.32,1.0,57.9,57.600002,56.600002,57.300003,57.600002,57.9,57.300003,60.300003,57.9,59.9,55.600002,54.9,4168929,-1040955,1075200,1075200,1075200,1075200,1075200,1075200,652800,1401600,303,1,4,825,14,25,311,59,79,557,63,61,207,17,46,40,13,23,110,21,51,2,0,0,243249,2361,5329,625060,14597,52735,317020,108175,344267,492223,150486,163126,155786,40293,205808,37126,35025,208403,109569,59486,490314,56,0,0,102.56959481361426,0.610645056726094
1658685851197,43.754,0.5469613,1.0,0.18181819,0.21052632,0.5,0.17391305,0.65217394,0.5652174,1.0,57.600002,57.9,57.300003,57.9,58.300003,58.600002,58.600002,59.9,58.9,60.600002,55.600002,55.300003,4151217,-1253052,1075200,1075200,1075200,1075200,1075200,1075200,652800,1401600,594,40,60,686,35,43,446,57,68,365,28,43,174,12,40,35,6,3,44,12,48,0,0,0,541714,52910,132274,618878,52939,95340,386643,100377,169736,331841,45321,135993,160829,31204,470326,25290,12644,5585,58947,29532,640954,0,0,0,101.57252877138413,0.6405474339035769
1658685852259,43.784,0.46927375,0.73913044,0.42857143,0.0,0.13636364,0.13043478,1.0,0.29166666,1.0,58.300003,57.9,56.9,57.600002,57.9,57.9,57.9,59.9,58.9,60.300003,55.600002,54.9,4164453,-1105957,1075200,1075200,1075200,1075200,1075200,1075200,652800,1401600,308,11,17,800,38,58,510,48,66,318,69,68,241,40,56,32,9,13,43,13,40,0,0,0,236822,19619,36396,627520,52048,131413,448176,102148,295781,335184,161975,312012,201598,94500,259249,26127,21945,94548,49783,36355,674807,0,0,0,105.10999672667758,0.591240589198036
1658685853289,43.799004,0.5865922,0.36363637,0.47619048,0.27272728,0.9130435,0.18181819,1.0,0.42857143,1.0,57.9,57.300003,56.600002,57.600002,57.600002,57.9,57.300003,59.600002,57.9,60.600002,54.9,54.9,4167762,-1063843,1075200,1075200,1075200,1075200,1075200,1075200,652800,1401600,86,5,9,817,16,23,320,49,61,484,80,72,139,17,31,145,18,45,45,11,54,0,0,0,61530,6990,14278,632277,24098,46655,282757,129313,213168,490415,136980,235079,113014,36813,348051,109538,35513,297308,64334,40329,537322,0,0,0,100.82190291262137,0.5654368932038836
1658685854319,43.837,0.6178011,1.0,0.3181818,0.33333334,0.25,0.3846154,1.0,0.65384614,1.0,58.300003,57.9,57.300003,57.600002,57.9,57.9,56.9,59.9,57.600002,59.9,55.300003,54.9,4160949,-1193543,1075200,1075200,1075200,1075200,1075200,1075200,652800,1401600,666,32,38,486,47,75,598,64,50,254,44,50,56,16,42,0,2,1,54,13,53,0,0,0,504757,57026,72282,485291,75414,176962,516870,125569,112021,249970,108645,296341,80874,46227,299402,0,4141,6005,77275,37675,733693,0,0,0,104.78891503267974,0.6142222222222222
1658685855351,43.871002,0.49438202,1.0,0.18181819,1.0,0.10526316,0.04761905,0.045454547,0.4347826,1.0,57.600002,57.600002,56.9,57.9,57.9,57.9,56.9,59.9,57.600002,59.9,55.600002,54.600002,4157057,-1148987,1075200,1075200,1075200,1075200,1075200,1075200,652800,1401600,102,0,0,822,21,34,281,33,68,499,68,69,165,15,62,0,0,0,113,15,57,0,0,0,72238,0,0,661547,30785,60227,262175,75873,525273,468758,173167,181883,136611,39089,559195,0,0,0,116781,44352,647253,0,0,0,100.92233112582782,0.6162119205298014
1658685856357,43.886,0.5925926,0.68,0.22727273,0.65217394,0.25,1.0,0.18181819,0.72,1.0,58.300003,57.600002,57.300003,57.300003,57.300003,57.300003,56.9,59.9,57.600002,59.9,55.600002,54.9,4158419,-1155701,1075200,1075200,1075200,1075200,1075200,1075200,652800,1401600,61,0,0,790,34,32,348,36,47,488,29,43,263,30,67,141,20,52,125,23,76,0,0,0,47449,0,0,691802,56295,68614,304274,60085,99911,429332,58581,219756,240183,60386,280991,121832,55329,312429,138670,64278,457984,0,0,0,103.99862420382166,0.6326114649681528
1658685857395,43.909,0.55778897,0.96,0.26086956,0.13636364,0.375,0.6,0.68,0.3846154,1.0,57.600002,57.600002,56.9,57.300003,57.600002,57.600002,56.9,59.600002,57.300003,59.600002,55.300003,54.9,4167178,-1099243,1075200,1075200,1075200,1075200,1075200,1075200,652800,1401600,159,1,1,704,48,60,254,36,51,387,45,49,26,13,34,116,23,59,449,43,77,0,0,0,186004,1206,758,626691,75806,110905,199884,61240,248592,339364,108367,351695,20029,44544,333011,99271,63134,653833,382279,87803,281309,0,0,0,103.61758759689923,0.6251658914728682
1658685858481,43.935,0.5527638,0.92,0.3846154,0.65384614,0.2,0.6666667,0.2,0.48,1.0,57.9,57.600002,56.600002,56.9,57.300003,57.600002,56.600002,59.9,57.300003,59.9,54.9,54.9,4158030,-1096192,1075200,1075200,1075200,1075200,1075200,1075200,652800,1401600,159,8,17,804,41,45,393,34,54,245,58,47,71,18,57,249,30,50,156,40,89,0,0,0,137446,7703,27029,619651,76242,112759,331631,59004,142158,260842,140856,153586,72304,58659,508090,230581,59073,367069,171390,99188,555338,0,0,0,99.76542062193126,0.5795090016366612
1658685859519,43.947002,0.49142858,0.95652175,0.2857143,0.18181819,0.14285715,0.18181819,1.0,0.14285715,1.0,57.600002,57.300003,56.9,56.9,57.600002,57.300003,56.600002,59.600002,56.9,59.600002,54.9,54.600002,4164453,-1036988,1075200,1075200,1075200,1075200,1075200,1075200,652800,1401600,150,3,7,843,26,34,197,32,61,484,48,78,13,5,15,191,30,59,121,34,75,0,0,0,112722,1319,10688,705119,36386,53800,167170,80328,487107,475926,103433,277924,9592,17995,74733,152828,73807,562911,131042,85450,580014,0,0,0,103.4829735614308,0.6425381026438569
1658685860559,43.954002,0.5056818,0.8095238,0.31578946,0.14285715,1.0,0.09090909,0.39130434,0.17391305,1.0,57.600002,57.600002,56.600002,56.9,57.600002,57.600002,56.9,59.600002,57.600002,59.600002,55.300003,54.9,4159587,-1128846,1075200,1075200,1075200,1075200,1075200,1075200,652800,1401600,354,8,11,813,22,25,352,49,60,253,73,74,351,62,61,12,2,8,47,18,57,0,0,0,273771,16466,9801,660595,31753,44305,316570,102056,252701,288850,201012,306887,309981,124652,144743,15658,3594,130770,66141,67142,587055,0,0,0,103.3366230529595,0.675190031152648
1658685861587,43.988003,0.5243243,0.47826087,0.3478261,0.45833334,0.5652174,0.4347826,0.73913044,0.125,1.0,57.9,57.300003,56.9,57.600002,57.300003,57.300003,56.300003,59.9,56.9,59.9,55.300003,54.9,4166399,-1040344,1075200,1075200,1075200,1075200,1075200,1075200,652800,1401600,306,31,65,681,38,47,331,37,49,179,26,23,34,13,25,255,30,72,298,40,67,0,0,0,289263,36544,151180,599933,72171,112247,279696,68688,138517,185832,44174,97945,36499,33419,309715,219881,76378,412508,271767,89588,475126,0,0,0,101.0687488,0.6157824000000001
1658685862605,43.999,0.45454547,0.45833334,0.20833333,0.125,0.7083333,0.08695652,1.0,0.12,1.0,57.600002,57.300003,56.600002,57.600002,57.600002,57.600002,56.9,59.600002,57.600002,59.600002,55.600002,54.600002,4169903,-1034851,1075200,1075200,1075200,1075200,1075200,1075200,652800,1401600,489,8,14,771,34,36,206,44,48,325,38,55,172,25,60,70,4,4,47,15,61,1,0,0,338651,14139,38292,611939,51721,70243,196961,86902,266341,327214,71923,240795,162191,64611,466468,57756,7057,6725,56983,45521,816059,59,0,0,101.66071539657854,0.6518942457231726
1658685863636,44.015003,0.44864866,0.95652175,0.16666667,0.2173913,1.0,0.20833333,0.125,0.041666668,1.0,57.300003,56.9,56.300003,57.300003,57.300003,57.300003,56.600002,59.600002,56.9,59.300003,54.9,54.600002,4170097,-1025696,1075200,1075200,1075200,1075200,1075200,1075200,652800,1401600,626,44,67,572,43,71,402,29,49,294,25,30,247,16,46,0,0,0,58,10,52,0,0,0,549321,69624,145994,595923,77352,151086,376282,47978,138022,246055,52875,121851,190474,30718,510013,0,0,0,67981,30939,764105,0,0,0,98.52578947368421,0.6666842105263159
1658685864638,44.041,0.5762712,1.0,0.23809524,0.3478261,0.0,0.13636364,1.0,0.8181818,1.0,57.9,57.600002,56.9,57.600002,57.300003,56.9,56.300003,59.600002,56.9,59.300003,55.300003,54.600002,4159392,-1135865,1075200,1075200,1075200,1075200,1075200,1075200,652800,1401600,437,6,4,640,30,40,579,41,51,252,32,32,126,23,49,171,35,59,43,16,52,1,0,0,272522,4705,9772,647902,73258,117544,505482,73406,130474,239619,63968,128331,127301,55487,315608,156307,79574,241814,60562,47077,543462,28,0,0,77.3535671406003,0.4977693522906793
1658685865667,44.06,0.57923496,1.0,1.0,0.13636364,0.13043478,0.2173913,0.3043478,0.7826087,1.0,57.600002,56.9,56.300003,57.300003,57.600002,57.300003,56.600002,59.600002,57.300003,59.9,54.9,54.600002,4178661,-721130,1075200,1075200,1075200,1075200,1075200,1075200,652800,1401600,1,1,0,566,37,50,503,55,61,581,51,85,158,30,66,0,0,0,100,33,60,0,0,0,3108,2259,0,562017,73936,192835,387064,98645,307029,514385,91773,237480,152388,71892,481855,0,0,0,104088,91460,299794,0,0,0,-1.0,-1.0
1658685866700,44.067,0.42774567,1.0,0.04761905,0.04761905,0.0952381,1.0,0.1,0.0,1.0,57.300003,56.600002,55.9,56.300003,56.9,57.300003,56.600002,58.9,56.9,59.300003,53.9,53.9,4215253,-420532,1075200,1075200,1075200,1075200,1075200,1075200,652800,1401600,200,14,21,332,3,4,294,56,83,353,50,59,134,26,60,108,19,36,102,7,47,3,0,0,252780,33425,45459,141072,8096,11756,242626,114863,459459,302126,90089,383871,126624,70669,581099,97186,39317,167067,90111,11525,680537,623,0,0,-1.0,-1.0
1658685867714,44.064003,0.45454547,0.1923077,0.125,0.08695652,1.0,0.16,1.0,0.115384616,1.0,56.300003,55.9,55.300003,55.600002,56.300003,56.300003,55.600002,58.600002,56.300003,58.600002,53.600002,53.300003,4204743,-439453,1075200,1075200,1075200,1075200,1075200,1075200,652800,1401600,612,4,9,803,12,29,250,41,73,240,47,81,183,24,43,86,11,28,125,13,83,7,0,0,391841,8069,48406,586962,24743,185117,188021,110379,293715,227567,100649,488680,138215,41258,197656,62266,25224,118957,98280,25505,758520,146,0,0,-1.0,-1.0
1658685868765,44.048,0.5686275,0.84615386,0.28,0.24,0.20833333,0.61538464,1.0,0.37037036,1.0,55.600002,55.300003,54.9,55.9,55.9,55.9,55.300003,57.9,55.9,57.9,53.600002,53.300003,4218367,-334778,1075200,1075200,1075200,1075200,1075200,1075200,652800,1401600,592,13,25,931,24,35,209,47,82,108,19,42,219,23,54,53,3,10,113,4,46,3,0,0,416246,30118,122242,572657,68347,256999,175161,118869,431692,95979,31899,308593,168083,68120,437538,55815,5990,48839,115555,20271,788822,68,0,0,-1.0,-1.0
1658685869802,44.011,0.635468,0.9166667,0.33333334,0.375,0.42307693,0.32,0.8518519,0.76,1.0,56.300003,56.300003,55.600002,56.600002,56.600002,56.9,56.300003,57.600002,56.9,58.9,53.600002,53.600002,4163869,-1188050,1075200,1075200,1075200,1075200,1075200,1075200,652800,1401600,529,1,7,707,8,20,351,47,96,219,16,38,151,30,52,29,2,0,83,8,55,2,0,0,352377,4160,18470,400020,17918,309439,292535,97956,460035,128806,27056,609609,166451,73440,348741,15250,3463,0,112409,18760,733934,54,0,0,156.7360748829953,2.0558751950078005
1658685870878,43.992,0.44864866,1.0,0.29166666,0.13636364,0.09090909,0.045454547,0.9130435,0.041666668,1.0,57.600002,56.9,56.300003,56.600002,57.300003,57.300003,56.300003,59.300003,56.9,59.300003,54.600002,54.600002,4156083,-1171875,1075200,1075200,1075200,1075200,1075200,1075200,652800,1401600,307,6,9,704,9,15,295,48,63,453,57,70,271,46,75,13,6,10,39,37,109,9,0,0,258215,9620,12730,632548,6798,23512,283658,88482,234739,402397,130083,215295,244586,81318,354225,13395,10642,32889,53155,109908,565806,253,0,0,218.7765534591195,1.225559748427673
1658685871886,43.969,0.4566474,1.0,0.2631579,0.17391305,0.09090909,1.0,0.09090909,0.08695652,1.0,56.600002,56.9,56.300003,56.600002,56.600002,56.600002,55.600002,58.9,56.300003,58.9,54.600002,54.300003,4169708,-1087036,1075200,1075200,1075200,1075200,1075200,1075200,652800,1401600,316,24,40,635,44,52,296,60,74,312,58,98,74,28,53,24,2,8,54,33,96,0,0,0,302996,34181,71725,564727,59231,81345,312752,116217,238594,338607,96860,335146,63143,88975,533971,18865,1275,49745,77462,110851,604726,0,0,0,207.64576152623212,0.9866581875993641
1658685872887,43.969,0.59659094,1.0,0.2857143,0.82608694,0.15,0.2173913,0.6363636,0.5652174,1.0,57.300003,56.600002,55.9,56.300003,56.9,56.9,55.9,58.9,56.600002,58.9,54.600002,54.300003,4171654,-1076966,1075200,1075200,1075200,1075200,1075200,1075200,652800,1401600,185,11,25,676,44,51,259,68,73,369,64,82,5,2,0,141,40,58,46,30,94,0,0,0,199933,16905,90769,607400,58781,75635,262879,144418,258369,364997,129720,279307,6858,602,0,151315,83131,397970,47791,111188,623579,0,0,0,207.3868899224806,1.022263565891473
1658685873904,43.984,0.578199,1.0,0.2,0.115384616,0.1923077,1.0,1.0,0.10714286,1.0,57.300003,57.300003,56.600002,57.300003,57.300003,57.600002,56.9,59.300003,57.600002,59.600002,55.300003,54.600002,4155305,-1226502,1075200,1075200,1075200,1075200,1075200,1075200,652800,1401600,225,1,2,716,32,44,265,39,70,457,58,73,242,42,81,91,25,29,64,19,89,0,0,0,204374,3891,6245,652240,57740,79462,284028,64606,242901,416525,108958,219547,245611,86558,258621,89944,43064,77650,90781,71985,503998,0,0,0,205.72176947040498,1.1511526479750778
1658685874979,44.007004,0.44505495,0.82608694,0.15,0.13636364,0.2173913,0.08695652,1.0,0.045454547,1.0,58.300003,57.9,56.9,57.600002,57.9,58.300003,57.9,59.600002,58.600002,59.9,55.600002,55.300003,4141875,-1410828,1075200,1075200,1075200,1075200,1075200,1075200,652800,1401600,265,15,21,655,51,73,299,57,79,349,58,89,57,10,17,79,13,53,136,59,130,0,0,0,240577,28292,66700,607157,83448,104413,312692,117190,251608,349694,126453,307342,56659,17755,64433,56292,30685,449014,145397,131257,526203,0,0,0,209.19812377850164,1.112130293159609
1658685876049,44.018,0.57276994,0.5185185,0.32,0.44,0.28,0.5862069,1.0,0.37931034,1.0,57.600002,57.600002,56.9,57.300003,57.600002,57.9,57.600002,59.600002,57.9,59.9,55.300003,54.9,4150244,-1309205,1075200,1075200,1075200,1075200,1075200,1075200,652800,1401600,30,2,8,677,45,63,430,64,87,232,68,84,41,11,37,63,18,36,164,57,138,1,0,0,18096,2562,18476,604940,70985,104935,447166,114458,245471,235476,167550,363373,49968,29296,367937,54546,55961,288675,164541,147423,517964,37,0,0,205.20991475409835,1.0952918032786885
1658685877093,44.052002,0.64953274,0.96428573,0.32,0.2,0.28,0.5555556,1.0,0.75,1.0,57.600002,57.9,57.600002,57.600002,57.600002,58.300003,57.9,59.9,58.9,60.300003,55.600002,54.9,4161922,-1178284,1075200,1075200,1075200,1075200,1075200,1075200,652800,1401600,306,27,37,778,23,21,341,58,58,415,76,75,173,23,69,0,0,0,50,31,77,0,0,0,305852,47457,69606,679442,24867,29270,314237,95121,178399,386205,134952,217489,163658,49264,468826,0,0,0,78204,93589,436976,0,0,0,208.7568847352025,1.2272647975077882
1658685878158,44.067,0.6009852,0.6666667,0.375,0.46153846,0.44,0.76,0.56,0.5,1.0,58.600002,58.300003,57.9,58.300003,58.300003,58.600002,58.300003,60.600002,58.600002,60.600002,55.9,55.600002,4153748,-1217652,1075200,1075200,1075200,1075200,1075200,1075200,652800,1401600,264,21,36,803,33,35,229,55,73,530,84,104,87,16,21,40,11,18,97,45,110,0,0,0,317979,43869,98999,682241,65233,80549,237064,113478,281188,518683,129899,201194,73253,33650,100712,44368,25053,121603,104901,118826,449803,0,0,0,208.75421859706364,1.3953148450244697
1658685879178,44.086002,0.59659094,0.3,0.5,0.25,0.95652175,1.0,0.0952381,0.6363636,1.0,58.300003,58.300003,57.600002,58.600002,58.9,57.9,57.300003,60.300003,57.600002,60.300003,55.9,55.600002,4161144,-1081238,1075200,1075200,1075200,1075200,1075200,1075200,652800,1401600,112,2,3,701,40,46,443,64,95,334,47,73,70,22,56,73,8,14,76,28,124,0,0,0,108265,3018,3066,631436,59988,73870,433833,88255,244857,333960,98349,275065,82521,57357,515924,79375,16792,55975,70174,90910,677722,0,0,0,209.61084914463453,1.0136485225505443
1658685880199,44.105003,0.5427136,0.9230769,0.25,0.24,0.16666667,0.125,0.96153843,0.52,1.0,57.9,58.300003,57.9,58.600002,58.600002,58.300003,57.600002,60.300003,58.600002,60.600002,55.9,55.300003,4154526,-1161194,1075200,1075200,1075200,1075200,1075200,1075200,652800,1401600,312,12,23,665,36,65,257,54,55,311,46,50,12,3,5,103,18,59,62,25,96,0,0,0,283001,14172,43240,544328,54204,117231,259572,123541,283848,301355,79347,120809,19093,6181,91148,104928,52849,636564,73390,75445,682033,0,0,0,204.1376155088853,1.2032827140549271
1658685881226,44.128002,0.59313726,0.9166667,0.48,0.45833334,0.24,0.41666666,1.0,0.1923077,1.0,58.600002,58.300003,57.600002,57.9,58.600002,58.600002,57.9,60.300003,58.600002,60.600002,55.9,55.600002,4163480,-1187439,1075200,1075200,1075200,1075200,1075200,1075200,652800,1401600,95,0,0,791,40,39,412,54,87,372,70,79,166,32,46,116,23,45,53,33,97,0,0,0,115292,0,0,646626,60003,61543,404731,87866,292054,385212,146228,272628,171350,54308,122284,116425,42096,264573,63565,108813,505050,0,0,0,207.76290671031097,1.19850736497545
1658685882243,44.143,0.5769231,0.95652175,0.27272728,0.26086956,0.72,0.1904762,1.0,0.13636364,1.0,58.600002,58.300003,57.9,57.9,57.9,58.300003,57.300003,60.300003,57.9,60.600002,55.9,55.300003,4159392,-1101685,1075200,1075200,1075200,1075200,1075200,1075200,652800,1401600,415,58,54,608,35,54,228,45,67,259,55,75,99,12,34,11,7,8,113,60,150,0,0,0,423108,86113,84284,574142,49472,87065,213081,119876,295155,270352,124765,280414,96643,27213,298523,15203,13934,33073,137058,141656,569967,0,0,0,208.27967689822296,1.2050403877221325
1658685883284,44.154003,0.59770113,0.95454544,0.36363637,0.1904762,0.35,0.14285715,1.0,0.6666667,1.0,58.600002,57.9,57.300003,58.300003,58.300003,58.300003,57.600002,60.300003,57.9,60.600002,55.600002,55.300003,4152385,-1151734,1075200,1075200,1075200,1075200,1075200,1075200,652800,1401600,198,36,61,700,51,52,263,51,54,164,51,56,124,42,52,17,6,5,69,31,109,2,0,0,248970,68264,147865,602153,63504,74284,282176,96733,201606,180074,122069,197170,122185,103760,598325,23020,19134,7527,57722,92810,800529,61,0,0,208.160155088853,1.1429014539579967
1658685884300,44.173,0.5423729,1.0,0.1904762,0.13636364,0.2173913,0.0952381,1.0,0.6086956,1.0,58.600002,58.600002,58.300003,58.300003,58.300003,57.600002,57.600002,60.600002,57.9,60.600002,55.600002,55.300003,4152191,-1181946,1075200,1075200,1075200,1075200,1075200,1075200,652800,1401600,238,41,48,683,44,42,178,47,58,254,70,95,130,16,65,24,1,4,44,35,116,0,0,0,260289,69698,93028,622557,68134,59439,199925,122785,258085,269779,173046,368877,112114,32809,590039,6098,4196,14651,70231,113945,637774,0,0,0,209.85882958199358,1.2884887459807075
1658685885296,44.177002,0.5966851,0.3478261,0.3,0.59090906,0.625,0.3043478,1.0,0.5,1.0,58.600002,58.300003,57.9,57.9,57.9,58.300003,57.600002,60.600002,58.300003,60.600002,55.9,55.300003,4152385,-1215821,1075200,1075200,1075200,1075200,1075200,1075200,652800,1401600,40,1,2,790,36,46,443,77,76,407,60,88,210,42,71,0,0,0,58,26,92,0,0,0,50396,530,2818,666064,47330,64475,443830,149080,209158,413517,90646,255593,179217,78120,483418,0,0,0,55499,78482,491423,0,0,0,207.13314380165292,1.0369586776859505
1658685886329,44.18,0.55,0.9583333,0.3,0.47619048,0.25,0.17391305,0.64,0.5833333,1.0,58.300003,58.600002,57.9,58.300003,58.300003,58.600002,57.600002,60.300003,58.300003,60.600002,56.300003,55.600002,4158808,-1173096,1075200,1075200,1075200,1075200,1075200,1075200,652800,1401600,279,1,0,742,43,52,375,69,77,249,43,78,138,26,62,5,0,1,83,24,105,0,0,0,312955,361,0,669091,61288,103790,375436,135076,176830,256734,83488,295997,125320,64683,596295,5808,0,6452,65714,74850,667484,0,0,0,209.16537235772358,1.1645918699186992
1658685887336,44.188004,0.54679805,1.0,0.32,0.3846154,0.33333334,0.28,0.64,0.375,1.0,58.600002,58.300003,57.600002,58.300003,58.300003,57.9,57.600002,60.600002,57.9,60.600002,55.9,55.600002,4146741,-1194458,1075200,1075200,1075200,1075200,1075200,1075200,652800,1401600,153,2,7,773,42,31,335,55,74,254,52,82,129,18,60,29,8,14,65,38,112,0,0,0,127896,2455,21673,623932,56454,31099,319928,106049,278900,281032,111116,327037,83599,41084,655607,29966,16096,137465,81041,96975,567790,0,0,0,208.2165993485342,1.3155439739413681
1658685888349,44.196003,0.54285717,0.6956522,0.23809524,0.47619048,0.2,0.09090909,1.0,0.5217391,1.0,58.600002,58.600002,57.9,58.300003,58.300003,58.600002,57.600002,60.300003,58.600002,60.600002,55.9,55.600002,4160560,-1119690,1075200,1075200,1075200,1075200,1075200,1075200,652800,1401600,112,4,6,756,26,23,223,34,51,399,59,70,161,33,47,137,23,34,89,45,106,0,0,0,88120,4260,16341,672901,36696,36254,205774,62349,215523,374962,102875,215692,158213,61824,450760,119655,41424,187148,83249,136126,464798,0,0,0,203.8287701863354,1.0452173913043479
1658685889362,44.203003,0.52150536,0.6666667,0.26086956,0.23809524,0.5217391,0.16666667,1.0,0.25,1.0,58.600002,58.600002,58.600002,58.9,58.600002,58.300003,58.300003,60.9,58.9,60.9,56.300003,55.9,4153942,-1168518,1075200,1075200,1075200,1075200,1075200,1075200,652800,1401600,288,15,24,719,39,62,292,53,45,275,43,76,47,11,19,149,22,63,179,52,132,1,0,0,302414,25911,49004,639769,56385,103627,267254,82500,114439,291548,85894,358683,45326,25648,151476,131560,51529,447281,191607,139035,368720,25,0,0,209.24169922480618,1.1831565891472868
1658685890396,44.211002,0.4945055,0.875,0.3043478,0.17391305,0.3043478,0.09090909,1.0,0.18181819,1.0,58.300003,58.600002,57.600002,58.9,58.9,58.9,57.9,60.600002,58.600002,60.9,56.300003,55.600002,4156278,-1174012,1075200,1075200,1075200,1075200,1075200,1075200,652800,1401600,165,4,2,748,36,47,383,50,68,307,54,66,250,45,78,27,13,30,47,42,96,2,0,0,160758,6733,1146,656394,56927,80625,389593,87003,200342,303733,86696,172880,240141,83133,430314,21830,36746,371411,62427,146866,611309,42,0,0,209.22533333333334,1.2504615384615385
1658685891399,44.222004,0.52970296,1.0,0.24,0.2,0.2,0.96,0.1923077,0.375,1.0,58.9,58.600002,57.9,58.9,58.600002,58.300003,57.300003,60.600002,58.300003,60.9,56.300003,55.600002,4155889,-1142578,1075200,1075200,1075200,1075200,1075200,1075200,652800,1401600,235,9,11,760,27,35,500,71,84,318,60,76,101,26,53,15,0,1,70,30,92,3,0,0,204142,9505,19304,642703,29400,41257,482117,118882,185319,306366,141178,261204,115351,58757,489705,12718,0,393,69125,75829,489339,91,0,0,207.22304635761589,1.3098807947019868
1658685892400,44.222004,0.5106383,1.0,0.36363637,0.26086956,0.30769232,0.16,0.75,0.36,1.0,58.600002,58.9,58.300003,58.600002,58.9,58.600002,57.600002,60.9,58.300003,60.9,56.300003,55.9,4153553,-1231079,1075200,1075200,1075200,1075200,1075200,1075200,652800,1401600,134,8,7,599,33,43,378,59,73,433,65,79,1,1,1,186,38,69,41,16,99,3,0,0,110151,12495,10400,577223,40029,71848,356506,120190,307782,450243,112172,219517,1778,3044,7752,170126,79127,487201,47950,58224,627126,94,0,0,205.8682426127527,1.3260342146189734
1658685893416,44.241,0.5073892,0.6923077,0.30769232,0.6,0.2,0.12,0.96,0.07692308,1.0,58.600002,58.9,58.300003,58.600002,58.9,58.9,57.9,61.300003,58.600002,60.9,56.300003,55.9,4147909,-1185303,1075200,1075200,1075200,1075200,1075200,1075200,652800,1401600,316,33,41,718,40,66,350,69,78,300,67,77,127,31,47,70,9,22,38,24,101,1,0,0,260407,43559,81720,656305,49586,113431,350022,134585,287690,334857,133055,246591,139467,74336,174663,70030,18152,202173,47782,91224,663560,20,0,0,208.61358024691359,1.1665679012345678
1658685894489,44.256,0.48387095,1.0,0.2173913,0.3043478,0.16666667,0.13043478,1.0,0.041666668,1.0,58.300003,58.600002,58.300003,58.300003,58.600002,58.600002,57.600002,60.300003,58.600002,60.600002,56.600002,55.9,4153748,-1158753,1075200,1075200,1075200,1075200,1075200,1075200,652800,1401600,148,6,15,748,33,54,199,56,88,448,71,89,123,12,35,68,15,42,98,72,115,1,0,0,131544,7930,32578,668383,51697,73314,223639,122077,393777,462636,115796,318617,123602,17410,106983,81828,33771,451931,109844,170367,510032,41,0,0,209.91102755267423,1.1024181523500811
1658685895487,44.267002,0.479798,0.16666667,0.26086956,0.875,0.2,1.0,0.12,0.12,1.0,59.300003,58.9,57.9,58.300003,58.600002,59.300003,57.600002,60.9,58.300003,60.9,56.600002,55.9,4147909,-1254273,1075200,1075200,1075200,1075200,1075200,1075200,652800,1401600,243,10,21,758,38,26,291,70,69,289,62,80,151,30,48,34,4,13,48,33,85,2,0,0,285494,20838,68145,635162,55939,34745,284995,149912,287605,287592,144455,259400,129682,73253,245362,32094,8748,31828,36719,121597,490471,46,0,0,206.5036567656766,1.259775577557756
1658685896491,44.29,0.5,0.5,0.3478261,0.2,0.42307693,0.72,0.76,0.15384616,1.0,58.9,58.600002,57.9,58.600002,59.300003,58.600002,57.600002,60.9,58.600002,60.9,56.600002,55.9,4155499,-1088867,1075200,1075200,1075200,1075200,1075200,1075200,652800,1401600,416,17,43,730,39,55,208,48,64,320,55,59,120,30,49,75,10,32,38,15,94,0,0,0,437068,20995,89735,609604,56982,88379,213699,113820,227169,296483,114893,202699,124202,56842,356018,62141,27200,155403,46809,63025,622594,0,0,0,204.0192305246423,1.1275802861685216
1658685897510,44.29,0.47317073,0.48,0.32,0.2,0.16,0.96153843,0.48,0.18518518,1.0,58.9,58.600002,57.9,58.9,58.300003,58.600002,57.600002,60.9,57.9,60.9,55.9,55.600002,4155889,-1095581,1075200,1075200,1075200,1075200,1075200,1075200,652800,1401600,269,19,46,712,34,42,325,49,76,247,46,75,167,27,61,27,3,5,103,51,117,2,0,3,227277,27177,103317,637435,41644,60223,296733,114965,295175,233196,106407,274120,171525,58679,387516,21803,7634,46998,119905,112675,547776,2245,0,22967,207.17545341614905,1.087055900621118
1658685898535,44.305,0.47252747,1.0,0.2857143,0.13636364,0.20833333,1.0,0.13043478,0.08695652,1.0,58.600002,58.600002,58.600002,58.300003,58.9,58.600002,57.9,60.600002,58.300003,60.9,56.300003,55.9,4152385,-1131897,1075200,1075200,1075200,1075200,1075200,1075200,652800,1401600,130,10,19,697,50,57,178,47,90,385,66,81,5,4,5,113,25,58,58,34,123,0,0,0,152424,19461,54965,593093,77216,87670,193338,111859,479585,402818,143768,319995,3829,9611,14782,90836,75068,406088,75523,115919,735428,0,0,0,206.55841584158418,1.1765544554455445
1658685899549,44.309002,0.5363129,0.09090909,1.0,0.6956522,0.09090909,0.05,1.0,0.29166666,1.0,58.9,58.9,57.600002,58.300003,58.600002,58.300003,57.9,60.600002,58.600002,60.9,56.300003,55.9,4156862,-1189576,1075200,1075200,1075200,1075200,1075200,1075200,652800,1401600,227,27,32,651,34,52,334,60,84,344,60,93,15,1,3,121,26,44,129,49,123,2,0,1,276652,35979,41203,636180,34442,95703,326763,106513,306509,339831,117116,294398,13463,887,7837,117557,51546,546874,154141,124717,529020,64,0,422,129.1598887171561,0.8047480680061824
1658685900598,44.320004,0.3956044,1.0,0.0,0.0,1.0,0.0,0.08695652,0.0,1.0,57.9,58.300003,57.300003,57.600002,58.300003,58.9,58.300003,60.9,59.300003,60.600002,55.9,55.300003,4187809,-559692,1075200,1075200,1075200,1075200,1075200,1075200,652800,1401600,470,12,35,589,15,12,265,41,60,239,55,84,201,44,70,0,1,1,45,16,53,0,0,0,529283,25255,113462,452329,37725,43046,253452,84735,208082,240559,134760,473426,189170,96070,324881,0,4264,234,52321,53876,546014,0,0,0,-1.0,-1.0
1658685901611,44.331,0.47540984,0.04761905,0.0952381,0.36,0.7826087,0.26086956,1.0,0.16666667,1.0,57.300003,57.9,56.9,57.600002,57.600002,57.9,57.300003,59.600002,57.600002,59.9,54.9,54.9,4208441,-467834,1075200,1075200,1075200,1075200,1075200,1075200,652800,1401600,505,0,0,490,9,20,370,20,63,292,39,30,251,36,63,70,12,17,193,15,115,6,0,1,121991,0,0,432902,29471,207400,207947,33063,459983,198361,85636,73800,191901,79376,432977,49483,17778,303000,186141,25135,407233,1156,0,662,-1.0,-1.0
1658685902664,44.335003,0.58536583,0.75,0.42307693,0.41666666,0.65384614,0.375,0.7307692,0.39285713,0.962963,56.300003,56.600002,55.9,57.300003,56.9,57.300003,56.600002,59.300003,57.300003,59.600002,54.600002,54.300003,4217199,-314331,1075200,1075200,1075200,1075200,1075200,1075200,652800,1401600,650,10,32,581,15,22,376,33,74,221,34,58,202,22,59,0,1,1,71,14,49,2,0,0,617853,24565,131198,612499,21162,99380,197040,66639,496792,147749,82241,188772,152199,57173,549291,4247,7881,2813,79555,44972,692450,57,0,0,0.00817391304347826,0.014807453416149068
1658685903713,44.312,0.5862069,0.68,0.39130434,0.34615386,0.36,0.32,1.0,0.48,1.0,57.600002,57.300003,56.9,57.9,57.600002,57.600002,56.9,59.600002,57.600002,59.9,55.300003,54.600002,4156083,-1174927,1075200,1075200,1075200,1075200,1075200,1075200,652800,1401600,488,28,55,538,5,2,346,36,48,281,18,16,259,31,52,273,18,24,436,17,86,15,0,5,328581,54675,121174,368783,6875,4503,289722,79522,260669,138995,26352,43459,191122,57481,334986,184211,31537,251067,140992,33488,695792,2662,0,2382,312.4255374592834,1.9564820846905537
1658685904726,44.29,0.6682243,1.0,0.42307693,0.5833333,0.5185185,0.4814815,1.0,0.2857143,1.0,57.9,57.9,57.300003,57.600002,57.600002,57.9,56.9,59.9,57.9,59.9,55.9,55.600002,4151217,-1198120,1075200,1075200,1075200,1075200,1075200,1075200,652800,1401600,280,26,31,752,34,40,460,51,44,320,73,86,195,30,45,0,0,0,49,27,102,0,0,0,271913,37538,44377,642029,52777,46726,492615,124959,153833,334201,162200,239097,178037,43741,266691,0,0,0,42293,94163,532367,0,0,0,312.7393766233766,2.1676883116883117
1658685905793,44.267002,0.5555556,0.85714287,0.27272728,0.45454547,0.2857143,0.5217391,0.7826087,0.14285715,1.0,57.9,57.9,57.300003,57.9,57.9,58.300003,57.9,60.300003,58.600002,60.300003,56.300003,55.9,4153942,-1177674,1075200,1075200,1075200,1075200,1075200,1075200,652800,1401600,67,0,0,569,63,68,437,27,32,241,53,91,120,24,73,0,0,0,47,37,135,0,0,0,55860,0,0,582305,119808,87946,492427,66348,71605,267455,120640,388297,95729,71422,563996,0,0,0,70797,155866,666453,0,0,0,310.57081550387596,2.130158139534884
1658685906838,44.260002,0.5480226,0.3478261,0.2,0.41666666,0.27272728,1.0,0.77272725,0.3181818,1.0,58.600002,58.300003,57.600002,57.9,58.600002,58.300003,57.600002,60.300003,57.9,60.300003,56.300003,55.9,4152191,-1248475,1075200,1075200,1075200,1075200,1075200,1075200,652800,1401600,169,12,14,602,59,66,467,43,44,228,66,92,47,9,51,27,6,10,169,70,173,0,0,0,163472,19671,27038,608672,89749,96899,532352,78776,143277,282311,148161,382167,58797,20316,442841,25623,16587,29321,191829,194444,481716,0,0,0,311.9481661341853,1.7705814696485624
1658685907843,44.260002,0.5964912,1.0,0.4090909,0.52380955,0.26086956,0.9130435,0.18181819,0.47619048,1.0,58.9,58.9,58.300003,58.300003,58.600002,58.300003,57.600002,60.600002,57.9,60.600002,56.300003,55.600002,4150050,-1187744,1075200,1075200,1075200,1075200,1075200,1075200,652800,1401600,139,6,10,735,38,49,490,54,33,313,58,71,27,4,6,143,27,54,43,29,95,0,0,0,192929,10016,24973,680458,50891,72477,504083,117216,96499,324121,105373,200713,32134,2500,11351,145237,60077,369356,42048,99061,473318,0,0,0,311.07158169934644,2.0547450980392155
1658685908868,44.279003,0.5511364,1.0,0.1904762,0.36363637,0.25,0.36363637,1.0,0.13636364,1.0,58.600002,58.600002,57.9,57.9,58.300003,58.300003,58.300003,60.600002,58.600002,60.9,56.600002,56.300003,4149076,-1227417,1075200,1075200,1075200,1075200,1075200,1075200,652800,1401600,38,0,0,639,49,56,480,33,36,305,66,98,32,4,2,39,14,35,80,44,133,0,0,0,33519,0,0,594475,85531,93862,518521,67526,121356,302372,172348,345109,19899,5075,4779,46634,39875,304886,86315,158930,521935,0,0,0,308.7793965785381,2.044267496111975
1658685909932,44.297,0.5431472,0.61538464,0.3043478,0.37037036,0.28,0.52,1.0,0.24,1.0,59.300003,58.9,57.9,58.300003,58.300003,58.600002,57.9,60.600002,58.300003,60.9,56.600002,55.600002,4155694,-1109314,1075200,1075200,1075200,1075200,1075200,1075200,652800,1401600,109,0,2,712,43,45,424,42,56,379,59,83,111,18,54,0,0,0,128,49,148,0,0,0,175598,0,2030,634767,74920,72770,474408,109265,174141,380976,109512,263025,95250,27780,319865,0,0,0,114655,116893,517002,0,0,0,308.8471949685535,1.9356477987421383
1658685910952,44.309002,0.5473684,0.65217394,0.39130434,0.41666666,0.375,0.36,1.0,0.13043478,1.0,59.300003,58.600002,57.9,58.300003,58.600002,58.9,57.9,61.300003,58.300003,61.300003,56.9,56.300003,4147519,-1239624,1075200,1075200,1075200,1075200,1075200,1075200,652800,1401600,65,1,0,724,42,45,328,66,68,402,80,84,240,51,70,0,0,0,62,27,125,0,0,0,98344,20,0,661941,60249,62214,403561,153536,206610,409517,141443,184937,206569,107475,343171,0,0,0,63115,104241,662429,0,0,0,308.88839751552797,1.8780621118012422
1658685911975,44.309002,0.509901,0.5769231,0.28,0.44,0.23076923,0.56,0.92,0.08,1.0,59.300003,58.600002,57.9,58.600002,58.600002,58.9,57.9,61.300003,58.600002,60.9,56.9,56.300003,4146352,-1229248,1075200,1075200,1075200,1075200,1075200,1075200,652800,1401600,179,0,0,682,50,62,508,49,57,369,79,82,88,24,40,0,0,0,41,43,134,0,0,0,179099,0,0,592860,75245,84910,522876,119234,156590,382130,138699,197574,86706,52978,360544,0,0,0,22707,182477,756339,0,0,0,309.6915140186916,1.9975576323987538
1658685913021,44.316,0.5,0.23076923,0.33333334,0.375,0.72,0.25,0.95652175,0.08695652,1.0,59.300003,58.9,58.300003,58.600002,58.9,58.9,58.300003,61.300003,58.600002,61.300003,56.9,55.9,4148103,-1191101,1075200,1075200,1075200,1075200,1075200,1075200,652800,1401600,234,5,12,770,43,59,510,46,52,385,81,95,88,21,46,21,2,5,42,54,122,0,0,0,298776,10422,35382,714902,64295,76540,562814,78890,115949,369316,150624,240647,79122,38681,363278,17892,2793,3873,45852,168818,607948,0,0,0,312.47880559875586,1.9715085536547434
1658685914040,44.328003,0.50731707,0.33333334,0.375,0.32,0.16,0.65384614,0.96153843,0.083333336,1.0,59.600002,59.300003,58.600002,58.600002,58.9,59.300003,57.9,60.9,58.600002,60.9,57.300003,56.600002,4150244,-1196595,1075200,1075200,1075200,1075200,1075200,1075200,652800,1401600,272,15,18,716,28,35,519,47,44,299,58,72,187,42,73,11,3,6,36,29,98,0,0,0,266370,26572,38967,607284,31791,39343,538017,91896,131041,291404,124282,183707,179165,99383,414155,8933,9637,27497,46619,102895,514401,0,0,0,311.11577011494256,1.979848932676519
1658685915049,44.324,0.56666666,0.875,0.36363637,0.45454547,0.33333334,0.54545456,0.8181818,0.13636364,1.0,59.300003,59.300003,58.600002,59.300003,58.9,59.300003,58.300003,61.300003,58.9,61.300003,56.9,56.600002,4147714,-1147461,1075200,1075200,1075200,1075200,1075200,1075200,652800,1401600,283,23,36,680,43,50,488,48,56,270,76,72,39,4,19,70,19,16,143,45,122,0,0,0,299174,33832,62793,612620,72221,69043,526496,91508,137519,276294,178564,235446,38499,6884,337601,64243,36214,44587,129234,114855,470900,0,0,0,308.5051948051948,1.8317922077922077
1658685916093,44.331,0.525,0.47826087,0.3043478,0.3478261,0.28,0.625,1.0,0.03846154,1.0,59.600002,58.9,57.9,58.9,58.9,58.9,57.9,61.300003,58.600002,61.600002,56.9,56.600002,4151023,-1219788,1075200,1075200,1075200,1075200,1075200,1075200,652800,1401600,41,5,4,692,47,59,481,47,41,244,63,92,122,27,52,14,4,7,116,76,148,0,0,0,36540,10668,8064,629825,67515,82848,539756,91592,119363,277128,143777,321025,117304,53789,399456,17126,7296,16674,138404,181302,588784,0,0,0,311.06546405228755,1.7840522875816995
1658685917105,44.343002,0.5219512,0.64,0.25,0.375,0.37037036,0.5555556,0.9259259,0.04,1.0,59.600002,59.600002,58.600002,59.300003,59.300003,59.600002,59.600002,61.600002,59.9,61.600002,57.300003,56.9,4131170,-1361695,1075200,1075200,1075200,1075200,1075200,1075200,652800,1401600,210,4,10,694,31,49,513,44,35,287,53,87,140,20,54,11,0,3,33,46,106,0,0,0,225359,4498,19699,649689,28336,57890,574332,90388,81542,329456,106895,298439,131794,38435,407970,3403,0,6271,46891,165473,496074,0,0,0,311.45694409937886,2.0722981366459625
1658685918177,44.328003,0.53968257,1.0,0.36363637,0.5833333,0.25,0.16,1.0,0.0,1.0,59.600002,59.300003,58.9,58.9,58.9,59.300003,58.300003,61.600002,58.9,61.600002,57.600002,56.600002,4142653,-1265564,1075200,1075200,1075200,1075200,1075200,1075200,652800,1401600,372,28,34,788,41,40,546,45,52,312,41,63,88,13,29,30,12,23,56,41,121,0,0,0,415944,56108,69107,689583,68821,61482,556811,81551,134705,285895,77759,174912,89792,20351,109523,37541,33087,147483,40318,193475,548009,0,0,0,312.56928149300154,2.0968709175738725
1658685919241,44.346,0.5939086,1.0,0.29166666,0.47826087,0.16666667,0.20833333,1.0,0.5416667,1.0,59.300003,59.600002,58.600002,58.9,58.9,59.300003,58.600002,61.300003,58.9,61.600002,57.300003,56.600002,4152191,-1131897,1075200,1075200,1075200,1075200,1075200,1075200,652800,1401600,132,5,7,637,49,54,389,45,31,325,69,86,128,40,65,2,1,1,93,51,139,0,0,0,113366,9795,13445,571140,86697,74794,468466,112988,110890,334404,154383,286703,126184,91871,456657,2001,25,5963,99817,153663,619403,0,0,0,309.5647751937984,2.205817054263566
1658685920309,44.346,0.49746192,1.0,0.17391305,0.52,0.15384616,1.0,0.12,0.0,1.0,60.300003,59.600002,58.9,59.600002,59.9,60.300003,59.9,61.9,60.9,62.300003,57.9,57.600002,4134868,-1394959,1075200,1075200,1075200,1075200,1075200,1075200,652800,1401600,237,7,11,799,27,32,515,45,35,382,42,75,150,17,60,2,0,2,105,44,113,0,0,0,273972,10570,26683,697089,35289,38668,575549,100343,98027,352316,73607,204897,110066,46089,330301,1785,0,51986,79350,102833,422234,0,0,0,307.94756386292835,1.8257445482866042
1658685921342,44.358,0.49514562,1.0,0.24,0.41666666,0.1923077,1.0,0.08,0.0,1.0,59.9,59.300003,58.600002,58.9,59.300003,58.9,58.300003,61.600002,58.9,61.600002,57.300003,56.600002,4139539,-1318970,1075200,1075200,1075200,1075200,1075200,1075200,652800,1401600,112,0,0,670,69,63,532,40,40,250,67,97,9,2,4,116,19,75,27,35,106,0,0,0,106143,0,0,629705,98822,73908,570410,83648,87028,298127,156024,431665,13981,4074,21780,123352,39357,655147,38227,128582,599968,0,0,0,308.01736393442627,1.938255737704918
1658685922383,44.365,0.49275362,1.0,0.24,0.5,0.115384616,1.0,0.07692308,0.03846154,1.0,60.300003,59.600002,58.600002,59.300003,59.600002,59.600002,58.600002,61.600002,59.300003,61.600002,57.300003,56.600002,4139928,-1293946,1075200,1075200,1075200,1075200,1075200,1075200,652800,1401600,204,5,8,719,42,70,545,31,40,323,55,80,50,11,28,78,9,44,66,37,118,0,0,0,235235,5735,16149,615523,63748,104681,593188,59120,92290,330019,102294,236647,51074,30248,126317,78127,18609,414057,73042,130518,534745,0,0,0,310.2337689768977,1.9338877887788781
1658685923416,44.38,0.48603353,0.875,0.27272728,0.36363637,0.2,0.08695652,1.0,0.04347826,1.0,59.9,59.300003,58.9,59.300003,59.300003,58.9,58.300003,61.600002,58.9,61.600002,57.300003,56.600002,4149076,-1138611,1075200,1075200,1075200,1075200,1075200,1075200,652800,1401600,113,7,18,609,57,64,412,57,46,241,53,73,25,8,18,103,21,54,43,39,128,0,0,0,144340,10437,50287,591584,79650,96933,491083,125034,130285,261423,121913,259873,30169,17626,143717,110102,35230,374548,33930,143629,709939,0,0,0,307.15279503105586,1.9333167701863354
1658685924458,44.411003,0.6168224,0.65384614,0.34615386,0.53846157,0.3448276,0.44444445,1.0,0.4814815,1.0,59.9,59.300003,58.600002,58.9,59.300003,59.300003,58.300003,61.600002,58.9,61.600002,57.300003,56.600002,4139539,-1263428,1075200,1075200,1075200,1075200,1075200,1075200,652800,1401600,115,6,10,605,52,63,454,56,43,343,76,104,73,16,52,3,0,3,31,37,129,0,0,0,112162,6098,17773,562242,69102,88756,525908,112964,138851,344024,155879,338336,65752,43631,457567,3235,0,15835,43507,153489,741744,0,0,0,307.66692810457516,1.9472418300653596
1658685925505,44.433002,0.6127451,0.7777778,0.36,0.45833334,0.42307693,0.7692308,0.6,0.4814815,1.0,60.300003,59.300003,58.9,59.600002,59.600002,59.9,59.600002,61.9,60.600002,61.9,57.600002,57.300003,4140512,-1170349,1075200,1075200,1075200,1075200,1075200,1075200,652800,1401600,131,4,8,609,45,58,487,44,40,326,73,82,120,17,61,0,0,0,20,31,87,0,0,0,122184,6314,12376,622114,80356,70303,520469,77908,81166,344068,153808,309675,108254,37327,541971,0,0,0,25623,119087,438335,0,0,0,309.92449382716046,1.9505185185185183
1658685926580,44.456,0.5873786,1.0,0.29166666,0.3846154,0.44,1.0,0.2962963,0.2,1.0,60.600002,59.600002,59.300003,59.9,60.300003,60.300003,59.9,61.9,60.9,61.9,57.600002,57.300003,4143821,-1296692,1075200,1075200,1075200,1075200,1075200,1075200,652800,1401600,184,11,11,678,52,70,422,84,59,425,66,66,13,2,6,120,22,75,40,41,120,0,0,0,180006,13790,14620,664082,80120,91152,459276,188186,169554,423684,109008,121499,12507,3706,41756,114737,56668,495984,50841,137455,611913,0,0,0,311.8779,2.13855
1658685927629,44.482002,0.61290324,1.0,0.36,0.29166666,0.375,0.33333334,1.0,0.64,1.0,60.300003,59.9,59.300003,59.600002,59.9,60.300003,59.600002,61.9,60.600002,62.300003,57.600002,57.300003,4142653,-1307068,1075200,1075200,1075200,1075200,1075200,1075200,652800,1401600,65,0,0,646,46,62,471,52,49,333,81,97,0,0,0,139,32,82,35,43,116,0,0,0,78908,0,0,640923,60551,83208,542048,107445,141640,369768,168494,281854,0,0,0,131802,83745,534482,27712,162955,673795,0,0,0,307.5764852255054,1.9124852255054432
1658685928672,44.49,0.6995074,1.0,0.46153846,0.45833334,0.5,0.8518519,0.7692308,0.5185185,1.0,60.600002,59.9,59.600002,59.9,60.300003,60.300003,59.600002,62.300003,60.300003,62.300003,57.9,57.300003,4134089,-1351319,1075200,1075200,1075200,1075200,1075200,1075200,652800,1401600,189,18,32,559,37,47,316,38,49,272,47,62,49,15,31,16,4,9,98,46,100,0,0,0,162422,17825,59334,469619,53194,68249,385938,79349,164860,280764,94500,135894,60371,46414,173246,23131,3199,34258,86514,117332,408463,0,0,0,307.6384744186047,1.709048062015504
1658685929743,44.512,0.6564103,0.84,0.39130434,0.45833334,0.41666666,0.29166666,1.0,0.8,1.0,60.600002,60.600002,59.600002,59.9,59.9,60.300003,59.9,62.600002,60.600002,62.600002,58.300003,57.600002,4129807,-1380616,1075200,1075200,1075200,1075200,1075200,1075200,652800,1401600,220,25,33,600,37,40,440,53,51,253,58,73,26,9,13,94,20,44,48,61,124,0,0,0,197885,39922,71511,553307,61346,53106,478914,109208,143795,257916,148748,257090,26964,18757,106642,79800,50744,179944,64949,192791,536286,0,0,0,306.6153135725429,1.8722745709828392
1658685930795,44.524002,0.62068963,0.8,0.375,0.6,0.36,0.5769231,0.5555556,0.61538464,1.0,60.600002,60.600002,59.600002,59.9,59.9,60.300003,59.300003,62.300003,59.9,62.600002,57.9,57.300003,4145378,-1218262,1075200,1075200,1075200,1075200,1075200,1075200,652800,1401600,212,13,23,627,63,77,439,55,57,361,70,90,114,20,49,0,0,0,111,82,141,0,0,0,217494,25803,37470,602712,98568,104935,499142,115839,162845,386488,138710,277011,102137,36838,452302,0,0,0,118514,210574,455554,0,0,0,311.47492586490944,1.9485205930807248
1658685931795,44.539,0.6698565,0.8888889,0.3478261,0.44,0.33333334,0.5925926,1.0,0.6785714,1.0,60.9,60.300003,59.300003,59.9,59.9,60.300003,59.600002,62.600002,60.300003,62.300003,58.300003,57.300003,4149271,-1188050,1075200,1075200,1075200,1075200,1075200,1075200,652800,1401600,84,7,1,664,24,31,464,50,46,482,68,71,142,22,55,65,18,17,58,39,97,0,0,0,67608,7950,496,628200,33262,45924,511991,97675,114067,467008,108871,154131,124450,41367,406226,51870,39845,90446,33969,129419,445305,0,0,0,310.46652216748765,1.9251494252873564
1658685932816,44.550003,0.5833333,0.5833333,0.7777778,0.08695652,0.2,0.25,0.65384614,0.92,1.0,60.600002,60.300003,59.300003,59.600002,59.600002,60.300003,59.600002,62.300003,59.9,62.300003,58.300003,57.600002,4147714,-1209107,1075200,1075200,1075200,1075200,1075200,1075200,652800,1401600,33,0,0,696,36,32,346,51,47,266,58,88,142,30,61,2,0,10,165,71,152,0,0,0,37828,0,0,635641,43641,44449,400430,110723,139422,279127,140957,358270,124210,69777,470355,2960,0,123232,148370,197516,463284,0,0,0,296.5454579439252,1.7548286604361372
1658685933859,44.565002,0.6985646,0.8148148,0.56,0.5555556,0.53846157,0.7037037,0.8,0.56,1.0,60.300003,60.600002,59.300003,59.600002,60.300003,60.600002,60.600002,62.600002,61.600002,62.9,57.9,57.600002,4192675,-531006,1075200,1075200,1075200,1075200,1075200,1075200,652800,1401600,106,0,0,373,55,59,502,48,58,408,50,107,183,16,52,69,11,19,35,39,105,0,0,0,139202,0,0,450521,91366,78964,506631,91622,170252,438930,86233,320828,150793,27547,530292,73700,24215,60690,39394,159683,419578,0,0,0,-1.0,-1.0
1658685934873,44.573,0.5,0.2,0.65217394,0.16666667,0.25,1.0,0.5652174,0.115384616,1.0,59.300003,60.300003,58.9,59.600002,60.300003,60.300003,59.300003,61.600002,59.9,61.9,56.600002,56.300003,4197930,-513306,1075200,1075200,1075200,1075200,1075200,1075200,652800,1401600,343,1,6,611,5,9,283,40,71,456,62,84,130,10,28,232,31,49,81,17,71,5,0,1,300854,1206,58171,382787,8734,37912,230435,80869,270121,287507,119821,254381,105571,21698,333760,174460,49466,241777,75336,39671,418499,1619,0,434,-1.0,-1.0
1658685935914,44.565002,0.68844223,0.84,0.5833333,0.44,0.4090909,0.6296296,0.9230769,0.64285713,1.0,57.9,58.300003,57.300003,57.9,58.600002,58.300003,57.9,60.600002,58.300003,60.9,55.300003,55.300003,4211166,-311279,1075200,1075200,1075200,1075200,1075200,1075200,652800,1401600,706,32,57,96,0,0,247,14,61,451,51,85,0,0,0,227,24,45,118,47,106,3,0,0,641854,73379,167322,100440,0,0,192766,37301,699455,257481,109631,516550,0,0,0,162618,41429,516361,145516,131799,718162,83,0,0,-1.0,-1.0
1658685936997,44.539,0.57211536,0.962963,0.32,0.30769232,0.33333334,0.30769232,1.0,0.26923078,1.0,58.9,58.600002,58.300003,58.9,58.9,58.9,58.300003,59.9,58.9,61.600002,56.300003,55.9,4152775,-1138306,1075200,1075200,1075200,1075200,1075200,1075200,652800,1401600,546,17,24,470,4,13,464,32,60,430,27,42,114,21,36,30,2,4,113,15,84,8,0,3,439951,49457,122385,391439,7418,214974,240030,59088,409223,228108,68757,179144,102049,53426,378104,28301,2983,50163,128123,43548,608249,2404,0,4298,462.24052980132456,3.4334304635761588
1658685938001,44.497,0.5168539,0.8095238,0.27272728,0.13636364,0.3181818,0.13636364,1.0,0.39130434,1.0,59.9,59.600002,58.9,59.600002,59.600002,59.600002,58.300003,61.300003,58.9,61.600002,57.300003,56.600002,4137009,-1466370,1075200,1075200,1075200,1075200,1075200,1075200,652800,1401600,447,22,31,640,23,34,118,34,59,235,39,70,119,28,27,101,21,40,131,78,159,6,0,3,421750,18659,47356,614752,34417,44099,121419,90659,178220,215589,68091,340605,127274,53819,146146,116360,36647,173345,151902,199707,498038,143,0,1596,414.58315855573,3.159208791208791
1658685939000,44.437,0.57954544,0.4347826,0.3,0.47619048,0.6818182,0.22727273,1.0,0.5,1.0,59.9,59.9,59.300003,60.300003,59.9,60.300003,59.600002,61.9,59.9,61.9,57.600002,57.300003,4136036,-1367188,1075200,1075200,1075200,1075200,1075200,1075200,652800,1401600,311,38,66,742,32,28,195,44,68,187,24,42,176,37,67,0,0,0,90,61,136,0,0,1,296274,76075,186215,620412,41229,32952,160383,87613,617827,104993,57567,220305,191487,63039,420915,0,0,0,108599,201647,499657,0,0,735,416.30051718494275,2.779757774140753
1658685940041,44.388,0.495,0.25,0.20833333,1.0,1.0,0.26923078,0.07692308,0.115384616,1.0,60.9,60.300003,59.600002,60.9,60.600002,60.600002,60.600002,62.300003,61.600002,62.600002,57.9,57.600002,4137398,-1358033,1075200,1075200,1075200,1075200,1075200,1075200,652800,1401600,514,32,41,756,19,19,151,27,55,85,10,26,140,44,62,26,10,15,112,53,130,1,0,0,473921,50933,79807,669190,20587,25377,154610,48735,308289,80911,19032,83192,147644,119273,495417,22937,33606,49780,117967,149466,436669,23,0,0,416.850798679868,2.5535577557755778
1658685941073,44.335003,0.6834171,0.84,0.3478261,0.47826087,1.0,0.88,0.6,0.28,1.0,60.9,60.600002,59.9,60.300003,59.9,60.300003,60.600002,62.600002,61.300003,62.600002,58.300003,57.600002,4132143,-1322937,1075200,1075200,1075200,1075200,1075200,1075200,652800,1401600,497,49,52,685,51,63,9,5,8,34,4,14,206,47,81,145,39,77,129,74,140,2,0,1,459697,78200,98290,622685,82483,103515,13020,11987,62893,30750,6102,54750,234263,100761,403130,114506,112044,615412,150418,250204,505247,473,0,474,411.43855900621116,2.4622608695652173
1658685942089,44.316,0.54210526,1.0,0.45454547,0.12,0.875,0.29166666,0.13636364,0.4347826,1.0,61.300003,60.9,60.300003,61.300003,61.300003,60.9,59.9,62.9,60.600002,62.9,58.300003,57.9,4137204,-1327820,1075200,1075200,1075200,1075200,1075200,1075200,652800,1401600,398,15,30,742,18,12,229,43,90,56,7,15,56,12,21,98,17,23,83,65,129,3,0,0,405073,34899,111338,654124,32839,21504,176119,99827,464510,29164,15631,102262,51140,25087,207232,89036,26322,126628,96684,187429,435384,72,0,0,414.5156080870917,2.588317262830482
1658685943093,44.301003,0.51758796,0.29166666,0.36,0.76,0.125,0.84,0.37037036,0.4,1.0,60.600002,60.600002,60.600002,60.9,61.300003,61.300003,60.9,62.9,61.9,63.300003,58.300003,57.9,4133311,-1453248,1075200,1075200,1075200,1075200,1075200,1075200,652800,1401600,204,8,8,633,38,39,95,26,45,149,33,66,220,36,63,71,11,46,56,55,122,3,0,0,200742,11421,9967,615263,41679,63556,81460,73252,432172,131958,82507,476592,237401,65443,337631,80363,36110,330034,87382,198409,484073,77,0,0,413.07953246753243,2.5653506493506493
1658685944116,44.301003,0.627451,0.52,0.32,0.37037036,0.4074074,0.9166667,0.96153843,0.5555556,1.0,61.300003,61.300003,60.600002,61.300003,61.300003,60.600002,59.9,62.9,60.600002,63.600002,58.600002,58.300003,4108981,-1495057,1075200,1075200,1075200,1075200,1075200,1075200,652800,1401600,687,15,35,749,25,28,97,20,41,188,18,46,154,27,45,64,11,27,135,68,123,8,0,0,603454,19724,78753,673576,36436,37823,77141,41044,287434,149402,23684,317779,130997,40593,179403,53286,28106,321928,133896,164997,340791,172,0,0,415.5313,2.5847
1658685945133,44.294003,0.5762712,0.3181818,0.3181818,0.95652175,0.6956522,0.5217391,0.3478261,0.52380955,1.0,61.9,61.300003,61.300003,60.9,61.600002,61.300003,60.600002,63.300003,61.300003,63.600002,58.9,58.600002,4141096,-1330262,1075200,1075200,1075200,1075200,1075200,1075200,652800,1401600,416,18,34,741,19,30,248,52,79,158,19,34,23,1,4,164,33,55,89,50,128,2,0,0,460519,29823,108438,659737,22852,38009,227758,133416,380598,135611,26872,132696,20369,661,4922,144068,75697,324896,101250,165852,474004,595,0,0,414.55805909797823,2.5797076205287715
1658685946172,44.305,0.53932583,0.72727275,0.4347826,0.36363637,0.13636364,0.27272728,1.0,0.36363637,1.0,61.600002,61.9,60.9,61.600002,61.300003,61.300003,60.9,63.300003,61.600002,63.600002,58.9,58.300003,4132143,-1431885,1075200,1075200,1075200,1075200,1075200,1075200,652800,1401600,719,48,67,641,49,57,234,50,71,80,23,47,90,26,21,117,12,33,78,58,135,3,0,0,598404,71461,119776,693756,64351,81624,253296,88042,196855,103614,43563,362968,93150,55820,66436,76561,24054,337707,97861,179029,505437,78,0,0,412.20161022364215,2.5934313099041533
1658685947193,44.301003,0.5813953,0.5714286,0.35,0.8095238,0.95238096,0.47826087,0.4090909,0.17391305,1.0,61.9,61.600002,60.600002,60.9,60.9,60.9,60.300003,63.300003,60.9,63.600002,58.9,58.300003,4136230,-1272889,1075200,1075200,1075200,1075200,1075200,1075200,652800,1401600,304,12,22,704,18,22,138,35,48,329,46,80,196,36,59,55,7,16,135,60,138,3,0,0,307633,24118,61786,654251,21724,29932,140877,62403,308684,303066,76872,304089,190546,67594,287868,62581,11732,28178,101122,204240,522328,120,0,0,434.8627772357724,3.0558699186991873
1658685948228,44.305,0.5539216,0.5,0.22727273,0.14285715,0.45833334,0.36,1.0,0.6666667,1.0,61.600002,61.300003,60.600002,61.600002,61.300003,60.9,59.9,63.300003,60.600002,63.300003,58.9,58.300003,4129807,-1452027,1075200,1075200,1075200,1075200,1075200,1075200,652800,1401600,351,24,37,601,40,37,91,16,31,93,10,25,132,25,38,83,23,65,225,82,199,5,0,0,317800,27481,48192,648097,59071,63319,99962,31655,140526,85254,15253,295245,137973,48780,227114,85694,58037,699297,187967,217477,576053,127,0,0,414.9417035881435,2.816349453978159
1658685949255,44.320004,0.591133,1.0,0.41666666,0.52,0.24,0.96153843,0.25925925,0.37037036,1.0,60.9,61.300003,60.9,60.9,60.9,61.300003,60.600002,63.600002,60.9,63.300003,58.9,58.300003,4124552,-1599122,1075200,1075200,1075200,1075200,1075200,1075200,652800,1401600,302,4,9,700,32,32,210,35,66,135,26,54,293,62,105,2,5,8,66,68,129,4,0,0,307631,4439,15235,704321,46554,37106,180284,66539,511343,132836,55448,474106,286230,115635,347796,3569,20972,106116,94995,230717,474883,81,0,0,413.12029860031106,2.657393468118196
1658685950272,44.324,0.59217876,0.23809524,0.4090909,0.73913044,1.0,1.0,0.13043478,0.25,1.0,61.9,61.600002,60.9,61.600002,61.300003,61.600002,60.9,63.600002,61.300003,63.600002,59.300003,58.600002,4127277,-1582947,1075200,1075200,1075200,1075200,1075200,1075200,652800,1401600,261,10,19,718,28,18,312,48,70,146,33,55,154,18,30,79,12,38,126,47,128,7,0,0,228835,11565,35107,634660,39214,32147,289448,71308,210155,141063,71424,424831,107343,36849,212093,74169,31101,235388,108456,152396,503640,198,0,0,413.7713468118196,2.7322426127527217
1658685951274,44.316,0.59090906,0.73913044,0.33333334,0.2173913,0.5217391,0.6818182,0.7083333,0.5,1.0,61.600002,61.600002,60.9,61.9,61.9,61.600002,60.9,63.600002,61.600002,63.600002,59.300003,58.600002,4105478,-1563111,1075200,1075200,1075200,1075200,1075200,1075200,652800,1401600,406,40,44,596,50,45,173,28,45,94,23,40,25,5,11,104,28,62,121,83,129,2,0,0,396999,70860,109368,576498,70449,57530,147064,58646,214674,81134,46736,268638,27026,8334,122183,100957,81505,622222,125290,264645,492665,42,0,0,413.649246105919,2.2665171339563863
1658685952312,44.316,0.5572139,0.53846157,0.39130434,0.68,0.08,0.96153843,0.26923078,0.52,1.0,61.300003,61.300003,60.600002,61.300003,61.300003,61.600002,60.9,63.600002,61.300003,63.9,58.9,58.300003,4131754,-1289063,1075200,1075200,1075200,1075200,1075200,1075200,652800,1401600,468,37,71,632,49,50,104,32,65,51,13,42,66,15,27,43,8,16,197,76,141,1,0,0,480666,74014,239730,575175,85817,91319,115091,77173,654970,60660,28152,394239,54960,40597,204551,35821,15323,142648,204218,195498,455027,24,0,0,413.9065709828393,2.5315444617784713
1658685953330,44.312,0.55050504,0.56,0.3478261,0.5,0.56,0.28,1.0,0.125,1.0,61.600002,61.600002,61.600002,61.300003,61.9,61.300003,60.300003,63.600002,60.9,63.9,59.300003,58.600002,4134868,-1284790,1075200,1075200,1075200,1075200,1075200,1075200,652800,1401600,731,26,27,692,23,22,164,36,69,83,13,45,88,18,31,74,7,19,82,42,109,2,0,0,673707,47706,58406,706980,27292,31354,169808,59859,428253,82910,32846,457592,93479,32510,199001,58888,17802,157736,90083,148631,375034,41,0,0,410.0508553846154,2.76544
1658685954381,44.320004,0.5763547,0.5,0.42307693,0.6086956,0.5,0.5,1.0,0.115384616,1.0,61.300003,61.300003,61.300003,60.9,61.300003,61.600002,60.9,63.600002,61.300003,63.9,58.9,58.300003,4135646,-1235047,1075200,1075200,1075200,1075200,1075200,1075200,652800,1401600,550,39,46,591,46,53,177,39,63,23,11,28,122,22,34,14,0,32,102,71,139,2,0,0,519175,65484,62219,608543,73624,78258,190408,80048,431250,26987,41002,162795,116171,47869,238969,22865,0,433948,102515,259104,506650,54,0,0,411.0900934579439,2.467414330218068
1658685955414,44.297,0.46919432,0.30769232,0.1923077,0.14814815,1.0,0.11111111,0.8148148,0.115384616,1.0,61.300003,61.600002,60.300003,60.9,61.600002,61.600002,60.600002,63.600002,61.300003,63.9,58.9,58.300003,4135841,-1365052,1075200,1075200,1075200,1075200,1075200,1075200,652800,1401600,441,42,65,652,46,26,174,39,69,135,33,42,94,18,42,2,2,1,86,70,151,4,1,1,434337,65716,167037,602357,55374,36534,178719,89198,460104,132270,75431,135435,97675,31985,516995,2408,5797,1488,105523,233675,609321,1398,334,3788,413.111950310559,2.5263105590062107
1658685956463,44.309002,0.5053192,0.27272728,0.2857143,0.7916667,1.0,0.20833333,0.29166666,0.13043478,1.0,61.600002,61.600002,61.300003,62.300003,61.600002,61.9,60.9,63.9,61.600002,63.9,59.600002,58.600002,4134089,-1242981,1075200,1075200,1075200,1075200,1075200,1075200,652800,1401600,763,25,27,619,29,34,164,41,72,147,48,43,39,9,24,3,3,8,109,51,112,2,0,0,690445,41658,61865,704329,37429,62663,187184,75530,377815,158522,98854,204866,41040,20794,444737,8190,12574,100513,86625,174983,408564,44,0,0,410.5913520249221,2.5813333333333337
1658685957460,44.301003,0.519802,0.68,0.3043478,0.083333336,0.84,0.64,0.32,0.16,1.0,61.9,61.600002,61.600002,61.9,61.300003,60.9,60.300003,63.600002,60.9,63.600002,59.300003,58.9,4132338,-1287842,1075200,1075200,1075200,1075200,1075200,1075200,652800,1401600,536,39,52,440,65,81,161,42,52,114,22,21,64,21,48,29,16,28,155,58,131,3,0,0,496539,68371,163888,520010,137087,129201,165314,90547,205055,113492,32523,58038,64816,60483,484097,31141,41070,288593,153830,159097,444284,88,0,0,411.61631527093596,2.243415435139573
1658685958474,44.309002,0.5527638,0.15384616,0.36363637,1.0,0.6923077,0.44,0.65384614,0.08,1.0,61.300003,61.600002,60.9,60.9,61.600002,61.300003,60.300003,63.300003,60.9,63.600002,58.9,58.600002,4134089,-1448975,1075200,1075200,1075200,1075200,1075200,1075200,652800,1401600,443,41,75,578,47,25,158,27,71,13,9,17,27,13,36,35,12,18,73,61,148,2,0,0,440737,76930,218235,596717,74555,37311,172073,58017,615685,16996,31736,85846,30967,36339,467817,27262,35419,163527,94172,206571,611524,41,0,0,416.9676862745098,2.6360784313725487
1658685959476,44.331,0.4659091,0.08695652,0.2631579,0.17391305,0.54545456,0.5217391,1.0,0.13636364,1.0,61.600002,61.9,60.9,60.9,61.300003,61.600002,60.600002,63.600002,61.600002,63.600002,59.300003,58.600002,4138566,-1290284,1075200,1075200,1075200,1075200,1075200,1075200,652800,1401600,615,47,62,532,51,41,45,4,5,59,28,47,98,12,46,78,19,29,110,78,166,0,0,0,577974,67242,124270,590495,84562,60506,48615,4955,5637,52886,90152,502854,75686,24488,550621,79730,36868,116784,131848,238251,601770,0,0,0,414.38036248012713,2.519046104928458
1658685960492,44.331,0.48351648,0.22727273,0.45454547,0.36363637,0.2173913,0.47619048,1.0,0.16666667,0.9583333,61.300003,61.300003,60.300003,61.300003,61.600002,61.600002,60.300003,63.600002,60.9,63.600002,59.300003,58.600002,4130391,-1268311,1075200,1075200,1075200,1075200,1075200,1075200,652800,1401600,475,40,67,557,46,33,103,26,71,56,10,32,90,10,41,28,2,3,101,63,139,2,0,0,410972,61147,188691,574203,66801,46355,110221,76654,539528,59782,22861,365993,90023,18272,393439,14971,661,14321,109491,207328,588015,41,0,0,411.450624,2.571264
1658685961521,44.346,0.4913295,0.13636364,0.33333334,0.27272728,1.0,0.13636364,1.0,0.125,1.0,61.300003,61.600002,60.9,61.600002,61.600002,61.600002,61.300003,63.9,61.600002,63.600002,59.300003,58.600002,4136620,-1282349,1075200,1075200,1075200,1075200,1075200,1075200,652800,1401600,508,22,28,597,43,37,265,62,86,90,20,38,102,19,39,0,0,0,98,49,144,4,0,0,595156,35515,51889,621765,65230,48163,238342,135553,427550,108332,40353,113622,99402,42169,436396,0,0,0,124441,164205,561164,94,0,0,415.5383006535948,2.5785620915032683
1658685962562,44.369003,0.46153846,0.13043478,0.2173913,0.96,0.08695652,0.115384616,1.0,0.083333336,1.0,61.300003,61.300003,60.600002,61.600002,61.9,61.300003,60.600002,63.600002,61.300003,63.600002,59.300003,58.600002,4130781,-1315918,1075200,1075200,1075200,1075200,1075200,1075200,652800,1401600,589,40,44,572,50,64,173,38,84,110,26,46,101,12,38,17,3,4,93,78,132,1,0,0,537701,50845,103608,643854,80116,120788,185220,73028,648621,100306,63213,165816,73777,33105,377203,16541,9738,19286,115869,247417,459388,20,0,0,416.9765723172628,2.726718506998445
1658685963586,44.403004,0.47524753,0.24,0.375,0.375,0.34615386,0.4074074,1.0,0.115384616,1.0,61.600002,61.600002,61.300003,61.300003,61.600002,61.9,60.9,63.9,61.300003,63.9,59.300003,58.600002,4123579,-1345215,1075200,1075200,1075200,1075200,1075200,1075200,652800,1401600,671,49,68,549,68,57,161,41,50,154,40,55,103,10,34,32,16,33,113,74,139,4,0,0,657995,81305,125995,625654,131112,101181,134411,68510,230695,170215,76831,99361,77488,24737,308516,39388,43059,272753,144456,220847,444512,94,0,0,409.464039538715,2.477654036243822
1658685964581,44.422,0.48314607,0.3809524,0.4347826,0.18181819,0.3478261,0.41666666,1.0,0.09090909,1.0,61.600002,61.600002,60.600002,61.600002,61.9,61.9,60.9,63.9,61.600002,63.9,59.600002,58.9,4138177,-1362000,1075200,1075200,1075200,1075200,1075200,1075200,652800,1401600,579,36,47,586,21,25,115,24,34,231,34,72,221,33,69,11,1,4,87,40,113,5,0,0,576438,61748,118702,614191,39746,38535,102214,44922,162170,209644,67049,308576,204063,63951,387294,11750,375,3683,104915,127271,410041,136,0,0,412.81055054432346,2.5029175738724727
1658685965609,44.429,0.48019803,0.26923078,0.26923078,0.2173913,0.95652175,0.115384616,1.0,0.07692308,1.0,61.9,61.9,61.600002,61.600002,61.9,62.300003,61.300003,63.600002,61.9,63.9,59.600002,58.9,4129807,-1372681,1075200,1075200,1075200,1075200,1075200,1075200,652800,1401600,479,22,38,617,28,25,167,21,77,227,40,71,158,16,47,0,0,0,176,89,145,4,0,0,535720,22209,91903,628487,42890,46729,148761,39781,541784,252420,66772,224826,112633,29039,478097,0,0,0,182095,227065,428269,79,0,0,411.64030967741934,2.430658064516129
1658685966636,44.467003,0.55851066,0.125,0.13636364,0.625,0.5416667,0.27272728,1.0,0.73913044,1.0,62.300003,62.300003,60.9,61.9,61.9,61.9,60.600002,63.9,61.600002,63.9,59.600002,58.600002,4128445,-1267701,1075200,1075200,1075200,1075200,1075200,1075200,652800,1401600,552,24,35,610,44,33,119,19,33,90,27,40,89,26,59,27,3,5,145,60,159,4,0,0,512879,21878,75019,611092,85548,58393,128381,38812,109264,72445,82043,289313,92842,78451,644742,27259,1831,11276,169437,172574,551995,94,0,0,228.73172827804106,1.4920821484992102
1658685967637,44.501003,0.53932583,0.52380955,0.6363636,0.09090909,0.1904762,0.14285715,1.0,0.65217394,1.0,60.9,61.300003,60.600002,60.9,60.9,61.300003,60.600002,63.600002,61.300003,63.300003,58.600002,57.9,4200850,-340271,1075200,1075200,1075200,1075200,1075200,1075200,652800,1401600,593,8,20,395,21,20,213,40,61,230,32,41,326,52,67,0,0,0,76,22,76,0,0,0,572338,19003,85205,455404,32029,61094,208388,98722,302473,209902,72883,121247,273578,103414,245773,0,0,0,57963,71933,441520,0,0,0,-1.0,-1.0
1658685968676,44.516003,0.4226804,0.0,1.0,0.041666668,0.04,1.0,0.083333336,0.083333336,1.0,60.300003,60.600002,59.9,60.600002,60.600002,60.9,60.300003,61.9,60.600002,62.9,57.300003,57.300003,4188588,-792236,1075200,1075200,1075200,1075200,1075200,1075200,652800,1401600,537,21,54,110,0,0,352,37,102,327,52,82,138,29,45,60,2,0,210,7,40,4,0,0,393603,62882,263382,114225,0,0,252369,79661,509985,260931,107874,487908,129835,62098,572266,36760,5955,0,115254,7059,630640,125,0,0,-1.0,-1.0
1658685969703,44.52,0.420765,0.13043478,1.0,0.08695652,0.95652175,0.04761905,0.09090909,0.0,1.0,58.600002,58.9,57.600002,58.300003,58.9,58.600002,58.300003,61.300003,58.9,61.600002,56.300003,55.9,4203769,-334778,1075200,1075200,1075200,1075200,1075200,1075200,652800,1401600,203,17,62,50,0,0,119,22,66,67,18,46,40,8,22,102,21,47,148,70,155,1,0,0,265485,31830,431088,22496,0,0,99997,55229,767273,59451,45530,835310,40039,18767,114325,92212,46501,670958,104824,192756,626741,28,0,0,-1.0,-1.0
1658685970703,44.512,0.42857143,0.13043478,0.09090909,0.0,1.0,0.09090909,1.0,0.09090909,1.0,58.600002,58.9,57.9,58.600002,58.600002,58.9,58.600002,60.9,59.9,61.300003,56.300003,55.9,4150050,-829773,1075200,1075200,1075200,1075200,1075200,1075200,652800,1401600,688,14,42,69,0,0,302,31,71,132,12,32,411,33,69,147,11,20,394,37,66,4,0,0,548760,24638,201380,98760,0,0,214698,68837,472532,112903,25666,281610,232374,77563,499075,107816,26415,224511,176436,125644,572000,126,0,0,-1.0,-1.0
1658685971743,44.482002,0.5217391,0.5,0.42307693,0.32,0.34615386,0.6666667,0.8518519,0.14814815,1.0,57.9,57.600002,57.600002,58.300003,58.600002,58.600002,57.9,60.300003,58.600002,60.600002,55.600002,55.300003,4183138,-645447,1075200,1075200,1075200,1075200,1075200,1075200,652800,1401600,572,16,53,237,9,33,221,26,69,234,26,63,180,10,29,6,0,3,138,33,57,7,0,0,459101,42780,350306,231034,7635,325298,168760,64531,598909,175373,66889,410363,85684,32234,381947,3599,0,19293,125739,106078,661634,2110,0,0,53.237208722741435,0.9443364485981308
1658685972778,44.437,0.53768843,0.16666667,0.39130434,0.24,0.36,0.96153843,1.0,0.12,1.0,58.9,59.300003,58.300003,58.9,58.9,59.9,59.300003,61.300003,60.300003,61.600002,56.9,56.9,4130586,-1347352,1075200,1075200,1075200,1075200,1075200,1075200,652800,1401600,679,8,14,388,19,26,319,41,58,558,71,60,128,17,36,91,11,39,47,29,96,8,0,0,566187,9640,36320,423653,44364,56179,298963,78146,192697,510535,145468,136629,108264,26759,124797,80830,13106,170087,62422,73354,517850,228,0,0,277.13731881804046,1.9720062208398133
1658685973844,44.422,0.5273632,0.36,0.34615386,0.44444445,0.39130434,0.52,1.0,0.12,1.0,59.600002,59.300003,58.600002,59.300003,59.300003,59.600002,58.9,61.600002,59.600002,61.600002,57.300003,56.600002,4137398,-1222535,1075200,1075200,1075200,1075200,1075200,1075200,652800,1401600,410,18,30,613,23,26,349,58,101,509,49,52,84,14,32,0,0,0,90,53,134,0,0,0,405930,37124,74517,654290,40215,43701,370525,116247,336909,522622,97875,142994,78889,28861,170477,0,0,0,96127,132154,522760,0,0,0,369.12532503888025,2.4390668740279935
1658685974877,44.411003,0.609375,0.65217394,0.41666666,0.4347826,0.625,0.41666666,1.0,0.32,1.0,59.600002,59.9,59.600002,59.600002,59.600002,59.600002,58.9,61.9,59.600002,62.300003,57.9,57.300003,4107619,-1405945,1075200,1075200,1075200,1075200,1075200,1075200,652800,1401600,361,29,35,539,45,50,385,55,88,396,51,65,147,16,35,1,0,1,92,74,150,0,0,0,325555,47731,74672,594505,71399,86304,364926,107497,241337,443085,94855,161312,122099,34530,293205,26,0,28,107728,169257,586695,0,0,0,378.1688012326656,2.584949152542373
1658685975929,44.422,0.60294116,0.6923077,0.36,0.46153846,0.48,0.7692308,1.0,0.115384616,1.0,60.600002,60.600002,60.300003,60.600002,60.300003,60.600002,59.9,62.300003,60.300003,62.600002,58.300003,57.9,4127277,-1378174,1075200,1075200,1075200,1075200,1075200,1075200,652800,1401600,335,26,45,557,40,48,326,60,99,422,48,56,138,24,39,1,1,1,159,67,152,0,0,0,305419,49712,110044,607708,69926,66293,301517,136404,306924,488210,90219,147084,125021,49553,175855,1775,16,4663,160353,137729,430281,0,0,0,384.78088958009334,2.3884043545878693
1658685976976,44.426003,0.525,0.30769232,0.33333334,0.26923078,0.39130434,0.88461536,1.0,0.04,1.0,60.300003,60.600002,60.300003,60.300003,60.600002,60.600002,59.9,62.300003,60.600002,62.600002,58.300003,57.600002,4128056,-1323853,1075200,1075200,1075200,1075200,1075200,1075200,652800,1401600,343,37,66,515,43,47,324,62,90,491,54,53,20,4,16,14,1,5,136,53,148,0,0,0,365626,71893,165293,610552,85389,75865,318014,137973,273360,482270,118264,112558,23723,17666,170785,14635,992,59361,137686,129596,532273,0,0,0,399.27082866043617,2.5685233644859813
1658685978033,44.445004,0.5148515,0.61538464,0.32,0.26923078,0.52,0.8,0.61538464,0.03846154,1.0,61.300003,60.600002,60.300003,60.300003,60.300003,60.600002,59.9,62.9,60.600002,62.9,58.300003,57.9,4128250,-1317749,1075200,1075200,1075200,1075200,1075200,1075200,652800,1401600,265,22,34,526,48,57,352,69,105,511,54,50,40,14,25,0,0,0,111,61,132,0,0,0,266597,51973,85035,578254,77236,107827,335447,150340,298809,522939,108992,97820,43272,47866,186809,0,0,0,94444,143126,536347,0,0,0,418.88824476650564,2.9772882447665054
1658685979041,44.445004,0.64640886,0.8333333,0.5,0.4347826,0.36363637,0.45454547,1.0,0.54545456,1.0,61.300003,60.9,59.9,60.300003,60.600002,60.600002,59.9,62.9,60.300003,62.9,58.600002,57.9,4133311,-1340638,1075200,1075200,1075200,1075200,1075200,1075200,652800,1401600,154,13,21,492,44,46,435,65,70,394,53,59,72,7,24,0,6,7,114,65,171,1,0,0,120744,21654,46613,570434,74191,81937,424178,113008,155465,472036,103283,161990,62998,9903,240984,0,21038,78178,131648,148826,584511,136,0,0,435.2958502340093,2.7719188767550698
1658685980047,44.445004,0.43654823,0.8,0.25,0.08,0.12,0.9166667,0.3846154,0.04,1.0,61.600002,61.600002,60.9,61.300003,61.300003,61.300003,60.600002,63.300003,61.300003,63.600002,58.9,58.300003,4125331,-1402588,1075200,1075200,1075200,1075200,1075200,1075200,652800,1401600,178,5,10,492,34,35,486,59,82,510,57,56,89,21,42,0,0,0,75,61,138,0,0,0,180482,6223,29217,533147,54450,52174,408888,113309,189138,462336,105970,125377,89011,40008,458838,0,0,0,87486,159558,442181,0,0,0,445.7498136645963,3.0417391304347827
1658685981065,44.460003,0.7307692,0.75,0.5833333,0.45833334,0.7619048,0.41666666,1.0,0.95652175,1.0,60.9,60.9,60.600002,60.9,60.9,61.300003,59.9,63.300003,60.600002,63.300003,58.600002,57.9,4135646,-1319581,1075200,1075200,1075200,1075200,1075200,1075200,652800,1401600,275,20,39,450,41,53,348,36,48,307,54,68,47,10,24,5,4,9,125,63,158,2,0,0,331404,36151,134875,494605,87710,117331,326766,66987,261232,326832,106150,321313,44927,20536,142438,5784,13304,150019,106185,151917,596763,177,0,0,361.7177894736842,2.5377368421052635
1658685982117,44.448,0.5073892,0.64285713,0.84,0.56,0.4,0.23076923,0.375,0.07692308,1.0,61.9,61.300003,60.600002,60.9,61.300003,61.600002,60.600002,63.300003,60.9,63.600002,58.9,58.600002,4110149,-1380921,1075200,1075200,1075200,1075200,1075200,1075200,652800,1401600,277,16,28,550,22,36,548,70,67,470,29,46,86,10,29,8,1,9,129,50,116,3,0,0,336345,33180,78143,638560,34687,75088,423098,118919,199218,456683,33791,122462,83045,17960,144507,5991,23,102360,118902,145951,406797,85,0,0,383.4906874027994,2.7132317262830483
1658685983158,44.441,0.6262136,0.6923077,0.41666666,0.3043478,0.44444445,0.84615386,0.84615386,0.46153846,1.0,61.600002,61.300003,60.300003,60.9,61.300003,61.300003,60.9,63.300003,61.9,63.300003,58.600002,58.600002,4121438,-1456605,1075200,1075200,1075200,1075200,1075200,1075200,652800,1401600,212,18,44,470,30,36,343,37,87,563,46,67,56,20,45,24,6,11,156,47,158,1,0,0,276885,33712,176712,523140,57864,65020,336911,55559,247329,513090,84956,147820,70919,58144,398204,16838,19565,141139,145744,91585,526571,28,0,0,463.3925152979066,3.032579710144928
1658685984209,44.452003,0.5841584,0.56,0.4347826,0.34615386,0.42307693,0.72,1.0,0.16,1.0,61.300003,61.300003,60.600002,60.600002,60.600002,60.9,60.9,63.300003,61.9,63.300003,58.9,58.300003,4137204,-1177063,1075200,1075200,1075200,1075200,1075200,1075200,652800,1401600,257,14,15,521,17,13,290,42,62,340,53,88,142,27,38,49,16,30,112,36,124,2,0,0,294634,26294,29497,495351,31442,23114,246828,74900,180057,382651,105556,315422,118807,68117,264209,52591,36803,170248,103097,84457,433356,51,0,0,478.38544548286603,3.474691588785047
1658685985248,44.452003,0.53932583,0.47826087,0.31578946,0.3181818,0.59090906,0.36363637,1.0,0.17391305,1.0,62.300003,61.600002,60.9,61.300003,61.9,62.300003,61.600002,63.600002,62.600002,64.3,59.300003,58.600002,4120659,-1514283,1075200,1075200,1075200,1075200,1075200,1075200,652800,1401600,138,14,24,498,26,35,348,62,104,413,49,58,110,16,50,7,1,2,92,89,165,0,0,0,179632,24202,78488,585408,29950,56350,346688,124795,308602,462677,118091,148577,83863,36900,415967,6946,904,2969,109357,196791,483049,0,0,0,487.77605289256195,3.127219834710744
1658685986291,44.467003,0.6331361,0.6666667,0.57894737,0.625,0.54545456,0.54545456,1.0,0.22727273,1.0,61.9,62.300003,60.9,60.9,60.9,61.300003,60.600002,63.300003,60.9,63.9,59.300003,58.300003,4143821,-1114502,1075200,1075200,1075200,1075200,1075200,1075200,652800,1401600,195,41,62,468,48,64,468,63,74,533,49,53,88,22,36,18,2,8,61,80,141,2,0,0,216062,94944,210302,543510,88139,103759,455251,105805,176019,523931,85264,98818,75610,51233,200411,18562,4564,36618,74573,252139,528332,50,0,0,447.86803100775194,2.8235906976744185
1658685987296,44.471,0.6547085,1.0,0.46153846,0.39285713,0.5,0.41379312,1.0,0.4814815,1.0,61.9,61.600002,61.300003,61.600002,61.9,62.600002,61.9,64.3,62.600002,63.9,59.300003,58.9,4124747,-1361695,1075200,1075200,1075200,1075200,1075200,1075200,652800,1401600,326,24,36,417,41,53,395,35,54,381,41,46,39,7,23,29,4,13,159,70,148,1,0,0,305171,34679,96307,424788,69376,85885,314958,79489,158190,387588,120967,134057,38469,19689,226921,27745,4792,116683,125445,155697,548400,23,0,0,358.79950407830347,2.3627797716150085
1658685988322,44.501003,0.64851487,0.88,0.33333334,0.44,0.39130434,0.61538464,1.0,0.46153846,1.0,62.300003,61.9,61.300003,61.600002,61.9,62.300003,61.600002,63.9,62.9,64.3,59.300003,58.600002,4124163,-1437989,1075200,1075200,1075200,1075200,1075200,1075200,652800,1401600,292,10,20,430,30,41,380,46,55,477,47,49,89,22,50,0,0,0,134,45,143,2,0,0,239034,14325,102029,600116,61040,76736,342222,81658,135085,455145,95165,112279,84416,60778,392013,0,0,0,106288,98730,430165,39,0,0,379.77041744548285,2.7246355140186918
1658685989370,44.505,0.63,0.34615386,0.25,0.44444445,0.5217391,0.8888889,1.0,0.41666666,1.0,62.600002,61.9,61.600002,62.300003,62.300003,62.300003,61.300003,63.9,61.9,64.3,59.600002,58.9,4097303,-1492920,1075200,1075200,1075200,1075200,1075200,1075200,652800,1401600,76,0,3,472,33,44,430,65,100,540,43,59,89,22,55,0,0,0,123,82,181,0,0,0,79541,0,10327,563821,56516,76850,393802,116932,247106,469543,63867,115112,78253,63209,540414,0,0,0,133036,189813,580721,0,0,0,517.4341482701813,3.526537067545305
1658685990382,44.527,0.51724136,0.2962963,0.16666667,0.12,0.16,0.84615386,1.0,0.52,1.0,62.300003,62.300003,61.300003,62.300003,62.600002,62.300003,61.9,63.9,62.9,64.600006,59.9,58.9,4122411,-1427308,1075200,1075200,1075200,1075200,1075200,1075200,652800,1401600,289,29,62,478,51,59,437,58,80,457,46,64,43,11,32,0,0,0,95,100,174,0,0,0,285434,52158,243391,557997,94753,86866,436894,96090,141487,481355,70559,120370,33891,30647,185647,0,0,0,110242,258669,442908,0,0,0,375.38498701298704,2.1528831168831166
1658685991403,44.543003,0.6666667,1.0,0.45454547,0.34615386,0.36,0.8,1.0,0.33333334,1.0,62.300003,62.600002,61.300003,62.300003,62.300003,62.300003,61.600002,63.9,62.300003,64.600006,59.600002,58.9,4124941,-1431885,1075200,1075200,1075200,1075200,1075200,1075200,652800,1401600,306,19,39,525,19,23,395,54,72,402,58,66,135,16,33,21,0,1,70,35,84,0,0,0,294712,38804,183483,526118,36120,52470,344640,98471,273782,368685,139527,243749,109758,29509,232046,13400,0,979,70008,85492,472200,0,0,0,514.3056423017107,3.3473592534992225
1658685992436,44.565002,0.59585494,1.0,0.5,0.13043478,0.33333334,0.2,1.0,0.5833333,1.0,62.600002,62.300003,61.9,62.300003,62.300003,62.300003,61.300003,64.3,61.9,64.3,59.9,58.9,4109760,-1768189,1075200,1075200,1075200,1075200,1075200,1075200,652800,1401600,198,32,46,515,34,63,497,68,118,547,52,51,43,5,13,0,0,0,86,94,181,1,0,0,251056,76580,193349,632711,57126,89055,467072,124424,287856,519752,88965,90490,41256,4846,55425,0,0,0,105482,261154,514952,26,0,0,514.5004893964111,3.7521957585644374
1658685993460,44.588,0.647343,1.0,0.56,0.61538464,0.42307693,0.65384614,0.53846157,0.30769232,1.0,62.600002,62.300003,61.300003,61.9,61.9,62.300003,61.300003,64.3,62.300003,64.3,59.9,59.300003,4118324,-1399231,1075200,1075200,1075200,1075200,1075200,1075200,652800,1401600,20,2,7,462,48,47,393,74,103,348,71,98,86,18,50,0,0,0,85,99,177,2,0,0,16582,3058,34904,513183,69508,70402,391492,155939,232352,395695,152475,246424,81518,43954,687666,0,0,0,121113,253455,455360,50,0,0,377.59725864909393,2.3907215815485996
1658685994466,44.626003,0.6882353,0.45,0.2631579,0.42105263,0.4090909,0.95652175,1.0,0.8636364,1.0,61.9,61.9,61.600002,61.9,62.300003,61.9,61.300003,63.9,61.600002,64.3,59.600002,59.300003,4126109,-1287842,1075200,1075200,1075200,1075200,1075200,1075200,652800,1401600,326,4,5,428,28,29,364,43,72,404,46,72,59,6,29,106,32,35,151,72,160,1,0,0,289284,9487,8781,457321,45093,60689,334642,72815,164568,361714,109114,184564,63645,17136,212165,103886,65718,161845,132142,166754,492401,28,0,0,495.15874636510506,3.171463651050081
1658685995476,44.652,0.64204544,1.0,0.41666666,0.26086956,0.5217391,0.18181819,1.0,0.77272725,1.0,62.600002,62.300003,61.9,62.600002,61.9,62.300003,61.600002,64.3,61.9,64.600006,59.9,59.300003,4120659,-1352845,1075200,1075200,1075200,1075200,1075200,1075200,652800,1401600,177,26,44,473,39,55,555,43,43,381,52,61,100,25,30,7,0,5,95,79,168,0,0,0,262634,75892,210867,578129,70580,97919,470328,64678,59894,413236,112712,183844,74306,58220,180086,6254,0,41171,102723,189250,468373,0,0,0,517.8408727272728,4.03321652892562
1658685996476,44.675003,0.7307692,0.7037037,0.5652174,0.65384614,0.7037037,0.46153846,1.0,0.68,1.0,62.9,62.600002,61.600002,62.300003,62.600002,62.600002,61.600002,64.600006,61.9,64.9,59.9,59.300003,4125331,-1350098,1075200,1075200,1075200,1075200,1075200,1075200,652800,1401600,71,1,0,594,32,42,485,60,80,516,49,52,177,32,55,0,0,0,66,73,122,0,0,0,69461,0,0,660690,51224,60773,448026,108720,176281,490145,89450,127828,143200,77141,441268,0,0,0,74206,169945,329196,0,0,0,363.8335101404056,2.609672386895476
1658685997499,44.690002,0.5970149,0.6,0.3043478,0.7307692,0.42307693,0.6,1.0,0.12,1.0,62.600002,62.600002,62.300003,62.300003,62.9,62.600002,61.600002,64.600006,62.300003,64.9,59.9,59.300003,4116767,-1424561,1075200,1075200,1075200,1075200,1075200,1075200,652800,1401600,295,38,53,463,39,61,327,57,104,561,47,33,81,14,22,0,0,0,130,73,136,0,0,0,366575,87786,232830,628692,66502,144133,333163,122419,281847,528804,85432,64161,57460,34435,102337,0,0,0,114369,182364,452948,0,0,0,511.3105222929936,3.5672866242038217
1658685998554,44.731003,0.6089109,0.5833333,0.375,0.2962963,0.34615386,0.9230769,1.0,0.28,1.0,62.600002,62.600002,62.300003,62.300003,62.600002,62.600002,61.600002,64.3,62.300003,64.600006,59.9,59.300003,4110149,-1419678,1075200,1075200,1075200,1075200,1075200,1075200,652800,1401600,290,22,46,610,39,54,217,50,59,418,57,97,52,3,26,0,0,0,287,80,153,0,0,0,340303,42415,134847,626751,69640,101099,171737,109145,129981,437960,117047,245499,38662,7055,539270,0,0,0,254235,114213,461113,0,0,0,519.3035789473685,3.5738947368421052
1658685999591,44.765003,0.5763547,0.41666666,0.4347826,0.33333334,0.5185185,0.68,0.96153843,0.22222222,1.0,62.600002,62.300003,61.9,62.300003,62.600002,62.9,61.9,64.600006,61.9,64.600006,60.300003,59.600002,4119492,-1599427,1075200,1075200,1075200,1075200,1075200,1075200,652800,1401600,329,23,42,506,57,66,257,43,82,449,61,83,59,11,46,0,0,0,249,88,189,1,0,0,334904,41241,147206,608584,104691,106258,257247,91415,205686,471631,109805,225759,57297,26998,548765,0,0,0,243087,179328,398805,21,0,0,519.3309901639344,3.807003278688525
1658686000602,44.784,0.60588235,1.0,0.31578946,0.25,0.3809524,0.4090909,0.95652175,0.47826087,1.0,63.300003,62.9,62.300003,62.600002,62.9,63.300003,62.300003,64.9,62.9,65.3,59.9,59.600002,4112679,-1488038,1075200,1075200,1075200,1075200,1075200,1075200,652800,1401600,331,14,23,615,18,29,309,52,70,522,42,39,123,25,44,12,2,3,114,69,134,0,0,0,379442,29454,68453,599351,21900,35108,292837,96338,124396,524064,58113,84793,123875,46544,282069,8135,2556,2806,123058,168097,351531,0,0,0,517.8635761589404,3.7019337748344374
1658686001639,44.822002,0.5771144,0.24,0.083333336,1.0,0.083333336,0.9230769,0.9230769,0.24,1.0,63.300003,62.9,61.9,62.600002,62.600002,62.9,62.300003,64.9,62.600002,65.3,60.300003,59.9,4115988,-1460877,1075200,1075200,1075200,1075200,1075200,1075200,652800,1401600,113,12,21,508,51,61,344,65,110,441,62,64,170,30,52,2,0,1,221,103,166,1,0,0,160280,21606,58210,594729,90383,88098,349153,150119,284271,479152,131729,173384,161092,43936,301201,1511,0,815,188651,151172,364994,23,0,0,500.8660062305296,3.5573457943925235
1658686002666,44.852,0.58536583,0.5,1.0,0.20833333,0.25,0.36,1.0,0.30769232,1.0,62.300003,61.9,61.9,61.9,62.300003,62.300003,62.300003,64.9,63.300003,64.9,59.600002,59.300003,4181192,-528870,1075200,1075200,1075200,1075200,1075200,1075200,652800,1401600,181,2,7,538,36,59,227,39,67,504,67,76,59,4,31,23,2,4,107,82,153,0,0,0,258642,4479,42533,595120,62806,136649,207556,89542,263073,496156,132922,213013,37253,3916,433944,21406,841,19364,115991,172609,467215,0,0,0,-1.0,-1.0
1658686003737,44.871002,0.7268519,0.44444445,1.0,0.76,1.0,0.53571427,0.89285713,0.22222222,1.0,61.9,62.600002,61.600002,61.9,62.9,63.600002,62.600002,63.600002,63.600002,64.600006,58.9,58.9,4129223,-1300965,1075200,1075200,1075200,1075200,1075200,1075200,652800,1401600,639,19,43,120,2,4,387,24,50,421,53,104,135,11,30,52,13,19,170,5,16,0,0,0,422216,72450,277319,41520,2362,6361,188194,65290,610512,273274,102842,438943,70389,36066,533525,51482,24140,55085,90708,24087,691500,0,0,0,-1.0,-1.0
