1658269533379,37.754,0.9120879,0.95454544,1.0,1.0,1.0,1.0,1.0,0.41666666,1.0,49.9,50.600002,49.600002,50.600002,50.9,51.300003,50.300003,50.9,51.300003,52.300003,45.9,46.300003,3747735,-646057,1075200,1075200,1075200,1075200,1075200,1075200,652800,1401600,6836260,128867,426948,7389516,131149,441965,3803456,264435,609290,3696823,261130,621174,2885285,204563,554275,2714685,196968,542358,2828988,381182,787161,1934638,175541,536801,4684502428,271808308,4202321828,4931075201,274203262,4150553892,2621499086,547062939,6172794961,2502702601,539016284,6242027710,1992217170,424337477,6313600422,1907941599,412643502,6172068133,2079470880,748108579,7552316501,1066262494,443050783,6272016878,-1.0,-1.0
1658269534472,37.747,0.8973214,1.0,1.0,1.0,1.0,1.0,1.0,0.115384616,1.0,49.300003,49.300003,48.9,49.600002,49.9,50.300003,49.300003,50.600002,49.9,51.9,45.9,46.300003,3744621,-697632,1075200,1075200,1075200,1075200,1075200,1075200,652800,1401600,35,0,0,32,0,0,53,4,8,122,3,3,7,0,4,7,0,0,586,23,46,1,0,0,9535,0,0,30048,0,0,38911,6160,21856,73981,5756,7703,4712,0,6221,2013,0,0,302970,49056,124820,294,0,0,-1.0,-1.0
1658269535762,37.747,0.81220657,1.0,0.85714287,0.60714287,1.0,1.0,0.7692308,0.2857143,1.0,49.600002,49.9,49.600002,50.300003,50.600002,50.9,49.9,50.9,50.9,52.300003,46.600002,46.600002,3738003,-812988,1075200,1075200,1075200,1075200,1075200,1075200,652800,1401600,34,0,0,0,0,0,0,0,0,49,0,0,0,0,0,32,0,0,1117,93,21,0,0,0,13516,0,0,0,0,0,0,0,0,31818,0,0,0,0,0,28702,0,0,533954,130182,38670,0,0,0,-1.0,-1.0
1658269537066,37.75,0.80841124,0.89285713,1.0,1.0,0.53846157,1.0,0.8518519,0.12,1.0,49.600002,50.300003,49.9,50.600002,50.9,51.300003,50.600002,51.600002,51.300003,51.9,46.300003,46.9,3732553,-885620,1075200,1075200,1075200,1075200,1075200,1075200,652800,1401600,33,0,0,152,0,0,99,12,22,18,0,1,14,0,2,64,4,10,954,111,50,1,0,0,9263,0,0,73118,0,0,66416,30335,55116,7224,0,442,6453,0,476,28462,9546,27578,482646,181830,99529,18,0,0,-1.0,-1.0
1658269538274,37.744003,0.7699531,1.0,1.0,1.0,0.5714286,0.5769231,0.962963,0.04,1.0,50.300003,50.300003,49.600002,50.600002,51.300003,50.9,50.300003,50.9,50.600002,52.600002,46.300003,46.300003,3731969,-1008301,1075200,1075200,1075200,1075200,1075200,1075200,652800,1401600,60,0,0,2,0,0,3,0,0,215,22,26,61,9,15,62,4,14,861,133,70,1,0,0,32084,0,0,732,0,0,903,0,0,111246,32077,53621,45465,19101,64461,44479,6321,35296,441102,198962,132037,30,0,0,-1.0,-1.0
1658269539564,37.74,0.8119266,1.0,0.8518519,0.65384614,0.96428573,0.75,1.0,0.26923078,1.0,48.9,49.300003,48.9,49.600002,49.300003,49.600002,48.9,50.300003,49.600002,51.9,45.9,45.9,3762527,-477600,1075200,1075200,1075200,1075200,1075200,1075200,652800,1401600,4,0,0,194,0,0,0,0,0,58,15,12,256,16,30,39,12,15,833,141,72,1,0,0,2763,0,0,80483,0,0,0,0,0,52259,31127,40971,150242,18556,112287,32122,24450,45234,409246,305057,201333,17,0,0,-1.0,-1.0
1658269540769,37.747,0.91769546,0.9375,0.9375,0.93939394,1.0,0.96666664,1.0,0.4814815,1.0,48.9,49.300003,48.600002,49.300003,49.300003,49.600002,48.9,50.600002,49.300003,51.9,45.600002,45.600002,3760776,-496826,1075200,1075200,1075200,1075200,1075200,1075200,652800,1401600,193,8,18,50,0,0,99,3,14,14,0,3,196,6,20,115,12,9,779,144,80,2,0,0,129441,16586,99042,54375,0,0,49740,4443,69280,10682,0,8533,98768,11188,148066,59738,23036,21104,408475,273000,206555,40,0,0,-1.0,-1.0
1658269542063,37.757,0.8545455,1.0,0.962963,0.82758623,1.0,1.0,0.8888889,0.12,1.0,48.9,49.300003,48.600002,49.300003,49.600002,49.9,48.9,50.300003,49.600002,51.9,45.9,45.9,3761360,-509338,1075200,1075200,1075200,1075200,1075200,1075200,652800,1401600,28,0,0,20,0,0,84,15,28,0,0,0,75,13,46,8,0,2,434,193,97,0,0,0,18172,0,0,12066,0,0,53263,54013,256583,0,0,0,65591,49386,408202,4692,0,1027,328319,436397,246700,0,0,0,-1.0,-1.0
1658269543306,37.757,0.65217394,1.0,1.0,1.0,0.08695652,1.0,0.13043478,0.0,1.0,48.300003,47.9,48.300003,48.9,48.600002,48.9,48.300003,49.600002,48.9,51.300003,45.300003,45.300003,3766031,-461731,1075200,1075200,1075200,1075200,1075200,1075200,652800,1401600,0,0,0,34,1,3,56,16,29,0,0,0,121,26,42,31,4,7,286,211,91,0,0,0,0,0,0,28006,1403,4912,71838,41432,186423,0,0,0,115354,84675,258118,24781,4750,13140,221778,470605,283381,0,0,0,-1.0,-1.0
1658269544472,37.771,0.8292683,0.65384614,1.0,1.0,1.0,1.0,0.5769231,0.36,1.0,47.600002,47.600002,47.300003,47.300003,47.9,47.9,47.300003,49.600002,47.600002,49.600002,44.9,44.9,3764863,-426636,1075200,1075200,1075200,1075200,1075200,1075200,652800,1401600,0,0,0,87,0,0,159,24,23,49,22,44,50,14,5,185,34,61,267,174,96,2,0,0,0,0,0,83567,0,0,125454,35396,40649,56126,63475,327258,35721,20396,8878,162842,56706,402066,223023,375508,367372,44,0,0,-1.0,-1.0
1658269545660,37.771,0.7619048,1.0,1.0,0.962963,1.0,0.5185185,0.53846157,0.041666668,1.0,47.9,48.9,48.600002,49.300003,49.300003,49.300003,48.9,49.600002,48.9,51.600002,45.300003,45.9,3731969,-865173,1075200,1075200,1075200,1075200,1075200,1075200,652800,1401600,243,4,9,1,0,0,0,0,0,13,1,0,10,1,0,91,8,13,521,196,49,1,0,0,157183,14724,32017,24,0,0,0,0,0,7740,1054,0,7600,406,0,66070,16269,47279,330247,369421,111648,17,0,0,-1.0,-1.0
1658269546886,37.784,0.8909091,1.0,1.0,0.96153843,1.0,0.96428573,1.0,0.18518518,1.0,48.600002,48.600002,47.9,48.9,49.300003,48.9,48.300003,49.9,49.300003,50.9,45.300003,45.600002,3730607,-876160,1075200,1075200,1075200,1075200,1075200,1075200,652800,1401600,10,0,0,28,3,1,118,14,12,0,0,0,95,25,28,64,14,26,530,149,85,0,0,0,9164,0,0,10975,5972,1715,87819,34506,34872,0,0,0,78488,61565,124778,92627,38643,180695,374022,291765,290292,0,0,0,12.17926708074534,0.2592422360248447
1658269548093,37.788002,0.89767444,0.8965517,1.0,0.962963,1.0,1.0,0.8076923,0.5185185,1.0,49.300003,49.600002,48.600002,49.600002,49.300003,49.9,48.600002,50.300003,48.9,51.9,46.600002,45.9,3753574,-574646,1075200,1075200,1075200,1075200,1075200,1075200,652800,1401600,5,1,0,0,0,0,156,16,15,2,0,0,145,5,8,0,0,0,698,137,67,0,0,0,2100,567,0,0,0,0,98695,46638,55888,498,0,0,74098,5878,13803,0,0,0,367340,285007,190535,0,0,0,14.969981651376147,0.32557798165137614
1658269549261,37.798,0.9411765,1.0,1.0,1.0,1.0,1.0,1.0,0.53846157,1.0,50.300003,50.600002,50.300003,50.600002,50.600002,50.600002,49.600002,51.300003,50.300003,52.9,47.600002,47.300003,3686424,-1482545,1075200,1075200,1075200,1075200,1075200,1075200,652800,1401600,288,17,17,157,6,12,166,13,20,73,0,0,30,3,7,53,4,8,614,124,75,0,0,0,225644,22601,28139,104833,10216,34883,86828,20840,79875,31451,0,0,18877,7095,47444,32338,4478,11875,408225,201133,177797,0,0,0,259.27424773413895,0.5014622356495467
1658269550507,37.838,0.93779904,1.0,1.0,1.0,1.0,0.96428573,1.0,0.5416667,1.0,51.600002,51.600002,51.300003,51.9,51.9,51.9,51.300003,52.9,51.9,54.300003,48.9,48.300003,3655477,-1669923,1075200,1075200,1075200,1075200,1075200,1075200,652800,1401600,162,1,2,48,1,1,12,1,0,2,0,1,85,9,13,6,0,0,933,96,31,0,0,0,69330,449,2361,24851,374,710,4926,384,0,2048,0,328,59356,8674,17756,911,0,0,525234,119890,32893,0,0,0,569.1436585365853,0.46673170731707314
1658269551744,37.882,0.8867925,0.88461536,0.9285714,0.7407407,1.0,1.0,1.0,0.48,1.0,52.600002,52.9,52.300003,52.9,52.9,52.600002,51.9,53.300003,52.300003,54.9,49.300003,48.9,3671827,-1586915,1075200,1075200,1075200,1075200,1075200,1075200,652800,1401600,31,0,0,3,0,0,48,0,1,6,0,0,34,3,4,16,1,1,1116,158,34,0,0,0,12104,0,0,185,0,0,12054,0,1046,1918,0,0,17121,2339,3374,4673,570,1292,718517,186922,35767,0,0,0,333.6263616692426,0.2848346213292117
1658269553337,37.977,0.8647343,0.88461536,0.88,0.76,1.0,1.0,1.0,0.3478261,1.0,53.600002,53.600002,52.9,53.9,53.600002,53.600002,52.600002,54.600002,53.300003,55.9,50.300003,49.9,3665403,-1514588,1075200,1075200,1075200,1075200,1075200,1075200,652800,1401600,305,0,4,69,0,0,395,11,17,22,1,2,13,0,0,24,1,3,824,118,25,0,0,0,147564,0,3863,37458,0,0,187670,11956,21124,10326,893,2551,1643,0,0,6194,269,5031,479081,124024,35639,0,0,0,361.9878083462133,0.31312519319938176
1658269554476,38.051003,0.9041096,0.962963,1.0,0.8888889,1.0,0.9259259,0.962963,0.41666666,1.0,53.9,53.9,53.300003,53.9,53.9,53.9,53.600002,54.9,54.600002,56.300003,50.600002,50.300003,3674162,-1697999,1075200,1075200,1075200,1075200,1075200,1075200,652800,1401600,278,0,2,112,0,0,266,5,17,0,0,0,0,0,0,101,1,5,773,106,25,0,0,0,119813,0,1252,42395,0,0,120503,5711,20040,0,0,0,0,0,0,38402,987,3179,484628,137562,28468,0,0,0,393.085519379845,0.33408992248062014
1658269555821,38.136,0.76237625,0.65384614,0.875,0.53846157,1.0,0.6666667,1.0,0.375,1.0,54.9,54.9,53.9,54.600002,54.600002,54.600002,53.600002,55.600002,54.600002,56.9,50.9,50.9,3684283,-1438294,1075200,1075200,1075200,1075200,1075200,1075200,652800,1401600,104,1,0,259,1,4,117,6,11,0,0,0,38,2,5,169,7,12,1000,119,27,0,0,0,41465,1125,0,127622,299,2612,66541,6654,16284,0,0,0,17594,2800,2732,71964,9158,17477,633683,140420,24767,0,0,0,426.5878390092879,0.32198142414860675
1658269557033,38.234,0.8115942,0.6666667,0.92,0.6666667,0.88461536,0.8518519,0.9259259,0.45833334,1.0,54.600002,54.600002,54.300003,54.600002,54.600002,54.600002,53.9,55.600002,54.600002,56.9,51.600002,50.9,3679417,-1460572,1075200,1075200,1075200,1075200,1075200,1075200,652800,1401600,493,0,5,195,3,9,277,6,21,4,0,1,121,10,23,37,1,1,743,105,21,0,0,0,171044,0,3908,76086,2129,13819,112933,4844,24372,1975,0,2114,54678,14334,30432,12243,408,3392,469939,127557,27963,0,0,0,461.56235294117647,0.3702786377708978
1658269558123,38.318,0.81642514,0.68,0.8333333,0.5555556,1.0,0.96153843,0.89285713,0.6,1.0,54.9,54.9,53.9,54.600002,55.300003,55.300003,54.600002,55.9,55.600002,57.600002,51.9,51.300003,3675914,-1527711,1075200,1075200,1075200,1075200,1075200,1075200,652800,1401600,1068,1,5,692,8,20,1018,15,47,120,7,13,94,6,13,35,1,1,706,96,23,0,0,0,370085,1068,3462,240952,8021,19792,354985,14025,49442,45322,4054,24452,29298,8127,16323,14939,386,2052,435092,103036,27781,0,0,0,496.1094658385093,0.3552795031055901
1658269559227,38.399002,0.7892157,0.68,0.84,0.6923077,1.0,1.0,0.625,0.46153846,1.0,55.300003,55.300003,54.600002,55.600002,55.600002,55.600002,54.9,56.600002,55.9,57.9,52.600002,51.9,3670464,-1641236,1075200,1075200,1075200,1075200,1075200,1075200,652800,1401600,1158,1,5,579,3,23,1130,14,49,186,10,33,12,0,3,108,6,15,749,102,23,0,0,0,380699,817,4343,210447,1354,21421,366526,12287,54477,80512,5093,39282,4821,0,4593,37830,8068,24288,463073,120222,25528,0,0,0,527.8130030959752,0.40376470588235297
1658269560315,38.477,0.78640777,0.6296296,0.68,0.7407407,0.9259259,0.9230769,0.8888889,0.4814815,1.0,55.300003,55.600002,54.600002,55.600002,55.9,55.9,55.300003,56.600002,56.300003,58.300003,52.300003,51.600002,3674746,-1565247,1075200,1075200,1075200,1075200,1075200,1075200,652800,1401600,1020,7,9,774,4,13,849,21,39,23,1,1,138,9,21,173,13,31,751,94,39,0,0,0,334771,5258,5907,250380,3756,9638,304817,15741,59581,10625,639,406,49495,11189,32580,72583,6774,50552,441880,117514,45991,0,0,0,567.8193788819875,0.3992049689440994
1658269561427,38.568,0.77884614,0.64285713,0.8518519,0.61538464,0.962963,0.88,0.7916667,0.375,1.0,55.9,55.9,55.600002,55.9,56.300003,55.9,55.300003,57.300003,55.9,58.600002,52.600002,52.600002,3662873,-1645508,1075200,1075200,1075200,1075200,1075200,1075200,652800,1401600,938,2,16,1232,7,22,607,8,32,38,2,3,36,4,5,95,2,17,827,77,30,0,0,0,324008,767,12338,374757,6188,19140,219696,8379,33039,22895,3984,2550,16960,7285,12151,39037,760,23715,472310,98769,40097,0,0,0,633.3245283018867,0.4003018867924528
1658269562531,38.653004,0.82439023,0.75,0.7307692,0.625,1.0,1.0,0.96,0.53846157,1.0,56.300003,56.600002,56.300003,56.600002,56.600002,56.600002,55.9,57.300003,56.600002,58.9,52.9,52.600002,3665014,-1587220,1075200,1075200,1075200,1075200,1075200,1075200,652800,1401600,747,3,7,873,10,18,1042,6,36,10,2,2,38,4,8,89,7,11,717,86,33,0,0,0,266957,2685,3989,249050,9328,14997,343909,6629,30785,4290,774,3359,23788,3482,8655,33324,4762,15223,418508,103984,47326,0,0,0,779.071258114374,0.477081916537867
1658269563620,38.727,0.9423077,0.9259259,1.0,1.0,1.0,1.0,1.0,0.65384614,1.0,56.9,56.9,55.9,56.9,56.9,57.300003,55.600002,58.300003,56.9,59.300003,53.600002,52.9,3659759,-1534730,1075200,1075200,1075200,1075200,1075200,1075200,652800,1401600,1076,3,5,787,1,10,889,7,34,31,2,2,53,3,10,33,4,7,753,82,28,0,0,0,321850,3451,3087,230218,359,6211,309003,4237,29238,14600,1881,1734,21307,1292,10687,21343,2102,9929,436430,86378,29048,0,0,0,921.8856513761468,0.48489296636085627
1658269564772,38.825,0.8518519,0.8148148,0.7692308,0.84615386,1.0,1.0,1.0,0.3846154,1.0,56.9,56.9,56.300003,56.9,56.600002,56.600002,55.9,58.600002,56.600002,58.300003,53.9,53.600002,3666182,-1588746,1075200,1075200,1075200,1075200,1075200,1075200,652800,1401600,657,3,4,411,3,23,345,3,14,54,0,2,71,3,9,13,2,5,758,90,21,1,0,0,192670,1191,2868,117288,995,17614,106906,544,16790,20644,0,1859,29408,2304,8256,6071,1015,8364,415065,95360,27278,28,0,0,990.4516883942766,0.4973481717011129
1658269565938,38.906002,0.8358209,0.8333333,0.7916667,0.84615386,1.0,0.8076923,1.0,0.4,1.0,56.300003,56.600002,55.600002,56.300003,56.300003,56.300003,55.9,58.300003,56.600002,58.300003,54.300003,53.600002,3663846,-1531983,1075200,1075200,1075200,1075200,1075200,1075200,652800,1401600,854,4,14,295,1,14,408,6,21,7,0,0,154,6,14,109,4,17,821,124,68,0,0,0,323726,2706,18338,104778,312,13087,227581,7961,27780,411,0,0,62978,3915,28206,40248,7569,59593,433271,128055,89068,0,0,0,742.2313941267388,0.4616506955177743
1658269567260,39.011,0.41954023,0.0,0.045454547,0.0952381,1.0,0.04761905,1.0,0.0,1.0,56.600002,56.9,56.300003,56.600002,56.600002,56.600002,55.9,58.600002,56.9,58.600002,54.300003,53.600002,3671827,-1525880,1075200,1075200,1075200,1075200,1075200,1075200,652800,1401600,848,7,10,676,6,14,311,13,21,3,0,1,313,8,25,62,3,4,892,86,54,0,0,0,296683,7977,10638,190487,4906,15224,117884,18679,41943,1509,0,391,101879,11163,63545,17459,3714,4316,480238,99428,70151,0,0,0,70.61125696594428,0.05786996904024768
1658269568304,39.068,0.41062802,0.03846154,1.0,0.03846154,0.0,0.14814815,1.0,0.03846154,1.0,54.300003,53.9,53.300003,54.600002,54.600002,54.9,53.9,56.9,54.600002,56.9,52.300003,51.9,3757467,-361023,1075200,1075200,1075200,1075200,1075200,1075200,652800,1401600,645,30,49,398,13,38,401,37,85,59,7,21,360,15,58,107,5,17,302,62,71,0,0,0,481175,51629,178290,364346,30665,227871,259795,60148,432589,51757,11553,96473,181562,24094,358389,45992,9728,64868,183106,173475,453718,0,0,0,-1.0,-1.0
1658269569381,39.146004,0.42021278,1.0,0.7916667,0.08695652,0.26086956,0.08695652,0.08695652,0.041666668,1.0,53.300003,53.600002,52.300003,52.9,53.600002,53.600002,52.9,55.600002,53.600002,55.9,50.9,50.600002,3750460,-437317,1075200,1075200,1075200,1075200,1075200,1075200,652800,1401600,338,24,43,385,4,14,243,38,78,249,45,87,150,32,86,2,1,1,66,82,99,0,0,0,428862,66998,253125,407121,15983,69203,209401,78264,474951,204294,108161,374897,153483,85838,546205,2281,1492,622,73482,260554,616361,0,0,0,-1.0,-1.0
1658269570436,39.190002,0.7344633,0.82608694,0.8695652,0.65,0.625,0.6363636,0.72727275,0.5,1.0,52.9,52.9,51.600002,52.300003,52.600002,52.300003,51.9,55.300003,52.600002,55.300003,50.600002,50.300003,3763306,-354309,1075200,1075200,1075200,1075200,1075200,1075200,652800,1401600,202,24,49,360,11,41,146,17,38,82,15,35,295,39,69,142,17,44,200,55,98,3,0,0,149878,54269,200456,267914,22832,238460,84674,29759,266138,64476,26822,245755,214106,105738,383640,109588,32991,474140,114248,138848,629890,85,0,0,0.005333333333333333,0.009720430107526882
1658269571468,39.227,0.7309645,0.625,0.61538464,0.5833333,0.54545456,1.0,0.96,0.4347826,1.0,53.9,53.9,53.600002,53.9,54.300003,53.9,53.600002,55.600002,54.300003,55.9,51.600002,50.9,3670464,-1481019,1075200,1075200,1075200,1075200,1075200,1075200,652800,1401600,325,30,48,226,0,1,175,6,14,424,31,54,245,45,68,83,7,36,468,48,46,4,0,0,226082,90450,215747,74047,0,1124,69451,4518,22310,174443,78715,349485,132115,106815,266959,42694,19987,446107,220968,56007,483269,126,0,0,783.5674294573644,0.9023007751937985
1658269572537,39.261,0.74019605,0.7307692,0.72727275,0.6666667,0.5416667,0.76,1.0,0.44444445,1.0,55.600002,55.600002,54.9,55.300003,55.9,55.600002,54.600002,56.9,54.9,57.300003,52.9,52.300003,3671048,-1648255,1075200,1075200,1075200,1075200,1075200,1075200,652800,1401600,1141,4,19,981,4,22,745,12,34,842,20,44,81,0,4,25,0,3,610,105,70,1,0,0,371133,4635,21194,379468,5777,20872,307707,13123,34427,355346,16682,52652,23069,0,4978,9552,0,897,403343,106133,82465,132,0,0,1391.6074146341464,0.8813788617886179
1658269573604,39.285004,0.861244,0.84615386,0.9230769,0.88461536,0.7692308,1.0,1.0,0.5,1.0,56.9,56.600002,55.9,56.600002,56.600002,56.600002,55.300003,57.9,56.300003,58.300003,53.9,53.300003,3662679,-1618653,1075200,1075200,1075200,1075200,1075200,1075200,652800,1401600,633,0,2,1287,0,5,791,11,15,595,10,18,148,9,25,178,2,9,588,104,66,0,0,0,173554,0,1892,331055,0,3811,293309,12679,16886,228145,13220,16234,72123,9132,60459,52950,1324,18481,374851,102753,84005,0,0,0,1028.256741885626,0.6532550231839258
1658269574686,39.349003,0.8627451,1.0,0.88461536,0.73913044,0.8076923,1.0,1.0,0.375,1.0,57.600002,57.600002,56.600002,57.300003,57.300003,56.9,55.9,58.600002,56.9,58.600002,54.300003,53.600002,3670853,-1612549,1075200,1075200,1075200,1075200,1075200,1075200,652800,1401600,791,4,12,1007,0,10,714,7,23,852,3,19,147,8,15,86,2,5,619,106,59,0,0,0,240126,3246,13750,317751,0,8609,224757,3816,24692,255232,3597,14099,62870,7366,43245,38547,943,5352,414028,117841,80867,0,0,0,1024.3105824345146,0.6775223420647148
1658269575789,39.403004,0.7487923,0.8888889,0.7916667,0.64285713,0.7307692,0.5925926,1.0,0.3043478,1.0,58.300003,58.300003,57.300003,57.9,57.9,57.300003,56.600002,59.600002,57.300003,59.300003,54.9,53.9,3653336,-1760255,1075200,1075200,1075200,1075200,1075200,1075200,652800,1401600,407,1,1,1081,2,7,1000,10,29,752,15,28,34,1,5,23,1,4,669,101,44,4,0,1,151452,1411,753,326041,2466,5971,316014,14269,30621,251270,19196,32368,18958,572,2794,9688,555,9618,436615,107866,55270,205,0,602,1015.3759018404908,0.6565398773006135
1658269576857,39.464,0.784689,0.9583333,0.56,0.75,0.8,0.8214286,1.0,0.39130434,1.0,58.300003,57.9,57.600002,57.9,57.600002,57.9,56.9,59.600002,57.9,59.9,55.300003,54.600002,3664041,-1617127,1075200,1075200,1075200,1075200,1075200,1075200,652800,1401600,834,2,7,676,2,3,877,3,21,973,9,33,216,8,19,3,0,1,626,103,58,2,0,0,250410,1447,8043,202046,1039,3332,291841,3298,20175,303514,12969,37931,82142,14607,55540,287,0,443,401861,104032,60216,74,0,0,1029.3136296296295,0.572
1658269577929,39.518,0.7684729,0.7037037,0.7083333,0.68,0.73913044,0.88,1.0,0.33333334,1.0,59.300003,59.300003,58.300003,58.600002,58.9,59.300003,58.300003,60.600002,58.600002,60.600002,55.9,55.300003,3651390,-1734315,1075200,1075200,1075200,1075200,1075200,1075200,652800,1401600,160,0,1,1140,2,4,394,1,3,445,5,4,442,1,6,0,0,0,619,67,56,0,0,0,58933,0,0,316023,1483,4172,135125,1487,4992,156016,3286,2274,130494,1385,6190,0,0,0,327662,61747,61811,0,0,0,1035.5558637770898,0.6484705882352941
1658269579013,39.589,0.76237625,0.6923077,0.56,0.88,0.6666667,0.96,1.0,0.36,1.0,59.300003,58.9,57.9,58.9,58.9,58.9,57.9,60.300003,58.9,60.300003,55.600002,54.9,3635819,-1803895,1075200,1075200,1075200,1075200,1075200,1075200,652800,1401600,695,6,14,1283,5,20,883,15,39,795,7,39,261,8,26,9,1,2,904,91,62,5,0,0,249396,5380,15804,382823,3642,16958,323191,12785,58371,302985,6475,60180,104561,4804,83958,4802,909,52,482130,98591,66813,114,0,0,1031.9414478527606,0.6775950920245398
1658269580083,39.643,0.8888889,0.88,0.96153843,0.92,1.0,1.0,0.75,0.5833333,1.0,59.300003,59.300003,58.600002,58.300003,59.300003,59.300003,58.300003,60.9,58.9,60.600002,55.9,55.300003,3656256,-1650086,1075200,1075200,1075200,1075200,1075200,1075200,652800,1401600,976,3,9,1087,9,15,763,12,27,1164,10,38,83,3,7,3,0,0,592,105,45,3,0,0,333064,1519,9060,360308,9258,13674,299452,8124,34741,387290,13060,41836,29534,2687,6988,214,0,0,403612,103660,62719,188,0,0,1030.2384270353302,0.5898125960061444
1658269581131,39.710003,0.78431374,0.7916667,0.75,0.72,0.61538464,1.0,1.0,0.3478261,1.0,60.300003,60.300003,59.300003,59.600002,59.600002,59.600002,58.600002,61.300003,59.600002,61.300003,56.600002,55.600002,3648665,-1636353,1075200,1075200,1075200,1075200,1075200,1075200,652800,1401600,444,1,4,564,0,0,329,1,12,493,1,10,121,4,11,444,3,18,571,111,28,1,0,0,120331,786,2301,133802,0,0,95487,480,9325,149801,593,12947,50171,4914,19445,119061,1181,16100,334361,110500,34476,22,0,0,1033.3462291021672,0.6594179566563467
1658269582200,39.764004,0.76237625,0.84615386,0.7692308,0.64,0.88461536,0.61538464,1.0,0.29166666,1.0,59.9,59.600002,59.300003,59.600002,60.300003,60.300003,59.600002,61.300003,60.300003,61.600002,56.9,56.600002,3619469,-2125245,1075200,1075200,1075200,1075200,1075200,1075200,652800,1401600,1155,4,13,956,4,16,724,15,25,801,7,32,97,1,8,116,5,15,701,94,55,2,0,0,358064,2244,12659,330534,4183,16829,281714,16398,29686,297698,5086,37929,43127,384,13544,44708,6861,40167,449746,111951,59112,60,0,0,1024.993627118644,0.6480369799691833
1658269583311,39.845,0.74384236,0.6086956,0.76,0.625,0.8076923,0.73913044,1.0,0.36,1.0,60.300003,59.9,59.600002,59.9,59.600002,59.9,59.300003,61.9,59.9,61.9,57.300003,56.600002,3650416,-1617432,1075200,1075200,1075200,1075200,1075200,1075200,652800,1401600,693,3,3,1387,1,9,994,13,33,600,15,31,306,3,8,59,4,6,688,118,45,0,0,0,241772,3348,2040,369586,259,6908,372175,13609,33813,229584,23324,36269,82702,4117,7523,25061,5016,9841,405083,138666,65570,0,0,0,1025.478658385093,0.6453167701863354
1658269584405,39.910004,0.7711443,0.5652174,0.84615386,0.8333333,0.6086956,1.0,1.0,0.33333334,1.0,59.9,59.9,59.9,60.600002,60.300003,60.300003,59.600002,62.300003,60.600002,61.9,56.9,56.600002,3658397,-1642457,1075200,1075200,1075200,1075200,1075200,1075200,652800,1401600,1212,4,4,1177,4,9,966,14,31,728,16,29,328,7,16,0,0,0,549,95,98,0,0,0,322680,3452,2185,330842,6127,9112,318526,14615,32998,265159,17470,35093,101557,8993,44571,0,0,0,382239,103475,119984,0,0,0,1028.803120743034,0.669077399380805
1658269585475,39.974003,0.7745098,0.84615386,0.64,0.84615386,0.7307692,1.0,0.64,0.48,1.0,60.300003,60.300003,59.600002,59.9,60.300003,60.300003,59.300003,61.9,59.9,62.300003,57.300003,56.300003,3656256,-1556702,1075200,1075200,1075200,1075200,1075200,1075200,652800,1401600,1623,4,9,771,3,6,657,9,19,1123,16,29,91,2,5,5,0,3,570,70,120,0,0,0,449420,2224,7272,230820,2392,5994,223383,6046,21349,357584,13039,31266,23814,1096,9599,4014,0,7374,383669,87514,157153,0,0,0,1014.0004417177913,0.6491779141104295
1658269586544,40.054,0.89756095,0.8148148,0.92,0.84615386,0.962963,1.0,0.96153843,0.6666667,1.0,60.9,60.9,59.600002,60.600002,60.600002,60.300003,58.9,61.9,59.600002,62.300003,57.300003,56.600002,3653336,-1629029,1075200,1075200,1075200,1075200,1075200,1075200,652800,1401600,520,5,9,1343,0,7,940,8,30,705,7,23,178,2,14,326,13,31,510,113,90,2,0,0,180000,4859,6649,411500,0,5117,295696,6526,33092,270176,8963,19036,55168,723,16395,141388,9994,65609,365696,132031,116716,51,0,0,1033.5300154559504,0.6455394126738794
1658269587639,40.137,0.7614213,0.8,0.875,0.64,0.53846157,0.96153843,0.92,0.3478261,1.0,61.300003,61.300003,60.9,61.300003,61.300003,61.300003,60.300003,62.600002,60.9,62.9,57.9,57.600002,3617717,-2033998,1075200,1075200,1075200,1075200,1075200,1075200,652800,1401600,841,2,13,869,1,1,643,12,19,571,12,32,0,0,0,389,14,33,501,119,77,1,0,0,269659,3831,10959,238100,26,17,227187,8405,16546,225707,13253,38202,0,0,0,125362,22784,104886,339758,138014,94119,85,0,0,1030.735850931677,0.6498385093167701
1658269588726,40.254,0.75,0.8,0.7826087,0.68,0.7692308,0.625,1.0,0.2631579,1.0,61.600002,61.300003,60.9,61.300003,61.300003,61.300003,60.300003,62.9,60.9,62.9,58.300003,57.300003,3651390,-1671754,1075200,1075200,1075200,1075200,1075200,1075200,652800,1401600,671,2,3,1341,1,6,977,13,16,819,13,27,199,1,12,47,4,8,600,102,81,5,0,0,223215,1196,2348,390468,935,6117,338156,10231,13499,280490,13588,34301,68880,3273,17075,26221,2549,16089,400539,117003,98947,280,0,0,1030.3787003154573,0.6574637223974763
1658269589757,40.333,0.76237625,0.76,0.8518519,0.44,0.7083333,0.9285714,0.9230769,0.4,1.0,61.600002,61.300003,60.9,61.300003,61.300003,61.300003,60.300003,62.9,60.600002,62.9,58.300003,57.300003,3655672,-1649476,1075200,1075200,1075200,1075200,1075200,1075200,652800,1401600,643,3,1,1349,1,15,679,13,20,626,8,17,388,7,30,145,10,16,578,121,59,3,0,0,211519,2590,664,403058,415,17175,240523,10893,20893,230056,6183,21334,131693,4950,95664,66889,13605,26428,360733,121254,71635,266,0,0,1028.4946398763523,0.6661143740340031
1658269590812,40.401,0.5232558,0.13636364,0.1,0.92,0.4,0.3181818,1.0,0.23809524,1.0,61.9,61.9,60.9,61.300003,61.600002,61.300003,60.600002,62.9,61.600002,63.600002,58.600002,57.9,3642047,-1677857,1075200,1075200,1075200,1075200,1075200,1075200,652800,1401600,876,3,3,1081,3,9,850,13,38,726,16,35,283,19,33,93,1,7,522,121,52,5,0,0,261016,3846,1749,329225,1412,10956,293640,19769,38630,271769,16633,37454,122139,25020,58431,21711,1731,5934,361164,131368,64237,127,0,0,736.8017750385208,0.4479630200308166
1658269591848,40.465,0.44954127,0.0,0.11111111,1.0,0.04,1.0,0.2857143,0.03846154,1.0,59.600002,59.600002,59.300003,59.9,59.9,59.9,59.300003,62.300003,59.9,62.300003,56.9,56.600002,3748124,-650635,1075200,1075200,1075200,1075200,1075200,1075200,652800,1401600,674,6,20,863,18,21,455,11,30,463,33,46,215,17,39,54,2,7,457,71,122,0,0,0,455239,9315,63200,459354,32099,49430,165079,12050,83814,253125,68401,181786,134555,17957,126796,19406,4822,8422,256758,127061,262656,0,0,0,-1.0,-1.0
1658269592898,40.537003,0.44148937,1.0,0.16666667,0.08695652,0.88,0.17391305,0.16,0.04347826,1.0,57.300003,57.300003,56.600002,57.9,57.9,57.9,57.300003,60.300003,57.600002,60.600002,54.9,54.600002,3744815,-358886,1075200,1075200,1075200,1075200,1075200,1075200,652800,1401600,422,30,62,570,28,47,68,14,18,277,52,89,110,20,56,50,1,24,71,68,136,0,0,0,505288,68440,334424,556298,72193,300341,70441,35945,80558,263464,117760,415382,115814,38713,357100,50610,1253,176816,76892,195194,651940,0,0,0,-1.0,-1.0
1658269593921,40.586002,0.42424244,1.0,0.08,0.083333336,0.07692308,1.0,0.083333336,0.04,1.0,56.9,56.600002,55.300003,55.9,56.300003,56.600002,55.9,58.9,56.300003,58.9,53.9,53.9,3708224,-1020813,1075200,1075200,1075200,1075200,1075200,1075200,652800,1401600,203,23,48,430,37,58,266,49,81,95,14,25,85,23,42,109,9,30,35,34,119,0,0,0,190422,40230,224151,344065,65981,295162,210422,104061,405089,76561,31282,134409,93042,45186,150640,77816,18914,289145,38898,122048,791442,0,0,0,-1.0,-1.0
1658269594943,40.605003,0.70558375,0.8148148,0.5652174,0.65217394,0.6,0.64,1.0,0.26086956,1.0,56.300003,55.300003,54.600002,55.300003,55.9,55.600002,55.600002,58.300003,56.300003,58.600002,53.300003,52.9,3749681,-391845,1075200,1075200,1075200,1075200,1075200,1075200,652800,1401600,139,0,0,288,26,59,243,37,72,225,29,85,28,2,3,84,8,39,188,80,125,9,0,0,79756,0,0,322931,61094,361730,140099,93432,554955,157068,61737,559591,17377,4517,9539,61349,26260,521984,139441,235379,479162,1899,0,0,32.05602476780186,0.6394922600619195
1658269596047,40.639004,0.7881773,0.61538464,0.9259259,0.6086956,0.8148148,0.84615386,1.0,0.45833334,1.0,57.9,57.600002,57.300003,57.9,57.600002,57.600002,56.9,59.300003,57.600002,59.300003,55.300003,54.600002,3660538,-1490174,1075200,1075200,1075200,1075200,1075200,1075200,652800,1401600,283,0,1,834,8,20,685,20,41,820,30,46,768,18,26,226,15,19,651,73,139,4,1,2,131081,0,1482,303084,9390,89391,243483,33691,136754,323952,51251,159528,233035,17264,41770,90436,22992,127746,346762,104392,289477,582,347,2008,872.9323029366307,0.661613601236476
1658269597108,40.654003,0.8543689,0.76,0.7916667,1.0,0.88,0.96,1.0,0.39130434,1.0,59.300003,58.9,58.300003,58.9,58.9,58.9,57.9,60.600002,58.9,60.600002,55.9,55.300003,3653336,-1696473,1075200,1075200,1075200,1075200,1075200,1075200,652800,1401600,1099,8,8,922,3,21,942,17,32,466,14,20,150,15,16,0,0,0,613,94,97,0,0,0,346623,7444,9191,317475,2584,28282,339111,22845,49651,202562,19687,36534,69299,27841,55729,0,0,0,368526,95724,105775,0,0,0,2011.8163715170278,1.1398142414860681
1658269598197,40.676003,0.9460784,0.962963,0.96153843,1.0,0.7916667,1.0,1.0,0.8076923,1.0,60.300003,60.600002,59.9,60.300003,60.300003,59.9,59.300003,61.600002,59.9,61.9,57.600002,56.9,3635429,-1903382,1075200,1075200,1075200,1075200,1075200,1075200,652800,1401600,396,0,1,462,0,2,381,0,6,545,0,4,273,3,6,5,0,0,920,90,30,6,0,2,114857,0,778,154793,0,2016,128180,0,5359,194187,0,4474,66380,1344,3790,325,0,0,434056,85558,32749,446,0,27,1291.9403726708074,0.7751552795031056
1658269599265,40.706,0.8333333,0.96153843,0.75,0.9230769,0.84615386,1.0,0.8,0.4074074,1.0,61.600002,61.300003,60.600002,61.300003,61.300003,60.9,60.300003,62.600002,60.9,62.600002,58.300003,57.600002,3637765,-1865846,1075200,1075200,1075200,1075200,1075200,1075200,652800,1401600,422,0,3,753,0,2,714,5,15,465,5,16,33,1,2,0,0,1,764,75,46,0,0,0,109384,0,1763,208423,0,1483,218398,6161,11004,182212,4267,16051,13236,1088,1073,0,0,1859,405230,71717,47783,0,0,0,1306.3308403100775,0.7700837209302326
1658269600416,40.74,0.82327586,0.8214286,0.8333333,0.8214286,0.8,0.93333334,1.0,0.37931034,1.0,61.600002,61.600002,60.600002,61.600002,61.300003,61.300003,60.600002,62.600002,61.300003,63.300003,58.600002,57.9,3652363,-1792909,1075200,1075200,1075200,1075200,1075200,1075200,652800,1401600,82,0,1,1152,3,14,424,11,19,361,12,19,39,1,3,143,1,8,826,133,57,0,0,0,36562,0,1505,306001,3326,16458,139238,13664,23090,154000,15995,24991,14061,1877,1413,35584,34,35645,462820,132295,72813,0,0,0,1301.8299907550077,0.6021571648690293
1658269601552,40.797,0.85024154,0.96153843,0.7083333,0.7692308,0.8333333,0.88461536,1.0,0.6,1.0,62.600002,62.600002,61.9,61.9,61.9,61.9,60.9,63.600002,61.300003,63.9,58.9,58.300003,3634067,-1820069,1075200,1075200,1075200,1075200,1075200,1075200,652800,1401600,258,1,2,410,3,5,362,7,7,351,5,7,79,4,4,50,0,0,858,104,70,1,0,0,63170,1527,1774,114973,4156,5510,94607,4097,7778,99252,5856,8816,25902,7810,3885,10674,0,0,442964,110557,82913,26,0,0,1324.4031702786376,0.8519628482972136
1658269602645,40.857002,0.8019802,0.8076923,0.5217391,0.9166667,0.88,0.8,0.9230769,0.48,1.0,62.600002,62.300003,61.600002,62.300003,61.9,61.9,61.300003,63.600002,61.600002,63.600002,59.300003,58.300003,3652168,-1884766,1075200,1075200,1075200,1075200,1075200,1075200,652800,1401600,539,7,16,1236,8,17,588,12,15,337,10,23,149,1,12,1,0,0,936,124,46,0,0,0,169165,9793,15203,357601,12080,19317,159840,14392,15188,164645,9155,23127,46007,1119,28499,238,0,0,525306,126381,60310,0,0,0,1308.0370807453414,0.5968819875776398
1658269603779,40.921,0.8097561,0.962963,0.8888889,0.68,0.61538464,0.88461536,1.0,0.44,1.0,62.600002,62.9,62.300003,62.600002,62.300003,62.300003,61.600002,64.3,62.300003,64.600006,59.600002,58.9,3652363,-1709595,1075200,1075200,1075200,1075200,1075200,1075200,652800,1401600,197,2,5,781,1,5,80,0,2,158,1,7,133,3,11,94,0,2,765,105,18,0,0,0,72925,959,4981,196894,1813,3312,20044,0,2860,57617,1039,6112,45743,841,19889,28224,0,855,423676,104948,21888,0,0,0,1354.5654658385092,0.7363975155279503
1658269604830,40.974003,0.90697676,0.962963,0.8518519,0.89285713,1.0,1.0,0.9259259,0.5714286,1.0,63.600002,63.9,62.600002,62.9,63.300003,62.9,61.9,64.600006,62.9,64.9,59.9,59.600002,3635235,-1805116,1075200,1075200,1075200,1075200,1075200,1075200,652800,1401600,519,3,10,244,0,1,1013,8,20,825,9,24,244,3,8,0,0,0,1014,46,59,144,0,18,156820,3076,7208,88548,0,1479,253431,6470,13564,253515,7271,31207,65431,1066,7491,0,0,0,421191,43233,57477,23131,0,11961,1388.0579659969087,0.7085502318392581
1658269605919,41.038002,0.79620856,0.962963,0.64,1.0,1.0,0.32,1.0,0.42307693,1.0,63.600002,63.600002,63.300003,63.600002,63.600002,62.9,62.600002,64.9,62.9,65.3,60.300003,59.300003,3631147,-1965638,1075200,1075200,1075200,1075200,1075200,1075200,652800,1401600,416,0,0,746,0,0,327,0,5,278,3,3,129,1,2,136,1,6,899,80,72,0,0,0,109050,0,0,179837,0,0,84524,0,3384,83930,3682,2349,35014,751,1119,46496,323,4837,374105,60374,78468,0,0,0,1455.4497283950618,0.8018271604938272
1658269607045,41.084003,0.82,0.9230769,0.72,0.8518519,0.7083333,0.92,1.0,0.39130434,1.0,64.3,63.9,62.9,63.300003,63.300003,63.300003,62.600002,65.3,63.600002,65.600006,60.300003,59.600002,3639711,-1739503,1075200,1075200,1075200,1075200,1075200,1075200,652800,1401600,169,0,1,1059,3,10,189,0,5,816,7,15,987,8,25,73,1,4,1043,75,75,19,2,3,45480,0,1039,318013,3284,9412,58409,0,5247,242728,6803,12482,249699,5742,20197,17962,3139,2571,461850,60918,81566,3514,1186,1599,1538.7198509316768,0.8345838509316771
1658269608118,41.144,0.7971698,0.8148148,0.8076923,0.9285714,0.8148148,0.96153843,0.84,0.25925925,1.0,63.9,64.3,63.300003,63.9,63.9,63.9,63.300003,65.9,64.3,65.9,60.9,60.300003,3638349,-1862183,1075200,1075200,1075200,1075200,1075200,1075200,652800,1401600,923,3,2,700,0,6,490,3,15,540,8,18,211,6,14,0,0,0,850,92,63,0,0,0,274835,3333,1653,216673,0,4806,142928,3203,14138,202277,8960,15527,51473,3158,34260,0,0,0,426167,78960,63492,0,0,0,1608.9130897832817,0.907343653250774
1658269609239,41.197002,0.8405797,0.84615386,0.65217394,0.84615386,0.85714287,1.0,1.0,0.5,1.0,64.3,64.600006,63.9,64.3,63.600002,63.9,62.600002,65.600006,63.600002,65.9,61.300003,60.300003,3636013,-1859437,1075200,1075200,1075200,1075200,1075200,1075200,652800,1401600,474,0,3,1085,4,17,532,10,15,547,7,24,172,2,8,216,1,5,892,118,116,0,0,0,156672,0,2136,299754,4386,17357,173181,11727,15802,181793,5090,26673,37702,626,12139,38543,906,10008,483096,121730,128772,0,0,0,1664.1452080123267,0.8441787365177196
1658269610346,41.223003,0.80288464,0.8148148,0.5714286,0.7692308,0.8518519,1.0,1.0,0.42307693,1.0,64.9,64.9,64.600006,64.600006,64.600006,63.9,63.300003,66.3,63.9,66.3,61.600002,60.600002,3630563,-1906129,1075200,1075200,1075200,1075200,1075200,1075200,652800,1401600,560,3,5,1610,4,8,218,2,9,421,6,16,126,5,3,44,0,1,778,130,41,0,0,0,181548,1764,4540,427735,2796,8461,65077,1606,14464,158425,7751,16797,42245,14039,1981,13477,0,1501,435257,142290,49898,0,0,0,1819.6457639751552,1.0270807453416149
1658269611414,41.280003,0.8333333,0.84615386,0.5652174,0.9583333,0.8076923,0.962963,0.96153843,0.52,1.0,64.9,65.3,64.3,64.9,64.9,64.9,64.3,65.9,64.600006,66.600006,61.9,61.300003,3630758,-1922303,1075200,1075200,1075200,1075200,1075200,1075200,652800,1401600,1013,3,4,1323,1,5,380,7,17,255,3,7,14,0,1,76,2,4,1031,101,66,0,0,0,297287,1719,3468,350059,729,6705,153696,7905,18707,96927,1301,8633,6055,0,3372,17468,3142,11711,509056,98365,67316,0,0,0,1916.5341081916538,1.0647542503863987
1658269612507,41.333,0.8010204,0.96,0.6923077,0.84,0.8333333,1.0,0.8,0.2173913,1.0,65.9,65.600006,64.9,65.3,65.600006,65.3,64.3,66.600006,65.600006,66.9,62.600002,61.600002,3614409,-2080995,1075200,1075200,1075200,1075200,1075200,1075200,652800,1401600,482,1,7,1236,0,10,769,3,16,316,8,14,152,4,16,5,2,3,870,113,107,0,0,0,144267,461,5940,359764,0,6277,175135,687,14762,117065,8835,11975,58842,6112,25839,3630,855,4118,460610,110667,125209,0,0,0,2020.0125941807044,0.9606860643185298
1658269613600,41.389004,0.8480392,0.96153843,0.84,0.8,0.84,1.0,0.7826087,0.5769231,1.0,66.3,65.9,65.600006,65.9,65.600006,65.3,64.600006,66.9,64.9,67.3,62.600002,61.600002,3620637,-2072755,1075200,1075200,1075200,1075200,1075200,1075200,652800,1401600,443,1,0,876,1,6,724,6,19,398,3,11,1,0,1,415,4,12,954,120,92,2,0,0,100100,328,0,264713,458,4330,176750,3212,13163,121549,1908,8507,75,0,360,109560,2616,13673,449836,142673,121127,59,0,0,2011.166718027735,0.9775038520801232
1658269614682,41.446003,0.78074867,0.9130435,0.59090906,0.6086956,0.9166667,0.96,0.82608694,0.25,1.0,66.3,65.9,65.3,65.9,65.600006,65.3,64.600006,67.600006,65.600006,67.3,62.9,61.9,3626087,-1872254,1075200,1075200,1075200,1075200,1075200,1075200,652800,1401600,723,1,3,1148,2,15,402,8,14,474,11,24,10,0,5,163,2,4,781,118,132,0,0,0,179949,378,3013,318074,3303,10103,125329,5995,14957,218018,12507,26124,4206,0,8504,40506,846,9694,408122,126139,150232,0,0,0,1894.1926182380216,0.7008346213292117
1658269615773,41.502003,0.5797101,1.0,0.34615386,0.375,0.35714287,0.92,0.46153846,0.1923077,1.0,65.600006,65.3,64.600006,64.9,64.9,64.9,64.600006,67.3,65.3,67.600006,62.300003,61.600002,3689928,-837097,1075200,1075200,1075200,1075200,1075200,1075200,652800,1401600,168,0,3,737,2,10,427,4,14,206,0,4,20,2,2,91,0,8,839,92,76,117,0,15,60995,0,1961,184646,2634,17596,115186,3118,41650,72114,0,4116,9706,3156,4997,20956,0,17483,408886,113969,98886,16691,0,9229,-1.0,-1.0
1658269616892,41.555,0.56435645,0.375,0.41666666,0.32,0.34615386,0.875,1.0,0.16,1.0,64.600006,64.3,64.3,64.600006,64.600006,64.600006,64.3,66.600006,64.600006,66.600006,61.300003,61.300003,3727298,-650940,1075200,1075200,1075200,1075200,1075200,1075200,652800,1401600,11,0,0,709,0,1,524,0,0,343,0,1,92,0,0,364,0,0,1068,28,5,8,0,0,3892,0,0,284790,0,1661,257900,0,0,252481,0,0,58250,0,0,227398,0,0,571210,42544,11880,196,0,0,-1.0,-1.0
