1658259726948,32.945,0.9257143,1.0,0.95652175,1.0,0.95652175,1.0,0.8695652,0.6,1.0,45.600002,45.9,45.300003,46.300003,46.300003,46.600002,45.600002,45.9,46.600002,47.300003,41.600002,41.600002,3973319,-520630,1075200,1075200,1075200,1075200,1075200,1075200,652800,1401600,1095945,31277,94074,1137537,37798,109519,555464,59807,131257,508116,53677,128127,413755,37502,109905,392892,36480,108246,443741,73057,143258,306433,26101,86429,986246952,63011912,1142403549,1016190210,75809132,1103228049,458458869,127940765,1615285002,409512634,116243833,1649916373,321648695,82784551,1650519936,310060366,79579681,1619548725,322310091,155092831,1917998326,150461322,68006454,1633662436,-1.0,-1.0
1658259728111,32.996002,0.9353448,1.0,1.0,0.9655172,1.0,1.0,0.96428573,0.53846157,1.0,44.9,44.9,44.300003,45.300003,45.600002,45.300003,44.300003,46.300003,45.300003,46.600002,42.600002,42.600002,3969037,-625305,1075200,1075200,1075200,1075200,1075200,1075200,652800,1401600,11,0,0,62,0,0,34,1,1,3,0,2,41,1,3,69,4,3,919,56,16,6,0,1,7107,0,0,19105,0,0,15206,352,4238,4018,0,2508,13324,1659,2382,32635,6763,5263,318754,83065,17874,1262,0,1019,-1.0,-1.0
1658259729369,33.041,0.7122642,1.0,0.42307693,0.8076923,0.9230769,0.96153843,0.5185185,0.04,1.0,45.300003,45.300003,44.600002,45.9,45.600002,45.300003,44.600002,46.9,45.300003,46.9,42.300003,41.9,3963977,-595398,1075200,1075200,1075200,1075200,1075200,1075200,652800,1401600,38,0,0,50,0,0,128,6,10,0,1,1,36,1,2,77,2,2,967,99,46,0,0,0,35385,0,0,21534,0,0,76407,4951,23208,0,755,1362,16283,249,1759,28024,3404,9536,454431,134329,77904,0,0,0,-1.0,-1.0
1658259730659,33.085003,0.7783019,1.0,1.0,0.962963,0.96,0.52,0.5555556,0.1923077,1.0,44.300003,44.9,44.600002,45.600002,45.9,45.600002,44.9,46.300003,45.300003,46.600002,41.9,41.600002,3929721,-996704,1075200,1075200,1075200,1075200,1075200,1075200,652800,1401600,18,0,0,404,0,0,292,16,22,96,6,12,7,2,5,275,23,34,1028,111,61,1,0,0,19119,0,0,252892,0,0,130787,24572,51233,44847,10792,19722,5903,3164,13845,146433,35131,71863,514059,206048,128018,16,0,0,-1.0,-1.0
1658259731849,33.117,0.797048,0.9411765,0.78125,0.8055556,0.8787879,0.74285716,1.0,0.24242425,1.0,44.600002,44.600002,44.300003,44.9,45.300003,45.300003,44.300003,46.300003,44.9,46.300003,41.300003,41.600002,3937311,-819397,1075200,1075200,1075200,1075200,1075200,1075200,652800,1401600,158,0,0,356,0,0,70,3,1,264,9,27,123,15,16,210,49,38,743,160,95,4,0,0,49687,0,0,208090,0,0,26003,1724,434,141477,13309,103839,67604,23997,48223,148135,109272,97767,415001,291055,234002,273,0,0,-1.0,-1.0
1658259733270,33.165,0.8557692,0.962963,0.962963,0.88,0.88,0.7307692,1.0,0.42307693,1.0,44.600002,44.300003,43.300003,44.300003,44.600002,44.9,44.300003,46.300003,44.600002,46.300003,41.9,41.600002,3983440,-340881,1075200,1075200,1075200,1075200,1075200,1075200,652800,1401600,146,2,2,388,0,1,114,18,28,233,28,53,213,25,28,6,0,1,770,112,93,5,0,0,159668,3779,3976,365332,0,419,100514,30576,84669,155679,54191,194664,153148,44052,50023,4322,0,987,398612,270293,294337,196,0,0,-1.0,-1.0
1658259734462,33.193,0.76328504,0.96153843,0.7692308,0.9166667,0.76,0.5769231,0.84615386,0.35714287,0.96153843,44.600002,44.600002,43.9,44.600002,44.600002,44.9,44.600002,46.300003,44.600002,46.300003,41.600002,41.600002,3955802,-686035,1075200,1075200,1075200,1075200,1075200,1075200,652800,1401600,44,0,0,251,0,0,283,35,43,313,24,40,263,18,37,0,1,0,654,132,59,7,0,0,17095,0,0,156425,0,0,169281,83488,203493,151738,42274,195215,152309,39598,166292,0,588,0,339745,275786,245082,464,0,0,-1.0,-1.0
1658259735586,33.222,0.5388349,0.48,0.61538464,0.0,1.0,0.61538464,0.5,0.037037037,1.0,44.600002,44.9,43.9,44.9,44.9,44.9,44.600002,45.300003,45.600002,46.9,41.600002,41.600002,3972735,-533142,1075200,1075200,1075200,1075200,1075200,1075200,652800,1401600,17,1,5,187,11,37,110,15,41,178,5,20,166,3,14,72,4,28,343,84,103,38,0,1,16702,2369,54365,121230,36526,220233,84294,30124,391167,96623,7866,183929,142874,6726,223486,67084,10313,245139,360994,194368,394810,12331,0,475,-1.0,-1.0
1658259736865,33.254,0.53038675,0.04761905,1.0,1.0,0.95454544,0.08695652,0.16,0.0,1.0,43.300003,42.9,42.300003,43.300003,43.300003,43.600002,42.600002,45.300003,42.9,44.9,40.9,40.600002,3977212,-431213,1075200,1075200,1075200,1075200,1075200,1075200,652800,1401600,110,13,18,354,54,80,203,54,77,132,25,46,57,15,23,41,5,13,19,12,71,0,0,0,130015,44639,85880,377517,138717,242027,193133,115676,486254,123659,50436,163336,49881,44739,228845,34774,12333,104788,11660,40438,1025325,0,0,0,-1.0,-1.0
1658259737956,33.279003,0.5414365,1.0,1.0,0.0,0.083333336,0.17391305,1.0,0.0,1.0,42.9,42.9,42.600002,43.300003,42.9,42.600002,42.300003,44.600002,42.9,44.600002,40.600002,40.300003,3951131,-755615,1075200,1075200,1075200,1075200,1075200,1075200,652800,1401600,550,46,34,350,6,1,9,2,1,125,25,37,192,31,47,164,34,50,59,36,106,4,0,5,603587,96356,115740,270943,5019,0,8177,898,2320,88129,46343,99158,146190,53761,302057,139339,94004,316672,59262,97573,753313,120,0,2785,-1.0,-1.0
1658259739010,33.314003,0.66169155,0.29166666,1.0,1.0,0.41666666,0.36,1.0,0.17391305,1.0,42.9,42.9,41.9,41.9,42.9,42.9,42.300003,44.9,42.9,44.600002,40.600002,40.300003,3989279,-314636,1075200,1075200,1075200,1075200,1075200,1075200,652800,1401600,189,12,5,44,0,2,349,67,78,112,19,33,64,18,33,112,25,37,161,118,100,0,0,0,205658,27326,8827,34251,0,1406,267404,140640,356612,71512,58185,342314,65665,49226,227415,91598,47563,133507,146323,360578,438549,0,0,0,-1.0,-1.0
1658259740105,33.336002,0.9162791,1.0,0.8888889,0.962963,1.0,0.88461536,0.9285714,0.6,1.0,43.300003,43.300003,42.9,42.9,43.300003,42.9,42.600002,44.9,42.9,45.300003,40.600002,40.600002,3981105,-400696,1075200,1075200,1075200,1075200,1075200,1075200,652800,1401600,187,31,28,80,1,2,31,16,19,134,20,52,155,19,45,0,0,0,217,80,101,3,0,0,196071,60739,87453,31611,669,972,18800,49741,132123,79907,49302,429142,70319,37152,436762,0,0,0,172386,171085,531701,95,0,0,0.005300763358778626,0.009648854961832062
1658259741339,33.378002,0.68472904,0.6666667,0.4347826,1.0,1.0,0.4,0.7307692,0.083333336,1.0,44.300003,43.9,43.9,44.300003,44.300003,43.600002,43.300003,45.300003,43.9,45.300003,41.600002,41.300003,3924271,-1184388,1075200,1075200,1075200,1075200,1075200,1075200,652800,1401600,10,1,2,261,2,8,102,7,13,129,10,12,144,4,22,141,10,20,753,88,49,1,0,0,21299,2200,3567,145619,3492,10426,60768,11317,40264,76339,22471,27633,53881,1989,103891,88914,10907,71640,455790,124092,108061,36,0,0,0.816,0.02568944099378882
1658259742474,33.406002,0.7268293,1.0,0.5714286,0.7777778,0.6,1.0,0.5833333,0.18181819,1.0,43.9,43.9,43.9,43.9,44.300003,43.9,43.600002,45.300003,43.9,45.600002,41.9,41.600002,3915901,-1228943,1075200,1075200,1075200,1075200,1075200,1075200,652800,1401600,247,11,34,434,9,14,156,8,36,51,3,3,154,24,27,186,20,41,323,122,132,0,0,0,195340,17935,267486,258628,10992,16305,90156,8256,243070,34151,2828,2482,92969,36504,68223,136039,37252,218836,261929,267009,409107,0,0,0,84.2208598130841,0.4557757009345794
1658259743591,33.438,0.75,0.962963,0.6666667,0.7307692,0.5833333,1.0,0.7692308,0.24,1.0,45.300003,44.9,44.9,45.300003,45.300003,45.300003,44.300003,46.600002,44.600002,46.600002,42.600002,42.300003,3910646,-1257019,1075200,1075200,1075200,1075200,1075200,1075200,652800,1401600,104,4,6,1098,9,16,397,12,24,456,15,29,111,10,11,210,11,16,624,143,59,0,0,0,47422,6304,12604,402764,9436,15592,160981,10687,28246,198142,14995,45882,43050,18299,16374,103920,9909,13862,459133,185166,95064,0,0,0,125.46856609642302,0.4638755832037325
1658259744706,33.480003,0.875,0.96153843,0.85714287,1.0,0.9259259,0.96,0.96153843,0.33333334,1.0,45.9,45.300003,45.300003,45.300003,45.600002,45.600002,44.9,47.300003,45.300003,47.300003,42.9,42.600002,3911035,-1204224,1075200,1075200,1075200,1075200,1075200,1075200,652800,1401600,10,1,1,1034,5,16,312,8,25,841,17,42,70,9,14,324,13,34,709,158,60,0,0,0,3049,413,0,348705,3651,14726,133499,6951,37439,323844,12687,59765,42913,11546,20081,155361,9591,34414,508545,205557,80213,0,0,0,179.2306562986003,0.43670295489891137
1658259745842,33.550003,0.7707317,0.8,0.5769231,0.9230769,0.61538464,0.88461536,0.9285714,0.375,1.0,46.9,46.600002,46.300003,46.600002,46.600002,45.9,45.600002,47.9,46.300003,47.9,43.600002,43.300003,3901887,-1287537,1075200,1075200,1075200,1075200,1075200,1075200,652800,1401600,110,5,15,940,4,6,342,8,19,201,5,14,95,5,9,128,7,18,682,117,40,0,0,0,67424,3977,14380,303310,3022,6346,126261,8801,18638,99239,3473,19336,40638,5213,13190,54934,4378,22433,450296,147075,61982,0,0,0,216.27909737248842,0.41728593508500766
1658259746936,33.629,0.8119266,0.9655172,0.72,0.6666667,0.82758623,0.8518519,1.0,0.4,1.0,47.300003,46.600002,46.600002,46.600002,46.300003,47.300003,46.600002,48.300003,46.9,48.300003,44.300003,43.9,3900720,-1420289,1075200,1075200,1075200,1075200,1075200,1075200,652800,1401600,223,3,11,1267,3,10,403,13,37,781,18,56,38,3,10,90,6,11,466,158,61,0,0,0,93030,1245,15477,447182,4663,7384,190972,11946,58759,320928,15460,79050,18441,1469,25257,38385,9243,16917,341770,224643,99288,0,0,0,266.32867289719627,0.4425669781931464
1658259748054,33.731003,0.8490566,1.0,0.75,0.88461536,0.8076923,0.9230769,1.0,0.4,1.0,47.600002,47.300003,46.9,47.300003,47.300003,47.300003,46.600002,48.9,47.600002,48.9,44.600002,44.300003,3883981,-1437073,1075200,1075200,1075200,1075200,1075200,1075200,652800,1401600,346,6,8,1281,4,9,639,12,46,279,13,29,251,15,27,120,2,6,615,133,64,2,0,0,136194,12050,10868,423248,1446,8192,239951,10723,56124,135288,11293,34357,110980,19587,43527,29956,1408,10003,425333,165561,93371,74,0,0,310.5800062208398,0.4535241057542768
1658259749155,33.823,0.755,0.6666667,0.64,0.7037037,0.76,0.96428573,1.0,0.32,1.0,47.9,47.600002,47.300003,47.300003,47.600002,47.9,47.300003,49.300003,47.9,49.600002,45.300003,44.9,3899941,-1374817,1075200,1075200,1075200,1075200,1075200,1075200,652800,1401600,218,5,11,1131,3,10,390,15,27,572,19,45,217,8,16,0,0,0,596,137,71,0,0,0,89132,3020,6503,363825,1203,11382,147625,20469,41285,215903,23862,57582,68578,10758,33010,0,0,0,432565,157341,92637,0,0,0,376.176,0.45798757763975156
1658259750257,33.912003,0.8403756,1.0,0.75,0.7407407,0.8518519,1.0,1.0,0.42307693,1.0,48.300003,47.9,47.600002,47.600002,48.300003,48.300003,47.600002,49.600002,48.600002,49.600002,45.300003,44.9,3898968,-1373597,1075200,1075200,1075200,1075200,1075200,1075200,652800,1401600,177,0,2,1061,5,15,723,21,57,932,22,41,118,1,16,0,0,0,623,156,46,1,0,0,76419,0,2698,395497,3442,13782,272083,21355,69405,354542,17654,50878,42609,261,28466,0,0,0,436476,177664,68120,24,0,0,414.2441739130434,0.4928695652173913
1658259751374,34.001003,0.8137255,0.96153843,0.72,0.6296296,0.72,0.962963,1.0,0.39130434,1.0,48.9,48.300003,47.9,48.300003,48.300003,48.300003,47.600002,49.9,48.300003,50.300003,45.9,45.300003,3899163,-1293030,1075200,1075200,1075200,1075200,1075200,1075200,652800,1401600,145,0,5,892,1,1,823,13,40,466,6,23,85,3,4,103,2,7,632,125,48,0,0,0,64191,0,1902,281522,382,770,268606,11815,42049,171320,4405,29995,25545,3690,3557,30764,1271,7871,442886,147419,59752,0,0,0,469.26958139534884,0.4972651162790697
1658259752445,34.103,0.79126215,1.0,0.68,0.9230769,0.6296296,1.0,0.7307692,0.3846154,1.0,49.300003,49.300003,48.300003,48.600002,48.600002,48.9,48.300003,50.600002,48.600002,50.600002,45.9,45.9,3903834,-1312561,1075200,1075200,1075200,1075200,1075200,1075200,652800,1401600,44,0,0,1021,5,20,760,15,42,730,14,37,101,4,15,0,0,0,605,121,61,0,0,0,20016,0,0,321159,3851,19023,286188,11223,46537,274679,21323,53625,45562,1202,20448,0,0,0,419229,143450,88762,0,0,0,523.1232597200622,0.575800933125972
1658259753540,34.195004,0.7745098,0.6086956,0.6923077,0.64,1.0,0.9230769,1.0,0.28,1.0,49.9,49.9,48.9,49.300003,49.600002,49.600002,48.300003,51.300003,49.600002,51.300003,46.9,46.300003,3892350,-1459961,1075200,1075200,1075200,1075200,1075200,1075200,652800,1401600,46,2,3,1223,3,14,455,12,38,704,17,39,100,1,8,139,2,13,587,123,57,1,0,0,22223,1385,3750,370637,4006,14978,188314,8617,43663,283565,18686,50297,32646,413,8157,55284,574,15685,422301,154697,77394,20,0,0,599.317894736842,0.6066130030959752
1658259754653,34.297,0.7536946,0.7777778,0.5769231,0.8518519,0.92,0.72,0.8888889,0.26086956,1.0,49.9,49.9,49.600002,50.300003,50.300003,49.9,49.300003,51.300003,49.9,51.600002,47.300003,46.600002,3886122,-1446839,1075200,1075200,1075200,1075200,1075200,1075200,652800,1401600,319,1,14,1183,2,11,645,9,34,392,7,19,106,2,8,0,0,0,616,142,39,0,0,0,121209,522,14648,358761,1440,7737,245925,3150,33764,136766,8021,25832,37834,1412,16011,0,0,0,397114,162950,50959,0,0,0,517.8172710280373,0.4276635514018692
1658259755726,34.389,0.75124377,0.92,0.56,0.8888889,0.61538464,0.84,0.8333333,0.3846154,1.0,50.300003,49.9,49.600002,50.300003,49.9,50.300003,49.300003,51.600002,49.9,51.9,47.300003,46.600002,3884759,-1410218,1075200,1075200,1075200,1075200,1075200,1075200,652800,1401600,690,10,20,1490,3,9,497,19,27,198,7,18,203,12,26,59,5,11,581,132,61,2,0,0,268785,7867,29164,502493,3402,6464,198736,17206,28048,83253,3680,26206,73742,9597,38067,37479,5154,13182,394620,157163,80760,92,0,0,313.705823255814,0.26120930232558137
1658259756811,34.485,0.8487805,1.0,0.8076923,0.84,0.7777778,1.0,0.96,0.5,1.0,50.300003,50.300003,49.600002,49.9,50.300003,50.300003,49.600002,51.9,50.300003,51.9,47.600002,46.9,3885927,-1384278,1075200,1075200,1075200,1075200,1075200,1075200,652800,1401600,216,2,5,1432,4,23,327,9,23,694,20,54,86,4,10,279,19,41,487,164,62,1,0,0,99018,3342,5241,484792,5705,19016,143402,7518,18057,294733,13449,75835,38467,2718,18056,129350,15822,64145,355631,224704,97481,20,0,0,313.70154134165364,0.2518065522620905
1658259757895,34.574,0.72139305,0.9230769,0.48,0.45454547,0.84615386,0.96153843,0.76,0.26923078,1.0,50.9,50.600002,49.9,50.300003,50.300003,50.300003,49.600002,51.9,49.9,51.9,47.600002,47.300003,3875417,-1362305,1075200,1075200,1075200,1075200,1075200,1075200,652800,1401600,324,11,25,1186,4,18,326,16,29,636,17,47,0,0,0,95,5,11,444,157,66,0,0,0,145182,8010,32721,432798,3111,12392,156645,22230,43723,270432,13274,61665,0,0,0,32104,4277,22433,350959,235278,95936,0,0,0,308.1459100775194,0.2437953488372093
1658259758994,34.672,0.75124377,0.65217394,0.64,0.7692308,0.7777778,0.8518519,0.96153843,0.36,1.0,50.600002,50.300003,49.9,50.600002,50.600002,50.300003,49.300003,52.300003,50.300003,52.300003,47.600002,47.300003,3900330,-1266785,1075200,1075200,1075200,1075200,1075200,1075200,652800,1401600,331,3,8,1378,7,30,210,11,25,715,20,37,210,14,26,255,12,16,568,144,60,5,0,2,159747,1717,12859,473869,7041,27533,103103,8020,36901,275607,17462,57206,103768,18947,30200,103568,12703,19801,425692,183867,89715,2213,0,1189,309.56854489164084,0.2318266253869969
1658259760091,34.768,0.76555026,0.96153843,0.5769231,0.6923077,0.8695652,1.0,0.64,0.3846154,1.0,50.9,50.600002,50.300003,50.600002,50.600002,50.300003,49.600002,52.300003,50.300003,52.300003,47.9,47.300003,3895464,-1306153,1075200,1075200,1075200,1075200,1075200,1075200,652800,1401600,289,0,1,1234,3,15,544,13,50,722,25,42,48,6,2,270,11,34,522,132,67,0,0,0,112770,0,387,442245,570,12302,210889,15199,67567,302730,25876,47345,23184,8874,2735,110920,2793,48775,381446,197752,107410,0,0,0,312.05252173913044,0.2377142857142857
1658259761187,34.86,0.595,0.29166666,0.9230769,0.24,0.2173913,1.0,0.7692308,0.24,1.0,51.300003,50.600002,49.9,50.9,50.9,50.9,49.9,52.600002,51.300003,52.600002,48.300003,47.600002,3877947,-1336976,1075200,1075200,1075200,1075200,1075200,1075200,652800,1401600,65,5,4,1031,2,25,578,19,52,437,12,23,12,0,3,230,9,20,682,122,57,0,0,0,36474,4586,4388,394018,539,22521,252877,23870,70364,172365,8053,29980,5593,0,2511,107788,9222,30554,442987,144021,86910,0,0,0,0.013884914463452566,0.0064821150855365476
1658259762239,34.952003,0.54950494,1.0,0.04347826,0.08,0.65384614,1.0,0.5,0.041666668,1.0,48.600002,48.9,48.600002,48.600002,49.300003,48.9,48.300003,51.300003,48.9,50.9,46.300003,46.300003,3954050,-376892,1075200,1075200,1075200,1075200,1075200,1075200,652800,1401600,483,9,19,283,5,7,376,62,87,214,35,72,40,6,9,117,11,16,276,91,87,0,0,0,504844,13733,88695,315595,9232,22755,279206,105494,297687,195584,73992,323708,22064,5650,30731,75317,17037,54141,181644,275331,355076,0,0,0,-1.0,-1.0
1658259763284,35.027,0.5631068,1.0,1.0,0.07692308,0.08,1.0,0.35714287,0.0,1.0,48.600002,48.600002,47.300003,48.300003,48.300003,47.9,47.600002,49.9,48.600002,50.600002,45.9,45.600002,3965534,-467224,1075200,1075200,1075200,1075200,1075200,1075200,652800,1401600,166,23,40,244,20,44,93,17,36,229,36,72,34,2,2,59,15,34,99,115,118,0,0,0,171710,51372,283277,279161,56393,304270,67195,33333,252648,185714,78201,338043,27127,1480,5208,62095,55987,199805,110949,326614,519023,0,0,0,-1.0,-1.0
1658259764328,35.094,0.7881773,0.76,0.8148148,0.64,0.76,1.0,1.0,0.34615386,1.0,47.9,47.600002,46.600002,47.600002,47.600002,47.600002,46.9,49.9,47.300003,49.9,45.300003,45.300003,3970205,-766296,1075200,1075200,1075200,1075200,1075200,1075200,652800,1401600,100,0,0,9,0,0,309,26,77,234,45,79,12,0,6,147,19,39,198,93,105,10,1,2,82719,0,0,5102,0,0,174930,48574,560597,157945,119242,390912,8250,0,82033,72001,44147,376868,138906,223706,517365,2100,361,977,28.829072868217054,0.5416062015503875
1658259765385,35.145,0.80597013,0.92,0.84,0.61538464,0.6956522,1.0,1.0,0.3478261,1.0,49.600002,49.300003,49.300003,49.600002,49.9,49.600002,48.9,50.9,49.600002,50.9,46.9,46.600002,3877752,-1544495,1075200,1075200,1075200,1075200,1075200,1075200,652800,1401600,428,3,3,316,0,3,594,18,41,597,24,34,59,2,7,177,4,16,660,108,72,3,0,0,140439,2590,2637,96612,0,2956,244073,22223,171566,229107,55365,72632,23647,1139,9245,71570,4121,142135,347837,136565,183083,80,0,0,788.018264385692,0.543353032659409
1658259766470,35.196003,0.78,0.96153843,0.76,0.61538464,0.5833333,0.96153843,1.0,0.29166666,1.0,50.600002,50.600002,49.600002,50.300003,50.600002,50.9,49.9,51.9,50.600002,51.9,47.9,47.600002,3885343,-1454468,1075200,1075200,1075200,1075200,1075200,1075200,652800,1401600,572,0,2,644,1,8,827,4,27,821,3,27,3,0,0,14,1,0,538,125,55,0,0,0,150719,0,980,197708,1419,6278,266962,3293,21574,259690,2454,21593,865,0,0,2703,475,0,369826,148801,65669,0,0,0,623.8323715170278,0.4082724458204334
1658259767555,35.25,0.7853659,0.962963,0.64,0.7307692,0.84615386,1.0,0.8333333,0.30769232,1.0,51.300003,50.600002,49.9,50.9,50.600002,50.600002,49.600002,52.300003,50.600002,52.300003,48.300003,47.300003,3879699,-1359559,1075200,1075200,1075200,1075200,1075200,1075200,652800,1401600,438,1,1,869,1,17,832,9,22,687,9,27,131,10,13,30,0,1,680,117,56,1,0,0,128891,749,768,262580,716,12092,265142,8627,18252,207046,7781,36752,63679,11892,17405,11081,0,946,440526,139229,79445,35,0,0,624.807354037267,0.39985093167701863
1658259768653,35.328003,0.8208955,0.7037037,0.76,0.8076923,0.75,1.0,1.0,0.5217391,1.0,51.300003,50.9,50.600002,50.9,50.9,50.9,50.300003,52.9,51.300003,52.9,48.600002,47.9,3881840,-1403504,1075200,1075200,1075200,1075200,1075200,1075200,652800,1401600,436,2,2,738,6,12,919,5,24,507,2,16,0,0,0,179,6,12,704,117,35,0,0,0,124634,4127,1893,231136,4574,10338,289135,5500,24971,161665,859,22375,0,0,0,56420,5812,16924,445488,135935,49807,0,0,0,618.0514392523364,0.3913769470404984
1658259769719,35.402,0.822335,0.8076923,0.96153843,0.7083333,0.875,1.0,0.7692308,0.4090909,1.0,52.300003,52.300003,51.300003,51.9,51.9,51.9,50.9,53.300003,51.600002,53.600002,48.9,48.300003,3887095,-1414490,1075200,1075200,1075200,1075200,1075200,1075200,652800,1401600,559,1,2,863,1,12,753,11,39,805,14,48,1,1,1,51,1,5,621,115,43,0,0,0,175880,828,1101,293648,818,9941,247690,6333,34823,252913,8925,54577,77,485,347,18739,672,3712,392032,132368,62597,0,0,0,620.1666480620155,0.3760124031007752
1658259770805,35.486,0.76960784,0.76,0.88461536,0.5416667,0.6666667,1.0,0.9230769,0.4,1.0,52.300003,52.300003,51.600002,51.9,51.9,51.9,50.9,53.600002,51.600002,53.300003,48.9,48.300003,3882813,-1344910,1075200,1075200,1075200,1075200,1075200,1075200,652800,1401600,447,1,0,382,0,6,1019,7,35,628,7,20,17,0,1,226,3,4,715,118,39,0,0,0,128136,802,0,132044,0,4074,328347,7288,38880,201422,10867,26566,7148,0,508,51215,932,4416,450945,140453,48195,0,0,0,620.5232472783825,0.3933561430793157
1658259771887,35.581,0.84390247,0.8076923,1.0,0.7916667,0.8,0.962963,1.0,0.32,1.0,52.600002,52.300003,51.600002,52.600002,52.300003,52.300003,51.300003,53.600002,52.300003,53.9,49.600002,48.9,3883786,-1369324,1075200,1075200,1075200,1075200,1075200,1075200,652800,1401600,1019,3,9,638,1,8,454,3,16,706,12,49,303,8,27,74,0,2,638,107,44,0,0,0,319080,3858,7157,223123,1141,8097,167151,3531,15259,249016,8589,59491,95588,6503,30652,24824,0,1134,410063,127046,50298,0,0,0,620.2875023328149,0.3810637636080871
1658259773001,35.665,0.7970297,0.8076923,0.64,0.9230769,0.68,1.0,0.9230769,0.4,1.0,52.600002,52.300003,51.600002,52.300003,52.300003,52.300003,52.300003,54.300003,52.600002,54.300003,49.9,49.600002,3881061,-1419983,1075200,1075200,1075200,1075200,1075200,1075200,652800,1401600,711,2,7,578,1,4,842,7,35,456,14,25,72,1,4,40,0,1,662,129,56,0,0,0,203346,1269,5125,168096,658,2616,258226,5047,31916,155705,12405,27881,16977,195,3150,10864,0,1569,452450,144191,70274,0,0,0,622.2073540372671,0.40437267080745337
1658259774096,35.75,0.7881773,0.625,0.75,0.68,0.88,1.0,0.96153843,0.4,1.0,53.300003,52.9,52.600002,53.300003,53.600002,53.300003,51.9,54.600002,52.600002,54.600002,50.300003,49.600002,3864906,-1504212,1075200,1075200,1075200,1075200,1075200,1075200,652800,1401600,1010,2,12,511,2,14,372,4,7,887,7,33,118,3,11,75,2,9,677,104,44,0,0,0,276799,2238,9449,172627,893,9675,104693,2730,6655,281247,6292,33580,39585,2501,9074,35231,866,8377,446587,119812,50872,0,0,0,613.2833494363929,0.3905442834138486
1658259775146,35.831,0.8186275,0.65384614,0.71428573,0.75,0.9583333,1.0,1.0,0.48,1.0,53.600002,53.300003,52.9,53.300003,53.600002,53.300003,52.300003,54.9,52.9,54.9,50.300003,49.600002,3868605,-1477051,1075200,1075200,1075200,1075200,1075200,1075200,652800,1401600,837,5,11,813,1,8,790,8,29,620,4,19,52,0,1,80,5,5,604,107,59,0,0,0,259431,8404,10513,260455,1665,6534,272083,7457,33920,192654,3785,24771,15209,0,436,31465,10056,7829,392588,121691,79862,0,0,0,619.4188819875777,0.3849937888198757
1658259776237,35.919003,0.7711443,0.96,0.625,0.625,0.6785714,0.9230769,1.0,0.3043478,1.0,53.600002,53.9,53.300003,53.600002,53.9,53.600002,52.9,55.300003,53.300003,54.9,50.9,50.300003,3854396,-1764527,1075200,1075200,1075200,1075200,1075200,1075200,652800,1401600,1010,3,25,746,1,12,666,9,47,484,5,30,4,0,0,59,3,10,629,106,53,1,0,0,305249,3048,15147,246232,354,8381,254287,5997,42473,190170,8012,30973,1544,0,0,22384,1154,9902,420827,135690,68828,26,0,0,617.1576236391912,0.38559253499222396
1658259777281,35.993,0.7626263,0.6666667,0.8333333,0.5416667,0.96153843,0.875,0.88461536,0.32,1.0,53.9,53.600002,53.300003,53.9,53.600002,53.9,52.600002,55.300003,53.600002,55.300003,50.9,50.300003,3876001,-1513978,1075200,1075200,1075200,1075200,1075200,1075200,652800,1401600,491,6,12,1038,2,17,771,13,48,548,13,38,77,3,4,125,12,21,591,123,53,2,0,0,143496,3532,9960,342515,1217,13259,271674,8692,40610,189735,12595,47658,28271,3904,2849,58838,10420,26231,417414,143916,63854,106,0,0,621.1708322981366,0.3869316770186335
1658259778348,36.071003,0.75126904,0.45454547,0.8,0.76,0.59090906,0.9583333,1.0,0.34615386,1.0,53.9,53.9,53.600002,53.9,53.9,53.600002,52.600002,55.600002,53.600002,55.600002,50.9,50.300003,3864906,-1540223,1075200,1075200,1075200,1075200,1075200,1075200,652800,1401600,903,3,13,566,0,9,965,19,45,147,4,7,134,2,7,195,7,9,573,126,48,0,0,0,283971,1534,9886,216463,0,5163,324442,18567,44843,54140,4580,7578,32800,793,11226,61465,8770,12788,388993,152994,63095,0,0,0,622.0066583850931,0.3843478260869565
1658259779394,36.152,0.7647059,0.7307692,0.75,0.64,0.875,0.8,1.0,0.33333334,1.0,54.300003,53.9,53.9,54.300003,54.300003,54.300003,53.300003,55.9,54.600002,55.9,51.600002,50.9,3865490,-1590272,1075200,1075200,1075200,1075200,1075200,1075200,652800,1401600,1281,5,17,720,1,9,313,2,10,968,11,45,83,3,8,3,0,0,504,126,63,0,0,0,385149,3979,14105,243157,1252,5527,109725,1562,7161,319008,7385,51911,28469,2494,9153,1046,0,0,363122,156196,92024,0,0,0,616.7084859813083,0.37906542056074766
1658259780460,36.24,0.7574257,0.7777778,0.73913044,0.64,0.64,0.9583333,0.92,0.34615386,1.0,54.9,54.600002,53.600002,53.600002,54.300003,54.300003,53.9,55.9,54.9,56.300003,51.300003,50.600002,3875417,-1434022,1075200,1075200,1075200,1075200,1075200,1075200,652800,1401600,966,2,6,992,1,9,696,11,26,318,5,15,177,7,17,92,10,18,534,141,39,0,0,0,277153,1561,3715,326256,421,8778,234932,10555,24772,121203,7815,28763,58470,7137,19260,49615,7093,20324,366606,171421,61449,0,0,0,617.6711604938271,0.4050864197530864
1658259781542,36.321003,0.755,0.54545456,0.76,0.5833333,0.8333333,0.96153843,1.0,0.34615386,1.0,54.600002,54.300003,53.300003,54.300003,54.300003,54.300003,53.300003,55.9,53.9,55.9,51.300003,50.9,3867826,-1551209,1075200,1075200,1075200,1075200,1075200,1075200,652800,1401600,661,5,11,878,4,22,920,17,48,394,13,22,162,10,21,28,2,1,489,107,65,1,0,0,211156,2962,9959,314754,2853,14874,342788,8994,45753,141246,7822,24938,53290,12349,25224,17358,757,544,373149,150330,98647,21,0,0,618.0987912772586,0.6058566978193146
1658259782717,36.422,0.80582523,0.68,0.88,0.7916667,0.7692308,1.0,0.7692308,0.5,1.0,54.300003,54.300003,53.600002,53.9,53.9,54.300003,53.600002,56.300003,54.300003,55.9,51.600002,50.9,3881645,-1344300,1075200,1075200,1075200,1075200,1075200,1075200,652800,1401600,513,4,11,242,0,6,722,14,28,518,8,20,23,1,2,5,0,2,657,112,49,3,0,0,152242,3057,6548,94288,0,5298,242803,14618,25086,165799,5297,23908,11337,22,2334,2333,0,1187,451027,118366,73386,81,0,0,623.8281555209952,0.3771819595645412
1658259783799,36.504,0.8866995,1.0,0.88,0.8518519,0.92,1.0,0.96153843,0.45833334,1.0,55.300003,55.300003,54.600002,55.300003,55.300003,54.9,53.9,56.9,54.600002,56.9,52.300003,51.600002,3859651,-1565858,1075200,1075200,1075200,1075200,1075200,1075200,652800,1401600,868,3,13,941,1,13,619,12,38,336,10,22,366,7,15,195,8,7,618,101,38,0,0,0,288132,4431,9111,292270,837,10124,217783,10371,30980,118728,12406,26802,102893,9368,15788,65927,9592,9648,412310,120544,55997,0,0,0,622.7649393468117,0.3629486780715397
1658259784842,36.588,0.61849713,0.23809524,0.92,0.1904762,0.5833333,0.6363636,1.0,0.2857143,1.0,55.9,55.9,54.9,55.600002,55.600002,55.300003,54.600002,56.9,55.300003,56.9,52.600002,51.9,3865880,-1565247,1075200,1075200,1075200,1075200,1075200,1075200,652800,1401600,725,3,19,879,3,10,641,4,28,387,5,26,50,1,4,39,0,4,624,100,49,0,0,0,222812,3137,17119,275006,2323,6404,243770,2658,22012,122351,4052,31032,13780,226,4067,11297,0,5516,412969,113740,75294,0,0,0,12.991068852459017,0.025127868852459018
1658259785842,36.659,0.655,0.36,0.9230769,1.0,1.0,0.52,0.2173913,0.12,1.0,53.300003,53.300003,52.300003,53.300003,52.9,52.600002,52.600002,55.300003,53.300003,55.300003,50.300003,49.600002,3958332,-574951,1075200,1075200,1075200,1075200,1075200,1075200,652800,1401600,552,5,4,82,0,0,311,41,84,196,33,52,319,51,82,21,5,7,297,126,70,0,0,0,486868,9617,24846,88783,0,0,214427,87758,297244,158884,53626,138638,211496,95892,265790,29463,19297,40089,207093,286378,192138,0,0,0,-1.0,-1.0
1658259786874,36.723003,0.8712871,0.875,1.0,0.75,1.0,0.88461536,0.92,0.5416667,1.0,51.600002,52.300003,51.600002,52.300003,51.600002,51.600002,51.300003,53.9,51.9,53.9,49.300003,48.9,3957164,-437012,1075200,1075200,1075200,1075200,1075200,1075200,652800,1401600,160,19,28,92,0,1,125,16,54,0,0,0,173,16,77,215,34,82,119,141,127,0,0,0,169817,46606,114683,97368,0,379,100707,28004,366006,0,0,0,143449,43800,593044,181755,84695,530358,122339,385262,434245,0,0,0,-1.0,-1.0
1658259787906,36.774002,0.7352941,1.0,0.88,0.48,0.5416667,0.61538464,1.0,0.30769232,1.0,51.9,51.9,51.600002,51.600002,51.600002,51.9,51.600002,53.9,51.9,53.600002,48.9,48.9,3944902,-614929,1075200,1075200,1075200,1075200,1075200,1075200,652800,1401600,221,32,51,40,0,0,193,29,54,53,11,9,167,16,60,67,5,24,137,93,109,1,0,0,184568,78324,374095,72876,0,0,163037,66632,237866,40195,19168,19349,143501,44476,398655,50855,8564,208389,106407,238381,492107,36,0,0,-1.0,-1.0
1658259789005,36.818,0.9318182,1.0,0.969697,1.0,1.0,1.0,1.0,0.5,1.0,51.600002,51.9,51.600002,51.9,51.9,51.600002,51.600002,53.300003,51.600002,53.600002,48.9,48.9,3888652,-1320191,1075200,1075200,1075200,1075200,1075200,1075200,652800,1401600,106,8,27,167,0,0,242,53,65,167,70,91,82,5,21,1,0,0,349,45,121,0,0,0,127190,15438,205893,46176,0,0,141482,136048,465185,168914,170157,357052,30892,21611,307574,172,0,0,183848,88797,645809,14,0,0,564.5073850837138,1.776365296803653
1658259790345,36.852,0.9237668,1.0,1.0,1.0,0.9655172,1.0,1.0,0.33333334,1.0,53.9,53.9,53.300003,53.600002,53.9,53.600002,52.600002,55.300003,53.600002,55.600002,50.600002,50.300003,3876974,-1441651,1075200,1075200,1075200,1075200,1075200,1075200,652800,1401600,210,2,1,30,0,1,15,6,7,120,4,5,4,0,0,0,0,0,964,123,30,1,0,0,59748,1285,251,7980,0,1952,6317,12561,9374,41494,1609,6326,3971,0,0,0,0,0,512918,120899,34579,0,0,0,1186.194646795827,0.721645305514158
1658259791547,36.899002,0.9095238,1.0,1.0,1.0,1.0,1.0,0.962963,0.32,1.0,54.9,54.600002,54.300003,54.600002,54.600002,54.600002,53.300003,55.9,54.300003,56.300003,51.9,51.300003,3864712,-1480713,1075200,1075200,1075200,1075200,1075200,1075200,652800,1401600,0,0,0,0,0,0,1,0,0,43,0,1,0,0,0,0,0,0,1112,91,23,0,0,0,0,0,0,0,0,0,349,0,0,9104,0,1829,0,0,0,0,0,0,492027,95738,27115,0,0,0,926.062784496124,0.5153240310077519
1658259792709,36.956,0.8817734,1.0,0.8,0.84,1.0,0.88,1.0,0.45833334,0.96,55.600002,55.9,54.9,55.600002,55.600002,55.600002,54.300003,56.600002,55.300003,56.9,52.9,51.9,3853034,-1708070,1075200,1075200,1075200,1075200,1075200,1075200,652800,1401600,55,0,2,0,0,0,0,0,0,82,0,1,72,0,0,69,0,1,1060,97,12,0,0,0,6233,0,816,132,0,0,0,0,0,9435,0,624,11655,0,0,10874,0,2883,533556,104973,15001,0,0,0,927.8163307810106,0.5465972434915773
1658259793796,37.024002,0.89855075,0.92,1.0,0.962963,1.0,0.9230769,0.77272725,0.61538464,1.0,56.300003,56.300003,55.600002,55.9,55.9,56.300003,54.9,57.300003,55.600002,57.300003,53.300003,52.600002,3859651,-1717225,1075200,1075200,1075200,1075200,1075200,1075200,652800,1401600,191,1,4,296,0,4,297,0,5,2,0,0,204,2,6,1,0,0,816,113,27,6,0,0,40374,414,2202,63899,0,2694,57343,0,3813,0,0,0,42511,1470,6136,1113,0,0,489149,120528,38074,1402,0,0,931.2090077760497,0.5363359253499222
1658259794893,37.085003,0.8685446,0.9230769,0.88461536,0.6296296,1.0,1.0,0.8888889,0.5652174,1.0,56.9,56.9,56.300003,56.600002,56.300003,56.300003,55.600002,57.600002,55.9,58.300003,53.300003,52.9,3858289,-1597291,1075200,1075200,1075200,1075200,1075200,1075200,652800,1401600,131,0,0,25,0,0,47,0,0,0,0,0,380,1,7,499,0,16,938,88,16,0,0,0,27994,0,0,7623,0,0,4695,0,0,0,0,0,72694,398,4632,95598,0,13070,497420,80135,22123,0,0,0,930.1962052877137,0.5201617418351477
1658259795976,37.152,0.91,1.0,0.88,1.0,0.9259259,0.96153843,0.9166667,0.5652174,1.0,56.9,57.300003,56.300003,56.9,56.600002,56.600002,55.600002,58.300003,56.300003,58.300003,53.600002,52.9,3858678,-1559144,1075200,1075200,1075200,1075200,1075200,1075200,652800,1401600,442,1,5,154,0,1,931,3,18,0,0,0,18,0,1,237,5,16,769,116,23,0,0,0,94987,1277,1602,47999,0,488,180931,2532,12176,0,0,0,765,0,0,55585,2107,14324,425890,109658,26577,0,0,0,930.8388429237948,0.5538040435458788
1658259797034,37.22,0.9282297,0.92,0.962963,1.0,1.0,1.0,0.96153843,0.5,1.0,57.600002,57.300003,56.600002,57.300003,57.300003,56.9,55.600002,58.600002,56.600002,58.9,54.300003,53.9,3847389,-1569825,1075200,1075200,1075200,1075200,1075200,1075200,652800,1401600,595,0,4,753,1,5,521,2,18,69,2,7,123,4,10,314,3,18,787,80,19,0,0,0,146620,0,2565,207178,334,4380,139700,2420,15949,34181,1064,5527,34791,4407,7931,87958,2428,18203,414173,75255,19795,0,0,0,930.4738538102644,0.5369828926905131
1658259798103,37.301003,0.8235294,0.92,0.8,0.84,0.96153843,0.68,1.0,0.42307693,1.0,57.300003,57.300003,56.600002,56.9,57.300003,57.300003,55.9,58.600002,56.9,58.9,53.9,53.300003,3856148,-1515809,1075200,1075200,1075200,1075200,1075200,1075200,652800,1401600,862,0,7,899,0,3,68,0,3,9,0,0,21,0,4,153,1,20,736,100,21,0,0,0,238449,0,4535,251005,0,2044,29128,0,3155,4232,0,0,4996,0,4373,55164,391,14656,377773,95204,28193,0,0,0,931.0973913043478,0.5477763975155279
1658259799172,37.352,0.8137255,0.64,0.88,0.6,0.8888889,1.0,1.0,0.48,1.0,57.300003,57.600002,56.9,57.600002,57.600002,57.600002,56.9,58.9,58.300003,59.300003,54.600002,53.9,3849725,-1662904,1075200,1075200,1075200,1075200,1075200,1075200,652800,1401600,815,2,6,789,1,6,758,6,21,81,2,6,371,3,17,0,0,0,762,103,39,0,0,0,198986,1351,4627,220896,1850,4278,215371,5624,12826,32222,4104,3777,97506,2457,19246,0,0,0,418468,113797,41594,0,0,0,928.1918502340094,0.5509890795631825
1658259800285,37.433002,0.89302325,0.9259259,0.8,1.0,1.0,0.9230769,1.0,0.51724136,1.0,57.9,57.9,57.300003,57.600002,57.600002,57.600002,56.600002,58.9,57.600002,59.300003,54.600002,54.300003,3861598,-1546937,1075200,1075200,1075200,1075200,1075200,1075200,652800,1401600,770,2,8,569,1,1,539,9,20,492,8,11,50,0,2,299,2,8,756,92,31,1,0,0,180229,1141,5319,164526,270,873,162665,8624,18212,124816,4335,9388,10357,0,822,58890,4899,5762,415976,88079,31297,25,0,0,926.6321372854914,0.5444992199687987
1658259801407,37.504,0.9018692,1.0,0.875,0.962963,1.0,1.0,1.0,0.3846154,1.0,57.9,57.9,57.600002,57.600002,57.9,57.9,56.9,59.300003,57.9,59.300003,54.9,53.9,3866074,-1521607,1075200,1075200,1075200,1075200,1075200,1075200,652800,1401600,674,2,7,1176,2,9,635,5,13,0,0,0,78,2,5,52,2,9,808,116,54,2,0,0,185853,870,5161,294285,793,6536,180522,4665,10563,0,0,0,23421,1006,3760,19097,711,9061,464938,128306,59654,31,0,0,924.2691764705883,0.4990712074303405
1658259802582,37.581,0.8632075,0.8518519,0.9259259,0.7777778,1.0,1.0,1.0,0.34615386,1.0,58.300003,58.300003,57.600002,58.300003,58.300003,57.9,56.9,59.9,57.600002,59.9,55.300003,54.300003,3860235,-1514893,1075200,1075200,1075200,1075200,1075200,1075200,652800,1401600,321,1,2,354,0,3,31,0,0,0,0,0,121,0,4,0,0,0,877,77,19,0,0,0,76987,613,1134,84373,0,2808,11280,0,0,0,0,0,23529,0,3099,0,0,0,441023,74800,23067,0,0,0,927.0244615384615,0.55
1658259803721,37.666,0.893401,1.0,0.92,0.9583333,1.0,1.0,0.6956522,0.6,1.0,58.300003,58.300003,57.600002,58.300003,58.300003,58.300003,57.300003,59.9,58.300003,59.9,55.300003,54.600002,3845053,-1603699,1075200,1075200,1075200,1075200,1075200,1075200,652800,1401600,675,0,6,508,0,2,370,2,7,0,0,0,402,4,21,0,0,0,919,102,20,0,0,0,148883,0,4281,118245,0,934,82238,701,7197,0,0,0,93807,3129,19948,0,0,0,514846,90572,20941,0,0,0,932.3964829721361,0.5563839009287925
1658259804830,37.737003,0.875,1.0,1.0,0.84,1.0,1.0,0.47619048,0.64,1.0,58.9,58.9,58.600002,58.600002,58.9,58.9,57.9,60.300003,58.9,60.600002,55.9,55.300003,3844275,-1654053,1075200,1075200,1075200,1075200,1075200,1075200,652800,1401600,180,0,1,183,0,0,112,1,5,0,0,0,519,2,13,1140,7,23,899,77,26,0,0,0,32381,0,777,35074,0,0,25353,898,7562,0,0,0,93474,1067,10702,210228,6361,21109,472902,80741,30604,0,0,0,931.6762732919254,0.560695652173913
1658259805898,37.804,0.87623763,0.7692308,0.8076923,0.8333333,1.0,0.962963,0.96,0.6,1.0,58.9,59.300003,58.600002,58.9,58.9,59.300003,57.9,60.600002,58.600002,60.600002,55.600002,55.300003,3848557,-1575623,1075200,1075200,1075200,1075200,1075200,1075200,652800,1401600,832,3,12,77,0,1,1176,4,22,0,0,0,45,0,0,491,4,16,820,82,36,0,0,0,194460,2356,11151,26230,0,707,269158,1639,15172,0,0,0,9997,0,0,114549,2714,13455,425518,77027,38429,0,0,0,929.6326967340591,0.543452566096423
1658259807001,37.889,0.8666667,0.92,1.0,0.52,1.0,1.0,1.0,0.52,1.0,59.600002,59.300003,58.9,59.300003,59.300003,58.9,58.300003,60.300003,59.300003,60.9,55.9,54.9,3836100,-1918641,1075200,1075200,1075200,1075200,1075200,1075200,652800,1401600,868,1,4,770,2,12,728,7,20,40,0,0,261,5,12,17,1,5,754,79,39,1,0,0,219973,624,4299,219546,1214,8897,218192,4877,16910,18251,0,0,64490,4798,12198,9447,418,2552,404610,73068,39256,20,0,0,927.4904272445821,0.5422167182662538
1658259808079,37.957,0.87218046,0.9411765,0.75757575,1.0,0.9705882,1.0,0.90909094,0.4375,1.0,59.600002,59.600002,58.600002,59.300003,58.9,58.9,57.9,60.600002,58.9,60.9,55.9,55.300003,3855369,-1567994,1075200,1075200,1075200,1075200,1075200,1075200,652800,1401600,844,3,8,788,1,9,984,5,26,54,0,3,47,1,4,72,3,9,772,76,31,0,0,0,217554,1616,4943,233312,929,6243,266042,4547,21612,13179,0,2130,14318,16,2057,16366,927,7789,398590,78145,34833,0,0,0,921.2299815384615,0.53696
1658259809235,38.038002,0.59659094,0.26086956,1.0,0.44,0.71428573,0.13636364,1.0,0.15,1.0,58.9,58.9,58.300003,58.300003,58.300003,58.600002,57.9,60.300003,58.600002,60.9,56.300003,55.300003,3863739,-1405335,1075200,1075200,1075200,1075200,1075200,1075200,652800,1401600,864,4,5,882,7,22,275,3,9,73,3,13,340,9,25,68,3,6,904,88,31,0,0,0,216191,4985,7043,280351,11658,28467,74136,1402,9428,46083,2143,22424,102750,7617,29993,33634,4816,8040,473187,78611,31133,0,0,0,-1.0,-1.0
1658259810252,38.102,0.5538462,0.08,1.0,0.16,1.0,0.16,1.0,0.041666668,1.0,56.300003,56.9,56.300003,55.9,56.600002,56.9,56.300003,58.9,56.9,58.9,53.9,53.300003,3948016,-397644,1075200,1075200,1075200,1075200,1075200,1075200,652800,1401600,442,11,27,127,0,0,246,39,74,79,22,14,226,59,77,3,0,3,131,109,104,1,0,0,516973,33215,206802,127358,0,0,184332,69006,386395,60662,47828,32008,221924,158291,344816,1881,0,17779,98751,318285,368295,37,0,0,-1.0,-1.0
1658259811265,38.163002,0.60487807,0.875,1.0,0.20833333,0.96,0.24,0.44,0.0,1.0,54.9,54.9,54.600002,54.9,54.9,55.300003,54.600002,57.300003,54.9,57.600002,52.300003,51.9,3934781,-330505,1075200,1075200,1075200,1075200,1075200,1075200,652800,1401600,274,31,75,1,0,0,251,45,99,27,8,10,163,20,70,0,0,0,135,120,148,0,0,0,295411,73500,481360,0,0,0,243034,93666,527935,19516,18003,20359,141054,52689,502661,0,0,0,132982,311296,493716,0,0,0,-1.0,-1.0
1658259812328,38.196003,0.9213974,0.9310345,1.0,0.9285714,1.0,0.9655172,0.9285714,0.5714286,1.0,54.600002,54.600002,53.600002,54.300003,54.300003,53.9,53.600002,56.300003,54.300003,56.600002,51.600002,51.300003,3957164,-338745,1075200,1075200,1075200,1075200,1075200,1075200,652800,1401600,243,19,35,1,0,0,313,57,79,32,5,4,224,28,68,45,10,19,194,103,118,4,0,1,185083,43689,274294,28,0,0,266326,144481,350611,22388,3375,5194,163966,71680,440129,39112,26177,104251,136780,253536,446913,130,0,446,7.453416149068323E-4,0.0024968944099378883
1658259813419,38.227,0.90625,1.0,0.972973,0.85714287,1.0,0.9459459,1.0,0.44117647,1.0,54.9,55.300003,54.600002,55.300003,55.300003,55.300003,54.600002,56.9,54.9,56.600002,52.300003,51.600002,3863739,-1686402,1075200,1075200,1075200,1075200,1075200,1075200,652800,1401600,117,3,8,11,0,0,163,21,38,9,0,0,63,6,43,70,12,28,780,106,102,0,0,0,47277,3696,56739,4900,0,0,109502,61404,385284,3618,0,0,55758,19442,360453,46739,27705,451944,389139,209166,239522,0,0,0,876.082463452566,0.7543639191290824
1658259814732,38.257,0.86893207,0.962963,0.84,0.88461536,1.0,0.96153843,1.0,0.2173913,1.0,56.9,56.9,56.300003,56.9,56.600002,56.300003,55.300003,58.300003,55.9,58.300003,54.300003,53.300003,3847584,-1623231,1075200,1075200,1075200,1075200,1075200,1075200,652800,1401600,31,1,0,47,0,2,264,1,4,0,0,0,43,3,3,64,2,0,927,123,37,0,0,0,6852,470,0,15182,0,2127,61560,243,4175,0,0,0,11901,1684,4363,11594,440,0,501070,115302,33099,0,0,0,1685.5814241486069,1.0245448916408668
1658259815857,38.301003,0.8729282,0.95652175,0.92,1.0,0.90909094,1.0,0.9166667,0.2857143,1.0,57.9,57.9,57.300003,57.600002,57.600002,57.300003,56.300003,59.300003,56.9,59.300003,54.9,53.9,3863349,-1578370,1075200,1075200,1075200,1075200,1075200,1075200,652800,1401600,52,0,0,585,0,5,422,3,6,224,2,5,32,1,2,27,1,3,817,134,85,0,0,0,14399,0,0,149355,0,2971,94011,4309,5285,53601,2873,5505,11370,412,2086,7029,24,5552,460156,115213,88727,0,0,0,1235.7327204968944,0.7236273291925466
1658259816909,38.345,0.94859815,1.0,0.96153843,1.0,1.0,1.0,1.0,0.68,1.0,58.600002,58.600002,57.9,58.300003,58.300003,57.9,56.9,59.600002,57.600002,59.9,55.300003,54.9,3851087,-1584778,1075200,1075200,1075200,1075200,1075200,1075200,652800,1401600,345,2,0,559,0,1,256,2,3,268,1,10,0,0,0,124,0,2,756,119,45,8,0,1,77775,459,0,119538,0,1643,59085,763,5145,68493,1074,8662,0,0,0,25745,0,925,411256,147967,50766,338,0,1328,1240.832745341615,0.6763229813664596
1658259817990,38.409,0.9395349,0.962963,0.9259259,1.0,0.96153843,1.0,1.0,0.71428573,0.9310345,59.600002,59.600002,58.600002,58.9,59.300003,59.600002,58.300003,60.600002,59.600002,60.600002,56.300003,55.600002,3838630,-1798402,1075200,1075200,1075200,1075200,1075200,1075200,652800,1401600,327,2,0,791,1,2,54,0,1,21,0,0,47,1,1,124,0,4,612,117,45,0,0,0,67696,2015,0,179100,259,2463,17590,0,560,4669,0,0,11321,888,578,25106,0,2586,357945,112424,45630,0,0,0,1229.0076279069767,0.6784992248062015
1658259819153,38.477,0.86567163,0.9166667,0.96,0.7916667,0.92,1.0,0.8148148,0.47826087,1.0,59.600002,59.600002,59.300003,59.600002,59.9,59.600002,58.600002,60.9,59.600002,62.600002,56.300003,55.9,3846611,-1680299,1075200,1075200,1075200,1075200,1075200,1075200,652800,1401600,44,0,0,535,1,4,160,1,5,53,0,0,0,0,0,133,0,5,826,117,52,164,0,2,11699,0,0,119525,21,2684,36429,311,6854,13745,0,0,0,0,0,26750,0,4105,463571,123697,70726,23163,0,419,1238.897766718507,0.7213685847589425
1658259820244,38.538002,0.84729064,0.84,0.8076923,0.72,0.962963,1.0,0.96153843,0.44,1.0,59.9,59.9,59.300003,59.9,59.9,59.9,59.300003,61.300003,59.9,61.600002,56.9,56.300003,3840771,-1825562,1075200,1075200,1075200,1075200,1075200,1075200,652800,1401600,357,1,4,292,0,3,605,0,7,923,5,10,6,0,0,253,1,2,770,87,53,119,0,3,81130,474,3455,67887,0,1687,145568,0,6060,216276,4875,6146,2727,0,0,49830,405,1166,375927,84386,54045,12638,0,3124,1238.0783576982892,0.7119626749611198
1658259821339,38.602,0.855,1.0,0.96,0.8076923,0.84,1.0,0.6956522,0.5416667,1.0,60.300003,60.300003,59.9,60.300003,59.9,59.600002,59.300003,61.600002,60.300003,61.9,56.9,56.300003,3851671,-1614075,1075200,1075200,1075200,1075200,1075200,1075200,652800,1401600,353,0,3,929,1,8,684,3,12,345,2,5,53,0,2,202,1,7,760,73,49,1,0,0,82109,0,2742,228497,418,4816,165127,2013,7460,84289,1319,3511,13000,0,2363,54926,766,7079,381868,75561,49627,0,0,0,1240.9723613707165,0.7147165109034268
1658259822417,38.663002,0.85148513,0.962963,0.76,0.9230769,0.84615386,0.84,0.96,0.5,1.0,60.600002,60.300003,59.9,60.600002,60.600002,60.300003,59.600002,61.9,60.9,61.9,57.300003,56.600002,3847389,-1688233,1075200,1075200,1075200,1075200,1075200,1075200,652800,1401600,115,0,0,598,0,5,587,1,11,708,2,9,0,0,0,411,5,23,680,103,35,0,0,0,23568,0,0,141386,0,4404,142687,437,9010,152010,2522,4124,0,0,0,95648,2593,20282,364505,87988,31785,0,0,0,1242.0102051282051,0.71
1658259823514,38.744003,0.8755981,1.0,0.96153843,0.8518519,0.84,1.0,0.85714287,0.45454547,1.0,60.9,60.9,60.300003,60.600002,60.600002,60.600002,59.600002,61.9,60.300003,62.600002,57.300003,56.600002,3846611,-1642152,1075200,1075200,1075200,1075200,1075200,1075200,652800,1401600,523,0,1,793,1,6,395,0,6,273,3,6,252,5,12,14,0,3,762,102,45,0,0,0,109228,0,639,175246,679,5524,90565,0,6146,69024,1704,3930,66354,2055,9257,5568,0,7344,399347,93122,44720,0,0,0,1232.1455178849144,0.672846034214619
1658259824628,38.811,0.8507463,1.0,0.8076923,1.0,0.6086956,0.9259259,0.92,0.45833334,1.0,61.300003,60.9,60.600002,60.9,60.9,60.600002,59.600002,62.600002,60.600002,62.600002,57.9,56.9,3846416,-1702882,1075200,1075200,1075200,1075200,1075200,1075200,652800,1401600,23,0,0,480,0,2,183,0,5,1044,0,20,65,0,4,109,1,11,743,97,39,0,0,0,2937,0,0,103600,0,2229,48827,0,5365,250317,0,11293,15411,0,2613,28154,407,6834,399454,90009,39148,0,0,0,1242.7212403100775,0.6836589147286821
1658259825694,38.882,0.8592233,1.0,0.82608694,0.8,0.88,1.0,0.89285713,0.5,1.0,61.600002,61.600002,60.600002,61.300003,61.600002,61.300003,60.300003,62.9,60.9,62.600002,58.300003,56.9,3837852,-1673585,1075200,1075200,1075200,1075200,1075200,1075200,652800,1401600,357,1,5,326,0,7,678,2,10,636,2,12,50,1,6,333,1,11,707,99,32,0,0,0,76169,834,3735,64095,0,5909,165812,1114,6189,161165,1685,8044,16579,190,6333,71124,384,8488,370325,86239,38868,0,0,0,1232.7147658914728,0.6972031007751938
1658259826806,38.960003,0.84158415,1.0,0.96153843,0.8,0.56,1.0,0.875,0.45833334,1.0,61.9,61.600002,60.9,61.300003,61.600002,61.300003,60.300003,62.9,61.300003,62.9,57.9,57.300003,3848946,-1631470,1075200,1075200,1075200,1075200,1075200,1075200,652800,1401600,395,0,2,1175,0,6,614,1,9,225,2,15,67,0,3,143,1,7,773,98,38,8,0,0,84678,0,1557,267868,0,3550,157627,848,8577,65991,843,12044,11146,0,1798,39048,1644,5077,402285,77539,37505,1308,0,0,1236.7544976816075,0.6744729520865533
1658259827898,39.038002,0.9013453,1.0,0.7407407,1.0,1.0,1.0,0.82758623,0.6296296,1.0,61.9,61.9,61.300003,61.600002,61.9,61.300003,60.600002,62.9,61.600002,63.300003,58.300003,57.600002,3842718,-1662904,1075200,1075200,1075200,1075200,1075200,1075200,652800,1401600,613,0,2,270,0,5,364,0,9,946,1,23,18,0,0,121,0,4,696,110,29,5,0,0,140456,0,1992,69563,0,2072,98436,0,6782,222176,418,11895,6528,0,0,29785,0,1701,381842,92045,30952,216,0,0,1238.7730683229813,0.730583850931677
1658259829013,39.112003,0.9142857,0.9130435,0.8095238,1.0,1.0,1.0,0.90909094,0.6363636,1.0,62.300003,62.300003,61.600002,61.9,61.9,61.600002,61.300003,63.300003,62.300003,63.600002,58.600002,57.9,3844859,-1676942,1075200,1075200,1075200,1075200,1075200,1075200,652800,1401600,228,1,0,807,0,0,357,0,8,744,3,12,3,0,0,231,0,3,718,105,21,62,0,0,53459,320,0,177385,0,0,88837,0,5770,154483,1441,8619,367,0,0,54128,0,2375,358169,88506,21072,10579,0,0,1239.2568173374611,0.7610650154798762
1658259830090,39.176003,0.8965517,1.0,0.6956522,1.0,0.9230769,1.0,1.0,0.56,1.0,62.600002,62.300003,61.600002,62.300003,62.300003,61.600002,60.9,63.600002,61.9,64.600006,58.9,58.300003,3831623,-1812440,1075200,1075200,1075200,1075200,1075200,1075200,652800,1401600,515,0,0,280,0,0,551,0,2,30,0,0,0,0,0,151,0,6,798,95,58,32,1,2,105224,0,0,69449,0,0,114247,0,1260,5601,0,0,0,0,0,33625,0,4658,415660,91130,54876,5644,452,1227,1239.0796261682244,0.697221183800623
1658259831165,39.257,0.8802083,0.7083333,0.95652175,0.92,0.84615386,1.0,1.0,0.5652174,1.0,63.300003,62.9,61.9,62.300003,62.300003,61.9,60.9,63.9,61.600002,64.3,58.9,57.9,3841745,-1641846,1075200,1075200,1075200,1075200,1075200,1075200,652800,1401600,258,0,0,930,0,6,451,2,3,157,0,6,54,1,2,310,2,14,753,109,50,0,0,0,54069,0,0,203757,0,3520,108214,4010,1445,46185,0,4352,17226,718,1545,72289,1049,7738,392609,104944,50792,0,0,0,1236.5837891472868,0.6894635658914728
1658259832233,39.332,0.92574257,1.0,0.95652175,1.0,0.9166667,1.0,1.0,0.5833333,1.0,62.9,62.600002,61.9,62.300003,62.300003,62.300003,61.300003,63.9,62.300003,63.9,58.9,58.300003,3838436,-1642762,1075200,1075200,1075200,1075200,1075200,1075200,652800,1401600,568,2,4,681,0,5,824,1,12,419,1,10,33,0,1,26,0,9,695,84,40,1,0,0,128844,1219,3975,155859,0,3546,203679,420,7530,100273,20,9103,7224,0,409,9764,0,3894,358705,76038,38269,28,0,0,1239.3515658914728,0.6714046511627907
1658259833299,39.393,0.75,0.73913044,1.0,0.5769231,0.72,0.5416667,1.0,0.42307693,1.0,62.9,62.600002,62.300003,62.9,62.600002,62.300003,61.600002,63.9,61.9,64.3,59.300003,58.600002,3837852,-1818543,1075200,1075200,1075200,1075200,1075200,1075200,652800,1401600,199,0,2,844,3,9,204,1,3,550,0,7,27,1,1,15,0,0,749,73,38,0,0,1,41749,0,812,197455,4422,7166,54279,609,2135,129025,0,5264,9319,416,4912,3108,0,0,385344,73848,55053,0,0,593,0.017908496732026147,0.015477124183006535
1658259834340,39.467003,0.85024154,1.0,0.8,1.0,0.92,1.0,0.96153843,0.23076923,0.92,61.300003,61.600002,60.9,60.9,61.600002,61.9,61.300003,62.600002,61.600002,63.300003,57.9,57.300003,3922324,-809631,1075200,1075200,1075200,1075200,1075200,1075200,652800,1401600,468,6,10,376,7,13,296,26,63,243,31,40,459,21,50,0,0,0,805,71,59,0,0,0,129769,12512,17224,279310,8899,27908,204010,33674,210553,185128,65817,177102,222424,36715,249180,0,0,0,374215,154990,175958,0,0,0,-1.0,-1.0
