1658256139759,31.721,0.09815951,0.1,0.04761905,0.14285715,0.0952381,0.14285715,0.05263158,0.0952381,0.15789473,39.300003,39.9,38.9,39.9,40.600002,40.600002,40.300003,40.9,40.9,42.300003,38.300003,38.600002,4083484,-539551,1075200,1075200,1075200,1075200,1075200,1075200,652800,1401600,2395402,73098,231973,2438843,75842,249188,1160994,97574,242334,1152429,102064,247558,929475,76988,231924,886222,75390,233079,934810,127484,310557,687077,91106,243274,1707043520,153930277,3008765067,1754842927,165333802,2956044579,887702163,213454711,3729591708,854075180,223371769,3758679342,674221262,170147620,3832111929,653895834,167881203,3757492118,626487205,286305543,4225606900,397665538,214713610,3601077302,-1.0,-1.0
1658256140754,31.749002,0.099378884,0.05,0.0,0.0952381,0.05,0.14285715,0.13636364,0.0952381,0.3,38.300003,37.9,37.9,38.600002,38.9,38.300003,38.300003,38.600002,38.600002,38.9,37.300003,37.300003,4085625,-492554,1075200,1075200,1075200,1075200,1075200,1075200,652800,1401600,771,0,0,633,0,0,400,40,93,270,29,65,340,39,73,303,20,51,113,51,123,155,32,109,767475,0,0,737227,0,0,329478,80033,356535,264576,56444,448563,286221,79757,316316,252635,40021,251143,147558,168095,535915,85699,100777,381762,-1.0,-1.0
1658256141748,31.778002,0.3943662,0.25925925,0.24,0.33333334,0.37037036,0.7777778,0.60714287,0.07692308,0.42307693,39.300003,38.9,38.9,39.300003,39.300003,39.300003,39.300003,39.300003,39.600002,39.9,38.600002,38.600002,4093410,-787964,1075200,1075200,1075200,1075200,1075200,1075200,652800,1401600,1292,0,7,1159,2,10,545,4,15,441,4,8,553,0,5,483,0,9,288,1,11,395,3,19,706843,0,90002,753041,8460,87375,664891,10440,147184,638410,16808,164988,628677,0,182345,632016,0,186165,676095,0,196388,513597,10121,176803,-1.0,-1.0
1658256142819,31.800001,0.3221154,0.34615386,0.32,0.37037036,0.2857143,0.5714286,0.32,0.12,0.30769232,39.300003,38.9,38.9,39.300003,39.9,39.600002,38.9,39.300003,39.300003,39.300003,37.9,37.9,4117740,-471802,1075200,1075200,1075200,1075200,1075200,1075200,652800,1401600,841,7,15,737,2,8,501,29,64,478,28,67,441,11,28,378,11,35,536,134,99,253,16,80,554887,15234,34211,488609,5350,99435,291978,59821,238246,278215,56158,254023,212647,22559,68981,160588,16772,113441,348480,263306,270204,126383,26449,385759,-1.0,-1.0
1658256143914,31.835001,0.22222222,0.16,0.1923077,0.22222222,0.16,0.23076923,0.22222222,0.04,0.52,40.600002,40.600002,40.300003,40.9,40.9,41.300003,40.9,40.9,41.300003,41.600002,38.300003,38.600002,4076282,-608215,1075200,1075200,1075200,1075200,1075200,1075200,652800,1401600,1068,4,9,902,1,3,479,21,47,576,18,52,418,26,40,435,28,58,555,42,77,480,31,95,561642,9487,54456,564631,4331,71167,270392,42558,280087,358328,35823,279617,233397,62044,195955,292581,52025,243565,374391,61823,416577,255773,116168,264755,-1.0,-1.0
1658256145042,31.861002,0.46411484,0.4074074,0.3846154,0.5,0.56,0.46153846,0.8076923,0.2413793,0.39285713,39.600002,39.600002,39.300003,39.9,39.9,39.9,39.600002,39.300003,39.9,40.300003,38.300003,38.300003,4089712,-501404,1075200,1075200,1075200,1075200,1075200,1075200,652800,1401600,1289,0,0,1102,0,0,540,41,75,621,36,70,350,13,57,492,32,63,406,41,135,246,28,73,740329,0,0,734803,0,0,364782,80183,240795,319157,76688,294023,209950,17190,349841,261319,83540,315471,333487,72947,498936,165899,85284,252354,-1.0,-1.0
1658256146162,31.886002,0.21081081,0.25,0.2173913,0.2,0.13636364,0.33333334,0.27272728,0.083333336,0.2173913,39.600002,39.600002,39.300003,39.9,39.600002,39.600002,39.600002,39.600002,39.9,39.600002,38.600002,38.600002,4068886,-795899,1075200,1075200,1075200,1075200,1075200,1075200,652800,1401600,1081,0,0,631,0,0,490,33,73,340,34,70,393,23,55,442,16,64,340,29,97,387,45,118,727889,0,0,677538,0,0,307408,61254,309405,217596,72257,341465,239515,44040,291199,240327,44961,312769,247132,87696,605236,206069,144955,429097,-1.0,-1.0
1658256147235,31.915,0.03846154,0.03846154,0.04,0.03846154,0.03846154,0.08,0.04,0.0,0.0,40.300003,40.600002,40.300003,40.600002,41.300003,40.9,40.600002,41.600002,41.600002,42.9,38.600002,38.300003,4052342,-906677,1075200,1075200,1075200,1075200,1075200,1075200,652800,1401600,1048,7,16,1034,0,5,444,24,62,526,31,72,420,30,54,317,19,52,293,42,75,238,25,69,620046,17177,138097,610912,0,183547,304007,49800,463575,328908,63510,428170,305679,67786,291698,243619,47566,406123,266479,90083,579442,172039,52285,496595,-1.0,-1.0
1658256148289,31.934002,0.19796954,0.24,0.17391305,0.20833333,0.28,0.20833333,0.24,0.08,0.15384616,38.600002,38.600002,37.9,38.600002,38.600002,38.300003,38.300003,37.9,38.600002,38.300003,37.9,37.600002,4113847,-258484,1075200,1075200,1075200,1075200,1075200,1075200,652800,1401600,712,6,34,623,12,38,197,34,74,316,39,103,228,8,54,261,27,101,113,42,92,139,46,88,630542,23264,217091,671301,45231,202160,169275,65689,656861,204217,93875,615736,147191,9143,584918,211984,36651,590044,81062,99130,451321,119515,106705,656653,0.0983421052631579,0.06098684210526316
1658256149338,31.966002,0.028301887,0.074074075,0.037037037,0.071428575,0.037037037,0.07692308,0.0,0.0,0.0,38.9,39.300003,38.600002,38.9,38.600002,38.9,38.9,38.9,38.9,39.300003,38.300003,38.300003,4112290,-238342,1075200,1075200,1075200,1075200,1075200,1075200,652800,1401600,642,8,49,475,10,33,443,33,41,318,15,40,412,10,42,412,2,69,167,8,36,260,19,66,449112,11825,341897,453042,22308,377409,289449,80381,450224,213077,24328,555304,221096,15171,529758,210291,2694,442623,158167,8866,1047231,124003,63534,586200,-1.0,-1.0
1658256150451,32.004,0.023584906,0.071428575,0.0,0.0,0.0,0.11111111,0.037037037,0.0,0.0,38.300003,38.300003,37.600002,38.300003,38.600002,38.600002,38.300003,37.9,38.300003,38.600002,37.9,37.600002,4101585,-346679,1075200,1075200,1075200,1075200,1075200,1075200,652800,1401600,404,48,71,151,11,36,113,28,92,173,22,64,97,20,50,71,12,49,0,6,26,33,23,53,461147,97589,442375,325818,40320,562661,138013,66222,797981,148044,62568,663088,107302,75274,645579,102253,19880,834728,4424,26313,1079575,18872,76476,832470,-1.0,-1.0
1658256151546,32.02,0.07177033,0.0,0.0,0.10714286,0.037037037,0.07692308,0.33333334,0.0,0.0,37.600002,37.600002,37.300003,37.600002,37.9,37.300003,37.300003,37.300003,37.600002,37.600002,37.300003,36.9,4117351,-225525,1075200,1075200,1075200,1075200,1075200,1075200,652800,1401600,547,26,26,326,5,19,200,57,64,161,42,58,73,10,29,134,31,66,61,21,77,65,59,94,537157,80321,314842,527353,17550,457804,207745,126622,568125,161180,98655,575451,72638,25362,561839,155076,65792,686464,61979,54463,308831,60530,115798,715767,-1.0,-1.0
1658256152638,32.055,0.03125,0.041666668,0.04,0.04,0.08,0.08695652,0.0,0.0,0.0,37.300003,37.300003,37.300003,37.300003,37.300003,37.300003,36.9,36.9,37.600002,37.600002,36.9,36.600002,4119881,-186157,1075200,1075200,1075200,1075200,1075200,1075200,652800,1401600,528,20,60,265,8,46,119,24,70,115,28,64,93,14,47,151,37,85,9,9,36,78,23,104,581372,46589,347197,563241,21445,452126,105196,75674,825783,121050,65652,862515,77478,31691,742824,151319,75367,671402,16853,27954,1261906,101001,34767,914241,-1.0,-1.0
1658256153697,32.08,0.32126698,0.37931034,0.14814815,0.14285715,0.25925925,0.60714287,0.8214286,0.07692308,0.16666667,37.300003,37.300003,36.9,37.600002,37.9,37.600002,36.9,37.300003,37.600002,37.600002,36.9,36.9,4082511,-600281,1075200,1075200,1075200,1075200,1075200,1075200,652800,1401600,373,20,80,239,17,56,221,23,85,190,20,75,123,4,30,100,15,41,124,11,33,81,12,53,365386,29865,552351,320710,35106,599420,148327,47599,741711,140796,36826,857477,77453,8766,702958,88385,35262,816898,56206,20294,1249621,47367,24862,861021,93.64042236024845,1.1358757763975156
1658256154794,32.102,0.082417585,0.09090909,0.08695652,0.0,0.09090909,0.08695652,0.0,0.08695652,0.083333336,39.300003,39.300003,38.9,39.300003,38.9,39.300003,38.600002,38.600002,38.9,38.600002,38.600002,38.600002,4047671,-1062928,1075200,1075200,1075200,1075200,1075200,1075200,652800,1401600,982,29,67,821,41,73,392,45,85,309,59,84,105,13,22,121,13,21,316,119,115,498,81,152,639156,28748,145991,602239,58806,155299,290056,90029,479250,304824,126361,311013,66059,27736,202479,91687,15747,96189,277895,264699,402784,303770,146631,442343,340.7870144927536,1.9244830917874396
1658256155819,32.134003,0.068627454,0.083333336,0.04,0.0,0.14814815,0.07692308,0.0,0.11111111,0.03846154,39.9,39.600002,38.9,39.300003,39.600002,38.9,38.9,38.9,39.300003,39.300003,39.600002,38.9,4033462,-1115723,1075200,1075200,1075200,1075200,1075200,1075200,652800,1401600,825,74,87,716,82,103,216,60,97,264,81,90,121,16,66,284,55,106,168,52,122,166,74,153,700882,105429,132128,634036,120893,188561,258051,114475,557527,338857,174021,398958,131419,43213,654782,302542,100495,538428,194869,174322,591123,212459,218268,540734,309.1245211930926,1.4972684458398744
1658256156883,32.185,0.063725494,0.15384616,0.07692308,0.0,0.041666668,0.0,0.08,0.04,0.03846154,40.300003,40.300003,39.600002,39.9,39.9,39.600002,38.9,39.600002,39.600002,39.9,39.600002,39.300003,4029959,-1108704,1075200,1075200,1075200,1075200,1075200,1075200,652800,1401600,858,82,88,614,83,125,164,39,82,436,91,98,112,13,62,250,58,85,150,48,140,193,78,161,757512,110015,114295,648882,135692,224417,185959,84353,678816,511557,179225,283808,132896,28504,687784,246624,114110,507411,192915,134483,686642,214217,212093,595708,312.04088062015506,1.4509643410852713
1658256157962,32.258003,0.19607843,0.16666667,0.16,0.18518518,0.16,0.24,0.3846154,0.16,0.041666668,40.9,40.600002,39.9,40.300003,40.300003,39.9,39.600002,40.300003,39.9,40.300003,39.9,39.600002,4045140,-975037,1075200,1075200,1075200,1075200,1075200,1075200,652800,1401600,889,73,82,763,78,101,231,52,100,331,85,83,109,31,63,121,23,56,125,41,133,199,83,155,749200,93358,127965,694911,121987,162298,256914,122141,604482,383226,180667,384627,139725,73703,778801,127372,43401,694351,156252,143873,726352,277920,199458,524553,310.05842345276875,1.4730944625407165
1658256159012,32.331,0.10465116,0.14285715,0.0952381,0.045454547,0.18181819,0.0952381,0.0,0.0952381,0.16666667,41.300003,40.9,40.600002,40.9,41.300003,40.9,40.300003,40.300003,40.300003,40.9,40.600002,40.300003,4033657,-1156617,1075200,1075200,1075200,1075200,1075200,1075200,652800,1401600,1119,29,36,944,32,37,323,84,108,419,108,101,128,24,74,91,16,55,113,54,142,280,100,181,908857,46578,48437,887035,56745,65415,370200,168836,433631,456459,215166,300328,145945,58385,602368,97796,36394,610571,141494,166553,702461,303784,227846,512969,311.9127409733124,1.4482386185243328
1658256160117,32.421,0.16759777,0.22727273,0.13636364,0.13636364,0.13636364,0.2173913,0.25,0.16666667,0.0952381,41.600002,41.600002,40.9,41.600002,41.300003,41.300003,40.9,41.300003,41.300003,41.600002,40.600002,40.600002,4029180,-1161805,1075200,1075200,1075200,1075200,1075200,1075200,652800,1401600,1017,48,58,771,54,79,248,44,88,401,86,96,152,25,49,139,35,53,124,30,125,261,106,142,777772,69639,84817,751231,72367,114544,221634,111437,604434,428151,175303,316070,120107,49522,587085,192620,95343,574870,146157,91983,738825,264555,246079,447196,309.47510485133023,1.527586854460094
1658256161152,32.503002,0.07954545,0.13636364,0.04761905,0.04347826,0.13636364,0.0,0.045454547,0.125,0.08695652,42.300003,41.9,41.300003,41.300003,41.600002,41.9,41.300003,41.600002,41.9,41.9,41.600002,40.9,4017502,-1221314,1075200,1075200,1075200,1075200,1075200,1075200,652800,1401600,1062,46,48,807,45,66,268,46,121,370,79,87,170,16,52,203,27,73,128,55,126,266,82,150,782756,51184,68480,687573,86393,143088,308858,80547,528947,365865,176882,348096,121409,33118,662232,150546,65556,583542,132650,136611,678926,265902,184238,490708,310.73844766505636,1.4514911433172302
1658256162157,32.586002,0.16483517,0.2173913,0.17391305,0.045454547,0.18181819,0.13636364,0.13043478,0.13043478,0.16,42.300003,41.600002,41.300003,41.600002,41.600002,41.300003,40.9,41.300003,41.600002,41.300003,41.600002,40.9,4042221,-1006165,1075200,1075200,1075200,1075200,1075200,1075200,652800,1401600,1005,28,43,938,42,53,287,53,87,316,69,82,224,48,65,131,14,58,98,33,111,278,68,151,800847,39131,65182,754267,60527,73984,274145,99888,556964,380455,166619,347782,234197,110028,556032,121761,34029,661889,125980,139926,650739,309652,148468,473528,306.8565128205128,1.5393846153846156
1658256163160,32.662003,0.20618556,0.20833333,0.2,0.09090909,0.16666667,0.46153846,0.2962963,0.125,0.2,42.600002,42.600002,41.600002,42.300003,41.600002,41.9,41.600002,41.9,41.9,42.300003,41.9,41.300003,4029764,-1231690,1075200,1075200,1075200,1075200,1075200,1075200,652800,1401600,934,58,63,974,62,57,229,37,73,513,75,96,120,35,64,110,27,41,119,36,114,261,54,143,758770,90701,87654,762589,73250,80952,196672,66977,673981,514976,135309,249889,126634,97328,675030,115772,62992,647439,153796,127484,659331,314747,128104,519848,307.50085289256197,1.505904132231405
1658256164187,32.751003,0.16753927,0.2,0.13636364,0.13043478,0.13043478,0.33333334,0.04347826,0.15384616,0.09090909,42.9,42.600002,42.300003,42.300003,42.600002,41.9,41.9,42.600002,42.300003,42.9,42.600002,41.600002,4023730,-1213990,1075200,1075200,1075200,1075200,1075200,1075200,652800,1401600,941,52,62,920,53,59,429,87,103,329,75,82,96,13,52,125,20,55,121,31,126,214,84,128,765353,63742,110576,759541,71408,83709,457034,137139,313773,340593,156622,428278,78524,37344,663841,147688,63041,700956,131915,93290,732923,233496,209671,494125,312.03651472868216,1.4217426356589147
1658256165230,32.850002,0.120192304,0.15384616,0.14814815,0.1923077,0.25,0.04,0.11111111,0.07692308,0.07692308,43.300003,42.9,42.300003,42.600002,42.600002,42.600002,42.300003,42.9,42.600002,42.9,42.300003,41.9,4016139,-1242676,1075200,1075200,1075200,1075200,1075200,1075200,652800,1401600,922,49,71,862,48,85,210,35,85,403,75,100,102,8,36,167,40,87,108,50,112,204,101,135,755657,72543,136799,714876,62899,158192,187974,80930,668606,437710,145629,352576,79341,19982,737738,179320,95890,670403,137862,151206,689397,239075,248735,475080,310.8128198757764,1.550360248447205
1658256166288,32.933002,0.13793103,0.15,0.17391305,0.04761905,0.2173913,0.09090909,0.13043478,0.13636364,0.13636364,42.9,42.9,42.300003,42.300003,42.300003,42.600002,42.300003,42.600002,42.300003,42.300003,42.600002,41.600002,4022562,-1177979,1075200,1075200,1075200,1075200,1075200,1075200,652800,1401600,1075,41,56,965,48,54,214,46,85,286,84,79,123,46,79,240,84,103,122,36,125,260,82,142,843464,72295,81697,791474,82300,97666,212273,88354,683566,345068,192575,428626,155040,119025,648984,283730,179784,393870,147783,130187,729080,301025,193043,494690,311.5083116883117,1.6642077922077922
1658256167293,33.015003,0.29032257,0.20833333,0.09090909,0.47826087,0.75,0.20833333,0.13043478,0.17391305,0.28,43.600002,43.600002,43.300003,43.300003,42.9,42.9,42.600002,42.9,42.9,42.9,42.600002,42.300003,4018864,-1271363,1075200,1075200,1075200,1075200,1075200,1075200,652800,1401600,959,50,56,729,57,85,118,21,62,311,85,92,121,34,70,120,38,60,89,33,117,204,74,129,732890,71763,85918,631901,111732,164708,103349,52487,703850,376605,203747,321160,138308,83991,693750,143873,87122,586168,94569,112439,722024,233243,169160,522443,312.46350310559006,1.4995776397515528
1658256168324,33.101,0.2311828,0.17391305,0.125,0.08695652,0.08695652,1.0,0.17391305,0.04347826,0.15384616,44.300003,43.9,43.600002,43.600002,43.300003,43.300003,42.600002,43.300003,42.9,43.600002,42.9,42.300003,4025287,-1148072,1075200,1075200,1075200,1075200,1075200,1075200,652800,1401600,963,70,41,669,47,105,78,24,54,339,64,65,86,12,58,129,28,67,168,70,127,391,76,133,795083,86220,51756,660252,69552,226014,116208,54498,665994,371362,131648,184245,70419,34188,703713,139058,52288,706538,186809,191496,603733,370592,160432,411301,306.6703551401869,1.3880124610591902
1658256169355,33.190002,0.121212125,0.125,0.12,0.17857143,0.16666667,0.18518518,0.0,0.16,0.041666668,43.9,43.600002,43.300003,43.600002,43.600002,43.300003,42.600002,43.600002,42.9,43.9,42.600002,42.300003,4011273,-1180420,1075200,1075200,1075200,1075200,1075200,1075200,652800,1401600,1009,33,42,1012,37,65,248,75,92,270,81,76,122,28,31,118,26,65,147,58,132,265,75,157,837389,44086,44710,773915,47095,110550,280323,160677,490980,354216,186775,395141,94522,64575,384262,139848,72508,587339,167344,160089,652104,291330,162344,492617,308.23138064516127,1.3980387096774194
1658256170388,33.273003,0.1262136,0.125,0.12,0.0,0.15384616,0.115384616,0.11111111,0.1923077,0.041666668,44.300003,43.9,43.300003,43.300003,43.600002,43.300003,42.9,43.300003,42.9,43.300003,43.300003,42.600002,4016529,-1161499,1075200,1075200,1075200,1075200,1075200,1075200,652800,1401600,1021,51,48,947,54,69,185,44,89,235,84,77,135,32,65,185,29,61,162,81,106,248,64,144,807165,75968,56040,722866,79859,122750,211747,93508,612588,295809,185575,430187,149058,70585,546544,187576,57366,500876,160277,192334,572052,291064,154849,509086,311.07743790849673,1.7224575163398692
1658256171398,33.356003,0.097826086,0.09090909,0.0952381,0.045454547,0.16666667,0.08695652,0.045454547,0.08695652,0.125,44.600002,43.9,43.600002,43.600002,43.300003,43.300003,42.9,43.600002,42.9,43.9,43.600002,42.9,4031905,-1085816,1075200,1075200,1075200,1075200,1075200,1075200,652800,1401600,847,48,74,979,47,81,286,55,69,393,72,98,87,9,43,194,56,99,90,32,115,261,61,139,748870,71334,115989,726029,52044,140358,302517,90123,502413,436156,141095,341233,92593,21785,688939,254242,114488,577612,108966,100107,723448,354514,156966,449409,307.82164341085274,1.5080186046511626
1658256172414,33.432003,0.23383084,0.125,0.125,0.0,0.08695652,0.5,0.5925926,0.18518518,0.12,44.300003,43.9,43.600002,43.600002,43.600002,43.600002,42.9,43.600002,43.600002,43.600002,43.300003,42.9,4023341,-1170655,1075200,1075200,1075200,1075200,1075200,1075200,652800,1401600,919,42,61,1064,34,50,182,63,85,339,71,85,115,12,50,528,75,115,117,41,129,254,65,135,805939,70561,73659,805356,32820,74349,200683,189499,496089,393287,148559,373974,123793,23247,676327,496792,115807,307210,149733,119970,689523,321624,157562,454246,311.2846531881804,1.5550606531881803
1658256173474,33.527,0.22099447,0.04761905,0.09090909,0.16,0.05,0.5652174,0.5,0.17391305,0.13043478,44.600002,44.600002,43.9,44.300003,44.300003,44.300003,43.600002,44.600002,43.600002,44.600002,43.9,43.300003,4022757,-1118164,1075200,1075200,1075200,1075200,1075200,1075200,652800,1401600,954,50,56,1029,49,51,274,52,119,231,87,79,190,31,65,93,20,53,121,58,129,289,79,164,818834,72999,65051,800932,56210,85672,304278,98374,549430,272031,206292,358732,160209,72882,428761,111473,39224,357772,144085,194623,637831,274952,180248,543096,309.8169064039409,1.5315336617405582
1658256174472,33.600002,0.21764706,0.04761905,0.09090909,0.05263158,0.2173913,0.95238096,0.13636364,0.1904762,0.05,44.600002,44.600002,43.600002,44.300003,44.300003,44.600002,43.9,44.300003,44.600002,44.600002,43.300003,43.300003,4078034,-320739,1075200,1075200,1075200,1075200,1075200,1075200,652800,1401600,875,30,40,782,37,34,381,58,90,396,53,77,91,21,38,47,15,27,502,78,115,218,117,130,783813,40777,43339,744015,51343,59129,348325,112847,381597,374240,102634,312376,101247,58498,232906,43187,41659,226780,397296,116365,359516,194813,241739,463494,-1.0,-1.0
1658256175501,33.677002,0.1657754,0.0,0.04347826,0.0,0.0,0.45833334,0.65217394,0.0,0.04347826,43.600002,43.300003,42.9,43.600002,43.600002,43.300003,42.9,43.300003,43.300003,43.600002,42.300003,41.9,4102947,-241394,1075200,1075200,1075200,1075200,1075200,1075200,652800,1401600,589,14,36,490,9,26,188,33,83,171,40,90,40,13,30,94,21,59,75,55,166,196,151,127,756434,35897,177241,734900,20930,188177,218550,73695,602717,179359,94686,576503,62080,29862,136612,114845,52536,476978,79122,140971,696810,192332,355217,387629,-1.0,-1.0
1658256176520,33.724003,0.019512195,0.0,0.0,0.03846154,0.0,0.03846154,0.04,0.037037037,0.0,42.300003,41.9,41.9,42.300003,42.600002,42.600002,41.9,42.300003,42.300003,42.9,41.600002,41.300003,4104894,-219726,1075200,1075200,1075200,1075200,1075200,1075200,652800,1401600,289,46,97,198,22,65,202,42,103,181,39,92,57,15,29,28,5,28,5,11,94,140,138,120,337799,124565,522220,296181,59213,604049,186061,106080,666476,181562,123617,672811,48519,51561,260681,33716,25037,310431,11056,48775,931084,137461,377858,447620,-1.0,-1.0
1658256177600,33.775,0.17934783,0.125,0.27272728,0.32,0.28,0.04761905,0.13043478,0.045454547,0.2173913,41.600002,41.600002,41.300003,41.300003,41.600002,41.300003,41.300003,41.600002,41.9,41.9,40.9,40.9,4093021,-288696,1075200,1075200,1075200,1075200,1075200,1075200,652800,1401600,356,18,65,383,10,45,263,48,102,126,19,27,237,15,77,205,25,61,112,20,103,109,44,96,411472,55101,475443,409579,22236,492875,210981,102921,579816,80766,24603,514479,153393,30655,724822,124640,62555,604770,61594,54711,830497,72929,113463,660199,0.009161084529505582,0.017786283891547048
1658256178599,33.801003,0.22826087,0.16666667,0.39130434,0.39130434,0.27272728,0.14285715,0.13636364,0.13636364,0.08695652,42.9,42.9,42.600002,42.600002,42.600002,42.300003,41.9,42.300003,42.300003,42.9,41.9,41.9,4011079,-1290284,1075200,1075200,1075200,1075200,1075200,1075200,652800,1401600,574,14,45,590,13,25,345,31,69,327,25,54,361,40,72,136,15,48,161,49,114,354,31,122,450503,20871,359170,414494,18712,348554,315335,64228,420199,255229,32039,539379,253129,73750,441217,92841,29523,555701,150954,101855,666229,173468,51747,645408,607.6016337115074,4.7333549432739055
1658256179601,33.839,0.21910113,0.09090909,0.3,0.4090909,0.3478261,0.17391305,0.13636364,0.2,0.0952381,43.600002,44.300003,43.600002,43.600002,43.600002,43.300003,42.600002,42.9,42.9,43.600002,43.300003,42.9,4011468,-1277771,1075200,1075200,1075200,1075200,1075200,1075200,652800,1401600,896,36,46,768,21,32,433,43,47,392,70,92,207,61,90,141,25,71,271,69,211,200,93,213,790613,43009,46909,755800,27356,33957,566474,106468,137211,428900,146343,263258,241647,154065,425824,163093,54372,520261,265198,125140,542200,192159,167006,567460,668.955705400982,4.161937806873977
1658256180650,33.874,0.16201118,0.0,0.25,0.36363637,0.22727273,0.04347826,0.09090909,0.125,0.125,44.600002,44.300003,44.300003,43.9,43.600002,43.600002,43.600002,43.9,43.9,44.300003,43.9,43.300003,4002515,-1252747,1075200,1075200,1075200,1075200,1075200,1075200,652800,1401600,809,58,56,752,24,34,453,63,53,358,89,89,379,80,91,158,34,81,175,83,191,202,108,204,776016,81578,67263,789851,41897,40823,554661,170913,130173,418955,206915,251032,353321,155491,359786,193209,71540,565749,178504,186723,612458,214133,245438,492212,620.4861377049181,4.39617049180328
1658256181647,33.934002,0.18390805,0.045454547,0.2857143,0.39130434,0.26086956,0.04761905,0.13636364,0.13043478,0.17391305,45.300003,44.9,44.600002,44.9,44.600002,44.300003,43.9,43.9,43.9,44.600002,44.600002,43.9,4012636,-1319275,1075200,1075200,1075200,1075200,1075200,1075200,652800,1401600,798,56,38,773,33,43,334,69,44,360,68,90,258,71,108,172,31,77,150,73,193,197,92,184,702864,83234,104633,763484,43523,50841,498265,169300,139240,394499,152327,268685,277330,156588,460594,156974,63676,578217,165899,174645,601821,200024,220272,490658,620.4052105263158,4.302842105263157
1658256182653,33.976,0.19897959,0.16,0.32,0.33333334,0.2173913,0.125,0.16666667,0.125,0.083333336,45.600002,45.300003,45.300003,44.9,44.600002,44.600002,43.9,44.9,44.300003,44.600002,44.9,43.9,4015945,-1256409,1075200,1075200,1075200,1075200,1075200,1075200,652800,1401600,710,63,51,751,35,33,331,79,67,309,82,81,316,64,111,150,30,57,58,77,167,139,109,177,734480,93866,83309,785552,56366,35670,467368,227146,171806,383341,174016,278129,280600,132561,514090,139776,72465,577917,76224,212268,670443,129990,287817,524121,620.7322443729904,4.66983922829582
1658256183659,34.036003,0.1724138,0.04761905,0.3181818,0.36363637,0.1904762,0.13636364,0.045454547,0.0952381,0.04761905,45.9,45.600002,45.600002,45.300003,44.9,44.9,44.600002,45.300003,44.9,45.300003,45.300003,44.600002,4019643,-1224366,1075200,1075200,1075200,1075200,1075200,1075200,652800,1401600,750,49,58,754,26,43,400,74,46,284,90,90,108,37,47,45,13,44,134,88,181,177,116,185,687428,84488,123847,775060,36423,61502,529519,172127,129766,305751,244384,284664,126488,79121,331230,66704,38856,497195,137479,221390,553346,162262,286795,502986,616.27915855573,4.2439434850863424
1658256184662,34.122,0.2263158,0.125,0.3478261,0.5,0.33333334,0.16666667,0.20833333,0.16,0.08695652,46.300003,46.300003,45.9,45.300003,45.300003,44.600002,44.600002,45.600002,44.9,45.600002,45.300003,44.600002,4016529,-1209107,1075200,1075200,1075200,1075200,1075200,1075200,652800,1401600,803,54,39,751,34,30,426,56,59,272,85,83,239,34,81,165,30,72,124,82,171,159,104,188,748803,105603,48521,750801,60344,38081,575578,143155,138915,311146,192927,289394,213308,68181,508413,189892,78924,647036,144149,188650,573397,162591,260915,531938,622.0334449917898,4.262620689655173
1658256185673,34.186,0.1741573,0.0,0.3478261,0.41666666,0.23809524,0.13043478,0.045454547,0.13043478,0.09090909,46.600002,46.600002,45.600002,45.9,45.600002,45.600002,44.9,45.600002,45.600002,45.600002,45.600002,44.9,4016723,-1243897,1075200,1075200,1075200,1075200,1075200,1075200,652800,1401600,781,63,60,769,38,33,423,69,62,303,93,77,215,48,67,269,42,97,58,84,178,164,124,179,712841,120978,74711,774254,56612,38835,538389,158817,159609,355512,210823,231758,196313,116665,496616,266743,77104,535846,81004,239250,642238,152073,296846,486758,618.8950032786886,4.032419672131148
1658256186676,34.246002,0.15517241,0.04761905,0.25,0.3478261,0.2,0.13636364,0.08695652,0.045454547,0.045454547,46.9,46.600002,45.600002,46.300003,45.600002,45.600002,44.600002,45.600002,45.300003,46.300003,45.9,45.300003,4013804,-1284485,1075200,1075200,1075200,1075200,1075200,1075200,652800,1401600,724,53,54,798,30,33,399,70,57,293,88,79,162,35,74,359,89,116,55,70,168,170,113,187,713784,95618,98647,795721,32091,36157,567328,171064,130483,379129,229172,248358,143257,102767,533933,372214,164560,390013,70312,228227,646419,159589,272309,516262,621.3513385335414,4.486240249609985
1658256187681,34.322002,0.15254237,0.08695652,0.27272728,0.33333334,0.15,0.045454547,0.04761905,0.16666667,0.045454547,46.9,46.600002,46.300003,46.300003,45.9,45.600002,45.300003,46.300003,45.600002,46.300003,45.9,45.300003,4013998,-1256714,1075200,1075200,1075200,1075200,1075200,1075200,652800,1401600,677,42,55,841,30,33,398,67,63,379,68,83,111,22,77,398,64,110,49,66,164,182,103,187,637991,72189,203656,747459,36336,51623,525172,167883,162373,392435,170080,239779,133383,55196,609393,345719,128482,431081,65799,235850,617699,194098,255491,505225,620.9007603305786,4.060138842975206
1658256188724,34.386,0.14673913,0.04347826,0.23809524,0.39130434,0.2173913,0.125,0.045454547,0.083333336,0.04347826,46.9,46.9,46.300003,46.600002,46.300003,45.9,45.300003,45.9,45.9,45.9,46.300003,45.300003,4012441,-1204224,1075200,1075200,1075200,1075200,1075200,1075200,652800,1401600,568,43,62,805,34,49,407,72,64,596,75,76,201,49,68,106,37,60,56,84,172,221,104,179,641483,90785,237883,785593,46166,61779,573548,159679,155593,545829,153431,164694,212921,101116,498140,152935,97071,612713,76988,224263,683783,241677,242421,494978,617.2062791461411,4.033103448275862
1658256189762,34.465,0.16,0.045454547,0.25,0.4,0.27272728,0.09090909,0.045454547,0.04761905,0.045454547,46.9,47.300003,46.300003,46.600002,46.300003,45.9,45.300003,46.300003,46.300003,46.600002,46.300003,45.600002,3994145,-1289673,1075200,1075200,1075200,1075200,1075200,1075200,652800,1401600,661,56,68,862,44,44,391,69,57,456,86,91,128,18,63,335,80,91,70,82,182,165,116,183,695399,94328,181353,800645,57810,49467,570900,174517,127945,476849,184200,233991,119760,40273,653939,335831,143443,476972,100143,239668,671651,186249,295877,492265,616.7035993740219,4.3916118935837245
1658256190774,34.526,0.2626728,0.25,0.44444445,0.46666667,0.30769232,0.115384616,0.22222222,0.115384616,0.14814815,47.600002,47.300003,46.600002,46.600002,46.600002,46.300003,45.9,46.600002,46.300003,46.600002,46.600002,45.9,4007381,-1278077,1075200,1075200,1075200,1075200,1075200,1075200,652800,1401600,703,53,58,759,26,32,374,54,46,410,76,93,118,42,66,363,82,111,104,96,145,225,93,185,715760,97833,84772,772207,45107,45211,546446,140205,127833,409360,169553,257064,115684,137808,532530,370224,166579,354085,120553,277115,530861,231433,240620,463950,619.4909721362228,4.326588235294118
1658256191826,34.605003,0.2682927,0.08,0.29166666,0.4074074,0.18181819,0.7826087,0.12,0.18518518,0.11111111,47.9,47.9,47.300003,47.9,47.600002,46.9,46.600002,46.9,46.9,47.300003,47.300003,46.300003,4005434,-1349183,1075200,1075200,1075200,1075200,1075200,1075200,652800,1401600,705,48,52,793,23,35,374,69,57,347,71,86,229,28,87,164,22,49,243,130,149,212,106,203,660958,65707,152709,730061,38344,48317,441363,190995,158654,398312,162342,264908,210019,45290,510662,142877,40707,556417,218208,298786,430782,208042,240161,506418,618.1427100775194,4.068018604651163
1658256192872,34.682003,0.14634146,0.07692308,0.25,0.39285713,0.23076923,0.0,0.04,0.04,0.03846154,48.300003,48.300003,47.600002,47.600002,47.600002,47.600002,47.300003,47.600002,47.9,47.9,47.600002,46.9,3995119,-1373597,1075200,1075200,1075200,1075200,1075200,1075200,652800,1401600,717,44,67,850,32,42,343,71,46,354,72,70,168,37,65,181,35,64,242,143,139,263,125,195,686266,88472,157015,783241,44272,39512,514770,176799,100079,357610,152764,187997,165694,82431,389831,170387,84123,473988,244408,284930,391148,229657,272398,465209,618.6926139534884,4.3112682170542636
1658256193929,34.745003,0.14009662,0.03846154,0.28,0.36,0.25,0.074074075,0.07692308,0.11111111,0.04,48.300003,48.300003,47.600002,47.300003,47.300003,46.9,46.600002,46.600002,46.9,47.300003,47.300003,46.600002,4000763,-1289673,1075200,1075200,1075200,1075200,1075200,1075200,652800,1401600,559,43,57,759,42,52,421,75,56,272,97,89,155,46,88,180,33,54,251,124,140,139,112,191,631041,77133,253687,774049,64611,59959,580924,185194,121234,341941,244539,309650,190879,103836,643799,173645,73242,592460,195480,291280,471519,149243,315417,544468,619.2094521452145,3.9409108910891093
1658256194931,34.819,0.15606937,0.045454547,0.3,0.39130434,0.1904762,0.04761905,0.04761905,0.09090909,0.125,48.600002,47.9,47.600002,47.300003,46.9,47.300003,46.600002,47.600002,46.9,47.9,47.600002,46.600002,4001542,-1209412,1075200,1075200,1075200,1075200,1075200,1075200,652800,1401600,579,34,65,895,31,29,392,70,54,244,92,89,312,83,119,125,24,45,115,94,146,145,108,182,611870,53121,274343,780661,33980,34554,545397,180233,144173,297318,242167,307302,334513,160380,396494,135118,56144,623703,115308,296150,533171,170063,263387,520085,621.8842414355629,4.112965742251223
1658256195944,34.885002,0.15730338,0.0,0.3,0.39130434,0.3043478,0.0,0.045454547,0.045454547,0.04347826,48.600002,48.600002,48.300003,48.300003,47.9,47.9,47.600002,47.9,48.300003,48.300003,47.9,47.600002,3992199,-1397095,1075200,1075200,1075200,1075200,1075200,1075200,652800,1401600,847,21,40,903,21,16,397,68,64,340,71,88,381,49,91,180,36,64,119,102,130,227,96,209,750549,37934,110173,797859,35241,15267,539266,150939,149509,398128,145488,250249,326523,93068,489944,185586,78955,555417,128353,284317,460694,238777,198272,494169,618.5513725490196,3.983529411764706
1658256196995,34.958,0.18817204,0.0,0.3181818,0.375,0.2173913,0.2,0.045454547,0.18181819,0.045454547,48.600002,48.600002,47.9,47.600002,47.300003,47.600002,46.9,47.600002,47.300003,47.9,47.600002,47.300003,4006213,-1288147,1075200,1075200,1075200,1075200,1075200,1075200,652800,1401600,614,50,77,831,34,56,371,83,61,316,83,84,206,39,82,157,20,65,94,97,148,111,126,183,667834,77997,222359,777460,40709,66199,521295,210190,164582,387670,192981,264094,223767,94212,650107,155887,53312,671224,110772,276214,602033,117157,342555,551967,617.3335510204082,3.963729984301413
1658256198007,35.023003,0.08888889,0.045454547,0.045454547,0.13043478,0.04761905,0.09090909,0.0952381,0.083333336,0.09090909,48.9,48.9,48.300003,48.600002,48.300003,48.600002,47.9,48.300003,48.300003,48.600002,48.300003,47.300003,3986944,-1328736,1075200,1075200,1075200,1075200,1075200,1075200,652800,1401600,1004,31,24,903,14,21,412,70,60,369,74,91,168,33,76,360,54,80,161,120,127,280,95,216,843271,35452,33008,841433,17727,20329,542944,161756,142926,392220,175184,255074,188907,50615,533110,305804,92105,423025,164064,318756,397656,278516,192744,493524,272.77624595469257,1.717346278317152
1658256199022,35.098003,0.033333335,0.071428575,0.037037037,0.0,0.0,0.0,0.07692308,0.03846154,0.0,47.300003,47.300003,47.300003,47.300003,47.300003,47.300003,46.9,47.300003,47.300003,47.9,46.600002,46.300003,4094967,-199279,1075200,1075200,1075200,1075200,1075200,1075200,652800,1401600,625,44,48,648,26,39,335,52,93,222,40,74,316,33,84,136,16,63,66,45,114,175,68,143,670891,75512,140257,657335,45992,171509,335515,112044,403296,252018,86573,492060,295412,73374,441447,160911,37402,551840,67094,113034,720721,159919,133002,597609,-1.0,-1.0
1658256200042,35.162003,0.038251366,0.083333336,0.0,0.04347826,0.04347826,0.04347826,0.08695652,0.0,0.0,45.600002,45.600002,44.9,45.300003,45.300003,45.300003,45.300003,45.300003,45.600002,45.600002,44.9,44.600002,4092048,-284424,1075200,1075200,1075200,1075200,1075200,1075200,652800,1401600,367,18,67,278,8,47,99,27,90,128,48,96,119,26,86,46,16,51,9,0,75,22,36,54,418338,35207,488244,391316,27234,544968,107513,58373,796534,136839,128482,666561,122794,77695,753507,49886,53663,745826,19896,0,918833,18959,99983,870420,-1.0,-1.0
1658256201083,35.206,0.041450776,0.0,0.0,0.08,0.083333336,0.12,0.04,0.0,0.0,44.9,44.600002,44.300003,44.300003,44.600002,44.600002,44.600002,44.600002,44.9,44.9,44.300003,43.9,4094578,-166015,1075200,1075200,1075200,1075200,1075200,1075200,652800,1401600,313,21,89,174,9,56,161,18,91,142,22,91,113,17,92,113,5,57,26,7,77,30,5,49,309216,43593,592925,240984,15466,742007,127073,35702,822327,98326,55214,819231,125362,39356,784350,98520,9376,787104,21050,11396,956990,24938,9432,928020,-1.0,-1.0
1658256202129,35.243,0.19354838,0.0,0.39130434,0.45833334,0.12,0.08695652,0.13043478,0.2173913,0.13043478,44.600002,43.9,43.600002,43.9,43.9,43.9,43.600002,43.9,43.9,43.9,43.600002,43.600002,4101974,-177612,1075200,1075200,1075200,1075200,1075200,1075200,652800,1401600,292,20,70,290,5,68,183,34,66,115,14,45,80,10,35,127,25,65,90,2,29,88,19,54,416397,33686,445219,384495,9284,517670,125300,76252,709953,79037,38260,768091,66382,27198,712242,112965,70873,732500,39308,11317,910459,52338,48067,806373,109.47231735537191,1.6622413223140495
1658256203129,35.260002,0.16763006,0.04347826,0.47368422,0.375,0.0,0.0,0.09090909,0.23809524,0.0952381,46.300003,45.9,45.600002,45.9,45.600002,45.600002,45.300003,45.9,45.9,46.600002,45.300003,44.9,4001542,-1372681,1075200,1075200,1075200,1075200,1075200,1075200,652800,1401600,949,22,36,863,15,19,478,51,63,404,73,89,300,42,89,305,33,78,195,59,153,477,89,195,711983,42349,79890,695205,21332,26268,420402,118284,194976,345365,145693,316655,202985,82188,465936,220128,62112,412069,159452,130526,551247,319218,122989,382276,779.7398421052633,5.027210526315789
1658256204170,35.297,0.1741573,0.045454547,0.4,0.39130434,0.083333336,0.08695652,0.125,0.18181819,0.13043478,47.300003,47.600002,46.600002,46.9,46.600002,46.600002,46.300003,47.300003,47.300003,47.300003,46.600002,45.9,3971373,-1539918,1075200,1075200,1075200,1075200,1075200,1075200,652800,1401600,594,60,86,636,36,32,395,60,68,259,79,114,312,63,124,132,17,68,335,73,237,669,85,285,655889,88801,232148,692487,40031,41294,503460,135332,189674,279512,193033,473220,315814,134041,485360,138002,59135,673519,269936,140991,536827,394937,112853,462903,1249.4691600633914,7.14340412044374
1658256205188,35.331,0.1724138,0.09090909,0.4090909,0.33333334,0.0,0.13636364,0.08695652,0.33333334,0.0952381,48.300003,48.300003,47.300003,47.600002,47.300003,47.300003,46.9,47.300003,47.300003,47.9,47.300003,46.600002,4002320,-1364747,1075200,1075200,1075200,1075200,1075200,1075200,652800,1401600,675,40,66,692,14,23,430,47,66,342,72,87,260,43,93,298,52,84,346,75,223,547,77,260,697170,68154,134564,708816,24971,29112,512719,98513,166029,338563,125276,393262,269646,92202,534638,283240,93555,414297,286899,138192,428238,336727,120571,426473,950.2458466557912,5.916084828711257
1658256206225,35.375,0.12021858,0.0,0.36363637,0.3043478,0.0,0.08695652,0.0,0.16666667,0.08695652,49.300003,48.600002,48.300003,47.9,48.300003,48.300003,47.600002,48.600002,47.9,48.600002,48.300003,47.300003,3982273,-1505433,1075200,1075200,1075200,1075200,1075200,1075200,652800,1401600,750,24,32,813,10,16,429,76,69,406,79,113,143,31,79,356,65,124,269,71,201,577,86,241,845577,36781,75694,841269,12691,19168,526539,166607,149642,384943,158408,398955,147681,46033,633037,372392,111591,418138,264905,135615,427737,413744,121978,415240,929.7802926829269,5.453684552845528
1658256207258,35.446003,0.14507772,0.041666668,0.375,0.36,0.0,0.12,0.0,0.13043478,0.125,48.9,49.300003,48.600002,48.600002,48.9,48.300003,47.9,48.600002,47.9,48.600002,48.300003,47.600002,3973125,-1466981,1075200,1075200,1075200,1075200,1075200,1075200,652800,1401600,491,56,79,711,25,44,374,82,74,329,81,136,130,41,72,67,16,61,321,89,205,432,94,221,581737,104645,291026,812239,34311,49560,482229,202464,200153,384330,134547,457037,141225,91609,606171,81012,49665,744902,323198,189841,462183,364856,168623,453404,900.0624124031008,5.978294573643411
1658256208316,35.497,0.21142857,0.09090909,0.3809524,0.4090909,0.09090909,0.13043478,0.04761905,0.33333334,0.13636364,49.600002,49.600002,48.600002,48.9,48.9,48.600002,48.300003,48.9,48.9,49.600002,48.600002,47.9,3995702,-1427308,1075200,1075200,1075200,1075200,1075200,1075200,652800,1401600,607,49,43,741,17,32,396,64,63,209,40,106,41,3,11,105,14,36,403,91,228,742,110,225,652671,125478,162198,777487,21958,49460,463985,132334,185196,217265,69252,666322,41335,7540,248612,94453,24219,609858,338245,121991,420000,429202,127821,348700,916.5365421487603,5.648555371900827
1658256209355,35.557003,0.20224719,0.045454547,0.5217391,0.5652174,0.045454547,0.18181819,0.04347826,0.17391305,0.13636364,50.300003,49.9,49.600002,49.600002,49.300003,48.9,48.600002,49.600002,49.300003,49.9,49.300003,48.600002,3985192,-1347046,1075200,1075200,1075200,1075200,1075200,1075200,652800,1401600,697,22,23,790,7,13,381,86,75,274,65,106,194,47,63,115,19,71,405,91,187,643,95,262,818471,37769,72908,817213,12977,15057,457188,212324,174242,252009,123056,544797,193169,123019,523664,131137,34626,774694,326376,150691,347709,421250,133865,376246,943.6608844884489,6.059353135313532
1658256210392,35.618,0.19444445,0.09090909,0.4347826,0.36363637,0.0,0.09090909,0.16666667,0.2173913,0.17391305,50.600002,50.300003,49.300003,49.600002,49.300003,49.600002,48.9,49.9,49.300003,50.300003,49.300003,48.600002,3991226,-1468506,1075200,1075200,1075200,1075200,1075200,1075200,652800,1401600,648,58,79,696,25,34,396,77,55,175,43,92,116,36,55,196,24,82,331,100,228,547,98,232,607873,100236,250545,740105,45534,52005,512042,195628,106081,178661,103335,697951,111619,101091,642836,161072,62956,757552,300499,183862,457250,404360,143014,395088,955.8002885245901,5.542767213114755
1658256211412,35.696003,0.2,0.12,0.39130434,0.33333334,0.115384616,0.04347826,0.15384616,0.1923077,0.16666667,50.600002,50.600002,49.600002,49.600002,49.9,49.600002,49.300003,49.9,49.9,50.300003,49.600002,48.600002,3987528,-1496583,1075200,1075200,1075200,1075200,1075200,1075200,652800,1401600,667,45,65,754,14,28,366,68,61,353,71,100,163,39,84,294,63,98,273,91,211,444,84,224,727875,61725,135806,787413,21312,38295,475116,155049,159320,309156,144400,477167,176198,90082,578944,310354,111670,445900,290509,175094,433613,342048,143912,436586,933.6247950310559,5.7647701863354035
1658256212444,35.757,0.26704547,0.13636364,0.36842105,0.5416667,0.45454547,0.0952381,0.09090909,0.3043478,0.14285715,50.9,50.9,49.9,49.9,49.600002,49.600002,49.300003,49.9,49.9,49.9,49.9,48.9,3989669,-1373292,1075200,1075200,1075200,1075200,1075200,1075200,652800,1401600,753,40,45,793,15,26,400,70,67,344,53,112,224,37,80,246,55,92,273,85,204,412,84,229,748977,59028,110450,812617,19625,35356,518316,135532,152045,314105,79637,547989,236353,60908,619191,233356,115244,484212,288212,173168,436161,334786,150396,435586,929.07425,5.6191
1658256213451,35.818,0.21287128,0.04347826,0.41666666,0.44,0.041666668,0.125,0.1923077,0.23076923,0.1923077,50.9,50.9,49.9,50.300003,50.300003,49.9,49.600002,50.300003,49.600002,50.600002,49.9,49.600002,3985776,-1449280,1075200,1075200,1075200,1075200,1075200,1075200,652800,1401600,681,49,68,740,23,26,361,63,66,287,86,108,119,15,50,218,33,102,264,84,193,414,86,228,675281,93475,158630,756777,31999,34639,480707,132338,154220,312922,156731,374550,102067,33042,717775,235172,81238,617048,277083,176092,430420,348458,139245,446635,930.640464516129,5.961754838709678
1658256214463,35.885002,0.2195122,0.083333336,0.44444445,0.4827586,0.1923077,0.115384616,0.07692308,0.32142857,0.12,51.600002,51.300003,50.600002,50.600002,50.300003,50.300003,50.300003,50.600002,50.600002,51.300003,50.300003,49.600002,4002125,-1440430,1075200,1075200,1075200,1075200,1075200,1075200,652800,1401600,719,44,56,742,9,24,362,77,74,250,55,106,118,34,67,350,87,105,272,99,203,408,89,224,716865,72991,131098,813344,11409,35097,454191,157688,192821,230892,115071,606370,126571,101316,611600,384084,144185,356770,281193,187814,445170,335696,154913,432200,929.8670163934427,5.79687868852459
1658256215476,35.959003,0.29142857,0.13636364,0.35,0.5217391,0.47826087,0.27272728,0.13636364,0.26086956,0.18181819,51.300003,51.300003,50.600002,50.300003,50.300003,49.9,50.300003,50.9,50.600002,51.300003,50.300003,49.300003,3986749,-1362916,1075200,1075200,1075200,1075200,1075200,1075200,652800,1401600,721,35,53,714,14,22,336,75,64,481,89,117,104,20,59,205,35,98,231,99,176,424,82,225,708951,67174,124048,773141,23497,33752,458581,181453,148590,483042,139115,251229,117475,44743,661099,222217,90302,612100,246997,204400,388763,347605,127997,439804,933.5224514003295,5.3900757825370675
1658256216510,36.030003,0.25862068,0.0,0.47826087,0.5,0.27272728,0.15,0.17391305,0.26086956,0.22727273,51.600002,51.600002,50.9,51.300003,51.300003,51.300003,50.9,51.300003,51.300003,51.9,50.600002,49.9,3981105,-1434937,1075200,1075200,1075200,1075200,1075200,1075200,652800,1401600,736,57,68,776,27,30,404,76,60,179,34,83,94,15,57,376,84,118,248,92,196,486,96,224,720732,95378,139926,793588,39160,32892,489172,162487,139555,153368,90190,601485,91404,46406,695031,396181,121132,280382,277220,183908,436052,383694,162177,413344,931.1893333333333,5.628874418604651
1658256217536,36.095,0.19883041,0.04761905,0.4090909,0.41666666,0.1904762,0.13636364,0.13636364,0.22727273,0.14285715,51.9,51.600002,50.9,51.300003,51.300003,51.300003,50.9,51.600002,50.9,51.9,50.9,50.300003,3986360,-1499634,1075200,1075200,1075200,1075200,1075200,1075200,652800,1401600,605,44,62,786,22,29,440,56,49,197,50,88,214,22,60,147,18,45,218,108,211,520,94,237,654141,96758,179470,750225,30128,39486,532692,123175,100460,214292,113407,550605,179416,41158,630615,126196,25057,451111,224367,201501,468527,393712,113741,402007,928.5908292682926,5.401131707317073
1658256218576,36.155003,0.20710059,0.04761905,0.4,0.23809524,0.22727273,0.04761905,0.18181819,0.33333334,0.05263158,51.9,51.300003,50.9,50.9,50.9,50.9,50.300003,51.600002,50.9,51.600002,50.600002,49.9,3979353,-1335450,1075200,1075200,1075200,1075200,1075200,1075200,652800,1401600,743,27,32,830,12,12,466,58,62,213,49,91,233,45,75,180,22,78,230,110,203,597,115,202,812832,48731,75447,835852,15361,14530,561445,124291,137269,216384,103825,598804,206915,80119,599652,159806,33016,678948,240017,230286,453427,392162,158818,358050,928.0627347611203,6.132823723228995
1658256219598,36.230003,0.22404371,0.0952381,0.4090909,0.27272728,0.17391305,0.08695652,0.13043478,0.42307693,0.24,51.9,51.9,51.300003,51.300003,51.300003,51.300003,51.300003,51.9,51.9,51.9,51.300003,50.300003,3983440,-1432801,1075200,1075200,1075200,1075200,1075200,1075200,652800,1401600,703,58,55,721,20,29,443,70,80,173,27,67,252,28,60,72,12,58,206,104,188,441,93,213,752655,90092,83206,800883,25723,35954,549634,139303,151861,148601,53595,709234,204188,62090,699684,82605,28442,750980,218137,222079,432101,385893,166906,391160,933.1906988727858,5.104541062801932
1658256220622,36.301003,0.26020408,0.16,0.4,0.375,0.32,0.125,0.125,0.36,0.20833333,52.300003,52.300003,51.300003,51.600002,51.300003,51.300003,51.300003,51.600002,51.9,51.9,51.300003,50.300003,3977017,-1783753,1075200,1075200,1075200,1075200,1075200,1075200,652800,1401600,677,40,66,745,22,28,380,89,77,240,58,96,429,88,100,113,15,67,264,85,184,432,80,211,687722,62994,186260,805039,35944,32422,477419,203345,178635,256445,112599,566132,386479,151397,354385,130415,28663,705568,289129,196402,406985,392110,149588,427610,932.3896352201258,5.695949685534591
1658256221649,36.368,0.17894737,0.125,0.4347826,0.27272728,0.125,0.0,0.08695652,0.13636364,0.1923077,52.600002,52.600002,51.9,51.9,51.600002,51.600002,51.300003,51.600002,51.9,52.300003,51.600002,50.600002,3968843,-1508790,1075200,1075200,1075200,1075200,1075200,1075200,652800,1401600,833,54,59,719,16,28,416,63,68,277,50,66,199,25,77,126,15,63,275,91,190,411,120,191,752322,76097,75666,788670,31872,42869,534978,151342,151240,227317,81637,579927,187639,53783,689971,127325,30313,737725,280269,192993,407506,351672,221479,356721,930.2598918918918,5.380934817170112
1658256222663,36.436,0.06214689,0.0,0.0,0.04347826,0.09090909,0.0,0.09090909,0.13043478,0.04347826,52.300003,51.9,51.300003,51.300003,51.300003,50.9,50.300003,50.9,50.9,51.300003,51.300003,50.300003,4026066,-1091919,1075200,1075200,1075200,1075200,1075200,1075200,652800,1401600,674,39,58,758,23,32,378,70,72,216,26,81,227,37,78,304,42,74,382,93,185,410,149,157,601188,60927,212936,755291,28803,45435,454114,145385,214613,183144,50206,607390,247837,80222,540285,292152,55839,418974,301940,167467,382875,320106,239532,360866,0.0026882067851373183,6.720516962843296E-4
1658256223692,36.507,0.01923077,0.0,0.0,0.0,0.074074075,0.07692308,0.0,0.037037037,0.0,49.9,49.600002,48.600002,49.600002,49.300003,49.600002,49.300003,49.600002,49.600002,49.9,48.300003,48.300003,4090101,-272827,1075200,1075200,1075200,1075200,1075200,1075200,652800,1401600,604,12,38,457,8,30,147,45,108,160,36,113,127,31,79,166,32,86,35,6,100,83,87,101,693423,23069,240010,660020,13968,288156,159221,113734,664563,171078,86680,659224,108958,92414,697060,171631,87477,570458,54036,7295,831430,93917,230488,623916,-1.0,-1.0
1658256224713,36.544003,0.2460733,0.24,0.27272728,0.17391305,0.28,0.24,0.33333334,0.125,0.30769232,47.9,47.9,47.600002,47.9,47.9,47.9,47.600002,47.600002,47.9,47.9,47.600002,47.300003,4051953,-635681,1075200,1075200,1075200,1075200,1075200,1075200,652800,1401600,312,9,74,158,9,57,81,19,75,134,17,89,112,13,49,103,35,73,1,0,66,18,11,30,282230,16001,659019,244146,24179,708738,79824,49048,793137,112540,45857,808134,71754,36473,740858,117145,95185,746605,0,0,987024,12283,30891,947346,-1.0,-1.0
1658256225710,36.588,0.3655914,0.3478261,0.27272728,0.3478261,0.375,0.52,0.5,0.18181819,0.3478261,47.600002,47.9,47.300003,47.600002,47.600002,47.300003,47.300003,47.600002,47.300003,47.600002,46.9,46.600002,4089323,-243225,1075200,1075200,1075200,1075200,1075200,1075200,652800,1401600,498,7,40,297,16,35,152,37,79,145,25,74,179,19,80,190,22,62,199,18,96,96,18,61,455748,8354,417303,388890,29296,420840,122305,87699,624348,104773,52910,569922,137639,37090,581892,125357,41179,644305,89746,29376,670092,73711,24766,680055,-1.0,-1.0
1658256226734,36.608,0.27748692,0.2,0.36363637,1.0,0.125,0.0,0.125,0.12,0.3043478,47.9,47.600002,47.300003,47.9,47.9,47.9,47.9,47.600002,48.300003,48.600002,46.9,46.600002,4026650,-1063233,1075200,1075200,1075200,1075200,1075200,1075200,652800,1401600,559,5,46,612,8,55,260,22,32,237,19,47,134,12,32,104,12,37,184,21,61,224,35,63,373492,11558,500743,383298,13835,472151,174306,43686,669487,146587,36910,812822,76936,29024,662678,75788,16950,697692,124931,34510,863132,125147,46079,725185,443.42379388083737,5.5564057971014496
1658256227769,36.622,0.6934673,1.0,1.0,1.0,0.6086956,0.5,0.75,0.46153846,0.16666667,49.300003,49.600002,48.600002,48.9,48.9,48.600002,48.600002,48.9,49.300003,49.600002,48.600002,47.9,3983830,-1440125,1075200,1075200,1075200,1075200,1075200,1075200,652800,1401600,680,41,48,593,29,34,63,1,1,445,55,103,286,36,112,206,37,75,629,59,198,3317,34,98,637076,63186,110936,648686,48371,41127,55730,5072,3870,390265,83185,351504,266710,66026,570342,183041,78059,540771,203018,127387,545469,433359,84435,268644,867.4915224806201,7.540986046511628
1658256228841,36.656002,0.45714286,0.4090909,0.6363636,1.0,0.27272728,0.5,0.25,0.3181818,0.33333334,51.300003,50.9,50.300003,50.600002,49.9,49.9,49.300003,49.600002,49.9,50.300003,49.9,48.9,3993951,-1455079,1075200,1075200,1075200,1075200,1075200,1075200,652800,1401600,334,29,39,248,13,19,3,0,0,292,43,63,346,42,72,218,38,80,438,70,327,2305,43,125,309930,51697,101940,288417,20382,34354,5625,0,0,236976,67092,197491,282527,62875,251802,217238,72403,342848,285427,86358,537141,421536,52247,388086,868.0780096930533,6.7584620355411955
1658256229877,36.7,0.424581,0.33333334,0.75,1.0,0.18181819,0.2857143,0.13636364,0.2173913,0.5,51.300003,51.300003,50.9,51.300003,50.9,50.600002,49.9,50.9,50.600002,51.300003,50.300003,49.600002,3990447,-1417542,1075200,1075200,1075200,1075200,1075200,1075200,652800,1401600,505,25,42,412,11,17,0,0,0,288,60,64,293,48,87,222,27,84,352,78,245,2820,15,96,448587,39877,104601,468300,15921,20883,0,0,0,263684,93222,230472,255417,81502,298148,212250,51453,429680,302192,116897,413668,421818,12963,190747,992.7527741935485,7.698167741935484
1658256230872,36.743,0.61621624,0.39130434,0.65,1.0,0.36,1.0,0.9130435,0.33333334,0.3043478,51.9,51.9,51.600002,51.600002,51.300003,50.600002,50.300003,51.300003,50.9,51.9,50.9,49.9,3984997,-1473084,1075200,1075200,1075200,1075200,1075200,1075200,652800,1401600,570,19,32,432,8,12,0,0,0,242,47,80,283,49,71,291,47,82,338,73,216,3494,23,66,453111,36645,62198,463127,11190,15465,0,0,0,213540,78226,374153,255275,99532,326126,239239,94348,378556,280195,135865,423277,436932,30787,113602,1084.2045519379844,7.8637147286821705
1658256231915,36.794003,0.44198895,0.4347826,0.54545456,1.0,0.3181818,0.1904762,0.29166666,0.33333334,0.45454547,52.600002,52.600002,52.300003,51.9,52.300003,51.600002,51.300003,51.9,52.300003,52.9,51.600002,50.9,3988696,-1468201,1075200,1075200,1075200,1075200,1075200,1075200,652800,1401600,569,20,14,479,7,17,0,0,0,319,65,89,97,15,35,121,15,29,351,92,225,3245,20,110,501260,30260,20797,534878,8704,22615,0,0,0,255382,127777,274480,103752,31806,181474,107845,36358,204691,287799,153412,411182,454763,22568,213699,1007.1790846394985,7.667811912225705
1658256232958,36.855003,0.44270834,0.36,0.7083333,1.0,0.13636364,0.33333334,0.36363637,0.32142857,0.32,52.9,52.600002,52.600002,52.600002,52.300003,52.300003,51.300003,52.300003,51.9,52.600002,51.600002,50.9,3973514,-1499024,1075200,1075200,1075200,1075200,1075200,1075200,652800,1401600,607,23,47,435,19,12,0,0,0,267,45,70,224,34,71,260,52,81,407,82,243,3237,13,89,551169,26877,134506,479726,31230,13697,0,0,0,231287,86898,264371,194781,60628,307807,232923,120110,336003,299078,123751,411252,434940,7481,194043,1011.6686502463054,7.900742200328408
1658256233978,36.919003,0.4117647,0.35,0.5,1.0,0.27272728,0.3043478,0.14285715,0.3181818,0.47619048,53.300003,53.300003,52.9,52.300003,52.600002,52.600002,51.600002,52.9,51.9,53.300003,51.9,51.300003,3981689,-1481934,1075200,1075200,1075200,1075200,1075200,1075200,652800,1401600,518,28,32,431,13,11,0,0,0,275,42,79,270,40,82,247,38,60,340,79,252,3309,17,79,495719,39781,71179,513691,21174,11848,0,0,0,223727,77432,343322,241521,59411,341702,204108,70285,363622,268261,138863,436987,433034,12116,188339,1031.1774392220423,7.66807131280389
1658256234982,36.977,0.47,0.44,0.6666667,1.0,0.44,0.15384616,0.45833334,0.22222222,0.36,54.300003,53.600002,53.300003,52.9,52.600002,52.600002,51.9,53.300003,52.9,53.300003,52.300003,51.600002,3975266,-1580811,1075200,1075200,1075200,1075200,1075200,1075200,652800,1401600,538,18,29,508,8,10,0,0,0,269,69,101,212,34,81,252,41,80,403,54,222,3484,12,66,504921,26793,86933,572041,10103,14341,0,0,0,276373,156393,349105,208095,68053,353973,206862,68326,373210,329566,97184,407496,447889,4796,152697,1034.5768988764046,7.961733547351526
1658256236010,37.034,0.46327683,0.5,0.6818182,1.0,0.3181818,0.3181818,0.27272728,0.2173913,0.39130434,53.600002,53.9,53.300003,53.300003,53.300003,52.9,52.300003,52.9,52.600002,53.9,52.600002,51.9,3976433,-1488953,1075200,1075200,1075200,1075200,1075200,1075200,652800,1401600,575,30,46,473,8,12,0,0,0,277,56,85,159,23,61,291,58,69,422,65,270,3323,18,81,500023,53657,132968,543483,13591,18355,0,0,0,247717,113449,300115,132502,49471,476669,255524,117741,203271,362621,104810,429303,425599,30921,164682,1058.3547122861585,7.926494556765164
1658256237051,37.095,0.4874372,0.72,0.61538464,1.0,0.4,0.32,0.24,0.26923078,0.36,54.300003,54.300003,53.600002,53.600002,53.600002,53.300003,52.600002,53.600002,53.300003,53.9,52.9,52.300003,3976239,-1484070,1075200,1075200,1075200,1075200,1075200,1075200,652800,1401600,607,26,37,445,19,14,0,0,0,335,51,75,223,32,64,239,34,77,362,80,277,2779,21,77,453847,34392,84157,471945,32697,25616,0,0,0,251579,97973,352294,176373,41242,368697,230691,72505,448834,294686,125203,481675,398370,32765,205477,1015.8987626841243,8.136641571194764
1658256238083,37.159,0.5082873,0.5652174,0.71428573,1.0,0.54545456,0.36363637,0.5217391,0.17391305,0.20833333,54.600002,54.600002,53.9,54.300003,53.600002,53.300003,52.9,53.600002,53.600002,54.300003,52.9,52.300003,3974876,-1517640,1075200,1075200,1075200,1075200,1075200,1075200,652800,1401600,422,37,45,390,10,14,0,0,0,316,58,79,225,27,59,255,41,75,396,58,249,2299,17,98,329926,59702,115372,455294,16224,23847,0,0,0,272621,96790,220845,177373,42281,333376,239638,67810,392424,304876,103653,436265,340958,16128,272331,1003.675015576324,8.025719626168224
1658256239124,37.227,0.5609756,0.4,0.76,1.0,0.42307693,0.8076923,0.33333334,0.33333334,0.4814815,54.600002,54.600002,54.300003,53.9,53.9,53.9,52.9,54.300003,53.600002,54.600002,53.300003,52.600002,3984608,-1475831,1075200,1075200,1075200,1075200,1075200,1075200,652800,1401600,349,25,41,363,12,10,0,0,0,265,47,87,234,35,54,196,25,52,450,83,268,1523,27,138,335614,40063,101441,456953,21637,13384,0,0,0,225140,91747,254948,215418,81190,249253,163820,46068,229022,340180,106414,418701,299670,34672,361328,1000.2187454844006,8.16457142857143
1658256240166,37.281002,0.6138614,0.3846154,0.68,1.0,0.84615386,0.8076923,0.45833334,0.23076923,0.41666666,55.300003,55.600002,54.600002,54.300003,54.600002,53.9,53.600002,55.300003,54.300003,56.300003,53.9,52.600002,3973903,-1631470,1075200,1075200,1075200,1075200,1075200,1075200,652800,1401600,400,17,23,385,4,8,0,0,0,297,55,68,179,44,54,311,30,70,450,60,216,1622,11,99,304186,34954,70403,465555,8305,9320,0,0,0,258151,89374,126250,177608,92838,216726,225634,46403,394672,281350,83402,357566,259918,8009,311872,991.6653627760252,7.33597476340694
1658256241234,37.345,0.53723407,0.88,0.77272725,1.0,0.28,0.6956522,0.24,0.18181819,0.32,55.300003,55.300003,54.9,54.9,54.9,54.300003,53.600002,55.300003,54.300003,55.9,53.9,53.300003,3971567,-1510621,1075200,1075200,1075200,1075200,1075200,1075200,652800,1401600,258,16,27,301,7,9,0,0,0,232,29,36,199,31,38,237,45,56,457,83,242,1726,17,85,195026,24572,72592,364967,11861,15963,0,0,0,150287,38183,66255,177682,57542,135512,195624,81182,188612,341505,119446,397392,281426,25980,179523,1075.4067441130296,8.573513343799059
1658256242268,37.406002,0.4566474,0.42857143,0.6363636,1.0,0.77272725,0.23809524,0.0952381,0.0952381,0.2857143,55.9,55.600002,55.300003,54.9,54.9,54.9,54.300003,54.9,54.9,55.600002,54.300003,53.300003,3977407,-1568909,1075200,1075200,1075200,1075200,1075200,1075200,652800,1401600,385,19,15,381,7,6,0,0,0,283,41,76,271,38,55,279,49,79,474,65,216,1878,26,96,319773,20682,28949,439534,10316,7510,0,0,0,233022,71831,281713,223756,44564,314197,221139,107927,252986,296697,99769,368411,325118,24667,243403,1109.1471344262295,8.161704918032786
1658256243276,37.456,0.46629214,0.1904762,0.73913044,1.0,0.45454547,0.33333334,0.3478261,0.18181819,0.5,55.600002,55.600002,55.300003,54.600002,54.600002,54.300003,53.600002,54.9,54.300003,55.300003,53.9,53.300003,3981494,-1540833,1075200,1075200,1075200,1075200,1075200,1075200,652800,1401600,431,21,27,403,11,13,0,0,0,227,40,70,145,30,51,205,37,72,343,72,229,2741,16,69,371644,26125,47549,518015,21960,22993,0,0,0,219154,67927,236381,127345,60668,253135,166923,92626,413675,242953,132619,441251,373061,8046,214890,1141.1061863354037,7.727602484472049
1658256244323,37.538002,0.5763547,0.56,0.68,1.0,0.44,0.5769231,0.6785714,0.25,0.3846154,55.9,55.600002,55.300003,55.300003,54.9,54.600002,53.9,54.600002,54.300003,54.9,54.300003,53.600002,3953077,-1552125,1075200,1075200,1075200,1075200,1075200,1075200,652800,1401600,550,40,59,360,15,15,0,0,0,290,57,63,228,29,60,205,43,63,458,75,247,2325,14,93,424711,73613,130232,412132,28030,21864,0,0,0,262005,98693,224782,188373,62708,353654,202647,80980,257721,297709,115400,459266,356883,21882,185922,1148.3435235109719,8.072526645768026
1658256245399,37.615,0.5346535,0.8,0.6666667,1.0,0.375,0.45833334,0.30769232,0.28,0.3846154,56.600002,56.300003,55.600002,55.9,55.9,55.600002,55.300003,55.9,55.600002,56.600002,54.9,53.9,3960279,-1626282,1075200,1075200,1075200,1075200,1075200,1075200,652800,1401600,527,14,21,343,8,10,0,0,0,428,51,54,222,32,51,186,36,53,443,64,224,1532,28,127,487877,29397,37941,467419,9319,11241,0,0,0,348753,70036,147648,190666,68131,237558,177674,51019,167396,280869,98768,382762,317459,35357,259048,1031.4037948717948,7.931230769230769
1658256246504,37.686,0.09039548,0.04761905,0.0,0.045454547,0.09090909,0.18181819,0.13043478,0.17391305,0.045454547,56.9,56.9,56.300003,56.600002,56.600002,56.300003,55.600002,56.600002,56.300003,57.300003,55.300003,54.300003,3955023,-1730653,1075200,1075200,1075200,1075200,1075200,1075200,652800,1401600,337,6,5,341,11,13,0,0,0,288,40,59,189,35,68,246,50,52,457,74,231,1457,35,104,228654,12074,8758,397844,20781,22608,0,0,0,219522,75000,271818,174248,61299,240228,206242,88411,268493,315795,123542,394302,268184,40588,240042,368.6270326797386,2.5173333333333336
1658256247527,37.744003,0.2947977,0.47368422,0.3478261,0.3478261,0.26086956,0.3478261,0.3,0.0952381,0.23809524,53.300003,53.600002,52.9,53.300003,53.600002,53.600002,53.300003,53.600002,53.600002,54.300003,52.300003,52.300003,4075893,-261230,1075200,1075200,1075200,1075200,1075200,1075200,652800,1401600,715,14,36,431,28,23,155,34,69,162,35,83,163,24,66,215,30,87,102,17,129,316,90,121,697577,20435,120837,702366,52206,86093,167943,75416,437711,179499,69224,519935,152536,52029,531349,208938,56238,539715,109751,33460,646036,98422,231993,516868,-1.0,-1.0
1658256248562,37.811,0.3989071,0.4347826,0.3043478,0.4347826,0.33333334,0.3043478,1.0,0.083333336,0.22727273,53.9,53.9,53.600002,54.300003,54.300003,54.300003,53.9,53.9,54.300003,54.9,51.600002,51.600002,4046697,-658264,1075200,1075200,1075200,1075200,1075200,1075200,652800,1401600,1071,8,49,1095,0,29,271,12,61,430,14,62,266,4,41,391,20,80,303,0,54,394,12,66,418882,14044,348828,406088,0,422726,235285,33320,552555,271615,20920,556040,203830,11555,578278,261154,45646,501563,265939,0,677849,232466,27963,627232,-1.0,-1.0
