1658277812421,39.034,0.11111111,0.04761905,0.14285715,0.09090909,0.0952381,0.20833333,0.0952381,0.13636364,0.1904762,48.9,48.9,48.600002,49.600002,49.300003,49.600002,49.600002,50.300003,50.600002,51.9,46.9,46.9,3858289,-651550,1075200,1075200,1075200,1075200,1075200,1075200,652800,1401600,1219021,29197,79641,1302257,32667,83729,658945,54985,116664,629032,56833,119348,498353,38336,99338,483688,36834,96994,624379,84220,152333,280938,23795,87249,930917218,60600392,797293704,993536624,63795573,784162267,553195755,118767142,1180084444,531259214,122872401,1187165937,412254159,81096155,1200084746,395316709,79675464,1153468652,425214075,168721543,1520829100,164094239,63003803,1319185759,-1.0,-1.0
1658277813412,39.028004,0.13690476,0.05,0.0952381,0.05,0.0952381,0.13636364,0.13636364,0.17391305,0.3478261,47.300003,47.600002,46.600002,46.9,46.9,46.9,46.9,47.300003,47.300003,47.9,46.300003,45.9,3876779,-370483,1075200,1075200,1075200,1075200,1075200,1075200,652800,1401600,639,0,0,941,0,0,388,44,89,273,37,90,330,48,84,242,33,88,58,10,52,95,6,65,756603,0,0,799781,0,0,309753,99882,363626,275001,65797,479240,298931,96963,403800,217812,72785,477044,60496,38912,716553,49120,19731,550174,-1.0,-1.0
1658277814408,39.028004,0.27567568,0.3043478,0.2857143,0.33333334,0.26086956,0.3478261,0.3478261,0.08695652,0.17391305,47.600002,47.9,47.300003,48.600002,47.9,47.9,47.9,48.300003,48.300003,49.300003,46.600002,46.9,3834348,-759888,1075200,1075200,1075200,1075200,1075200,1075200,652800,1401600,827,0,3,1011,4,19,758,8,19,584,12,14,543,11,17,543,4,15,319,1,12,288,3,16,705428,0,90702,751224,5145,59237,711990,19871,97951,706310,35606,78400,692887,31861,77520,702937,5887,140406,688412,3530,184672,541160,8089,176736,-1.0,-1.0
1658277815455,39.018,0.17307693,0.115384616,0.16,0.16,0.2962963,0.1923077,0.26923078,0.07692308,0.115384616,49.9,49.600002,48.9,49.9,50.300003,49.9,49.9,50.600002,50.600002,51.9,46.600002,47.300003,3849919,-691528,1075200,1075200,1075200,1075200,1075200,1075200,652800,1401600,766,0,0,876,0,0,673,18,28,670,16,40,609,12,35,488,18,41,749,36,137,347,23,62,465351,0,0,459891,0,0,363206,25016,66966,384351,24755,124838,336558,21318,126320,255231,29209,153200,450180,76196,283504,189682,54456,167279,-1.0,-1.0
1658277816574,39.007,0.22660099,0.2,0.25925925,0.28,0.23076923,0.26923078,0.16666667,0.115384616,0.31034482,47.9,47.9,47.600002,47.9,48.300003,48.300003,47.9,47.9,48.300003,48.300003,46.600002,46.300003,3868605,-411987,1075200,1075200,1075200,1075200,1075200,1075200,652800,1401600,872,0,0,968,0,0,586,42,75,560,41,77,503,27,63,355,27,63,414,35,121,319,29,105,752378,0,0,725169,0,0,294394,86682,327952,321705,77582,314643,248658,58240,368948,253468,46635,332403,307182,81258,518609,181707,82501,455288,-1.0,-1.0
1658277817665,38.997,0.09836066,0.0,0.13043478,0.045454547,0.13043478,0.13043478,0.20833333,0.0,0.083333336,47.9,47.9,47.600002,47.9,48.300003,48.300003,48.300003,47.9,47.9,48.300003,46.300003,46.600002,3871913,-641785,1075200,1075200,1075200,1075200,1075200,1075200,652800,1401600,805,0,0,903,0,0,575,44,75,446,23,64,483,29,59,411,14,52,503,51,103,604,34,76,616471,0,0,678936,0,0,354290,90712,223484,313361,47280,299718,288555,57736,263151,243199,36091,280710,363026,109892,405245,258706,110829,330988,-1.0,-1.0
1658277818687,39.004,0.106796116,0.115384616,0.08,0.07692308,0.08,0.22222222,0.2962963,0.0,0.037037037,47.600002,47.600002,46.9,47.600002,47.600002,47.9,47.600002,47.300003,47.600002,47.9,45.9,46.300003,3872497,-407104,1075200,1075200,1075200,1075200,1075200,1075200,652800,1401600,638,5,13,922,3,5,508,20,58,280,32,62,300,15,57,291,15,47,326,67,73,230,34,80,653528,15606,78261,724464,4022,36111,246591,59489,435821,232961,79325,434421,183442,21258,460867,180631,36798,465066,271915,161459,458263,156559,81146,533436,-1.0,-1.0
1658277819764,38.987003,0.21468927,0.22727273,0.36363637,0.13636364,0.17391305,0.2173913,0.18181819,0.0,0.4347826,46.600002,46.300003,45.9,46.600002,46.300003,46.600002,45.9,46.300003,46.600002,46.600002,45.600002,45.9,3890209,-191955,1075200,1075200,1075200,1075200,1075200,1075200,652800,1401600,582,9,27,832,10,45,301,21,66,327,29,77,333,24,59,212,8,34,169,19,64,200,15,70,555952,21268,258321,607407,17266,214842,220906,60924,586377,239131,65782,542196,223552,64260,528399,141079,15174,515155,178646,31561,753764,122953,32243,689712,-1.0,-1.0
1658277820818,38.974003,0.6208791,0.42857143,0.5714286,0.625,0.6666667,0.9130435,0.6086956,0.3478261,0.7826087,46.9,46.9,46.600002,46.9,46.9,46.600002,46.600002,46.600002,46.9,46.9,45.9,45.9,3883397,-392456,1075200,1075200,1075200,1075200,1075200,1075200,652800,1401600,675,1,8,857,5,15,469,43,77,455,33,85,310,27,67,383,19,63,210,46,93,113,17,79,734846,20,94863,710743,15487,70592,317034,115588,355654,295384,65928,462093,226166,55330,387772,253312,37377,468088,183959,120306,616602,87016,44186,471755,-1.0,-1.0
1658277821863,38.967003,0.028301887,0.0,0.0,0.0,0.03846154,0.11111111,0.0,0.0,0.0,47.9,48.300003,47.9,47.9,48.300003,47.9,47.600002,47.9,47.9,48.9,46.300003,46.300003,3861403,-533752,1075200,1075200,1075200,1075200,1075200,1075200,652800,1401600,382,7,34,442,10,45,160,20,46,322,5,25,181,8,23,225,5,29,262,21,47,276,6,46,318436,15931,474507,289260,27479,462380,124923,70266,478985,180257,9588,555771,88216,10781,522381,171466,4740,526849,200747,44997,640914,106689,21508,718349,-1.0,-1.0
1658277822952,38.964,0.08866995,0.0,0.08,0.12,0.11111111,0.2,0.07692308,0.0,0.04,45.300003,45.300003,44.9,45.600002,45.600002,45.300003,45.300003,45.300003,45.300003,45.300003,45.300003,44.600002,3886122,-314636,1075200,1075200,1075200,1075200,1075200,1075200,652800,1401600,144,11,57,306,25,80,63,16,56,78,32,76,78,12,46,60,12,52,9,8,31,0,0,14,387672,27210,546914,399990,62548,569525,96033,39135,830142,121448,121666,812358,96498,44572,721715,94335,19374,834028,7243,25559,784755,0,0,819344,-1.0,-1.0
1658277824013,38.95,0.13157895,0.083333336,0.15384616,0.09090909,0.125,0.08695652,0.4,0.0,0.083333336,45.600002,45.300003,44.9,45.300003,45.300003,45.600002,44.9,44.9,45.600002,45.300003,44.600002,44.600002,3856148,-622864,1075200,1075200,1075200,1075200,1075200,1075200,652800,1401600,477,10,31,662,21,34,234,38,86,245,42,90,123,12,52,165,22,68,59,16,81,56,10,82,645296,21806,334624,623708,68608,213231,224059,73530,598874,208413,88139,595058,86570,13494,656003,151239,60627,523319,45234,52278,955141,52698,15007,830701,-1.0,-1.0
1658277825047,38.943,0.029126214,0.03846154,0.0,0.0,0.0,0.11111111,0.0,0.07692308,0.0,45.300003,44.9,44.9,44.9,44.9,44.9,44.9,44.600002,45.300003,44.9,44.600002,44.600002,3889625,-190124,1075200,1075200,1075200,1075200,1075200,1075200,652800,1401600,291,8,39,410,12,53,221,29,62,215,49,67,59,13,42,92,11,27,37,21,56,74,19,74,520164,19586,390976,468691,28217,375373,164797,60833,634507,229199,124761,569918,94781,31762,594353,111179,19137,608564,50070,50933,989618,66743,40280,1132305,-1.0,-1.0
1658277826108,38.926003,0.2835821,0.115384616,0.26923078,0.2,0.2,0.16,1.0,0.115384616,0.28,44.9,44.9,44.600002,45.300003,45.300003,45.600002,44.9,44.600002,45.300003,44.9,44.600002,44.300003,3879504,-351562,1075200,1075200,1075200,1075200,1075200,1075200,652800,1401600,211,13,51,303,20,73,223,23,73,166,24,52,131,15,49,92,7,51,89,12,46,67,17,30,308718,26062,635764,295819,56441,594765,151997,44112,768009,96709,53354,809733,116386,27443,749875,81118,19611,740283,66922,22259,954599,33976,39098,853422,0.006532231404958677,0.013104132231404959
1658277827142,38.926003,0.109195404,0.045454547,0.18181819,0.05,0.23809524,0.09090909,0.13636364,0.09090909,0.0,46.300003,45.9,45.600002,46.300003,46.300003,45.9,45.600002,45.300003,45.600002,45.9,45.9,44.9,3808656,-1261292,1075200,1075200,1075200,1075200,1075200,1075200,652800,1401600,378,8,38,637,21,43,395,26,66,340,41,55,194,11,42,84,5,17,170,30,94,288,35,104,474257,19422,393779,500130,33667,275020,263846,53279,523660,307276,80000,436184,120145,27112,524688,51464,11917,394787,129666,68528,765086,165729,64714,649004,104.20024844720496,0.908223602484472
1658277828182,38.903004,0.0776699,0.07692308,0.16,0.03846154,0.041666668,0.07692308,0.0,0.074074075,0.03846154,46.9,46.600002,45.9,46.300003,46.300003,45.9,45.600002,45.9,45.9,46.300003,45.9,45.600002,3819556,-1042481,1075200,1075200,1075200,1075200,1075200,1075200,652800,1401600,161,9,34,797,56,76,491,88,104,319,68,68,236,52,82,116,19,60,82,24,73,109,51,151,368314,24584,599243,705110,77196,138119,462058,160425,322527,352909,173410,339228,276671,104744,556341,113725,46895,681786,120773,67893,811080,110219,162245,720194,102.32365640194489,0.06809724473257699
1658277829227,38.906002,0.10497238,0.04761905,0.20833333,0.25,0.09090909,0.09090909,0.08695652,0.04347826,0.083333336,46.9,46.9,46.300003,46.300003,45.9,45.9,45.600002,46.300003,46.300003,46.600002,46.300003,45.600002,3823449,-1086731,1075200,1075200,1075200,1075200,1075200,1075200,652800,1401600,518,50,74,778,68,86,196,49,91,339,61,72,182,27,63,107,9,75,88,19,104,100,36,132,616206,91287,277460,692783,91729,171980,240251,101025,651569,387940,123076,450874,187664,55022,630391,130138,26505,795506,100901,54375,838277,109053,98237,812705,101.82854193548387,0.07783225806451613
1658277830239,38.93,0.050251257,0.08,0.16,0.0,0.08,0.08,0.0,0.0,0.03846154,46.9,46.9,46.600002,46.600002,46.600002,46.600002,46.300003,46.300003,46.300003,46.600002,46.600002,45.9,3811771,-1213990,1075200,1075200,1075200,1075200,1075200,1075200,652800,1401600,679,50,72,732,57,70,164,46,78,208,62,61,203,36,61,179,33,85,61,19,86,109,41,129,661684,79604,174158,688682,97828,121311,164615,134601,608915,222428,166105,474505,225225,76103,514314,203017,65347,656761,86540,59131,820239,125102,110807,742578,102.34217179902755,0.07214262560777958
1658277831272,38.957,0.05027933,0.0,0.13636364,0.0,0.045454547,0.09090909,0.0,0.04347826,0.04347826,47.300003,47.300003,46.600002,46.9,46.600002,46.300003,46.300003,46.600002,46.600002,46.600002,46.600002,46.300003,3821502,-1121826,1075200,1075200,1075200,1075200,1075200,1075200,652800,1401600,745,34,52,811,51,47,348,60,88,158,68,78,152,14,39,109,27,57,68,26,75,124,33,137,720589,64485,164737,771571,78202,69652,372553,121474,479127,184749,181291,548740,138161,28142,670900,128825,59372,731830,103487,77715,826902,119478,71194,781280,104.42635447154471,0.07305365853658537
1658277832301,38.984,0.057471264,0.08695652,0.13636364,0.0,0.0952381,0.04761905,0.045454547,0.045454547,0.0,47.600002,47.300003,46.9,46.9,47.300003,46.9,46.600002,46.9,46.600002,47.300003,46.600002,45.9,3824227,-1084900,1075200,1075200,1075200,1075200,1075200,1075200,652800,1401600,442,37,56,766,59,78,554,98,106,230,62,72,42,4,14,79,15,38,74,28,68,99,31,128,543941,114251,292065,682867,100576,144960,509289,179792,228746,285077,145023,497333,25355,7931,511540,107226,39584,681543,102542,87320,786245,109646,109028,760603,103.80235914332785,0.08772322899505766
1658277833313,39.034,0.09770115,0.0952381,0.14285715,0.18181819,0.13636364,0.13636364,0.04761905,0.045454547,0.0,47.600002,47.300003,46.9,46.9,47.300003,46.9,46.300003,46.9,46.9,47.300003,46.9,46.300003,3820335,-1057434,1075200,1075200,1075200,1075200,1075200,1075200,652800,1401600,717,24,34,764,36,48,202,53,76,384,97,83,148,22,53,448,51,77,72,26,52,140,53,130,700467,53591,166062,749899,64122,87471,190728,121579,605672,391124,209419,280235,125135,41763,651342,418741,95195,383801,82960,77547,757446,141206,151512,679465,102.17656957928801,0.07000647249190939
1658277834326,39.061,0.06896552,0.09090909,0.14285715,0.04761905,0.04761905,0.09090909,0.045454547,0.045454547,0.04347826,47.9,47.9,47.300003,47.600002,47.600002,46.9,46.600002,47.300003,46.9,47.300003,46.9,46.600002,3822281,-1030884,1075200,1075200,1075200,1075200,1075200,1075200,652800,1401600,574,37,53,778,52,60,101,15,63,201,79,85,147,32,52,475,59,97,75,23,67,91,36,126,558939,78084,292914,735740,75766,94273,108608,41943,768839,256086,188243,472284,157570,88189,586005,465042,109150,356521,94185,69110,849341,100014,107791,754184,103.32460450160771,0.07089389067524116
1658277835329,39.109,0.055837564,0.0,0.13043478,0.04,0.115384616,0.0,0.083333336,0.0,0.04,47.600002,47.600002,46.9,47.300003,47.300003,46.9,46.600002,47.300003,46.9,47.600002,46.9,46.9,3822670,-1083985,1075200,1075200,1075200,1075200,1075200,1075200,652800,1401600,620,61,53,736,60,60,319,52,74,272,85,85,160,29,51,104,18,50,73,25,72,123,32,135,690653,118707,114364,734576,86316,94215,303032,103429,565563,347948,182006,395373,154622,73188,593337,100080,37262,741307,79337,81561,813983,131913,107104,732668,104.29334984520123,0.0708359133126935
1658277836394,39.153004,0.058536585,0.0,0.15384616,0.03846154,0.08,0.03846154,0.07692308,0.0,0.0,48.300003,47.600002,47.300003,47.300003,47.300003,46.9,46.600002,47.300003,47.300003,47.600002,47.300003,46.9,3821697,-1043701,1075200,1075200,1075200,1075200,1075200,1075200,652800,1401600,473,24,48,889,35,46,420,86,103,244,85,92,202,49,84,177,25,64,78,33,71,114,41,140,691312,49848,238116,838665,45865,67639,377589,174582,421648,320487,176803,473488,215279,119154,637303,141572,42216,688836,103979,95140,766520,127059,122468,757280,104.33341614906833,0.07622360248447205
1658277837449,39.203003,0.07386363,0.045454547,0.1,0.0,0.09090909,0.0,0.09090909,0.08695652,0.08695652,47.9,47.9,47.300003,47.600002,47.300003,47.300003,46.9,47.600002,46.9,47.600002,47.300003,46.600002,3812938,-1043091,1075200,1075200,1075200,1075200,1075200,1075200,652800,1401600,621,51,68,868,42,45,220,38,66,283,59,75,361,66,77,138,28,50,66,27,50,134,29,150,598453,111396,257403,803088,56028,67021,219017,62668,642555,304467,123589,506309,347238,123057,470143,154209,78423,588338,80340,86063,819418,136153,91276,781679,105.4715993740219,0.07356494522691706
1658277838454,39.241,0.058536585,0.041666668,0.15384616,0.0,0.115384616,0.07692308,0.03846154,0.074074075,0.03846154,48.600002,48.300003,47.600002,47.9,47.9,48.300003,47.600002,47.9,47.600002,47.9,47.600002,47.300003,3814495,-1191101,1075200,1075200,1075200,1075200,1075200,1075200,652800,1401600,584,27,46,791,53,56,241,56,79,256,81,81,418,53,62,225,41,63,88,32,74,91,39,131,665440,68181,209001,756616,87333,78643,235056,94864,574224,299464,185667,434470,391067,97367,382379,204839,94342,549948,106625,99692,790392,102229,130453,719978,103.91943042071198,0.0740453074433657
1658277839496,39.295002,0.0877193,0.04761905,0.15,0.0952381,0.1,0.14285715,0.09090909,0.0,0.125,48.300003,47.9,47.600002,47.600002,47.300003,47.600002,47.300003,47.600002,47.600002,47.9,47.600002,46.9,3817999,-1084900,1075200,1075200,1075200,1075200,1075200,1075200,652800,1401600,859,44,54,714,49,57,127,22,49,188,75,66,103,15,53,282,51,81,73,30,60,113,36,126,767384,61080,110081,757897,75523,104291,115742,38094,777890,225793,176639,526011,107609,36147,712552,302098,104202,532215,107006,80929,790011,122747,106221,755370,104.07403134796238,0.07237617554858934
1658277840502,39.332,0.23350254,0.16,0.125,1.0,0.13043478,0.115384616,0.32,0.0,0.04,48.600002,48.600002,47.9,47.9,48.300003,47.9,47.600002,48.300003,47.600002,48.9,47.600002,47.600002,3811965,-1119385,1075200,1075200,1075200,1075200,1075200,1075200,652800,1401600,665,17,49,936,26,27,345,47,79,278,71,81,209,41,85,274,34,72,79,25,78,103,36,122,722403,35062,151515,790514,45800,49657,358254,79019,479801,312033,155598,421573,210204,89082,498505,262694,55977,567475,97248,76367,821736,109587,120280,705582,102.31496713615023,0.07291392801251957
1658277841538,39.386,0.10344828,0.07692308,0.12,0.03846154,0.07692308,0.2,0.34615386,0.0,0.0,48.9,48.600002,48.600002,48.300003,48.300003,48.300003,47.600002,47.9,47.9,48.300003,47.9,47.600002,3803596,-1275025,1075200,1075200,1075200,1075200,1075200,1075200,652800,1401600,711,55,40,690,58,73,81,15,14,453,86,92,77,13,37,131,19,46,62,25,53,114,35,134,718812,114635,103482,692370,108522,138868,64233,18126,24320,481552,163986,276616,84961,19184,808197,104475,36290,675895,86239,68148,865932,122027,118628,769121,103.3358133748056,0.08475272161741836
1658277842595,39.426003,0.1182266,0.12,0.12,0.0,0.15384616,0.12,0.18518518,0.03846154,0.20689656,48.9,48.9,48.600002,48.300003,48.300003,48.300003,47.600002,48.600002,47.9,48.600002,47.9,47.9,3812938,-1177979,1075200,1075200,1075200,1075200,1075200,1075200,652800,1401600,723,63,49,720,52,70,84,20,49,252,60,75,138,14,56,94,5,14,75,28,59,288,89,146,712351,104960,115033,722270,84794,126792,104666,56608,745898,314679,124759,499701,124414,27409,680068,64700,11994,240068,104738,75705,791617,274343,178932,506557,101.5383354037267,0.07945341614906831
1658277843636,39.460003,0.06741573,0.0,0.05,0.045454547,0.09090909,0.0,0.13636364,0.04347826,0.04347826,49.300003,49.300003,48.300003,48.600002,48.600002,48.600002,48.600002,48.600002,48.9,49.300003,48.300003,47.9,3812938,-1097107,1075200,1075200,1075200,1075200,1075200,1075200,652800,1401600,785,28,43,895,36,37,184,43,79,525,87,89,316,58,79,104,25,59,80,39,84,145,54,127,776380,55877,115171,822348,50033,69577,165524,87803,735049,502382,147056,271435,283448,98784,567989,124150,44248,682391,105306,117765,773318,141872,139389,670536,104.57902635658914,0.07610542635658915
1658277844643,39.508003,0.039408866,0.03846154,0.08,0.04,0.04,0.07692308,0.0,0.03846154,0.0,48.9,48.600002,48.300003,48.600002,48.600002,48.300003,47.9,47.9,47.9,48.300003,47.9,47.600002,3793669,-1321717,1075200,1075200,1075200,1075200,1075200,1075200,652800,1401600,498,54,72,828,43,49,127,38,66,380,86,89,128,9,55,76,11,39,61,22,50,99,33,126,571915,102534,261237,767197,60372,81697,175936,78599,676623,408517,198494,323839,94944,23372,781573,84073,26468,722335,89649,58139,856436,111201,103322,778077,103.08496732026143,0.07952941176470589
1658277845667,39.555,0.1880734,0.18518518,0.22222222,0.115384616,0.2413793,0.15384616,0.31034482,0.14285715,0.14285715,49.300003,49.300003,48.300003,48.9,48.600002,47.9,47.600002,48.300003,47.9,48.600002,48.600002,47.600002,3802817,-1094971,1075200,1075200,1075200,1075200,1075200,1075200,652800,1401600,654,64,73,734,49,54,286,35,81,388,104,76,110,14,43,119,19,56,64,22,58,148,46,141,628319,127332,181173,738319,74766,121309,263769,63541,616948,357061,219890,354178,93661,29996,689413,132050,38757,739025,81549,67446,810322,157110,123429,705750,104.83261637239166,0.08680577849117174
1658277846725,39.595,0.016853932,0.08695652,0.0,0.04347826,0.08695652,0.09090909,0.0,0.0,0.0,49.600002,49.600002,48.9,49.600002,49.600002,49.300003,48.600002,49.300003,48.9,49.9,48.600002,48.300003,3807683,-1194458,1075200,1075200,1075200,1075200,1075200,1075200,652800,1401600,889,22,19,989,21,18,359,41,83,264,61,85,174,39,63,212,41,67,116,35,86,258,67,143,805137,27808,46956,845757,26618,27944,302611,62073,525692,272580,132671,406872,184335,72303,525149,205843,79901,474895,153278,80546,759855,206485,157550,590559,26.4100226904376,0.035578606158833063
1658277847747,39.636,0.08988764,0.08695652,0.04761905,0.0,0.045454547,0.17391305,0.26086956,0.0,0.04347826,48.600002,48.300003,47.600002,47.9,48.300003,47.600002,47.600002,47.9,47.600002,48.300003,47.300003,46.9,3880477,-192566,1075200,1075200,1075200,1075200,1075200,1075200,652800,1401600,553,38,53,546,26,67,182,43,91,188,40,98,142,30,48,556,31,73,27,26,109,474,35,89,616614,78521,247781,613812,49213,292078,200533,106637,630777,231279,68371,625925,128507,62467,524506,216703,73373,405702,36332,78056,838012,148612,63103,658573,-1.0,-1.0
1658277848759,39.663002,0.13471502,0.16666667,0.08695652,0.12,0.083333336,0.04347826,0.20833333,0.08695652,0.2,47.600002,47.600002,46.9,47.300003,47.600002,47.300003,46.9,47.300003,47.300003,47.600002,46.300003,46.600002,3867437,-384826,1075200,1075200,1075200,1075200,1075200,1075200,652800,1401600,398,7,40,425,24,50,185,39,105,177,37,88,98,19,53,164,38,73,4,20,99,16,4,58,595709,6649,322881,587890,66354,259884,186560,92971,616925,162569,103000,668180,109114,45229,668217,180762,82918,610474,6961,75178,869564,22109,12040,848706,-1.0,-1.0
1658277849775,39.68,0.06043956,0.04347826,0.0,0.0,0.0,0.2173913,0.13043478,0.0,0.0,48.300003,48.300003,47.9,48.300003,48.300003,48.600002,48.300003,48.9,49.300003,50.300003,46.600002,46.600002,3857899,-580444,1075200,1075200,1075200,1075200,1075200,1075200,652800,1401600,265,4,47,286,5,66,200,14,82,123,23,85,196,13,66,183,6,60,108,7,79,75,5,21,243662,5974,653880,240201,6518,646115,122300,29151,753544,124534,62894,707227,104661,31542,719100,69166,11346,754787,45493,9879,833986,28464,13803,872975,-1.0,-1.0
1658277850798,39.693,0.15306123,0.2,0.125,0.3846154,0.04347826,0.125,0.125,0.2,0.04,46.9,46.600002,45.9,46.600002,46.9,46.600002,45.9,47.300003,46.600002,48.300003,46.300003,46.300003,3809046,-1155396,1075200,1075200,1075200,1075200,1075200,1075200,652800,1401600,391,10,60,387,22,74,128,16,52,224,36,80,100,9,33,134,5,36,84,18,61,186,23,40,410937,28271,509106,420127,52550,471663,145044,31031,792299,186670,88319,640919,52206,20155,717660,75550,11350,728246,70202,39798,938332,97834,36580,864831,128.98531147540984,2.1913573770491803
1658277851888,39.687,0.07027027,0.13636364,0.08695652,0.20833333,0.0,0.04347826,0.13043478,0.0,0.041666668,48.300003,47.9,47.600002,47.9,47.600002,47.300003,47.300003,47.600002,47.600002,47.600002,47.600002,47.300003,3816442,-1247254,1075200,1075200,1075200,1075200,1075200,1075200,652800,1401600,1000,13,23,1148,21,30,425,49,37,501,70,112,373,66,110,227,33,80,66,35,122,439,54,141,805609,15404,40737,792722,40392,54220,573462,109359,124294,419216,101365,345106,360482,86985,316424,248890,68622,555514,63049,102605,713617,156408,109869,613046,200.89298512396695,0.13958347107438016
1658277852937,39.683002,0.08695652,0.13636364,0.08695652,0.25,0.04347826,0.04347826,0.125,0.041666668,0.04347826,48.600002,48.600002,47.600002,47.600002,47.9,47.600002,47.300003,47.600002,47.9,47.9,47.600002,47.300003,3815469,-1226807,1075200,1075200,1075200,1075200,1075200,1075200,652800,1401600,801,64,75,797,72,81,386,95,39,446,109,129,145,14,76,249,51,82,31,27,102,18,37,154,739799,94999,138338,675394,128164,177320,608297,226101,101169,455897,201412,328925,153505,25993,714824,266246,97512,537419,44325,107928,847166,28272,160685,851220,207.45191811023622,0.17426141732283462
1658277853967,39.707,0.103626944,0.13043478,0.08695652,0.26923078,0.0,0.15384616,0.08,0.08,0.08,48.9,48.600002,48.300003,48.300003,48.300003,48.300003,47.600002,48.300003,47.9,48.600002,47.9,47.9,3800482,-1234436,1075200,1075200,1075200,1075200,1075200,1075200,652800,1401600,937,37,76,826,52,80,364,84,50,276,37,110,217,19,86,163,22,62,92,27,106,17,41,153,715602,35810,130656,638351,91801,186395,544940,197044,122798,273571,66258,565587,196455,45639,661598,168113,51092,571527,108477,99976,744412,22659,167511,777482,219.2503433070866,0.14412598425196851
1658277854996,39.717003,0.23383084,0.125,0.12,0.24,0.08,0.56,0.61538464,0.04,0.0,49.300003,48.600002,48.300003,48.600002,48.600002,47.9,47.600002,48.300003,47.9,48.300003,48.300003,47.9,3814885,-1184693,1075200,1075200,1075200,1075200,1075200,1075200,652800,1401600,913,30,39,1048,34,51,403,97,33,400,76,131,184,32,63,100,20,55,27,22,101,20,28,134,820127,37558,76314,783670,47176,97139,593989,226119,67200,387396,130922,416201,180084,58694,591080,112542,38797,752914,36382,71705,857934,35302,103441,828304,212.38748717948718,0.14333333333333334
1658277856034,39.741,0.20103092,0.28,0.16,0.3043478,0.20833333,0.24,0.2173913,0.0,0.083333336,49.300003,49.300003,48.600002,48.9,49.600002,49.300003,48.600002,48.600002,49.300003,49.300003,48.300003,47.600002,3802817,-1296387,1075200,1075200,1075200,1075200,1075200,1075200,652800,1401600,852,61,77,831,76,81,395,90,48,378,69,131,82,10,38,21,0,22,92,42,84,12,34,129,747115,90356,137279,697616,122015,158416,578571,201247,131818,336557,123605,491927,67573,27799,598139,30222,0,671048,111341,97812,811193,10866,116789,884186,208.67962640901771,0.14067632850241546
1658277857058,39.775,0.15168539,0.14285715,0.16666667,0.22727273,0.0,0.3181818,0.13043478,0.045454547,0.13043478,49.600002,49.300003,48.9,49.300003,49.300003,48.9,48.600002,48.9,48.9,48.9,48.9,48.300003,3802039,-1311036,1075200,1075200,1075200,1075200,1075200,1075200,652800,1401600,846,51,72,649,47,96,403,98,45,177,33,61,88,12,30,294,79,92,73,41,108,25,33,137,696626,71121,124212,610481,96275,233426,527145,215215,109477,175836,52558,673978,90608,23630,632421,293441,193060,293048,94887,98954,754309,33662,100217,825841,207.2475136,0.13844479999999998
1658277858109,39.785004,0.1262136,0.2,0.11111111,0.1923077,0.08,0.25925925,0.115384616,0.074074075,0.037037037,49.600002,49.300003,48.9,48.600002,48.600002,48.600002,48.300003,48.600002,48.600002,48.9,48.9,47.9,3801260,-1404419,1075200,1075200,1075200,1075200,1075200,1075200,652800,1401600,1026,42,67,753,56,81,373,124,42,190,19,64,113,10,48,71,11,34,48,29,80,11,26,127,785308,48050,93051,743432,89689,150502,505471,279557,123124,166134,42658,771849,115148,15944,783659,91883,15523,734361,79000,87635,825743,22603,98282,882896,206.01035897435898,0.12466666666666668
1658277859126,39.818,0.15763547,0.125,0.083333336,0.25925925,0.08,0.16666667,0.17391305,0.1923077,0.074074075,49.600002,49.300003,48.600002,48.9,48.600002,48.600002,48.600002,48.600002,48.9,48.600002,48.600002,48.300003,3810992,-1138916,1075200,1075200,1075200,1075200,1075200,1075200,652800,1401600,962,34,51,812,39,59,366,114,46,249,51,78,186,34,68,105,10,43,56,17,97,11,21,128,780277,42205,68178,731011,70427,118220,500514,261683,117582,240707,119833,569595,188913,58878,635008,110111,15864,691913,80027,50707,840417,5671,73901,879923,208.65711627906975,0.12125271317829457
1658277860168,39.862003,0.10795455,0.14285715,0.09090909,0.26086956,0.08695652,0.0952381,0.045454547,0.045454547,0.08695652,49.600002,49.9,49.600002,49.600002,48.9,49.300003,48.9,49.300003,48.9,49.300003,48.9,48.300003,3809630,-1162415,1075200,1075200,1075200,1075200,1075200,1075200,652800,1401600,864,44,67,952,57,63,325,126,46,322,53,97,63,5,30,137,23,52,33,29,79,18,23,139,766014,56639,142311,781366,72778,116158,496420,295104,140240,318205,100895,558769,65944,11860,797306,147515,44051,763623,61768,100980,816436,33450,90902,912935,209.33010526315792,0.1368421052631579
1658277861212,39.886,0.07471264,0.17391305,0.04761905,0.14285715,0.0,0.09090909,0.0,0.0,0.0,49.9,49.9,49.300003,49.600002,49.600002,48.9,48.600002,48.9,48.9,49.300003,49.300003,48.600002,3807683,-1149597,1075200,1075200,1075200,1075200,1075200,1075200,652800,1401600,978,49,53,884,47,78,313,110,48,277,68,72,142,22,50,73,6,34,50,28,85,15,13,115,754861,70849,84410,702611,85381,166409,499167,258002,151564,284501,161264,457235,151543,32712,659176,110864,7804,819339,95740,82064,806921,26919,51089,898616,205.3470159744409,0.12094568690095846
1658277862216,39.923,0.13372093,0.15,0.13636364,0.22727273,0.09090909,0.13636364,0.14285715,0.04761905,0.17391305,49.600002,49.9,49.300003,49.300003,48.9,48.9,48.600002,49.300003,49.300003,48.9,49.600002,48.9,3805931,-1229248,1075200,1075200,1075200,1075200,1075200,1075200,652800,1401600,924,43,41,1033,37,54,323,123,42,144,19,62,137,18,61,375,70,81,39,23,80,5,22,125,795485,46498,74564,806844,43920,85751,510383,295310,92873,125107,28901,784515,125974,31343,744452,374587,122159,376940,55232,71744,865185,9355,86106,860029,206.76094191522762,0.13453061224489796
1658277863256,39.967003,0.12637363,0.14285715,0.09090909,0.25,0.08695652,0.0,0.09090909,0.24,0.04347826,50.300003,49.600002,48.9,49.300003,48.9,48.9,48.9,48.9,48.9,49.300003,49.300003,48.600002,3813522,-1166993,1075200,1075200,1075200,1075200,1075200,1075200,652800,1401600,968,42,55,836,53,80,516,99,37,177,30,54,156,18,60,81,13,39,41,28,83,4,16,121,794466,64785,70371,711000,86105,167599,618229,203591,90305,180544,42180,713370,146325,22867,784839,86983,27856,762039,66484,92992,836344,7932,70389,902486,209.33087314662274,0.11856342668863262
1658277864259,40.005,0.25490198,0.2,0.12,0.26923078,0.22222222,0.34615386,0.7037037,0.07692308,0.041666668,49.9,49.9,49.300003,49.600002,49.300003,49.300003,48.9,49.300003,48.9,49.300003,48.9,48.600002,3810408,-1079102,1075200,1075200,1075200,1075200,1075200,1075200,652800,1401600,901,45,60,934,50,66,439,99,45,117,21,65,128,14,50,81,15,50,39,31,79,13,22,129,718233,63894,119478,722850,71154,126732,532900,207233,139343,133003,50368,724218,142487,27395,738129,109214,39394,694139,70428,96514,758250,22115,77638,877975,204.10117948717948,0.12066666666666667
1658277865282,40.054,0.121212125,0.2,0.15384616,0.13043478,0.12,0.083333336,0.04347826,0.041666668,0.15384616,50.600002,50.600002,49.600002,49.9,49.9,49.9,49.300003,49.600002,49.9,49.600002,49.600002,48.9,3815469,-1109314,1075200,1075200,1075200,1075200,1075200,1075200,652800,1401600,957,45,62,794,57,70,526,84,39,96,14,52,123,16,48,19,6,21,56,29,73,17,14,126,760188,53152,96046,718752,101692,127788,617028,161070,99875,104049,19987,637885,115866,32664,627674,33967,19632,568579,78242,79846,833790,26157,64631,892122,206.6600660066007,0.15239603960396042
1658277866285,40.095,0.077319585,0.125,0.08695652,0.125,0.04,0.0,0.083333336,0.041666668,0.04,50.300003,50.300003,49.600002,49.600002,49.300003,49.300003,48.9,49.300003,48.9,49.600002,49.300003,48.600002,3814885,-1028748,1075200,1075200,1075200,1075200,1075200,1075200,652800,1401600,897,49,60,830,51,56,343,118,38,180,41,77,78,17,39,207,40,62,39,27,83,4,20,117,724723,63087,105299,736829,77919,82408,489575,271099,103329,216683,94648,678648,90817,39709,710242,251607,66494,396062,64244,75836,822356,8837,71127,873338,207.6645850556439,0.13888712241653417
1658277867291,40.129,0.12437811,0.1923077,0.12,0.24,0.08,0.083333336,0.115384616,0.1923077,0.10714286,50.600002,50.300003,49.600002,49.600002,49.600002,49.300003,48.600002,49.600002,49.300003,49.600002,49.300003,48.600002,3809630,-1085205,1075200,1075200,1075200,1075200,1075200,1075200,652800,1401600,876,30,46,945,41,32,363,119,40,148,21,66,137,14,53,183,35,58,44,28,84,24,15,143,761939,32995,82197,774565,73114,58470,474699,283220,122893,167319,31285,715994,131921,19545,717618,158186,73347,566677,64462,96270,756408,43945,57352,876426,206.61265359477125,0.1257516339869281
1658277868299,40.175003,0.116504855,0.1923077,0.115384616,0.25925925,0.0,0.04,0.08,0.04,0.11111111,50.300003,49.9,49.600002,49.300003,49.600002,49.300003,49.300003,49.600002,49.300003,49.600002,49.300003,48.9,3812938,-1094666,1075200,1075200,1075200,1075200,1075200,1075200,652800,1401600,869,52,51,778,55,72,364,101,48,198,28,84,102,18,46,128,16,50,41,29,77,6,21,125,755998,74377,80209,676250,93756,165330,547753,231814,117859,211159,49486,682768,109498,32683,716792,140676,42462,734377,58727,85912,797524,8161,89994,878570,206.6569427168576,0.15727659574468084
1658277869340,40.216003,0.09090909,0.13636364,0.04761905,0.1904762,0.0,0.13043478,0.13043478,0.0,0.0,50.600002,49.9,49.600002,49.9,49.9,49.300003,48.9,49.600002,49.300003,49.600002,49.600002,49.300003,3814106,-1087647,1075200,1075200,1075200,1075200,1075200,1075200,652800,1401600,812,57,78,664,63,96,338,123,40,374,61,121,112,19,50,204,32,79,33,14,90,3,16,123,710194,88151,153670,641583,129409,216965,507358,295663,106267,367219,111249,485589,123322,40880,712923,201049,61416,674689,57032,39974,912853,6463,61147,927271,210.2472274143302,0.13089096573208722
1658277870346,40.265003,0.12568305,0.13636364,0.04761905,0.16666667,0.13043478,0.29166666,0.13043478,0.04347826,0.08695652,50.600002,50.300003,49.600002,49.9,49.9,49.600002,48.9,49.600002,49.600002,49.9,49.600002,49.300003,3815274,-1099549,1075200,1075200,1075200,1075200,1075200,1075200,652800,1401600,989,34,41,827,42,61,392,112,38,185,62,83,124,16,61,289,60,100,30,21,82,16,8,131,806409,40691,53979,783348,74064,100992,547834,249533,95745,218870,183551,551468,131593,33569,695362,288085,116480,416381,51192,69117,840203,24213,21442,948624,206.2583973941368,0.14905537459283388
1658277871344,40.303,0.107344635,0.16666667,0.09090909,0.09090909,0.09090909,0.09090909,0.13636364,0.045454547,0.20833333,50.9,50.600002,49.9,50.300003,50.300003,49.9,49.600002,50.300003,49.9,50.300003,49.9,49.300003,3863544,-562744,1075200,1075200,1075200,1075200,1075200,1075200,652800,1401600,944,37,36,762,43,57,401,81,46,358,52,64,154,13,52,136,16,41,86,28,91,47,31,139,731707,47925,58105,665088,86048,107896,431406,206871,178939,335877,112492,392761,142880,23289,642990,122231,32704,565060,107880,65231,742416,62445,98411,739824,-1.0,-1.0
1658277872364,40.344,0.025125628,0.0,0.0,0.04,0.04,0.07692308,0.12,0.0,0.04,49.300003,48.9,48.9,48.600002,48.9,48.9,48.600002,48.9,48.9,49.300003,48.600002,48.300003,3854980,-652771,1075200,1075200,1075200,1075200,1075200,1075200,652800,1401600,584,10,18,544,13,48,182,39,108,201,55,110,168,44,82,84,24,70,21,1,76,23,5,83,660379,33020,244481,676954,34455,236003,164758,81533,692358,188777,121350,625780,186574,107161,628192,90716,53822,700229,38424,3727,901839,44079,18855,871626,-1.0,-1.0
1658277873373,40.363003,0.10326087,0.13043478,0.13043478,0.04347826,0.125,0.13636364,0.08695652,0.045454547,0.08695652,48.300003,47.9,47.600002,47.9,47.9,47.9,47.300003,47.600002,47.9,47.9,47.600002,46.9,3881061,-209961,1075200,1075200,1075200,1075200,1075200,1075200,652800,1401600,245,12,52,250,22,95,123,25,78,126,50,88,134,11,64,128,12,70,0,0,12,5,0,73,275936,15535,666429,294869,38760,606779,124022,46686,734692,145069,144117,661970,108697,23770,740633,97045,28897,705616,0,0,999102,5125,0,964438,-1.0,-1.0
1658277874391,40.371002,0.2113402,0.28,0.16666667,0.09090909,0.24,0.2,0.2173913,0.16,0.3846154,47.9,47.600002,47.300003,47.9,47.600002,47.9,47.600002,47.600002,47.9,47.600002,46.9,46.9,3845637,-583496,1075200,1075200,1075200,1075200,1075200,1075200,652800,1401600,304,7,38,354,16,59,179,19,67,208,30,72,204,24,68,307,36,72,125,9,61,82,7,57,358971,11666,468493,369161,48820,425053,112641,45824,687083,142543,60762,546429,146413,55129,620739,175933,84630,546320,59705,11546,834675,46145,12457,743394,0.002721003134796238,0.005981191222570533
1658277875402,40.374,0.11931818,0.18181819,0.13636364,0.09090909,0.18181819,0.045454547,0.13043478,0.17391305,0.0,48.600002,48.600002,48.300003,48.600002,48.9,48.600002,48.300003,48.300003,48.300003,48.9,47.9,47.600002,3820529,-989380,1075200,1075200,1075200,1075200,1075200,1075200,652800,1401600,692,10,38,544,8,50,328,16,58,311,30,54,154,23,53,153,21,66,83,17,92,226,22,85,429150,17012,415192,434830,7722,409019,167948,29237,699253,225139,48782,657070,108945,74979,544130,133218,35078,615420,91332,25955,825937,118517,26224,688125,254.19726708074535,1.6252422360248446
1658277876456,40.348003,0.15135135,0.18181819,0.2,0.2,0.17391305,0.13043478,0.16,0.13043478,0.13043478,49.600002,49.300003,48.9,49.300003,48.9,48.600002,48.300003,48.600002,48.600002,48.600002,48.600002,48.300003,3805347,-1139527,1075200,1075200,1075200,1075200,1075200,1075200,652800,1401600,902,27,46,942,35,56,498,84,99,378,72,89,427,78,107,267,31,84,82,63,131,22,22,148,837804,44698,83885,828640,45954,116143,534240,158262,254503,514940,162837,223954,414124,115713,389821,244875,52804,600865,116757,218185,617874,35134,80046,945200,274.6470358306189,0.24661889250814334
1658277877452,40.352,0.15025906,0.20833333,0.16,0.16666667,0.17391305,0.083333336,0.08695652,0.13043478,0.1923077,49.9,49.600002,48.9,49.300003,49.300003,48.9,48.9,49.300003,48.9,49.300003,48.9,48.600002,3809046,-1135865,1075200,1075200,1075200,1075200,1075200,1075200,652800,1401600,795,39,55,869,52,60,344,69,96,300,90,86,200,40,73,177,23,76,119,48,126,12,42,136,714101,51548,92291,681247,93143,109212,365273,158643,346202,373225,219196,275503,201453,94132,539631,183636,37068,620295,154454,144493,609529,19724,153154,733535,292.13553871499175,0.3029192751235585
1658277878460,40.352,0.09,0.2,0.083333336,0.08,0.12,0.0,0.08,0.08,0.074074075,49.9,49.9,49.300003,49.600002,49.300003,48.9,48.9,48.9,49.300003,49.300003,48.9,48.600002,3812354,-1065979,1075200,1075200,1075200,1075200,1075200,1075200,652800,1401600,771,51,73,742,70,74,330,96,118,379,99,78,235,54,76,128,7,69,133,67,114,8,32,135,708583,88014,128833,691302,109372,128922,386557,205425,317093,411462,211330,271890,209396,110138,561702,135422,16678,705833,180852,204772,557126,16148,118178,812216,307.117296124031,0.29087751937984496
1658277879488,40.367,0.31553397,0.22222222,0.04347826,0.18518518,0.16,1.0,0.53846157,0.26923078,0.074074075,50.300003,49.9,49.300003,49.600002,49.300003,48.9,48.9,48.9,49.300003,49.300003,49.300003,48.600002,3813328,-1106263,1075200,1075200,1075200,1075200,1075200,1075200,652800,1401600,861,39,29,959,46,40,248,77,88,239,95,98,158,32,83,111,20,47,121,59,121,24,15,142,752415,57473,54094,772285,72291,60600,319422,179897,396457,320933,229926,356798,175460,64459,575991,131548,47103,750248,171717,192374,532466,41267,69979,884584,327.82632137285486,0.2946396255850234
1658277880513,40.405003,0.11702128,0.17391305,0.045454547,0.125,0.16666667,0.08695652,0.08,0.16666667,0.04347826,50.9,50.600002,49.9,50.300003,50.600002,50.300003,49.600002,49.9,49.9,50.300003,49.9,49.600002,3806710,-1192017,1075200,1075200,1075200,1075200,1075200,1075200,652800,1401600,850,39,76,888,65,58,492,83,90,270,80,92,13,0,12,62,8,22,192,93,115,68,37,154,756385,47319,114521,740501,92883,104777,511648,156216,233887,323261,201830,399466,25140,0,395595,66408,30216,430996,209090,228075,483819,92820,94832,800805,318.7731409836066,0.335527868852459
1658277881522,40.420002,0.10837439,0.1923077,0.083333336,0.14814815,0.18518518,0.14285715,0.04,0.16,0.04,50.300003,50.300003,49.300003,49.9,49.600002,49.300003,48.9,49.600002,49.300003,49.9,49.600002,48.9,3816636,-1101990,1075200,1075200,1075200,1075200,1075200,1075200,652800,1401600,959,46,52,742,61,70,271,71,105,260,94,93,59,9,37,148,26,62,197,93,110,59,29,141,781646,64804,66836,655485,117724,173949,347776,140188,433445,314717,229348,384020,78447,15843,762703,153302,46981,702882,246544,243472,445691,69385,84560,820714,321.53228985507246,0.2840322061191627
1658277882540,40.457,0.07920792,0.125,0.08,0.08,0.12,0.041666668,0.03846154,0.14814815,0.0,50.9,50.600002,49.9,49.9,49.9,49.9,49.300003,49.600002,49.600002,50.300003,49.9,49.300003,3808267,-1166687,1075200,1075200,1075200,1075200,1075200,1075200,652800,1401600,885,39,51,776,47,69,397,53,85,383,72,87,181,11,44,237,19,65,159,76,107,52,43,138,694756,48770,70042,666412,83545,125676,323137,117219,453476,390072,156280,348519,128141,14724,680702,189488,25152,667708,211664,211129,479606,65800,99497,725216,341.59826356589144,0.307646511627907
1658277883565,40.491,0.08955224,0.12,0.08,0.14814815,0.125,0.115384616,0.0,0.11111111,0.04,50.9,50.600002,50.300003,50.300003,49.9,49.600002,49.300003,49.9,49.9,49.9,49.9,49.600002,3798146,-1206360,1075200,1075200,1075200,1075200,1075200,1075200,652800,1401600,1011,27,44,831,38,60,288,82,89,431,94,87,138,19,56,121,21,45,206,78,134,12,14,124,818400,27456,73055,749537,66842,138804,317882,185118,418544,449426,188674,272077,138661,32216,684692,106095,47027,699259,233811,211667,493368,14118,53976,901324,358.95742264752795,0.2965741626794258
1658277884568,40.522003,0.08457711,0.12,0.041666668,0.12,0.08,0.14814815,0.04,0.08,0.04,50.600002,50.600002,50.300003,50.300003,49.9,49.600002,49.300003,49.9,49.9,50.300003,49.9,49.300003,3818194,-1053162,1075200,1075200,1075200,1075200,1075200,1075200,652800,1401600,875,40,68,778,45,80,415,92,101,574,75,81,70,16,32,117,11,53,130,83,127,10,22,117,744266,53596,118433,659307,81621,198051,427133,189225,280077,548185,126986,210281,77421,40744,715857,142665,16430,779323,174858,238063,541191,12101,99199,844683,314.5685,0.24245
1658277885591,40.556004,0.060606062,0.15384616,0.04,0.08,0.083333336,0.07692308,0.03846154,0.08,0.0,50.600002,50.600002,50.300003,50.300003,49.9,49.9,49.600002,50.300003,49.9,49.9,49.9,49.600002,3796005,-1252137,1075200,1075200,1075200,1075200,1075200,1075200,652800,1401600,789,47,87,775,55,87,380,73,90,393,98,85,64,4,20,231,30,70,114,52,107,1,12,119,723956,68114,144445,619232,109986,220109,390559,134924,389511,432249,189316,291791,57203,5784,751283,211607,45565,690356,144328,140920,675705,2211,39770,928277,310.6170322580645,0.25161290322580643
1658277886620,40.582,0.107317075,0.1923077,0.08,0.2413793,0.125,0.08,0.07692308,0.115384616,0.0,50.9,50.9,49.9,50.300003,49.9,49.9,49.9,49.9,49.9,50.300003,49.9,49.600002,3806710,-1182251,1075200,1075200,1075200,1075200,1075200,1075200,652800,1401600,981,29,39,845,31,57,383,85,104,345,84,87,185,24,76,249,41,95,99,51,103,10,19,129,827897,37379,57449,787996,55114,117219,391030,180801,352042,398042,170750,325809,163139,44328,663326,230650,78649,565249,124042,152361,683254,17925,76444,888345,314.13072074882996,0.24401872074882994
1658277887635,40.616,0.13875598,0.22222222,0.12,0.2,0.28,0.04,0.07692308,0.074074075,0.0,51.300003,51.300003,50.600002,50.600002,50.600002,50.600002,49.9,49.9,50.300003,50.600002,50.600002,49.600002,3805153,-1236878,1075200,1075200,1075200,1075200,1075200,1075200,652800,1401600,833,53,77,597,46,95,352,83,87,347,107,84,103,12,46,217,39,66,117,51,97,13,26,131,714308,70713,135186,607665,92212,253126,335872,176941,378084,394174,237276,292398,119096,16940,790399,198782,63421,631251,167278,151052,607972,20420,92733,881156,311.6448052373159,0.2457872340425532
1658277888663,40.646004,0.23655914,0.13043478,0.0952381,0.045454547,0.33333334,0.083333336,1.0,0.12,0.0,50.9,50.600002,50.300003,50.300003,49.9,50.300003,49.600002,50.300003,49.9,50.300003,50.300003,49.600002,3809240,-1156922,1075200,1075200,1075200,1075200,1075200,1075200,652800,1401600,933,52,67,896,57,85,255,91,97,331,103,71,105,23,58,75,17,38,62,38,104,5,14,125,736676,66353,119622,697014,94753,149643,256659,216386,445494,371732,245383,278868,140203,51164,784849,88594,36885,740475,75045,107511,793696,8339,81593,886254,313.58958255451716,0.2565981308411215
1658277889667,40.676003,0.2413793,0.2,0.115384616,0.1923077,0.3478261,0.41666666,0.53846157,0.04,0.0,51.600002,51.300003,50.600002,50.9,50.600002,50.9,49.9,50.600002,50.600002,50.600002,50.300003,49.9,3802039,-1174317,1075200,1075200,1075200,1075200,1075200,1075200,652800,1401600,925,20,45,1122,27,31,220,74,84,417,83,74,96,21,52,96,19,59,166,49,105,16,36,136,803266,20296,79405,802284,36986,44184,227802,185832,359376,421258,161374,222044,119179,51475,641973,139365,34368,323753,174881,139255,578637,26296,134528,806817,308.2981219110379,0.24398023064250413
1658277890673,40.695004,0.19672132,0.13636364,0.09090909,0.08695652,0.09090909,0.68,0.36363637,0.083333336,0.0,51.9,51.300003,50.600002,51.300003,50.9,50.9,50.300003,50.600002,50.600002,50.9,50.600002,50.300003,3806905,-1183472,1075200,1075200,1075200,1075200,1075200,1075200,652800,1401600,848,54,75,719,61,76,191,75,85,403,87,69,49,9,34,120,43,77,207,58,122,30,26,136,671003,87453,111210,698628,92630,145245,228872,181301,444351,449709,171270,213054,62547,18677,522510,146320,105827,450248,221110,140891,548752,57138,78190,845581,306.0819469578783,0.254402496099844
1658277891693,40.721,0.195,0.125,0.08,0.04,0.083333336,0.6666667,0.4074074,0.07692308,0.0,51.9,51.600002,51.300003,51.300003,51.9,51.9,50.600002,50.9,50.9,51.300003,50.600002,50.300003,3802817,-1251526,1075200,1075200,1075200,1075200,1075200,1075200,652800,1401600,915,35,43,966,38,46,328,83,96,458,95,73,43,14,47,24,10,20,179,80,115,26,39,146,769349,43459,74449,780801,65236,77818,365273,211604,316986,481545,189600,165809,52974,32543,473726,28583,28757,235359,197439,172193,520950,38909,111042,839988,307.68470588235294,0.2474248366013072
1658277892721,40.755,0.19607843,0.15384616,0.115384616,0.07692308,0.08,0.28,0.8076923,0.11111111,0.03846154,51.600002,51.600002,51.300003,51.600002,51.600002,51.600002,50.600002,51.600002,50.9,51.600002,50.9,50.300003,3798924,-1203614,1075200,1075200,1075200,1075200,1075200,1075200,652800,1401600,876,64,60,841,61,86,262,74,112,462,80,85,55,20,32,42,14,34,114,76,126,87,52,146,740054,83470,95678,685610,91131,164464,285978,171411,424674,498549,167063,221037,65712,53403,222671,52079,28914,465578,158902,213182,597622,105115,116586,742517,311.6987622149837,0.273042345276873
1658277893724,40.774002,0.068627454,0.12,0.041666668,0.04,0.08,0.041666668,0.03846154,0.0,0.0,51.9,51.600002,51.300003,51.600002,51.600002,51.600002,51.300003,51.300003,51.600002,51.600002,50.9,50.300003,3795616,-1240845,1075200,1075200,1075200,1075200,1075200,1075200,652800,1401600,802,57,92,665,54,96,240,60,96,201,128,77,51,9,34,47,8,38,420,160,87,194,79,201,704119,77803,142972,642191,105797,196990,274049,120412,502713,245092,331768,271715,58477,16437,341584,72557,12144,404454,426542,292636,184182,225774,154579,554778,314.40515297906603,0.2639355877616747
1658277894729,40.786003,0.1388889,0.0,0.04761905,0.2,0.13043478,0.27272728,0.17391305,0.13636364,0.16666667,51.9,51.9,51.300003,51.300003,51.300003,50.600002,50.600002,50.9,50.9,50.9,50.600002,50.300003,3809824,-1167603,1075200,1075200,1075200,1075200,1075200,1075200,652800,1401600,941,36,43,948,33,39,187,63,76,225,105,82,184,36,63,137,21,59,134,65,109,50,40,121,791415,45626,61270,820617,44128,53524,216962,137370,435404,285987,249604,350443,200335,76532,538530,119373,27780,713426,152362,170740,611493,43083,97366,803821,260.43264251968503,0.2298456692913386
1658277895755,40.793003,0.084745765,0.0,0.04761905,0.045454547,0.08695652,0.09090909,0.0952381,0.083333336,0.13043478,51.600002,51.600002,51.300003,51.600002,51.600002,51.300003,50.9,51.300003,50.9,51.600002,50.300003,50.300003,3859457,-462646,1075200,1075200,1075200,1075200,1075200,1075200,652800,1401600,1041,21,21,1044,22,38,270,37,89,608,67,81,222,38,76,142,20,58,116,72,144,87,47,141,807308,18170,36618,809258,25772,77362,279897,75310,463908,528896,123430,224373,235299,86436,456930,150609,27496,513001,127041,203669,591448,99898,100876,706920,-1.0,-1.0
1658277896793,40.805,0.043269232,0.03846154,0.0,0.04,0.0,0.0,0.11111111,0.074074075,0.0,49.600002,49.600002,49.300003,49.600002,49.600002,49.600002,49.300003,49.600002,49.9,49.9,48.9,48.9,3869578,-315857,1075200,1075200,1075200,1075200,1075200,1075200,652800,1401600,472,12,53,549,7,47,204,50,104,191,42,117,177,36,91,96,6,47,15,5,71,12,2,74,634737,25061,293784,637709,8735,293864,223587,127046,619150,201692,92780,667747,202539,78245,677590,101131,7463,718473,32112,24138,939605,21975,7126,865413,-1.0,-1.0
1658277897823,40.812,0.039325844,0.04347826,0.12,0.08695652,0.045454547,0.09090909,0.0,0.0,0.0,48.9,48.9,48.600002,48.9,48.9,48.600002,48.600002,48.600002,48.600002,48.9,48.300003,47.9,3878336,-194702,1075200,1075200,1075200,1075200,1075200,1075200,652800,1401600,135,5,76,305,19,101,160,37,121,135,18,103,191,12,96,69,13,53,0,0,70,8,0,21,238196,4733,672289,285010,51119,645882,162782,96141,705297,110422,39791,825026,137551,21405,804117,64773,40018,763837,0,0,997410,2793,0,959901,-1.0,-1.0
1658277898827,40.801003,0.15934066,0.17391305,0.20833333,0.23809524,0.46153846,0.045454547,0.13043478,0.04347826,0.08695652,48.600002,48.600002,47.9,48.600002,48.600002,48.600002,48.300003,48.600002,48.300003,48.9,47.9,47.600002,3869578,-314636,1075200,1075200,1075200,1075200,1075200,1075200,652800,1401600,305,8,41,469,11,70,168,30,50,180,37,64,260,24,85,267,24,95,126,7,50,89,15,56,361841,8289,504468,412861,19113,452898,110662,73602,639158,123474,119535,592175,154935,40556,617635,178342,32340,561786,51174,10102,824750,47719,36552,851446,2.8411575562700966,0.08038585209003216
1658277899839,40.774002,0.14358975,0.29166666,0.125,0.18518518,0.36,0.04347826,0.12,0.08,0.03846154,49.9,49.9,49.300003,49.300003,49.600002,49.600002,48.600002,49.300003,49.300003,49.600002,49.300003,48.9,3791918,-1286927,1075200,1075200,1075200,1075200,1075200,1075200,652800,1401600,759,19,40,749,21,50,355,37,70,464,42,45,255,44,75,177,28,63,91,25,104,286,29,112,570620,24832,261571,522494,38435,280086,299811,80913,469660,383848,98305,309611,217448,95236,467387,160183,52602,491613,76365,68180,755214,137237,54445,614240,414.56702194357365,0.35601253918495296
1658277900850,40.744003,0.43349755,0.5555556,0.52,0.46153846,0.5652174,0.5416667,0.46153846,0.115384616,0.26923078,50.600002,49.9,49.9,49.600002,49.600002,49.600002,48.9,49.300003,49.600002,49.600002,49.600002,49.300003,3803401,-1133423,1075200,1075200,1075200,1075200,1075200,1075200,652800,1401600,799,32,46,939,27,53,340,70,100,335,95,65,403,62,112,315,67,100,62,83,156,26,12,138,762151,39017,72537,759179,48471,122551,378740,142370,373424,448377,225711,170696,388133,96271,405215,309706,126791,383322,86490,238543,607084,41933,51902,878899,385.7464935064935,0.2984935064935065
1658277901866,40.737003,0.13661203,0.18181819,0.17391305,0.22727273,0.18181819,0.13043478,0.13043478,0.083333336,0.0,50.9,50.600002,50.300003,50.600002,50.600002,50.600002,49.9,50.300003,49.9,50.600002,50.300003,49.9,3793280,-1205140,1075200,1075200,1075200,1075200,1075200,1075200,652800,1401600,791,41,27,616,34,69,310,58,80,431,61,45,310,50,81,232,29,67,120,64,145,47,36,137,639929,66963,36079,569201,72818,153583,362542,125040,269772,451489,143660,117804,318738,72181,286573,228362,60366,469651,102706,182551,601845,49108,135960,730711,413.5012872841444,0.313469387755102
1658277902857,40.748,0.08571429,0.0952381,0.05,0.17391305,0.18181819,0.045454547,0.04761905,0.083333336,0.0,51.600002,50.9,50.600002,50.600002,50.600002,50.600002,49.9,50.300003,50.300003,50.600002,50.600002,49.9,3799703,-1242066,1075200,1075200,1075200,1075200,1075200,1075200,652800,1401600,933,42,44,809,44,64,238,67,97,398,95,58,241,35,81,166,23,77,55,55,142,20,26,137,741427,63746,51183,662910,82004,151592,304964,147428,399372,521002,198073,136392,251530,57611,535761,178553,35293,628543,71196,173448,697396,42917,103188,775711,431.996879338843,0.3094214876033058
1658277903861,40.744003,0.18716578,0.2,0.04761905,0.16666667,0.17391305,0.59090906,0.13043478,0.08695652,0.041666668,51.300003,51.300003,50.9,50.600002,50.600002,50.300003,50.300003,50.600002,49.9,50.600002,50.600002,49.9,3801649,-1223755,1075200,1075200,1075200,1075200,1075200,1075200,652800,1401600,889,39,52,894,33,50,255,75,95,399,87,53,351,66,113,127,19,62,26,42,135,33,17,129,785147,59039,86404,736555,62333,121995,275950,200321,403844,551766,183143,129272,375785,104749,445530,128867,45592,669228,33748,151785,782298,33671,48658,863846,421.7254337152209,0.36085106382978727
1658277904901,40.771004,0.09042553,0.16666667,0.09090909,0.16,0.17391305,0.0,0.04347826,0.0,0.0,51.600002,51.600002,50.9,50.9,50.600002,50.9,49.9,50.9,50.600002,50.9,50.600002,49.9,3792501,-1273194,1075200,1075200,1075200,1075200,1075200,1075200,652800,1401600,799,55,70,936,55,45,241,90,98,389,89,93,9,0,13,38,10,18,306,159,98,21,28,146,755179,89303,126082,800454,65758,69251,315449,215802,346249,465312,198280,252869,18509,3718,468999,35760,30091,475490,295034,297840,343743,37913,80970,891193,431.1747555555556,0.32025396825396824
1658277905902,40.786003,0.087628864,0.16,0.16,0.12,0.13043478,0.04,0.125,0.0,0.0,51.600002,51.300003,50.300003,50.9,50.600002,50.600002,49.9,50.9,50.300003,50.9,50.9,49.9,3805153,-1114807,1075200,1075200,1075200,1075200,1075200,1075200,652800,1401600,901,42,41,918,43,55,207,77,94,392,104,55,213,36,80,98,15,55,51,35,113,23,17,127,775050,45198,69486,718656,64436,105663,293451,167223,429814,491117,227884,145208,221161,54790,635857,102277,33959,695022,58264,124860,720052,35698,52179,868508,448.4344818481848,0.3178349834983498
1658277906927,40.808002,0.11557789,0.16,0.083333336,0.15384616,0.17391305,0.08,0.2,0.03846154,0.03846154,51.9,51.300003,50.9,50.9,50.9,50.600002,49.9,50.9,50.600002,50.9,50.9,50.300003,3796589,-1155701,1075200,1075200,1075200,1075200,1075200,1075200,652800,1401600,835,47,58,995,49,45,274,77,89,396,77,69,321,62,83,120,24,60,27,37,130,2,19,122,780091,67805,103136,795895,54760,61081,328560,178093,375438,574890,144965,175870,314030,100502,529691,151881,58171,633689,36569,122888,834940,4374,82525,877432,443.40268395461914,0.3337439222042139
1658277907950,40.831,0.10294118,0.16,0.08,0.083333336,0.25925925,0.14285715,0.115384616,0.03846154,0.0,51.9,51.600002,50.9,51.300003,50.9,50.9,50.300003,50.9,50.600002,50.9,50.600002,49.9,3793669,-1153870,1075200,1075200,1075200,1075200,1075200,1075200,652800,1401600,873,46,55,1079,43,46,314,79,92,434,79,74,120,30,61,228,46,74,50,42,136,7,14,122,785536,66708,83241,813683,51763,56206,356739,198604,331554,543200,182722,166473,136117,87244,665838,235885,77385,519666,64134,146460,784528,14908,65747,891050,413.8051854199683,0.3131537242472266
1658277908959,40.857002,0.074257426,0.08,0.041666668,0.14814815,0.125,0.07692308,0.0,0.03846154,0.0,51.9,51.9,50.9,51.300003,50.9,50.9,50.600002,51.300003,50.600002,51.300003,50.9,50.600002,3798341,-1163636,1075200,1075200,1075200,1075200,1075200,1075200,652800,1401600,955,38,39,824,37,56,352,95,77,403,90,58,156,20,63,205,35,82,42,47,141,12,26,131,795473,44694,60207,737041,58565,111871,379956,203271,271709,530797,197812,144865,169729,33476,707706,225840,63948,578992,55388,194422,705040,21000,118300,791744,413.72370226537214,0.311663430420712
1658277910002,40.887,0.098958336,0.16666667,0.08695652,0.12,0.20833333,0.041666668,0.083333336,0.0,0.0,51.9,51.9,50.9,51.300003,50.9,50.600002,50.300003,50.600002,50.600002,51.300003,50.9,50.600002,3803985,-1187439,1075200,1075200,1075200,1075200,1075200,1075200,652800,1401600,846,55,71,934,62,52,462,89,108,427,93,49,101,9,46,254,38,76,22,50,139,3,15,125,770528,79851,135793,764190,88485,77521,443811,182596,315643,574321,192412,110570,107779,13146,793041,264420,55940,589922,30002,173798,801834,1813,78207,911294,411.4326072607261,0.31234323432343236
1658277911024,40.906002,0.09268293,0.083333336,0.11111111,0.083333336,0.16666667,0.115384616,0.04,0.0,0.0,52.300003,51.9,51.600002,51.600002,51.300003,51.300003,50.9,51.300003,51.300003,51.600002,51.300003,50.9,3800482,-1225281,1075200,1075200,1075200,1075200,1075200,1075200,652800,1401600,1037,40,40,1013,40,43,301,96,112,350,102,53,195,28,65,153,22,64,35,44,151,9,15,135,825990,44187,52953,788458,65830,60379,341049,200603,383410,485032,232213,109110,177896,57873,677014,148072,46290,697655,64852,141549,797510,18236,68853,868449,413.45264262295086,0.30961311475409836
1658277912023,40.925003,0.084269665,0.13043478,0.13043478,0.09090909,0.25,0.0,0.125,0.0,0.083333336,51.9,51.600002,50.9,51.300003,51.300003,50.9,50.600002,50.9,50.600002,51.300003,50.9,50.600002,3805737,-1169129,1075200,1075200,1075200,1075200,1075200,1075200,652800,1401600,733,54,72,721,66,65,343,99,112,352,86,57,64,7,35,359,77,96,32,27,124,1,8,111,710082,86340,128093,671514,102781,121149,397061,223303,283416,472270,193436,147235,83475,17716,732569,394612,140741,360284,45353,106085,797384,354,38988,904302,411.444224,0.2935296
1658277913044,40.959003,0.13043478,0.08,0.115384616,0.23076923,0.1923077,0.15384616,0.25925925,0.03846154,0.0,52.600002,52.300003,51.600002,51.9,51.600002,51.600002,50.9,51.600002,51.300003,51.9,51.300003,50.9,3793085,-1257935,1075200,1075200,1075200,1075200,1075200,1075200,652800,1401600,856,43,56,965,36,49,300,90,107,404,93,60,236,29,70,158,29,67,31,46,138,3,17,125,786855,58644,100414,777431,45350,92963,341524,188108,386361,542968,195545,123842,203139,61200,660776,167528,56300,648890,42382,147308,793238,4018,80774,854419,414.69148051948054,0.27755844155844156
1658277914043,40.978,0.06779661,0.09090909,0.04761905,0.08695652,0.18181819,0.0,0.125,0.0,0.0,52.300003,51.600002,50.9,51.300003,51.300003,50.600002,50.9,51.300003,50.9,51.600002,51.300003,50.600002,3807683,-1193238,1075200,1075200,1075200,1075200,1075200,1075200,652800,1401600,665,56,83,807,48,52,255,84,104,457,78,54,71,12,30,116,26,55,19,42,123,16,21,126,696335,102589,134763,705103,69648,112477,282616,214335,315739,572725,156685,125625,73632,18427,359860,118852,57835,614035,30340,151890,785509,25303,69534,861952,414.3765930807249,0.2878418451400329
1658277915081,41.016003,0.107344635,0.17391305,0.13636364,0.0952381,0.18181819,0.09090909,0.045454547,0.045454547,0.04761905,51.9,51.9,51.300003,51.600002,50.9,51.300003,50.600002,51.300003,50.9,51.600002,51.300003,50.9,3800482,-1155396,1075200,1075200,1075200,1075200,1075200,1075200,652800,1401600,730,67,66,854,56,79,181,95,113,403,97,55,371,73,114,181,26,67,22,36,137,9,7,117,739624,109381,117238,725871,74231,141153,217844,266743,420610,581574,206806,107958,381992,124551,451706,192024,36282,629358,33238,126438,842698,19670,21351,937092,412.0773161290322,0.2918709677419355
1658277916092,41.031002,0.05,0.08,0.04347826,0.04,0.125,0.0,0.07692308,0.03846154,0.0,52.9,52.300003,51.600002,51.9,51.600002,51.600002,51.300003,51.9,51.600002,51.9,51.600002,51.300003,3794448,-1223450,1075200,1075200,1075200,1075200,1075200,1075200,652800,1401600,869,46,45,1033,31,45,303,95,111,408,89,56,170,35,77,246,34,78,33,49,145,0,20,125,801633,50805,69857,787493,30146,74214,342333,191470,353262,510689,174591,150139,181642,84687,587027,231336,63791,625395,52792,167334,749001,0,69872,840184,413.69791585760515,0.2907961165048544
1658277917103,41.076,0.10659899,0.16,0.04347826,0.08695652,0.2,0.08,0.083333336,0.0,0.08,52.300003,51.9,51.600002,51.600002,51.600002,51.300003,50.600002,51.300003,50.9,51.300003,51.600002,50.9,3802039,-1173401,1075200,1075200,1075200,1075200,1075200,1075200,652800,1401600,754,56,75,784,65,82,159,99,116,355,99,50,202,31,85,130,27,59,16,33,127,1,6,112,739201,76919,124406,690022,84756,152599,201108,287824,428674,538126,229108,103054,218908,51847,624091,143349,53696,669790,22130,104060,854153,491,18536,963572,416.3293530377668,0.30738916256157633
1658277918122,41.106003,0.09405941,0.16,0.12,0.23076923,0.13043478,0.041666668,0.07692308,0.0,0.0,52.9,52.600002,52.300003,52.300003,52.300003,51.9,51.600002,52.300003,51.600002,52.600002,52.300003,51.600002,3773427,-1455994,1075200,1075200,1075200,1075200,1075200,1075200,652800,1401600,922,33,35,882,33,47,249,87,104,440,87,53,288,64,98,238,39,96,43,47,147,5,22,116,817772,46934,56233,768750,50011,85974,317863,186483,373831,616524,167086,89061,293872,135808,517135,246014,64875,537110,62416,172725,742372,8876,95054,815863,415.6584393442623,0.29801967213114755
1658277919154,41.155003,0.11931818,0.04761905,0.17391305,0.375,0.0952381,0.05,0.17391305,0.0,0.09090909,52.600002,52.600002,51.9,52.300003,51.9,51.600002,50.9,52.300003,50.9,52.300003,51.600002,51.300003,3790360,-1402588,1075200,1075200,1075200,1075200,1075200,1075200,652800,1401600,840,69,55,745,55,89,192,75,107,435,86,58,261,52,89,97,13,26,26,22,125,29,10,118,764561,90932,76136,691232,91351,163354,204083,197657,497365,600204,171702,120261,261587,85837,558816,64213,20839,813889,33859,80570,898361,24305,44534,945928,180.61572504091654,0.14151227495908347
1658277920192,41.178,0.039215688,0.03846154,0.07692308,0.11111111,0.03846154,0.07692308,0.04,0.0,0.07692308,51.600002,51.600002,50.9,51.300003,51.600002,51.300003,51.300003,51.9,51.600002,52.600002,50.9,50.600002,3847194,-448913,1075200,1075200,1075200,1075200,1075200,1075200,652800,1401600,723,8,16,900,7,19,348,59,69,340,48,81,394,50,97,234,37,83,56,27,110,70,29,124,825745,14109,84298,847676,9591,53493,323206,102633,398043,358428,83145,428867,347779,81915,365503,239158,76426,545386,88262,63115,796980,74021,55321,735978,-1.0,-1.0
1658277921214,41.204002,0.048543688,0.0,0.04,0.08,0.0,0.11111111,0.0,0.074074075,0.0,50.300003,50.300003,49.9,50.300003,50.300003,50.300003,49.9,51.300003,50.300003,52.300003,49.300003,49.300003,3872108,-224609,1075200,1075200,1075200,1075200,1075200,1075200,652800,1401600,240,6,69,328,12,80,121,14,73,116,21,91,53,8,58,120,13,82,10,0,30,18,0,80,347244,9115,593652,362402,29867,548805,102267,42022,808291,116754,59955,781539,65885,17903,787733,108506,20981,789184,19316,0,987427,24597,0,916972,-1.0,-1.0
1658277922228,41.204002,0.028708134,0.0,0.03846154,0.037037037,0.0,0.07692308,0.0,0.0,0.0,50.300003,49.9,49.600002,49.9,49.9,50.300003,49.9,51.300003,50.600002,52.300003,48.9,48.600002,3872108,-253906,1075200,1075200,1075200,1075200,1075200,1075200,652800,1401600,192,8,67,266,5,77,149,24,82,142,27,94,116,11,58,128,15,95,33,2,85,15,7,22,264974,15494,675530,287132,11963,646335,121053,37760,749537,133945,59904,750703,77938,27428,799202,99824,33394,750852,31257,4226,908311,10200,4063,917596,-1.0,-1.0
1658277923248,41.201,0.16384181,0.22727273,0.14285715,0.15,0.18181819,0.0952381,0.09090909,0.08695652,0.2173913,48.9,48.9,48.300003,48.9,48.9,48.300003,48.300003,48.600002,48.9,48.9,48.300003,48.300003,3872303,-205078,1075200,1075200,1075200,1075200,1075200,1075200,652800,1401600,241,13,49,358,14,63,174,20,63,107,23,53,124,11,55,122,13,52,99,12,43,45,9,37,365237,25468,524508,368098,35450,522851,119117,34023,764256,79659,48770,820068,95306,22779,697158,91297,25325,805045,49363,25208,903250,40734,22402,843934,135.23121440261863,1.50278232405892
1658277924262,41.185,0.10055866,0.17391305,0.16666667,0.20833333,0.0952381,0.08695652,0.13043478,0.13043478,0.0,51.300003,50.9,50.600002,50.600002,50.9,50.600002,50.600002,50.300003,50.9,50.600002,50.300003,50.300003,3769340,-1517945,1075200,1075200,1075200,1075200,1075200,1075200,652800,1401600,809,15,30,1137,12,28,459,66,63,507,75,70,225,35,65,282,46,81,117,25,108,496,78,156,723380,18614,43379,731883,12885,49677,420488,131132,224707,443888,119926,209208,204259,62363,460767,224910,89507,421228,88846,56025,711960,264316,129974,383101,593.4360258064515,0.44753548387096775
1658277925265,41.170002,0.061452515,0.09090909,0.045454547,0.13043478,0.09090909,0.045454547,0.0,0.0,0.0,51.600002,50.9,50.600002,50.9,50.9,50.600002,49.9,50.600002,50.600002,50.9,50.600002,50.300003,3789777,-1313782,1075200,1075200,1075200,1075200,1075200,1075200,652800,1401600,724,46,65,901,44,68,294,97,96,496,89,86,322,72,120,183,43,70,5,2,74,126,122,167,714505,82645,120184,737864,56346,112608,362907,227732,239040,497901,167624,216151,315372,124843,396038,182348,106881,612837,5635,3996,896023,155604,325303,470252,513.3607423999999,0.3234816
1658277926269,41.159,0.07804878,0.08,0.04,0.15384616,0.07692308,0.07692308,0.07692308,0.0,0.0,51.600002,51.600002,51.300003,51.300003,50.9,50.600002,49.9,51.300003,50.300003,51.300003,50.9,50.600002,3780823,-1302796,1075200,1075200,1075200,1075200,1075200,1075200,652800,1401600,697,64,82,686,63,110,365,92,83,368,84,102,184,26,77,279,63,84,2,2,67,112,102,178,669821,105753,133920,671944,95212,173137,443513,203726,192998,412771,178600,317690,200185,62263,588706,270732,157350,455775,3197,4668,939176,159767,289601,522929,515.9497877813504,0.3410932475884244
1658277927307,41.174004,0.083333336,0.115384616,0.08,0.1923077,0.14814815,0.0,0.08,0.0,0.0,51.9,51.600002,50.9,50.9,50.600002,50.600002,50.300003,50.9,50.9,51.300003,50.9,50.300003,3797562,-1210328,1075200,1075200,1075200,1075200,1075200,1075200,652800,1401600,875,46,49,808,54,64,370,108,83,320,90,107,155,34,58,387,98,120,0,0,34,145,112,169,803617,62563,77280,739413,98485,108967,469985,242936,194643,354042,208892,360853,166923,79593,588686,411161,183455,357987,0,0,952639,184481,297724,509764,517.7784,0.3458
1658277928320,41.193,0.07772021,0.0,0.17391305,0.09090909,0.125,0.0,0.08,0.0,0.07692308,51.9,51.9,51.300003,51.300003,51.300003,50.9,50.300003,50.9,50.9,51.300003,50.9,50.600002,3796200,-1223450,1075200,1075200,1075200,1075200,1075200,1075200,652800,1401600,792,49,57,888,40,55,424,96,78,195,91,112,138,26,66,169,47,73,3,1,31,162,125,168,754797,84610,108402,789832,51976,95559,509446,183501,197149,230758,227411,430963,170569,50530,657735,195036,80898,578442,4147,3279,890352,210130,307438,473255,511.7337107692307,0.33152
1658277929360,41.219,0.10837439,0.08,0.16666667,0.32,0.115384616,0.04,0.07692308,0.0,0.0,52.300003,51.9,51.600002,51.600002,51.300003,51.300003,50.9,51.600002,51.300003,51.300003,51.300003,50.9,3804958,-1213990,1075200,1075200,1075200,1075200,1075200,1075200,652800,1401600,683,54,58,948,44,37,429,91,94,270,81,99,57,9,25,74,4,37,10,8,50,177,101,170,681802,115958,134990,774272,64943,59799,490326,180954,213771,277961,197527,389921,74347,20358,370659,87453,5973,510957,22119,30383,1014132,205704,278179,462422,516.8085508196722,0.3600786885245902
1658277930400,41.231003,0.16666667,0.04761905,0.27272728,0.2857143,0.2857143,0.13636364,0.14285715,0.0,0.22727273,52.300003,52.300003,51.9,51.9,51.600002,51.300003,50.9,52.300003,50.9,52.300003,51.300003,50.9,3797367,-1256104,1075200,1075200,1075200,1075200,1075200,1075200,652800,1401600,532,40,55,802,46,52,331,109,82,266,85,115,300,77,109,205,36,64,10,4,48,174,104,156,671994,102737,179205,765873,73996,92412,460719,217190,176772,327418,185066,416112,299162,162420,512296,194849,65275,605583,20577,13863,953809,201004,264737,468006,515.4814191522763,0.35722448979591837
1658277931441,41.268,0.12643678,0.05,0.36363637,0.26086956,0.13636364,0.0952381,0.04761905,0.0,0.045454547,52.600002,52.600002,51.9,52.300003,51.600002,51.600002,51.300003,51.9,51.600002,52.300003,51.600002,50.9,3797951,-1173096,1075200,1075200,1075200,1075200,1075200,1075200,652800,1401600,731,33,30,949,25,26,394,104,83,344,86,95,409,89,108,167,45,67,24,2,74,183,113,161,846150,59546,48826,843628,51411,35006,467691,223167,186588,383989,178962,330959,407905,142599,393646,146221,126214,608460,48901,8225,912030,232804,248932,430042,513.9640558139535,0.3450542635658915
1658277932451,41.291,0.1827957,0.09090909,0.22727273,0.33333334,0.17391305,0.16666667,0.16666667,0.083333336,0.17391305,52.9,52.300003,51.9,51.9,52.300003,51.600002,50.9,52.300003,51.600002,52.600002,51.9,51.300003,3796978,-1242676,1075200,1075200,1075200,1075200,1075200,1075200,652800,1401600,505,67,83,723,56,54,348,105,82,252,85,100,140,15,52,102,8,38,6,0,30,117,124,167,589897,121671,212024,697151,79535,85332,466660,219825,178304,334337,188109,404449,118994,43087,704361,117935,16684,776258,9706,0,1020190,140954,338609,473636,516.8282229508196,0.36348852459016395
1658277933491,41.299004,0.12972973,0.125,0.22727273,0.375,0.13043478,0.16666667,0.04347826,0.0,0.04347826,52.9,52.600002,51.9,52.300003,52.300003,51.600002,51.600002,51.9,51.9,52.300003,51.9,51.300003,3781602,-1326294,1075200,1075200,1075200,1075200,1075200,1075200,652800,1401600,686,45,29,939,28,24,379,91,92,394,81,111,259,51,74,197,27,74,18,4,70,144,123,145,833985,73835,38791,841065,34881,42076,483750,192063,197367,441253,159230,323128,268207,90828,508907,200970,47544,672530,34883,14891,932604,169720,316431,431221,519.0998260869565,0.33654658385093167
1658277934529,41.336002,0.10285714,0.0,0.27272728,0.27272728,0.0952381,0.09090909,0.08695652,0.0,0.045454547,52.9,52.9,52.300003,52.600002,52.300003,52.600002,51.600002,52.600002,52.300003,53.300003,51.9,51.600002,3790360,-1267701,1075200,1075200,1075200,1075200,1075200,1075200,652800,1401600,598,63,72,787,61,69,295,112,82,469,87,109,65,7,38,199,22,55,8,2,38,123,143,164,682679,114613,166194,759807,97450,104957,375338,272064,214893,502929,159531,275039,85891,18055,793680,175036,45888,748480,14809,5164,1026824,156176,328836,486009,517.255922829582,0.3558070739549839
1658277935526,41.367,0.12244898,0.08,0.17391305,0.2173913,0.12,0.12,0.041666668,0.0,0.12,52.9,52.600002,52.600002,52.300003,52.300003,51.9,51.600002,52.300003,52.300003,52.600002,51.9,51.600002,3794837,-1299744,1075200,1075200,1075200,1075200,1075200,1075200,652800,1401600,628,47,61,841,51,37,301,87,100,297,78,91,98,10,42,243,34,82,9,7,49,151,114,157,721449,83373,108733,746726,72827,59609,367901,208305,261927,334618,184753,367984,94713,24896,734490,255951,51425,595015,18570,18380,934961,192497,279863,442163,516.4167430340557,0.3638390092879257
1658277936534,41.397003,0.11702128,0.04347826,0.20833333,0.20833333,0.125,0.125,0.045454547,0.041666668,0.16666667,53.300003,52.9,52.600002,52.600002,52.600002,52.300003,51.9,52.9,52.600002,53.600002,52.300003,51.600002,3785884,-1482239,1075200,1075200,1075200,1075200,1075200,1075200,652800,1401600,412,34,47,851,45,59,426,92,98,300,78,102,92,13,37,126,6,45,20,3,46,220,96,154,569236,89747,285770,718094,68294,112220,459031,162610,224510,334451,159783,420202,84514,21768,800825,89135,11581,799762,28885,10691,939812,254079,247109,413525,515.1687933884298,0.35274049586776857
1658277937539,41.423,0.11386139,0.0,0.24,0.125,0.12,0.15384616,0.08,0.0,0.14814815,53.600002,53.600002,52.9,52.9,53.300003,52.300003,51.600002,52.9,52.300003,53.300003,52.600002,51.9,3794059,-1344605,1075200,1075200,1075200,1075200,1075200,1075200,652800,1401600,517,30,40,860,28,41,289,91,84,359,91,110,103,11,61,264,58,89,15,1,56,191,114,161,737037,68835,113407,779429,38962,72114,372504,187766,224365,392368,184959,311133,107404,22124,708630,293950,96594,445387,31712,5310,792282,191891,267278,435770,519.960963081862,0.350561797752809
1658277938540,41.442,0.1127451,0.03846154,0.2,0.2,0.15384616,0.07692308,0.08,0.0,0.15384616,53.600002,53.300003,52.9,52.9,52.9,52.300003,52.300003,53.300003,52.600002,53.600002,52.600002,51.9,3791139,-1395264,1075200,1075200,1075200,1075200,1075200,1075200,652800,1401600,454,70,62,733,58,74,336,98,85,244,77,111,66,7,19,88,14,47,10,4,46,157,110,176,569339,166408,198813,641247,96225,129639,395826,214608,236461,302145,166697,447550,64783,11864,382870,86177,32963,773622,22889,7341,1102318,194782,254114,486598,512.8345723472669,0.366508038585209
1658277939551,41.480003,0.097826086,0.04347826,0.18181819,0.17391305,0.045454547,0.04347826,0.08695652,0.0,0.08695652,53.300003,53.300003,52.9,52.600002,52.600002,52.300003,51.9,52.600002,51.9,52.9,51.9,51.600002,3799703,-1190491,1075200,1075200,1075200,1075200,1075200,1075200,652800,1401600,562,31,30,881,29,30,285,83,93,330,70,105,157,24,61,362,89,118,22,3,58,264,116,140,713296,60672,142762,792272,44437,58383,381784,176872,269988,355538,137609,408064,139799,51811,639774,422389,151830,342045,36067,14407,832997,270314,256431,354107,516.9213684210526,0.34826315789473683
1658277940559,41.514004,0.11578947,0.0,0.20833333,0.17391305,0.13043478,0.0,0.125,0.14814815,0.125,53.300003,52.9,52.600002,52.600002,52.600002,52.9,52.300003,53.600002,52.600002,53.9,52.600002,51.9,3800676,-1265870,1075200,1075200,1075200,1075200,1075200,1075200,652800,1401600,382,22,36,733,61,68,294,97,92,247,72,113,313,96,117,262,72,92,10,1,40,173,122,160,460376,48553,445408,691353,104618,103470,402339,237959,213607,270546,157253,496473,387033,202574,338686,306053,136704,403104,22970,1387,1028273,193879,290840,444298,516.0922294573643,0.3611782945736434
1658277941566,41.548,0.096045196,0.045454547,0.18181819,0.17391305,0.13043478,0.0,0.13043478,0.0,0.13043478,53.600002,53.600002,52.9,52.9,52.9,52.600002,52.600002,53.300003,52.600002,53.9,52.600002,51.9,3791139,-1296692,1075200,1075200,1075200,1075200,1075200,1075200,652800,1401600,271,0,14,785,49,69,382,73,84,542,111,111,311,99,125,59,17,40,12,1,42,167,109,167,436616,0,490250,721938,78895,119374,485085,146359,209188,543779,176507,179052,341707,225347,360793,88169,54798,719220,25283,5267,960161,213953,276895,427762,516.4252376395534,0.34965231259968105
1658277942606,41.593002,0.27325583,0.18181819,0.31578946,0.25,0.25,0.3809524,0.5416667,0.04761905,0.2173913,53.600002,53.300003,52.9,52.9,52.600002,52.9,52.300003,52.9,52.600002,53.300003,52.9,52.300003,3778488,-1422120,1075200,1075200,1075200,1075200,1075200,1075200,652800,1401600,514,47,50,844,43,65,399,83,80,572,107,96,159,28,55,69,3,40,12,2,53,126,128,162,678487,89905,203996,743936,69186,128359,491786,154098,206281,533726,182664,188438,132232,80209,746763,86883,7022,796473,21187,7210,976857,164257,314166,462266,516.9305302325581,0.35150387596899224
1658277943614,41.612003,0.06382979,0.045454547,0.04347826,0.04347826,0.12,0.08695652,0.08695652,0.041666668,0.0,53.9,53.9,53.300003,53.300003,52.9,52.9,52.600002,53.300003,53.300003,53.600002,52.9,52.300003,3791918,-1354371,1075200,1075200,1075200,1075200,1075200,1075200,652800,1401600,577,44,52,927,32,33,472,91,74,300,77,86,120,20,42,173,18,37,22,10,55,162,119,161,666707,99488,130647,754310,42489,50340,495516,181496,159607,313776,159725,363754,135926,35810,696158,128876,44655,629040,27798,43679,889639,189092,289912,441623,0.014402476780185757,0.016594427244582044
1658277944624,41.653004,0.8063063,0.8518519,0.8518519,0.85714287,0.8888889,0.9285714,0.85714287,0.32142857,0.8148148,51.9,51.9,50.9,51.600002,51.600002,51.600002,51.300003,51.600002,51.9,51.9,51.300003,50.9,3853812,-380554,1075200,1075200,1075200,1075200,1075200,1075200,652800,1401600,467,17,39,740,10,43,184,20,101,214,39,97,231,29,73,269,26,75,51,0,73,84,8,81,652717,22655,241065,685895,17194,210892,169608,34841,699507,198012,76225,638720,190401,59651,559822,181255,44836,674218,75100,0,852916,77461,25382,828600,-1.0,-1.0
