1658278867265,36.571003,0.57894737,0.35,0.5,1.0,1.0,0.4090909,0.25,0.05,1.0,47.9,48.300003,47.600002,48.9,48.9,48.9,48.600002,48.9,49.600002,50.9,44.600002,44.9,3826174,-549011,1075200,1075200,1075200,1075200,1075200,1075200,652800,1401600,1537828,41217,109972,1652346,45360,115768,835845,76887,154204,803619,79693,159455,614840,49117,130588,595568,47138,128409,732615,110299,200658,338174,34395,117376,1227961632,81536043,1245850516,1297565572,86653278,1222055023,733937455,164350183,1716303487,708651351,170199088,1721249996,528738174,102443123,1760696225,508776442,100155647,1714996201,518510689,229786079,2209034782,204994583,90764213,1911947767,-1.0,-1.0
1658278868447,36.547,0.94152045,1.0,1.0,1.0,1.0,1.0,1.0,0.5714286,1.0,46.9,46.9,47.300003,47.9,47.9,47.9,47.300003,49.300003,47.300003,49.300003,44.600002,44.300003,3820529,-653686,1075200,1075200,1075200,1075200,1075200,1075200,652800,1401600,197,6,3,225,2,4,78,8,13,53,7,7,277,16,43,151,25,27,170,68,118,4,0,0,205934,13075,5853,169936,1192,5612,57309,9851,34746,42398,13381,17777,142016,16723,143782,120338,43068,89001,133267,131301,241978,132,0,0,-1.0,-1.0
1658278869515,36.537003,0.8513514,0.9285714,1.0,0.9,0.8965517,0.96428573,0.9310345,0.115384616,1.0,48.600002,48.9,48.600002,49.300003,49.9,49.9,49.600002,50.300003,49.9,50.600002,45.300003,45.300003,3806905,-903320,1075200,1075200,1075200,1075200,1075200,1075200,652800,1401600,267,0,0,251,0,0,304,0,0,97,0,0,200,0,0,61,0,0,928,26,6,16,0,0,159223,0,0,137120,0,0,208386,0,0,87708,0,0,155973,0,0,67991,0,0,595105,28737,21085,2822,0,0,-1.0,-1.0
1658278870763,36.52,0.8119658,1.0,0.8666667,0.8965517,0.7741935,0.82758623,0.9285714,0.11111111,1.0,47.600002,47.600002,47.600002,48.300003,48.300003,48.600002,48.300003,48.600002,48.600002,49.9,44.9,44.600002,3824227,-616150,1075200,1075200,1075200,1075200,1075200,1075200,652800,1401600,92,0,0,3,0,0,125,6,6,167,2,13,15,1,5,49,1,8,936,130,63,2,0,0,30915,0,0,1257,0,0,43152,11789,6720,57309,963,20577,6212,466,4226,42871,1113,15373,440333,215693,121853,142,0,0,-1.0,-1.0
1658278872137,36.52,0.6904762,1.0,0.6666667,0.375,0.88461536,0.88461536,0.52,0.083333336,1.0,48.9,49.300003,48.600002,49.600002,49.9,49.9,49.300003,49.9,49.9,50.600002,45.600002,45.300003,3820724,-716858,1075200,1075200,1075200,1075200,1075200,1075200,652800,1401600,39,0,0,54,0,0,122,8,14,178,12,30,109,13,24,101,3,11,877,144,55,54,0,1,43937,0,0,39429,0,0,62471,10939,33881,98615,25149,67701,81326,17359,70841,44174,4660,20938,464825,227874,108821,15150,0,1125,-1.0,-1.0
1658278873309,36.507,0.80213904,0.7916667,0.8333333,0.82608694,0.85714287,0.9130435,0.8636364,0.3181818,1.0,48.600002,48.9,48.600002,49.300003,49.600002,49.9,49.300003,49.600002,49.9,50.300003,44.9,44.9,3813717,-718994,1075200,1075200,1075200,1075200,1075200,1075200,652800,1401600,126,0,0,117,0,0,266,17,34,116,5,22,73,3,9,189,17,27,818,124,45,66,0,5,77252,0,0,96277,0,0,131517,33487,123436,64408,9849,111951,27016,4786,32904,103710,35393,105303,401453,224865,98440,12646,0,5074,0.006986089644513137,0.3456568778979907
1658278874410,36.5,0.60487807,1.0,0.5,0.20833333,0.7692308,1.0,0.35714287,0.0,1.0,47.300003,47.600002,46.9,48.300003,48.600002,48.600002,47.9,49.600002,47.9,49.9,45.300003,44.9,3830845,-757446,1075200,1075200,1075200,1075200,1075200,1075200,652800,1401600,236,3,6,216,0,0,274,26,56,185,15,27,40,1,5,274,19,65,684,136,62,3,0,1,124024,8634,85690,151758,0,0,189464,49554,411362,120791,26091,164265,18212,692,16852,223743,25392,418642,398519,275321,185506,85,0,15,-1.0,-1.0
1658278875485,36.504,0.82439023,1.0,1.0,1.0,0.45833334,1.0,1.0,0.15384616,1.0,46.9,46.600002,45.9,46.600002,46.600002,46.600002,46.300003,48.300003,46.600002,48.600002,44.600002,44.300003,3823254,-613098,1075200,1075200,1075200,1075200,1075200,1075200,652800,1401600,143,0,0,404,5,27,150,28,62,97,7,26,155,7,20,183,12,29,376,173,117,4,0,0,56976,0,0,415583,12554,168353,113160,65086,540721,44918,8092,432267,78286,12173,96028,123022,23397,341492,236376,369426,372207,93,0,0,-1.0,-1.0
1658278876577,36.487003,0.647343,0.46153846,1.0,0.6296296,0.34615386,1.0,0.46153846,0.24,1.0,47.600002,47.9,47.300003,47.9,48.300003,47.9,47.300003,49.300003,47.600002,49.600002,44.600002,44.600002,3833375,-474853,1075200,1075200,1075200,1075200,1075200,1075200,652800,1401600,22,0,0,11,0,0,207,3,4,237,14,37,42,0,0,222,3,7,474,139,88,42,0,0,19918,0,0,5900,0,0,67484,5515,28701,140145,25772,141853,17549,0,0,113612,4917,19311,384022,267729,201842,13984,0,0,-1.0,-1.0
1658278877738,36.476,0.8269231,1.0,0.72,1.0,1.0,0.7407407,0.962963,0.12,1.0,46.9,47.300003,46.600002,47.600002,47.9,47.600002,47.300003,48.300003,47.9,49.600002,44.300003,44.600002,3829872,-557251,1075200,1075200,1075200,1075200,1075200,1075200,652800,1401600,157,1,3,34,0,0,97,15,28,159,29,59,23,0,2,100,18,40,208,182,94,2,0,4,197816,555,6602,23175,0,0,85888,27893,321988,128692,74577,491360,13857,0,3310,106727,30573,487168,206361,430346,290286,62,0,1948,-1.0,-1.0
1658278878864,36.487003,0.66976744,1.0,0.34615386,0.39285713,1.0,1.0,0.46153846,0.16,1.0,47.300003,47.300003,46.9,47.600002,47.9,47.9,46.9,48.9,47.300003,49.300003,44.9,44.300003,3811965,-842285,1075200,1075200,1075200,1075200,1075200,1075200,652800,1401600,6,0,0,111,26,56,104,14,18,54,10,27,66,8,27,153,21,72,197,199,87,0,0,0,10391,0,0,150047,63339,246342,74271,22171,46392,63121,22863,397880,66472,7884,152635,146418,47664,354870,163759,476391,324951,0,0,0,-1.0,-1.0
1658278879991,36.483,0.7943925,0.6296296,1.0,0.5769231,1.0,0.8888889,0.96428573,0.1923077,1.0,46.9,47.300003,46.300003,47.300003,46.9,47.300003,46.9,48.600002,47.600002,48.9,44.300003,44.300003,3834738,-420532,1075200,1075200,1075200,1075200,1075200,1075200,652800,1401600,49,0,1,369,7,14,229,38,54,0,0,0,45,2,5,369,21,43,253,122,133,3,0,0,107795,0,543,253742,11086,61759,141620,76291,416174,0,0,0,27426,14013,16380,137299,50501,271369,200064,220451,479459,189,0,0,-1.0,-1.0
1658278881132,36.476,0.64044946,1.0,0.47619048,1.0,1.0,0.3478261,0.26086956,0.05,1.0,46.9,47.300003,46.600002,47.600002,47.600002,47.300003,46.9,48.300003,47.600002,48.600002,44.300003,44.600002,3820918,-682373,1075200,1075200,1075200,1075200,1075200,1075200,652800,1401600,36,29,12,227,55,72,92,6,16,0,0,0,99,13,34,37,4,14,421,21,68,0,0,0,41002,87981,95334,284211,106625,149797,65774,12774,328753,0,0,0,68755,15355,465534,21483,4661,318689,206616,40635,732305,0,0,0,12.317093167701863,0.27183850931677017
1658278882198,36.47,0.7952381,1.0,0.61538464,1.0,0.9259259,0.53846157,1.0,0.20833333,1.0,46.9,46.600002,46.300003,46.600002,46.300003,46.300003,45.9,48.300003,46.600002,48.600002,44.300003,44.300003,3833959,-513000,1075200,1075200,1075200,1075200,1075200,1075200,652800,1401600,20,0,0,456,30,43,12,0,1,13,0,0,270,29,57,67,9,30,293,128,149,0,0,0,35163,0,0,386071,50785,158277,5837,0,0,9146,0,0,201203,55624,320841,71701,19627,203939,247575,281117,385215,0,0,0,18.580096618357487,0.30186151368760067
1658278883353,36.466003,0.74129355,1.0,0.5416667,0.84615386,1.0,0.41666666,1.0,0.0,1.0,48.600002,48.300003,47.600002,48.300003,47.9,48.300003,47.300003,49.600002,48.300003,49.600002,45.9,45.300003,3760776,-1347657,1075200,1075200,1075200,1075200,1075200,1075200,652800,1401600,0,0,0,620,20,30,4,0,1,297,29,28,274,27,60,46,9,18,543,107,143,0,0,0,7115,0,0,489599,25841,40122,3762,0,429,235391,51482,57462,198066,48529,334200,37972,20162,96446,389540,202807,409521,0,0,0,180.30452117263846,1.3178371335504886
1658278884525,36.487003,0.6813725,1.0,0.44,1.0,0.6923077,0.32,0.625,0.34615386,1.0,48.600002,48.300003,47.9,48.600002,48.600002,48.600002,47.9,50.300003,48.300003,50.300003,46.300003,45.9,3765252,-1327515,1075200,1075200,1075200,1075200,1075200,1075200,652800,1401600,26,0,0,561,37,52,108,23,46,20,0,4,148,26,74,10,1,3,640,198,86,0,0,0,34757,0,0,522214,53155,98043,129708,52958,195284,10063,0,2122,171348,52207,464573,5868,0,5999,531348,292509,166604,0,0,0,127.7492336448598,0.9350280373831775
1658278885663,36.527,0.5698324,0.36363637,0.13636364,0.9130435,0.82608694,1.0,0.1,0.13636364,1.0,48.9,48.600002,48.300003,48.9,48.600002,48.9,47.9,50.300003,48.9,50.600002,46.300003,46.300003,3773232,-1268921,1075200,1075200,1075200,1075200,1075200,1075200,652800,1401600,30,7,15,578,25,41,12,2,2,135,33,53,230,22,58,234,5,11,665,186,57,1,0,0,41392,6767,36631,467206,39919,71992,11590,2484,2223,151105,86847,262916,183149,42403,354154,113767,7059,39615,480175,282874,118369,42,0,0,119.67343079315707,0.8104510108864696
1658278886732,36.578003,0.5804878,1.0,0.30769232,1.0,0.32,0.17857143,0.7407407,0.12,1.0,49.600002,49.300003,48.9,49.300003,48.9,48.600002,48.300003,50.9,48.600002,50.9,47.300003,46.600002,3767004,-1253663,1075200,1075200,1075200,1075200,1075200,1075200,652800,1401600,151,1,16,766,39,51,27,5,14,51,10,23,64,4,16,218,37,57,658,132,76,0,0,0,213219,525,86905,670318,62280,91487,25323,7029,43861,46425,29730,124271,63157,6940,115344,221250,80990,217517,487504,232447,174029,0,0,0,104.91441509433962,0.6051320754716981
1658278887779,36.635002,0.41584158,0.45833334,0.1923077,0.5769231,0.0,0.07692308,1.0,0.0,1.0,49.600002,49.300003,48.9,49.300003,49.300003,48.9,48.300003,51.300003,48.600002,50.9,46.9,46.9,3778877,-1160584,1075200,1075200,1075200,1075200,1075200,1075200,652800,1401600,105,0,0,863,21,24,193,26,21,134,29,35,192,17,45,121,0,11,582,99,86,0,0,0,97211,0,0,545743,37007,52968,160015,40447,64364,163927,83158,140986,194864,12629,296270,83568,0,133067,403051,266853,292809,0,0,0,100.3236866359447,0.5884362519201228
1658278888900,36.703003,0.56585366,0.37037036,0.375,1.0,0.78571427,0.8,0.22222222,0.0,1.0,49.600002,49.300003,48.9,48.9,48.600002,48.600002,48.300003,51.300003,48.9,51.300003,47.300003,46.600002,3774595,-1184693,1075200,1075200,1075200,1075200,1075200,1075200,652800,1401600,111,8,13,791,38,45,372,29,57,295,40,60,34,3,18,173,32,50,419,104,99,1,0,0,81182,24271,117237,634801,54428,102267,326584,43724,172661,243257,71024,326419,43554,7559,334308,127506,78234,273403,367441,200884,359100,23,0,0,101.57188180404354,0.5593281493001555
1658278889952,36.760002,0.43715847,1.0,0.13636364,0.04347826,1.0,0.04347826,0.2173913,0.0,1.0,48.9,48.9,49.300003,49.600002,48.9,48.600002,47.9,51.300003,48.9,51.300003,47.300003,46.9,3769534,-1174012,1075200,1075200,1075200,1075200,1075200,1075200,652800,1401600,477,41,32,835,31,38,251,7,23,223,50,65,197,19,43,46,9,24,183,92,114,1,0,0,389840,87456,139981,663801,50451,88041,189573,8621,79048,231219,100777,233166,163564,25205,376924,42467,30573,199706,198120,250304,531862,45,0,0,103.50483676703645,0.5904532488114105
1658278890971,36.838,0.46231157,0.8888889,0.26923078,0.12,0.2,0.9230769,0.20833333,0.07692308,1.0,49.9,49.600002,48.9,49.600002,49.600002,49.600002,48.300003,51.600002,49.300003,51.600002,47.600002,47.300003,3772259,-1160584,1075200,1075200,1075200,1075200,1075200,1075200,652800,1401600,4,0,0,962,29,46,444,59,90,22,0,2,235,38,80,389,27,59,51,32,98,0,0,0,0,0,0,670202,50035,108786,415013,95799,341905,16418,2551,2947,212015,68508,629037,322568,46983,400674,67273,102561,751937,0,0,0,107.65016859504132,0.6259305785123966
1658278891989,36.895,0.408867,1.0,0.08695652,0.03846154,0.0,0.08,1.0,0.03846154,1.0,49.600002,49.600002,49.300003,49.300003,49.300003,49.600002,49.300003,51.600002,49.600002,51.600002,47.600002,47.300003,3768756,-1267395,1075200,1075200,1075200,1075200,1075200,1075200,652800,1401600,183,4,4,908,22,46,217,33,54,651,26,38,283,34,48,238,43,63,55,58,110,5,0,0,210814,9418,15837,667650,27961,138781,197253,58420,173628,439504,37781,80989,237140,66075,261818,230222,90618,412740,70943,181649,674368,146,0,0,104.79463354037267,0.6373664596273292
1658278893076,36.97,0.47783253,0.5185185,0.24,0.12,0.4074074,0.27272728,1.0,0.12,1.0,49.9,49.600002,48.600002,48.9,49.300003,49.600002,48.600002,51.600002,49.300003,51.600002,47.300003,47.300003,3770118,-1191712,1075200,1075200,1075200,1075200,1075200,1075200,652800,1401600,308,3,3,963,28,37,372,81,115,349,65,96,131,19,56,0,0,0,55,19,109,0,0,0,198368,6299,3408,735248,26796,87537,388053,177971,349692,317032,146696,513769,124140,46502,515985,0,0,0,91156,65744,847122,0,0,0,105.2931472868217,0.6208496124031007
1658278894140,37.034,0.42512077,0.64,0.24,0.0,1.0,0.115384616,0.36,0.03846154,1.0,49.9,49.9,49.600002,49.600002,49.9,49.9,49.600002,51.9,49.9,51.9,48.300003,47.600002,3747151,-1354676,1075200,1075200,1075200,1075200,1075200,1075200,652800,1401600,531,4,12,891,18,31,609,45,61,346,68,79,200,33,42,0,0,0,64,45,120,1,0,0,531383,5840,89755,667928,21635,75058,448863,64564,184721,312373,151363,364561,177307,57209,245493,3460,0,1057,86677,162851,671875,55,0,0,101.88879875195008,0.532817472698908
1658278895186,37.105003,0.43529412,0.0,0.23809524,0.90909094,0.14285715,1.0,0.15,0.04347826,1.0,49.600002,49.600002,48.9,49.9,49.9,49.600002,48.9,51.9,49.600002,51.9,47.9,47.300003,3770118,-1184388,1075200,1075200,1075200,1075200,1075200,1075200,652800,1401600,503,27,38,920,41,64,123,20,64,224,30,31,142,17,48,135,28,50,53,30,105,2,0,0,488620,45517,117828,686834,53963,148742,125885,49647,576661,198907,61695,83096,142130,44200,486428,138823,65931,204275,78661,84915,869742,30,0,0,100.67230816640986,0.5940462249614792
1658278896247,37.166,0.50256413,0.24,0.17391305,0.30769232,1.0,0.16666667,1.0,0.16666667,1.0,49.9,49.600002,49.600002,49.600002,49.9,49.600002,48.9,51.9,49.600002,51.9,48.300003,47.300003,3768950,-1293946,1075200,1075200,1075200,1075200,1075200,1075200,652800,1401600,366,19,42,727,46,68,84,14,26,550,52,52,10,0,2,521,65,72,162,41,76,1,0,0,473155,55156,352854,665830,62685,115019,76093,19939,97521,504027,92310,117684,3683,0,3813,445552,114944,128964,125254,94573,710610,18,0,0,104.9494879227053,0.5966634460547503
1658278897276,37.233,0.49756098,0.36,0.1923077,0.1923077,0.61538464,0.7692308,0.7037037,0.07692308,1.0,50.300003,49.9,49.300003,50.300003,50.300003,50.300003,49.600002,52.300003,49.9,52.300003,48.300003,47.600002,3748513,-1421204,1075200,1075200,1075200,1075200,1075200,1075200,652800,1401600,802,17,22,1017,22,19,211,36,82,240,27,37,230,50,84,12,2,3,42,29,91,1,0,0,546072,29842,61358,768376,29279,39129,211318,86868,478732,194215,56473,110177,245374,110339,423705,8069,2682,2694,64748,97950,757483,75,0,0,101.22852173913044,0.5431552795031056
1658278898341,37.304,0.4375,0.04761905,0.13636364,0.72727275,0.36363637,0.0952381,1.0,0.04761905,1.0,50.9,50.300003,49.600002,50.300003,50.9,50.9,49.9,52.600002,50.600002,52.600002,48.600002,47.9,3756494,-1339417,1075200,1075200,1075200,1075200,1075200,1075200,652800,1401600,670,26,39,745,48,70,225,55,82,231,60,73,89,11,12,55,17,44,198,95,126,6,0,0,558579,40016,66966,671185,72193,107024,264581,106059,307774,237179,134390,156547,117871,18160,40632,70047,49420,410653,211038,233366,508080,204,0,0,102.07940279937792,0.5567900466562986
1658278899362,37.362003,0.45355192,0.59090906,0.2173913,0.36363637,0.41666666,0.09090909,0.7916667,0.08695652,1.0,50.600002,50.600002,50.600002,50.600002,50.600002,50.9,49.9,52.600002,50.9,52.300003,48.600002,48.300003,3767783,-1338807,1075200,1075200,1075200,1075200,1075200,1075200,652800,1401600,562,36,36,692,56,77,236,51,66,249,65,90,91,14,51,15,2,8,60,55,119,2,0,0,459066,79062,112546,626498,94005,120720,229834,118261,227798,265870,126629,385275,73723,32140,459043,15517,1097,54590,78505,116437,739584,54,0,0,102.80500325732899,0.5318045602605863
1658278900365,37.412003,0.43529412,0.045454547,0.7,0.4090909,0.045454547,0.0952381,1.0,0.05263158,1.0,51.300003,50.600002,49.600002,49.9,50.300003,50.9,49.9,52.600002,50.300003,52.9,48.300003,47.9,3767199,-1235352,1075200,1075200,1075200,1075200,1075200,1075200,652800,1401600,429,15,27,764,37,40,268,36,73,299,34,28,139,30,61,14,2,7,146,63,157,2,0,0,404840,36101,210850,671632,56963,72261,231908,82322,453810,209896,61246,119158,137049,62920,542988,20741,387,26592,175692,158785,551120,51,0,0,106.65047589424572,0.511452566096423
1658278901373,37.480003,0.47342995,0.083333336,0.0,0.12,0.7037037,1.0,0.5555556,0.16,1.0,50.600002,50.9,50.600002,50.9,50.9,50.9,50.600002,53.300003,51.300003,52.9,48.600002,48.300003,3757661,-1322327,1075200,1075200,1075200,1075200,1075200,1075200,652800,1401600,404,12,24,682,19,25,174,21,36,299,42,84,113,9,29,64,7,27,675,66,97,1,0,0,410406,32226,145854,546248,21734,49585,160705,60854,277500,283947,79354,333605,82520,7439,173478,54317,22299,382143,416381,162051,295129,31,0,0,0.020846986089644512,0.017842349304482225
1658278902442,37.527,0.4,1.0,0.0,1.0,0.0,0.0,0.08695652,0.04347826,1.0,49.600002,49.300003,49.300003,49.600002,50.300003,50.300003,49.600002,51.9,49.9,52.300003,47.600002,47.300003,3832013,-674438,1075200,1075200,1075200,1075200,1075200,1075200,652800,1401600,746,8,12,469,8,25,267,43,97,290,45,76,0,0,0,254,48,87,37,36,105,0,0,0,650237,13626,33746,536588,20376,92182,258482,64925,464183,232736,100873,316045,0,0,0,243477,94312,305792,43993,114047,700246,0,0,0,-1.0,-1.0
1658278903471,37.578003,0.421875,0.041666668,1.0,0.08,0.0,1.0,0.04347826,0.041666668,1.0,48.9,48.9,48.300003,48.300003,48.9,48.600002,48.300003,51.300003,48.9,51.300003,46.9,46.600002,3840771,-297241,1075200,1075200,1075200,1075200,1075200,1075200,652800,1401600,123,34,53,148,7,30,3,0,1,154,15,70,177,11,80,126,8,52,42,63,121,0,0,0,149866,73939,249770,178660,9615,308883,2052,0,0,150429,37993,650269,172438,23694,691295,135033,17806,675045,50605,178110,745590,0,0,0,-1.0,-1.0
1658278904513,37.608,0.7311321,0.6666667,0.71428573,0.8333333,0.96428573,0.64285713,0.61538464,0.37037036,1.0,48.600002,48.9,48.300003,48.300003,48.600002,48.300003,48.300003,50.9,48.9,51.300003,46.600002,46.300003,3839993,-353088,1075200,1075200,1075200,1075200,1075200,1075200,652800,1401600,334,45,75,261,14,37,33,8,19,294,36,92,105,5,5,187,22,64,212,67,111,8,0,0,412590,106883,268056,213234,39930,208511,20324,20370,235526,196045,89177,524970,53471,6488,15262,143939,37914,559436,115199,146957,596234,219,0,0,0.003975308641975308,0.005888888888888889
1658278905561,37.615,0.5053192,0.5416667,0.2,0.3478261,0.375,0.5652174,0.8333333,0.08695652,1.0,49.300003,49.300003,48.600002,49.9,49.600002,49.600002,49.300003,51.300003,49.600002,51.600002,47.300003,47.300003,3770702,-1204224,1075200,1075200,1075200,1075200,1075200,1075200,652800,1401600,397,20,20,196,3,3,72,6,16,188,27,67,228,10,38,156,16,34,343,38,121,3,0,0,358380,43030,263491,151693,5617,6164,74229,9803,58783,144954,45247,314083,103261,15124,487521,107592,35027,424042,186728,98166,596062,74,0,0,213.40641240310075,2.1526325581395347
1658278906598,37.622,0.5136612,0.3181818,0.26086956,0.3043478,0.73913044,0.18181819,0.96,0.26086956,1.0,50.300003,49.9,49.300003,49.9,49.600002,49.600002,48.9,51.9,49.600002,51.9,47.9,47.600002,3756883,-1360474,1075200,1075200,1075200,1075200,1075200,1075200,652800,1401600,523,17,24,812,21,21,508,48,42,58,6,28,81,14,26,273,47,65,118,69,166,1,0,0,574748,26867,78502,697257,37103,33037,553795,102596,148680,49804,15418,170907,74111,28041,124971,262066,67855,181812,127720,188319,581274,20,0,0,210.18290793650795,1.2618666666666667
1658278907637,37.639,0.5527638,0.27272728,0.3846154,0.3478261,0.26923078,0.84,1.0,0.23076923,1.0,50.9,50.300003,49.300003,49.600002,49.9,50.600002,49.600002,52.600002,49.9,52.300003,48.600002,47.9,3768561,-1258240,1075200,1075200,1075200,1075200,1075200,1075200,652800,1401600,460,32,60,726,39,35,559,49,59,152,18,29,182,30,73,16,2,5,163,65,167,1,0,0,518061,67623,215827,662445,60914,54803,587941,105389,165799,112766,34769,61918,173270,58190,546181,7538,708,8715,199378,169231,540928,21,0,0,208.24776848874598,1.5626495176848874
1658278908655,37.673,0.47826087,0.26086956,0.14285715,0.29166666,0.77272725,0.17391305,1.0,0.09090909,1.0,50.9,50.9,50.300003,51.300003,50.9,51.300003,50.300003,52.9,50.9,52.9,49.300003,48.300003,3752017,-1392823,1075200,1075200,1075200,1075200,1075200,1075200,652800,1401600,384,40,50,640,41,55,578,46,45,215,36,59,129,17,51,1,0,0,206,75,168,1,0,0,434970,93633,126862,592192,56056,74143,584757,86517,109244,203990,74034,351346,127853,43129,310110,10,0,0,221881,166550,510925,37,0,0,204.56973913043478,1.334111801242236
1658278909669,37.7,0.5322581,0.75,0.41666666,0.26086956,0.13043478,0.47826087,1.0,0.28,1.0,50.9,50.9,50.600002,51.300003,51.300003,51.600002,50.300003,53.300003,50.9,53.300003,49.600002,48.600002,3749292,-1362610,1075200,1075200,1075200,1075200,1075200,1075200,652800,1401600,489,26,42,537,29,56,392,72,61,165,32,40,184,30,74,0,0,0,386,135,143,1,0,0,561392,49253,145697,550009,41684,94157,509215,148877,139313,145192,60167,208288,185378,60574,529554,0,0,0,355048,228568,285440,35,0,0,204.64208695652172,1.3233291925465838
1658278910687,37.747,0.4950495,0.76,0.22222222,0.30769232,0.37037036,0.6,0.56,0.2,1.0,51.600002,51.600002,50.9,51.9,51.600002,51.600002,50.9,53.600002,51.600002,53.9,50.300003,49.300003,3745205,-1405945,1075200,1075200,1075200,1075200,1075200,1075200,652800,1401600,235,11,26,605,38,51,405,61,72,171,40,44,64,13,44,0,0,1,395,174,141,0,0,0,249606,20875,73935,582107,58196,81075,477456,128077,231020,165662,62902,452854,89664,38109,394502,0,0,29,319250,271090,276610,0,0,0,206.66143894389438,1.351656765676568
1658278911708,37.788002,0.5132275,0.6956522,0.29166666,0.3043478,0.52,0.13043478,0.96,0.16666667,1.0,51.9,51.600002,51.300003,51.9,51.9,51.600002,51.300003,53.9,51.600002,53.9,49.9,49.300003,3742480,-1374207,1075200,1075200,1075200,1075200,1075200,1075200,652800,1401600,283,14,19,570,32,58,381,69,77,97,25,71,57,11,38,25,6,16,486,169,110,1,0,0,339342,28718,49939,651722,51003,97520,470470,176248,210786,120543,61540,582345,71473,16881,416093,28008,13555,79675,446384,268735,171014,25,0,0,205.07239875389408,1.3307414330218068
1658278912743,37.828003,0.48292682,1.0,0.24,0.3448276,0.04347826,0.08,0.96153843,0.125,1.0,52.300003,52.300003,51.600002,51.600002,51.9,51.9,51.600002,53.9,51.9,54.300003,50.300003,49.600002,3747346,-1410218,1075200,1075200,1075200,1075200,1075200,1075200,652800,1401600,456,12,34,585,29,65,376,51,57,127,23,69,33,2,13,70,16,30,457,173,101,0,0,0,507117,24851,140192,537924,51698,121056,464492,124780,186875,165727,43042,383136,29859,533,199560,69618,32607,173613,368715,308642,172234,0,0,0,203.58842236024844,1.3228819875776399
1658278913806,37.886,0.4514563,0.7037037,0.44,0.26923078,1.0,0.0,0.07692308,0.08,1.0,52.9,52.300003,51.600002,51.600002,51.9,52.300003,51.600002,54.600002,52.300003,54.600002,50.600002,49.600002,3752795,-1359253,1075200,1075200,1075200,1075200,1075200,1075200,652800,1401600,223,31,63,625,53,72,346,78,78,127,30,48,165,29,55,37,3,7,473,189,116,1,0,0,266745,72086,193482,688541,79258,140190,464487,179552,252773,129209,62237,281701,107183,82809,532366,33454,3888,18106,408770,293250,206091,25,0,0,207.36513015873015,1.4207238095238095
1658278914832,37.940002,0.6135266,0.25925925,0.45454547,0.44444445,0.84615386,0.7777778,1.0,0.04347826,1.0,52.9,52.600002,52.300003,52.600002,52.9,52.600002,51.600002,54.300003,52.300003,54.300003,50.300003,49.9,3758051,-1257935,1075200,1075200,1075200,1075200,1075200,1075200,652800,1401600,355,26,50,566,44,81,387,79,58,61,17,22,74,26,53,34,7,17,518,179,86,0,0,0,390988,60385,145883,567477,82511,159655,453248,180813,219126,63415,34394,93408,74663,85860,547917,36312,22606,226507,425462,290160,152404,0,0,0,206.35656013179573,1.3213838550247117
1658278915836,37.973003,0.627451,0.5,0.3846154,0.32,0.7692308,1.0,0.9230769,0.115384616,1.0,53.600002,52.9,52.600002,52.9,52.600002,52.9,51.9,54.600002,52.9,54.9,50.600002,50.300003,3758440,-1365662,1075200,1075200,1075200,1075200,1075200,1075200,652800,1401600,494,16,41,401,26,40,414,55,64,81,15,23,52,15,32,89,13,33,592,178,55,0,0,0,549940,45256,126258,381123,38028,80871,471985,135750,152980,69753,33069,189480,45593,44289,184132,80848,20337,207014,436206,280163,120272,0,0,0,204.16698907956317,1.4629141965678627
1658278916887,38.038002,0.61463416,0.7307692,0.5,0.36,0.96153843,0.9230769,0.34615386,0.08,1.0,53.300003,53.300003,52.300003,53.300003,53.300003,53.300003,52.600002,54.9,52.600002,54.9,50.9,50.600002,3744426,-1400452,1075200,1075200,1075200,1075200,1075200,1075200,652800,1401600,315,13,35,550,26,45,381,63,71,117,27,39,10,1,4,34,11,20,456,215,74,0,0,0,370466,18486,108938,477255,41568,75008,465503,146817,198136,129080,48880,159799,8592,302,40366,26774,33549,192638,366882,396657,126939,0,0,0,208.2956694214876,1.339715702479339
1658278917903,38.082,0.62439024,0.96,0.30769232,0.46153846,0.32,0.88,1.0,0.14814815,1.0,53.9,53.600002,52.600002,53.600002,53.300003,53.600002,52.600002,55.600002,52.9,55.600002,51.300003,50.9,3743842,-1384278,1075200,1075200,1075200,1075200,1075200,1075200,652800,1401600,366,26,47,528,45,58,441,69,63,91,11,27,49,2,11,22,3,18,580,212,47,0,0,0,377762,40293,127526,488185,74677,81867,487234,166290,149029,105008,19457,95161,29976,4020,48134,28665,4673,180904,424742,331406,95714,0,0,0,205.2942569105691,1.3474341463414634
1658278918978,38.132,0.46305418,0.25,0.17391305,0.26923078,0.08,0.76,1.0,0.041666668,1.0,53.9,53.600002,52.9,53.9,53.600002,53.600002,52.9,55.600002,53.300003,55.600002,51.600002,50.9,3746956,-1467896,1075200,1075200,1075200,1075200,1075200,1075200,652800,1401600,261,26,33,552,39,59,427,68,63,118,26,49,18,6,10,11,5,13,378,200,90,0,0,0,263319,49768,77018,547374,53450,94951,485522,154386,171370,115810,56850,311114,16060,16572,60220,13434,16123,91759,313740,371511,206050,0,0,0,205.17143925233646,1.3510280373831776
1658278920015,38.18,0.47540984,0.045454547,0.25,0.2857143,0.9166667,0.13043478,1.0,0.20833333,1.0,54.300003,53.9,53.300003,53.600002,53.600002,53.600002,52.600002,55.600002,52.9,55.600002,51.600002,50.9,3744426,-1527711,1075200,1075200,1075200,1075200,1075200,1075200,652800,1401600,450,22,55,556,38,63,470,59,60,133,26,63,22,4,12,37,16,28,333,170,116,1,0,0,533723,34795,189860,553758,55953,113008,541466,129092,164628,145265,64970,333579,13168,13465,50113,42939,39488,180561,286478,315337,280764,33,0,0,207.33221587301588,1.4228825396825397
1658278921014,38.237003,0.43678162,0.0,0.13636364,0.2173913,1.0,1.0,0.09090909,0.09090909,1.0,53.9,53.600002,53.300003,53.9,53.9,54.300003,53.600002,55.600002,54.300003,55.600002,51.9,51.300003,3740923,-1496888,1075200,1075200,1075200,1075200,1075200,1075200,652800,1401600,552,8,30,788,31,35,536,66,61,108,12,17,174,25,64,12,9,14,308,153,119,1,0,0,576203,14104,102256,746864,39699,41716,525576,149309,157022,94462,18183,29594,137323,51370,568491,14504,27202,110133,273373,291555,286464,21,0,0,208.38106832298135,1.4103850931677018
1658278922074,38.278004,0.5121951,0.08,0.22222222,0.36,0.5416667,1.0,0.6,0.20833333,1.0,53.9,53.600002,52.9,53.9,53.9,53.600002,52.600002,55.600002,53.300003,55.600002,51.600002,50.9,3754547,-1396180,1075200,1075200,1075200,1075200,1075200,1075200,652800,1401600,213,23,53,507,62,99,352,90,79,95,15,59,0,0,0,65,10,36,459,204,120,0,0,0,243938,51556,185696,557879,107648,177991,438027,215687,257620,93776,28876,443984,0,0,0,54972,21002,704579,411322,311443,190941,0,0,0,209.30066344605476,1.2995297906602254
1658278923102,38.328003,0.50980395,0.26923078,0.53846157,0.28,0.36,0.28,1.0,0.28,1.0,54.600002,54.300003,52.9,53.9,54.300003,54.300003,53.9,56.300003,54.300003,56.300003,51.9,51.9,3734500,-1589051,1075200,1075200,1075200,1075200,1075200,1075200,652800,1401600,502,13,27,641,14,18,390,42,43,99,15,28,62,5,20,117,6,31,533,173,80,1,0,0,465306,22155,81721,545962,22341,26751,386105,94809,91328,111599,29358,98708,49107,5538,79820,93523,6323,230773,372330,268877,111529,20,0,0,204.35997507788161,1.277258566978193
1658278924159,38.372,0.55778897,0.4,0.22727273,0.3846154,0.8,0.28,1.0,0.2173913,1.0,54.600002,54.300003,53.600002,53.9,54.300003,54.9,54.300003,56.300003,54.600002,56.300003,52.300003,51.600002,3751433,-1391297,1075200,1075200,1075200,1075200,1075200,1075200,652800,1401600,437,28,44,514,15,30,366,66,76,98,22,47,113,24,60,62,6,24,437,184,107,0,0,0,480264,77451,140747,511107,21240,56727,451173,159422,244272,107450,45051,252574,117965,58550,411542,65236,12683,269625,371570,309343,178828,0,0,0,209.28,1.6018852713178293
1658278925221,38.423,0.4040404,0.03846154,1.0,0.0,0.04,0.083333336,1.0,0.041666668,1.0,54.9,54.9,54.300003,54.9,54.9,54.600002,53.9,56.600002,54.600002,56.600002,52.300003,51.600002,3734889,-1474000,1075200,1075200,1075200,1075200,1075200,1075200,652800,1401600,403,16,37,603,30,43,458,65,70,101,18,39,115,11,37,50,19,40,561,151,98,1,0,0,462982,37416,118562,624305,49187,77937,493079,130755,245217,85390,36581,380971,97231,15835,240152,55443,61685,197072,447615,248469,209606,19,0,0,45.942518032786886,0.2914229508196721
1658278926266,38.460003,0.51960784,0.3846154,1.0,0.2,0.1923077,0.34615386,1.0,0.04,1.0,52.9,52.9,52.300003,52.600002,52.600002,53.300003,52.600002,55.300003,52.9,55.300003,50.300003,50.300003,3831818,-340271,1075200,1075200,1075200,1075200,1075200,1075200,652800,1401600,331,21,31,387,26,42,241,53,93,139,14,52,82,9,43,86,12,35,219,104,97,0,0,0,452298,32378,253648,335956,31714,91399,266727,111503,489413,147150,25196,389447,95264,23738,465477,75508,32300,178693,213725,260230,376171,0,0,0,-1.0,-1.0
1658278927296,38.497,0.59444445,0.3,0.95652175,0.25,0.9583333,0.45833334,0.41666666,0.27272728,1.0,51.9,52.300003,51.300003,52.300003,52.300003,52.300003,51.9,54.300003,51.9,54.300003,49.300003,49.300003,3823643,-701294,1075200,1075200,1075200,1075200,1075200,1075200,652800,1401600,310,9,23,171,0,0,224,41,104,194,23,70,152,17,63,0,0,0,41,58,122,0,0,0,417034,27030,378486,178745,0,0,184763,90303,442145,166858,46369,533727,155280,30230,571851,0,0,0,55468,178315,681468,0,0,0,-1.0,-1.0
1658278928322,38.507,0.4093567,1.0,1.0,0.0,0.045454547,0.04761905,0.14285715,0.0,1.0,52.600002,52.9,52.300003,52.9,53.300003,52.9,52.600002,54.300003,53.600002,54.600002,49.600002,49.600002,3806321,-646057,1075200,1075200,1075200,1075200,1075200,1075200,652800,1401600,202,4,17,6,0,1,307,55,82,60,3,7,136,20,51,279,15,47,160,53,110,5,0,0,264489,10830,311516,3669,0,638,263240,113241,302917,35913,2048,8936,106997,48979,451840,153489,24425,360117,97759,136784,596629,135,0,0,-1.0,-1.0
1658278929389,38.504,0.5680751,0.34615386,0.5,0.4074074,0.3448276,0.7307692,1.0,0.13636364,1.0,51.9,51.9,50.9,51.300003,51.9,51.9,51.600002,53.600002,51.9,53.9,48.9,48.9,3765447,-1177369,1075200,1075200,1075200,1075200,1075200,1075200,652800,1401600,42,0,0,4,0,0,241,73,107,190,14,45,58,7,25,89,4,25,163,24,62,0,0,0,43442,0,0,6007,0,0,191483,218092,418385,113960,41708,723509,44033,19742,720662,49553,1191,721758,88356,71117,795343,0,0,0,180.5632262295082,2.5766688524590164
1658278930415,38.504,0.5254237,0.46153846,0.8333333,0.1904762,0.14285715,0.18181819,1.0,0.25,1.0,52.300003,52.300003,51.9,52.9,52.600002,52.600002,51.9,54.300003,52.600002,54.300003,50.600002,49.9,3745983,-1393128,1075200,1075200,1075200,1075200,1075200,1075200,652800,1401600,879,13,27,776,23,32,445,46,74,287,29,54,104,17,28,59,11,18,328,96,143,5,0,0,701924,15885,36170,611169,34665,66638,464504,84718,207888,246006,46846,189003,96345,24547,88553,52687,16180,125735,237471,205760,381427,886,0,0,339.8905263157895,1.8557894736842107
1658278931431,38.501003,0.4814815,0.28,1.0,0.20833333,0.12,1.0,0.13043478,0.13636364,1.0,53.300003,52.9,52.300003,52.9,52.9,53.300003,52.300003,54.9,52.9,54.9,51.300003,50.300003,3753185,-1411133,1075200,1075200,1075200,1075200,1075200,1075200,652800,1401600,777,27,44,541,30,55,468,62,110,274,47,88,121,16,47,2,1,2,413,170,94,0,0,0,622378,40602,58514,496769,52678,115249,494739,111074,283777,266166,88930,328958,105599,29757,328914,3057,206,3092,361195,284692,188869,0,0,0,307.8496939721793,1.4848593508500774
1658278932484,38.507,0.47179487,0.28,0.23076923,0.4,0.73913044,0.125,1.0,0.09090909,1.0,53.600002,53.300003,52.300003,52.9,53.300003,53.600002,52.9,55.600002,53.600002,55.300003,51.300003,50.600002,3744621,-1442566,1075200,1075200,1075200,1075200,1075200,1075200,652800,1401600,760,58,88,69,8,15,340,72,100,254,45,112,0,0,0,155,22,74,366,176,110,0,0,0,627892,79008,134167,66572,12623,26903,398311,152227,321086,255574,92006,567263,0,0,0,139691,59572,600468,362012,264579,233813,0,0,0,310.3126365054602,1.572792511700468
1658278933523,38.521004,0.5902439,0.29166666,0.7777778,0.4814815,0.46153846,0.96,0.56,0.125,1.0,53.600002,53.600002,52.600002,53.600002,53.600002,52.9,52.600002,55.600002,53.600002,55.600002,51.300003,51.300003,3760386,-1411744,1075200,1075200,1075200,1075200,1075200,1075200,652800,1401600,744,48,64,281,18,32,371,62,80,122,29,61,140,25,69,28,5,6,308,182,108,1,0,0,687575,65734,87936,277957,27665,60278,390683,125011,291347,133343,56954,490416,126521,71197,606718,25964,6869,23530,312290,324815,231571,35,0,0,310.7288861154446,1.4861279251170048
1658278934561,38.555,0.5138122,0.29166666,1.0,0.1904762,0.13043478,0.26086956,0.90909094,0.27272728,1.0,53.9,54.300003,53.300003,53.9,53.9,53.600002,52.9,55.9,53.600002,55.9,51.600002,50.9,3750071,-1471253,1075200,1075200,1075200,1075200,1075200,1075200,652800,1401600,845,20,30,595,20,33,381,67,89,152,32,41,40,7,13,84,7,39,376,172,103,3,0,0,707835,19084,42648,503718,30602,54152,382539,158829,264838,132103,69621,164639,46599,10286,36483,73510,12005,482021,353711,300402,201652,50,0,0,311.46077760497667,1.5019097978227058
1658278935578,38.582,0.5873786,0.5833333,0.61538464,0.375,0.4074074,0.5185185,1.0,0.26923078,1.0,53.9,53.9,53.300003,53.300003,53.600002,54.300003,53.600002,55.9,53.9,55.9,51.600002,51.300003,3758245,-1356812,1075200,1075200,1075200,1075200,1075200,1075200,652800,1401600,793,38,75,315,20,24,342,75,92,159,27,66,152,36,65,13,2,3,247,160,117,3,0,0,634733,47087,121208,282271,23828,54593,415883,182076,268153,150432,50168,361118,130030,86388,586876,8455,2606,49503,245080,338145,264150,76,0,0,309.9472864157119,1.511646481178396
1658278936579,38.609,0.48947367,0.625,0.7083333,0.2173913,1.0,0.125,0.083333336,0.125,1.0,54.300003,54.600002,53.600002,53.9,54.300003,54.600002,53.9,56.300003,54.300003,56.300003,52.300003,51.600002,3738782,-1587220,1075200,1075200,1075200,1075200,1075200,1075200,652800,1401600,683,28,53,267,10,19,344,61,81,242,37,78,65,15,43,0,0,0,304,181,100,0,0,0,544545,34705,77227,237494,16313,34515,377658,138069,283680,214543,93505,549042,71469,38946,530781,0,0,0,298094,336984,206657,0,0,0,307.80710559006206,1.716919254658385
1658278937587,38.642002,0.5680751,0.4814815,0.5,0.42307693,0.4074074,1.0,0.4,0.37931034,1.0,54.600002,54.9,53.9,53.9,53.600002,53.300003,52.9,56.300003,53.600002,56.300003,52.300003,51.9,3749292,-1283875,1075200,1075200,1075200,1075200,1075200,1075200,652800,1401600,815,30,47,459,17,19,408,52,82,110,21,38,172,34,69,166,28,51,184,136,135,3,0,0,653164,33320,62860,411428,15549,33982,415053,122257,253793,85965,39201,189082,150176,82788,413112,149587,61385,284421,191146,283967,422579,92,0,0,309.0427160493827,1.6637037037037037
1658278938662,38.683002,0.54950494,0.46153846,0.56,0.30769232,0.20833333,0.76,0.8,0.28,1.0,54.9,54.9,53.9,54.300003,54.9,54.600002,53.9,56.300003,54.9,56.600002,52.600002,52.300003,3740533,-1444092,1075200,1075200,1075200,1075200,1075200,1075200,652800,1401600,669,33,58,226,12,31,390,66,102,186,38,77,0,0,0,103,21,66,434,188,92,0,0,0,571739,42632,83582,212920,20762,93296,412412,164368,309243,161524,100702,648833,0,0,0,124210,38621,622047,397523,292129,173062,0,0,0,309.689106918239,1.6290817610062893
1658278939686,38.707,0.48554912,0.52380955,0.15789473,0.4090909,0.1904762,0.33333334,1.0,0.13636364,1.0,55.300003,54.9,54.300003,54.9,54.9,55.300003,54.600002,56.9,54.600002,56.9,52.600002,51.9,3744621,-1426087,1075200,1075200,1075200,1075200,1075200,1075200,652800,1401600,737,50,69,197,0,0,401,70,91,185,35,87,63,1,10,47,8,37,373,162,123,0,0,0,667773,73368,109224,193516,876,2720,435765,173964,305933,157093,81725,618856,51356,915,27711,36302,16583,595049,377594,292501,197441,0,0,0,310.72328593996843,1.5775545023696684
1658278940703,38.734,0.5613208,0.35714287,0.65384614,0.36,0.30769232,0.7692308,0.5769231,0.44827586,1.0,54.9,55.300003,53.9,53.9,54.300003,54.9,53.9,56.9,54.600002,56.9,52.600002,51.9,3747735,-1405945,1075200,1075200,1075200,1075200,1075200,1075200,652800,1401600,740,24,43,365,9,29,346,60,95,278,52,85,196,30,73,0,0,0,377,160,111,3,0,0,616332,33469,61551,360993,11686,46705,371897,122373,303926,256113,99782,400786,181571,58785,488178,0,0,0,345163,275916,239898,82,0,0,311.1357955271565,1.5505686900958466
1658278941727,38.771004,0.509901,0.2,0.9583333,0.23076923,0.12,1.0,0.23076923,0.33333334,1.0,55.600002,55.300003,53.9,54.300003,55.300003,54.9,54.300003,56.600002,54.600002,56.9,52.600002,51.9,3749487,-1354676,1075200,1075200,1075200,1075200,1075200,1075200,652800,1401600,656,18,28,283,35,51,279,58,90,175,29,77,16,0,6,136,30,59,422,163,97,1,0,0,512066,20504,38047,249347,80486,135375,336691,129685,310341,175314,52115,645092,11257,0,52049,143084,64877,431347,383098,261089,198852,20,0,0,309.7202991869919,1.623830894308943
1658278942734,38.825,0.47398844,0.14285715,1.0,0.2,0.05,1.0,0.13636364,0.14285715,1.0,55.300003,55.300003,54.9,54.9,55.600002,55.300003,54.300003,57.300003,54.9,57.300003,52.9,52.300003,3738003,-1479493,1075200,1075200,1075200,1075200,1075200,1075200,652800,1401600,614,18,26,199,39,57,344,60,92,204,33,88,0,0,0,105,27,56,459,161,89,2,0,0,492818,26275,43146,187360,75215,107978,397285,125982,333296,172138,67357,669590,0,0,0,110291,71878,628995,448933,240042,148574,320,0,0,311.93857007874016,1.648075590551181
1658278943783,38.845,0.50282484,0.14285715,0.24,0.1904762,1.0,0.95454544,0.2173913,0.3478261,1.0,55.300003,55.300003,54.300003,54.9,55.300003,54.9,53.9,57.300003,54.600002,57.300003,52.600002,52.300003,3758635,-1379700,1075200,1075200,1075200,1075200,1075200,1075200,652800,1401600,782,32,46,521,12,23,404,76,91,196,37,70,0,0,0,104,15,39,469,181,87,1,0,0,736439,46513,77819,492953,21721,42570,417410,162533,271910,206968,75917,426592,0,0,0,81292,26547,449339,446753,289890,133281,27,0,0,309.8489225908373,1.5482843601895733
1658278944780,38.882,0.5088757,0.3181818,0.6363636,0.23809524,0.13636364,1.0,0.42857143,0.2631579,1.0,54.9,55.300003,54.600002,55.300003,55.600002,55.300003,54.600002,57.300003,55.300003,56.9,52.600002,52.300003,3759802,-1311951,1075200,1075200,1075200,1075200,1075200,1075200,652800,1401600,803,42,67,288,8,21,365,57,102,1,1,2,70,10,47,116,20,63,402,164,95,0,0,0,732604,58229,105669,303149,14738,50301,394330,133635,295411,9558,25,2851,69650,10096,496197,142988,28717,635684,391820,248827,184708,0,0,0,310.46531147540986,1.5578229508196721
1658278945814,38.926003,0.46067417,0.0952381,0.0952381,0.2173913,1.0,0.09090909,1.0,0.13636364,1.0,55.300003,55.600002,54.300003,54.600002,54.9,54.9,53.600002,57.300003,54.9,57.300003,52.9,52.300003,3747151,-1402894,1075200,1075200,1075200,1075200,1075200,1075200,652800,1401600,762,57,70,383,44,75,425,74,103,99,18,48,0,0,0,122,17,65,483,180,71,0,0,0,701591,79760,97841,395197,78586,159165,440592,160371,290059,113730,40203,287510,0,0,0,143981,42537,550380,464391,228479,156920,0,0,0,308.86090483619347,1.6650483619344771
1658278946829,38.957,0.4852941,0.16,0.12,0.23076923,0.96153843,1.0,0.15384616,0.25925925,1.0,55.300003,54.9,54.300003,54.9,55.300003,55.300003,54.300003,56.9,54.9,57.300003,52.9,52.300003,3756299,-1404114,1075200,1075200,1075200,1075200,1075200,1075200,652800,1401600,824,35,51,568,39,49,437,93,93,127,23,46,113,24,42,17,6,11,409,165,100,0,0,0,728187,51923,76810,463395,54033,91386,449076,180436,219118,120440,30891,310913,114660,43895,381416,27939,20589,141921,396305,237228,220495,0,0,0,308.0937107309487,1.5574494556765164
1658278947867,39.001003,0.46039605,0.2,1.0,0.16666667,1.0,0.11111111,0.07692308,0.1923077,1.0,55.300003,54.9,54.600002,55.300003,55.300003,54.9,54.300003,56.9,54.9,57.300003,52.9,52.300003,3749097,-1342164,1075200,1075200,1075200,1075200,1075200,1075200,652800,1401600,892,35,40,370,9,22,364,79,86,22,3,6,76,4,49,163,23,68,377,151,124,1,0,0,750094,41940,55827,361386,15473,46218,411117,175489,293218,19273,5912,12207,100134,4954,395457,169411,33762,558021,389432,251183,235880,15,0,0,307.13570232558135,1.6050108527131781
1658278948912,39.038002,0.44886363,0.09090909,1.0,0.09090909,1.0,0.09090909,0.04761905,0.1904762,1.0,55.600002,55.600002,54.9,55.300003,54.600002,55.300003,54.600002,57.300003,54.9,57.600002,53.300003,52.600002,3742285,-1455994,1075200,1075200,1075200,1075200,1075200,1075200,652800,1401600,886,35,43,214,14,19,379,82,90,112,20,32,62,12,32,150,36,73,433,172,92,0,0,0,717029,51633,55140,201174,24998,39448,415486,198229,275823,105630,32468,166572,73217,34072,276192,148035,92077,603802,419731,280231,162103,0,0,0,311.109694488189,1.6627527559055117
1658278949939,39.082,0.4888889,0.0952381,1.0,0.13636364,1.0,0.2173913,0.16666667,0.375,1.0,55.300003,55.300003,54.600002,55.300003,54.9,54.9,54.600002,57.300003,55.600002,57.300003,53.300003,52.300003,3780434,-858460,1075200,1075200,1075200,1075200,1075200,1075200,652800,1401600,692,33,53,288,18,20,368,35,69,16,0,2,206,25,51,187,22,56,526,113,82,0,0,0,609028,52630,116228,219451,28453,38945,331180,55010,286166,15141,1505,4601,180214,41525,457786,159867,38157,447141,414805,168330,190989,0,0,0,-1.0,-1.0
1658278950955,39.119003,0.38547486,0.0,1.0,0.0,1.0,0.0,0.08695652,0.0,1.0,53.300003,53.9,52.9,53.600002,53.600002,53.300003,53.300003,55.9,53.9,55.9,51.300003,50.600002,3831234,-322571,1075200,1075200,1075200,1075200,1075200,1075200,652800,1401600,443,19,28,0,0,0,210,44,92,70,8,22,157,27,77,194,34,85,95,106,125,0,0,0,644074,37330,168784,0,0,0,203700,87271,491594,65289,5248,107669,159386,55263,564844,201836,69809,613124,84082,270498,489469,0,0,0,-1.0,-1.0
1658278951988,39.136,0.39512196,0.0,1.0,1.0,0.03846154,0.0,0.04,0.03846154,1.0,52.300003,52.300003,51.600002,52.300003,52.300003,52.300003,51.9,54.9,52.600002,54.9,50.300003,49.9,3813133,-484009,1075200,1075200,1075200,1075200,1075200,1075200,652800,1401600,218,12,53,0,0,0,174,16,86,0,0,0,93,12,53,164,7,68,77,96,156,0,0,0,229414,40053,716733,0,0,0,182174,46251,772544,0,0,0,105680,22178,760987,136038,5217,712113,94248,254784,650205,0,0,0,-1.0,-1.0
1658278953055,39.146004,0.5645933,0.30769232,0.46153846,0.21428572,0.7777778,1.0,0.46153846,0.26923078,1.0,52.300003,52.600002,51.600002,51.600002,51.9,52.300003,51.600002,54.300003,52.300003,54.300003,49.9,49.9,3819361,-501709,1075200,1075200,1075200,1075200,1075200,1075200,652800,1401600,193,35,49,105,0,0,145,11,39,97,7,26,141,23,53,109,5,34,140,57,85,15,0,3,231361,119727,362139,83488,0,0,113022,9522,268451,62863,15485,473076,84392,56412,516053,87505,3544,601243,86166,148493,607928,2380,0,2116,0.008013223140495868,0.01576198347107438
1658278954066,39.146004,0.5146199,0.31578946,0.77272725,0.14285715,0.4,0.22727273,1.0,0.18181819,1.0,53.300003,53.300003,52.600002,52.9,52.9,53.300003,52.300003,55.300003,53.300003,54.9,50.9,50.600002,3743842,-1539918,1075200,1075200,1075200,1075200,1075200,1075200,652800,1401600,578,28,51,328,8,13,232,12,39,167,14,25,113,2,6,152,13,31,378,83,74,2,0,0,412684,59749,189255,224073,7742,18042,136648,19644,465778,117889,19106,348039,45598,1062,10177,103155,19761,378539,225604,171994,415957,56,0,0,413.84031067961166,2.678368932038835
1658278955063,39.146004,0.5245098,0.34615386,0.25,0.25,0.25925925,0.9230769,1.0,0.17391305,1.0,54.300003,54.600002,53.600002,53.600002,53.600002,53.9,53.300003,55.600002,53.9,55.9,51.9,51.300003,3745010,-1418763,1075200,1075200,1075200,1075200,1075200,1075200,652800,1401600,924,28,39,630,27,37,172,25,30,529,81,74,237,23,84,0,0,0,172,84,142,1,0,0,716785,35552,54621,488513,44095,81994,152386,67877,96884,469833,137618,158565,199154,37787,481788,0,0,0,182365,207296,436295,77,0,0,414.3205723172628,2.700093312597201
1658278956081,39.156002,0.5132275,0.3478261,0.53846157,0.32,0.3478261,0.3478261,1.0,0.29166666,1.0,54.9,54.600002,53.600002,54.300003,54.9,54.9,53.600002,56.300003,54.300003,56.600002,52.600002,51.9,3719318,-1593629,1075200,1075200,1075200,1075200,1075200,1075200,652800,1401600,948,33,36,395,8,20,422,69,89,355,55,97,45,16,26,100,21,39,95,72,147,3,0,0,725050,46638,39202,311946,8380,40096,403239,97766,234743,377192,117180,374199,47357,39597,227622,89927,50194,167787,119625,235970,522927,63,0,0,412.8231960461285,2.694853377265239
1658278957117,39.166,0.48768473,0.20833333,0.46153846,0.34615386,0.32,0.65384614,0.64,0.18518518,1.0,55.300003,55.600002,54.9,55.300003,55.300003,54.600002,54.300003,56.9,55.300003,56.9,52.9,52.300003,3734305,-1572877,1075200,1075200,1075200,1075200,1075200,1075200,652800,1401600,922,35,49,376,5,7,241,44,72,403,62,91,208,38,86,144,32,40,222,69,127,2,0,0,735842,41206,55491,258434,9012,14085,203969,87691,272221,389902,111345,278683,222473,60323,388689,155198,50193,78247,220981,182969,488535,47,0,0,409.0058562091503,2.76
1658278958153,39.207,0.48314607,0.2,0.22727273,1.0,0.14285715,0.09090909,1.0,0.09090909,1.0,55.600002,55.600002,54.600002,54.9,54.9,55.300003,53.9,57.300003,54.9,57.300003,53.300003,52.300003,3737808,-1463624,1075200,1075200,1075200,1075200,1075200,1075200,652800,1401600,883,34,42,662,30,43,203,54,88,336,57,79,81,19,23,90,19,23,152,94,125,3,0,0,682600,46451,49504,523678,44706,67190,182713,130172,507171,347065,117263,273393,74906,31420,136927,89388,37121,109066,159439,246248,488249,59,0,0,411.9578548895899,3.0217791798107254
1658278959189,39.230003,0.48108107,0.22727273,0.22727273,0.6666667,0.39130434,1.0,0.09090909,0.125,1.0,55.600002,55.600002,55.300003,55.300003,55.300003,55.600002,54.600002,57.300003,54.9,57.600002,53.600002,52.600002,3740728,-1480103,1075200,1075200,1075200,1075200,1075200,1075200,652800,1401600,866,38,37,682,43,63,90,19,16,301,69,84,100,19,41,136,25,29,81,74,147,3,0,0,694704,41157,38290,497935,60882,116129,85793,32334,25274,292918,170460,354284,92530,38824,369967,119317,46040,90322,102294,250018,574810,88,0,0,415.5843494539781,3.063213728549142
1658278960199,39.261,0.46601942,0.24,0.9166667,0.07692308,0.28,1.0,0.115384616,0.11111111,1.0,55.9,55.9,55.300003,55.600002,55.9,55.9,54.600002,57.600002,55.600002,57.600002,53.600002,52.9,3734889,-1497803,1075200,1075200,1075200,1075200,1075200,1075200,652800,1401600,893,30,41,507,48,91,103,20,44,351,91,91,10,10,17,190,39,53,182,65,152,1,0,0,719107,38143,44820,410663,81947,175032,121448,38022,162968,363203,203263,267015,21395,34692,213887,177849,65137,273377,207560,142311,515717,31,0,0,412.6153157076205,3.0261150855365475
1658278961238,39.312,0.46875,0.3043478,0.9583333,0.08,0.24,1.0,0.16,0.083333336,1.0,56.300003,56.300003,55.600002,55.9,56.300003,55.600002,54.9,57.9,55.300003,57.9,53.9,52.9,3729439,-1475220,1075200,1075200,1075200,1075200,1075200,1075200,652800,1401600,898,35,34,505,19,36,292,47,75,464,64,67,79,27,31,151,17,38,105,69,135,5,0,0,704182,48030,46291,370030,27421,61198,240288,94180,309299,418438,111791,172458,76614,70065,161731,130424,30301,309881,117591,207029,569285,121,0,0,415.51761119751166,2.849393468118196
1658278962249,39.339,0.50239235,0.32,0.2962963,0.46153846,0.28,0.5769231,0.92,0.14814815,1.0,56.300003,55.9,54.9,55.9,55.9,55.600002,54.9,58.300003,55.600002,58.300003,53.9,53.300003,3740923,-1423646,1075200,1075200,1075200,1075200,1075200,1075200,652800,1401600,865,42,33,740,29,48,166,28,70,400,81,87,3,0,1,95,18,41,83,61,135,2,0,0,704909,64554,40541,514241,31473,93621,162956,46144,432196,374960,169816,238066,3792,0,1283,96503,39771,359149,111415,185634,602675,87,0,0,413.88814906832295,2.938583850931677
1658278963292,39.383003,0.475,0.29166666,0.88,0.041666668,0.26923078,0.2,1.0,0.08,1.0,56.9,56.300003,55.9,56.300003,56.600002,56.300003,55.300003,58.300003,55.9,58.300003,54.300003,53.600002,3735473,-1577759,1075200,1075200,1075200,1075200,1075200,1075200,652800,1401600,905,29,30,581,16,24,280,60,81,248,63,78,59,6,20,156,33,35,120,59,147,3,0,0,680426,41863,39016,457505,22393,41842,269008,135066,357148,276072,158736,300251,53775,13582,77106,137259,55451,211622,152734,197683,542493,85,0,0,408.1119012345679,3.0736296296296297
1658278964341,39.426003,0.45177665,0.2173913,0.36363637,0.08,0.7307692,1.0,0.115384616,0.04,1.0,56.300003,56.300003,55.9,55.9,55.9,56.300003,55.300003,58.600002,55.9,58.300003,54.300003,53.600002,3738003,-1525574,1075200,1075200,1075200,1075200,1075200,1075200,652800,1401600,782,34,40,498,20,34,199,61,78,437,69,87,159,32,47,33,5,14,128,75,160,4,0,0,644926,44835,60048,333636,22486,70835,181016,150455,301073,395920,160387,254642,153803,68588,347268,35038,10151,53099,169941,219295,547678,143,0,0,414.44260031104193,2.77305132192846
1658278965367,39.464,0.47761193,0.2,0.4347826,0.5,0.125,1.0,0.30769232,0.22222222,1.0,56.600002,56.300003,55.9,56.300003,56.9,56.300003,55.300003,58.600002,55.9,58.600002,54.300003,53.600002,3743648,-1460877,1075200,1075200,1075200,1075200,1075200,1075200,652800,1401600,842,41,46,795,45,65,194,26,76,312,42,72,114,18,20,50,5,18,138,96,151,4,0,0,697662,46388,57146,564061,66546,115076,214203,44357,272739,310544,84331,201539,113848,29825,154145,43699,9185,318243,157900,256004,475586,1333,0,0,416.5006,2.64645
1658278966394,39.508003,0.44886363,0.18181819,0.09090909,1.0,0.13043478,0.09090909,1.0,0.13043478,1.0,57.300003,56.600002,55.9,56.9,56.9,57.300003,56.300003,58.600002,57.300003,58.9,54.600002,53.9,3729244,-1592103,1075200,1075200,1075200,1075200,1075200,1075200,652800,1401600,997,24,33,688,31,59,132,20,29,502,77,100,0,0,0,405,63,90,121,84,152,2,0,0,733282,22877,49935,525912,51247,106079,132313,40656,96248,463801,142277,265398,0,0,0,358897,106542,294681,134536,254602,461889,45,0,0,411.1060902021773,2.491122861586314
1658278967421,39.558002,0.48387095,0.2857143,0.23809524,0.625,0.18181819,0.20833333,1.0,0.13636364,1.0,56.600002,56.600002,56.600002,56.600002,56.600002,56.9,55.9,58.9,56.600002,58.9,54.600002,53.9,3740144,-1428223,1075200,1075200,1075200,1075200,1075200,1075200,652800,1401600,756,56,79,595,59,89,82,18,37,311,77,100,69,12,40,2,0,1,406,141,126,1,0,0,714109,86476,119356,553474,99060,176433,79305,37535,242890,346019,210389,373605,55512,28606,505532,1697,0,7031,366799,273460,264129,97,0,0,410.4397133550489,2.750801302931596
1658278968441,39.595,0.44278607,0.17391305,0.17391305,0.0,0.9230769,0.07692308,1.0,0.04,1.0,57.300003,56.9,56.9,56.9,56.9,57.300003,56.300003,58.9,56.9,59.300003,55.300003,54.600002,3733721,-1569214,1075200,1075200,1075200,1075200,1075200,1075200,652800,1401600,888,20,29,752,19,29,198,39,62,504,69,73,153,18,36,17,6,16,186,107,117,3,0,0,731485,19275,37790,602037,19746,44664,210049,76395,300058,488369,124657,194303,112377,26448,216318,18078,15336,75671,172155,246191,380928,62,0,0,415.29320872274144,2.9874143302180682
1658278969482,39.629,0.44808742,0.22727273,0.25,0.08695652,1.0,0.08695652,0.9166667,0.08695652,1.0,57.300003,56.9,56.600002,56.9,56.9,56.9,55.9,58.9,56.600002,59.300003,54.9,54.300003,3738198,-1479493,1075200,1075200,1075200,1075200,1075200,1075200,652800,1401600,754,59,57,859,55,62,142,30,64,300,53,63,92,10,48,3,2,2,84,73,154,4,0,0,622200,90807,75548,634612,60481,98613,148338,51890,546519,282356,106241,193487,89195,20147,454130,6482,10851,5294,112036,250287,618748,104,0,0,412.47505772230886,2.9124992199687987
1658278970493,39.676003,0.5290698,0.3181818,0.2857143,0.54545456,0.3,0.3809524,1.0,0.33333334,1.0,57.300003,56.600002,56.300003,56.9,56.9,57.300003,56.300003,58.9,56.9,58.9,55.300003,54.300003,3736835,-1466675,1075200,1075200,1075200,1075200,1075200,1075200,652800,1401600,856,35,50,692,38,65,150,46,42,458,48,28,29,6,16,172,36,57,103,71,148,1,0,0,745547,50962,60157,599903,55194,143744,169755,96145,99871,412582,82726,63338,31434,16809,246491,188236,61359,182535,130108,225083,536221,27,0,0,409.41232565284173,3.142635944700461
1658278971511,39.714,0.44692737,0.18181819,1.0,0.0,0.13636364,0.09090909,1.0,0.08695652,1.0,57.9,57.9,56.600002,57.300003,57.300003,57.9,56.9,59.600002,57.600002,59.600002,55.300003,54.600002,3730802,-1550294,1075200,1075200,1075200,1075200,1075200,1075200,652800,1401600,879,8,11,723,14,22,235,47,72,598,62,69,91,11,31,10,3,3,182,108,102,3,0,0,696206,5285,22735,565931,25491,42198,223199,124572,431593,564042,81632,108706,79000,20589,185986,11404,7164,5367,199647,274757,320047,100,0,0,415.17931464174455,2.853881619937695
1658278972510,39.761,0.44827586,0.5555556,0.29166666,0.32,0.23076923,0.07692308,1.0,0.07692308,1.0,57.600002,57.9,56.300003,56.600002,57.300003,57.300003,55.9,59.300003,56.9,59.300003,55.300003,54.600002,3731385,-1520386,1075200,1075200,1075200,1075200,1075200,1075200,652800,1401600,748,53,83,428,23,56,128,58,77,262,74,80,178,53,58,0,0,2,158,108,131,3,0,0,640015,70661,116089,380001,33406,113038,172938,118627,443492,302947,160970,285660,157969,124255,276963,0,0,9736,178674,313142,418258,76,0,0,413.61548220064725,2.697113268608414
1658278973530,39.798,0.5362319,0.04,0.72,1.0,0.37037036,1.0,0.14814815,0.03846154,1.0,58.300003,58.300003,57.600002,57.9,57.600002,57.300003,56.9,59.9,57.300003,59.300003,55.600002,54.9,3734694,-1581422,1075200,1075200,1075200,1075200,1075200,1075200,652800,1401600,878,22,26,407,16,28,262,54,84,511,73,69,141,27,64,9,0,1,148,91,127,0,0,0,661794,31917,37525,290039,19660,31477,235306,97040,337583,458383,123725,256861,115633,59908,584409,5419,0,1481,161411,254814,492833,0,0,0,131.6614573643411,0.8065116279069767
1658278974614,39.835003,0.44751382,0.09090909,0.13636364,0.16666667,1.0,1.0,0.13636364,0.08695652,1.0,56.300003,56.300003,55.9,56.300003,56.300003,56.600002,55.9,58.9,56.600002,58.9,54.300003,53.600002,3808072,-542602,1075200,1075200,1075200,1075200,1075200,1075200,652800,1401600,585,12,30,301,9,15,7,6,7,324,37,82,222,16,33,227,14,36,316,59,92,0,0,0,604111,27003,110336,335152,26682,43844,6317,23962,60722,216874,66716,348498,134082,26019,112362,126053,22854,204071,200025,133004,460733,0,0,0,-1.0,-1.0
1658278975665,39.883003,0.5755814,0.5,0.2857143,0.4,0.85714287,0.35,0.9047619,0.25,1.0,54.600002,54.9,54.600002,54.600002,55.300003,54.9,54.600002,57.600002,54.9,57.600002,52.600002,52.600002,3812549,-547790,1075200,1075200,1075200,1075200,1075200,1075200,652800,1401600,436,19,62,472,15,55,80,9,36,197,21,79,5,0,0,137,19,64,21,43,117,0,0,0,550947,42646,325454,486630,27386,364910,90545,14148,222188,192058,40392,449528,1630,0,0,145581,49180,512499,28636,154021,723173,0,0,0,-1.0,-1.0
1658278976686,39.886,0.50731707,1.0,0.23076923,0.1923077,1.0,0.23076923,0.2962963,0.18518518,1.0,54.9,54.9,54.600002,54.9,55.300003,55.300003,55.300003,56.600002,55.9,57.600002,51.9,52.300003,3802623,-650330,1075200,1075200,1075200,1075200,1075200,1075200,652800,1401600,31,13,19,295,9,88,191,40,80,223,17,73,196,22,80,70,5,1,109,19,116,5,0,0,26099,30591,228081,232769,18261,558036,167267,66527,348774,154250,36927,521737,155270,42528,530342,34691,7857,548,71960,56301,755726,136,0,0,-1.0,-1.0
1658278977760,39.883003,0.53296703,0.2857143,0.36363637,0.3181818,0.64,0.33333334,1.0,0.33333334,1.0,54.300003,54.600002,53.600002,54.600002,54.600002,54.600002,53.9,56.300003,54.600002,56.600002,51.600002,51.600002,3747346,-1284790,1075200,1075200,1075200,1075200,1075200,1075200,652800,1401600,0,0,0,354,22,74,126,14,44,4,3,2,153,41,100,81,4,29,175,26,60,0,0,0,0,0,0,368893,54954,449107,114647,37812,748137,0,5621,0,151538,87568,549881,42851,8964,761680,99032,69073,803638,0,0,0,398.1370817610063,3.3981132075471696
1658278978801,39.886,0.53333336,0.75,0.3,0.3181818,0.2173913,0.33333334,1.0,0.3181818,1.0,55.600002,55.9,54.300003,54.9,55.300003,55.300003,54.600002,57.300003,55.300003,57.300003,52.9,52.600002,3742285,-1454468,1075200,1075200,1075200,1075200,1075200,1075200,652800,1401600,835,15,23,714,19,39,481,63,79,344,47,54,120,20,40,63,10,23,437,122,111,4,0,0,714255,20014,24892,547891,29775,76750,463589,119100,191587,318180,74054,127667,112910,48616,175273,49125,16038,120274,307126,205581,269498,114,0,0,561.7880745341614,3.118509316770186
1658278979824,39.886,0.51741296,0.39130434,0.23076923,0.36,0.33333334,0.5555556,1.0,0.20833333,1.0,56.300003,56.600002,55.600002,55.600002,56.300003,56.300003,55.300003,57.9,55.9,58.300003,53.9,53.300003,3739949,-1501771,1075200,1075200,1075200,1075200,1075200,1075200,652800,1401600,678,42,58,668,27,58,425,56,84,382,63,104,80,11,17,0,0,1,531,146,82,0,0,0,591512,65076,66760,613706,30957,134893,475027,115296,205133,392581,129882,317999,72633,17121,79367,0,0,20,424483,209695,140717,0,0,0,516.409968847352,3.3272024922118377
1658278980853,39.889004,0.48863637,0.15,0.7619048,0.33333334,0.27272728,0.27272728,1.0,0.04761905,1.0,56.600002,56.600002,55.9,56.300003,56.600002,56.9,55.9,58.600002,56.300003,58.600002,54.600002,53.600002,3732553,-1495362,1075200,1075200,1075200,1075200,1075200,1075200,652800,1401600,687,45,62,645,32,61,396,67,68,354,55,83,109,20,36,5,3,2,492,134,116,1,0,0,654518,61482,94993,567996,56007,123694,432946,164988,187925,366550,92476,220304,110329,39740,141707,4082,7552,8581,428447,209750,178037,19,0,0,517.8065983471075,2.97980826446281
1658278981880,39.927002,0.6256158,0.36,0.7083333,0.36,0.4,0.88,1.0,0.20833333,1.0,56.9,56.9,56.300003,56.600002,57.300003,57.300003,56.600002,58.9,56.9,58.600002,55.300003,54.300003,3734110,-1574402,1075200,1075200,1075200,1075200,1075200,1075200,652800,1401600,712,57,83,471,33,46,354,82,93,310,62,81,23,11,30,0,0,0,488,152,116,1,0,0,708309,79616,118215,414726,58752,93498,406813,197538,285495,304110,136991,296907,24480,20207,346236,0,0,0,419275,248241,183060,23,0,0,516.0559377916019,3.3430295489891133
1658278982917,39.940002,0.49753696,0.1923077,0.1923077,0.24,0.44,0.7692308,1.0,0.125,1.0,57.9,57.300003,56.9,56.9,57.600002,57.9,56.9,58.9,57.600002,59.300003,55.300003,54.300003,3729439,-1633912,1075200,1075200,1075200,1075200,1075200,1075200,652800,1401600,677,45,59,637,26,61,413,71,78,324,66,103,29,0,15,0,0,0,481,172,96,0,0,0,652071,74764,76247,535622,43593,141346,490465,166774,204799,348736,143415,350125,27904,0,93399,0,0,0,430871,275247,151325,0,0,0,518.3665139318886,3.2440866873065013
1658278984000,39.977,0.53960395,0.375,0.30769232,0.34615386,0.5769231,1.0,0.42307693,0.26086956,1.0,57.600002,57.9,56.9,57.600002,57.300003,56.9,56.9,59.300003,57.600002,59.600002,55.300003,54.9,3729439,-1550599,1075200,1075200,1075200,1075200,1075200,1075200,652800,1401600,690,40,60,554,18,28,365,65,85,244,55,78,79,10,37,88,12,21,564,137,99,0,0,0,720539,61723,71715,449695,33394,57216,428809,158658,275639,242978,131401,273598,52935,25993,246477,72418,23315,58534,504784,185527,146832,0,0,0,518.9687601246106,3.2059688473520245
1658278985035,40.016003,0.48514852,0.41666666,0.16666667,0.36,0.5416667,0.1923077,1.0,0.12,1.0,58.300003,58.300003,57.300003,57.600002,58.300003,57.9,57.300003,59.600002,57.600002,59.9,55.600002,54.9,3733721,-1623536,1075200,1075200,1075200,1075200,1075200,1075200,652800,1401600,734,41,39,683,30,51,449,61,80,413,64,79,6,0,1,74,15,29,372,111,182,0,0,0,704744,49048,58535,502463,53677,98556,512613,153029,206347,406182,115674,261122,2416,0,8933,67656,30267,155550,351514,182608,330569,0,0,0,516.8235763239876,3.039601246105919
1658278986051,40.050003,0.5817308,0.68,0.5,0.42307693,0.26923078,0.76,0.6923077,0.32,1.0,58.300003,57.9,57.300003,57.600002,58.300003,57.9,57.300003,59.9,57.600002,59.9,55.600002,54.9,3721654,-1598817,1075200,1075200,1075200,1075200,1075200,1075200,652800,1401600,740,38,38,770,26,37,538,54,71,285,45,65,24,5,35,20,0,19,158,57,168,1,0,0,629872,50491,60308,531667,36356,79110,545119,99657,154336,294221,72794,190137,29738,16510,314448,20677,0,237852,180630,129701,580018,36,0,0,516.7921246105919,3.1142180685358256
1658278987094,40.088,0.56216216,0.45833334,0.3478261,0.3181818,0.3478261,0.6363636,1.0,0.41666666,1.0,58.600002,58.300003,57.600002,57.600002,57.9,57.9,56.9,59.9,57.600002,60.300003,55.9,55.300003,3736835,-1557618,1075200,1075200,1075200,1075200,1075200,1075200,652800,1401600,644,34,31,659,43,64,526,62,62,398,79,96,84,5,21,38,5,11,125,91,170,2,0,0,592486,38230,34258,535029,80359,111816,542068,141984,143014,376916,144740,317061,64617,7357,82202,34108,10428,38446,152990,234229,499336,43,0,0,516.7801619937694,3.0722990654205606
1658278988108,40.122,0.4864865,0.5,0.4347826,0.4090909,0.2,0.16666667,1.0,0.18181819,1.0,58.9,58.300003,57.600002,57.9,57.9,58.300003,57.600002,60.300003,58.300003,60.300003,56.300003,54.9,3735862,-1531067,1075200,1075200,1075200,1075200,1075200,1075200,652800,1401600,714,43,53,888,37,58,487,55,83,331,58,103,62,8,14,0,0,0,176,67,144,0,0,0,670960,47632,70805,623018,52690,105488,512263,110780,204273,377736,119611,312352,58912,9565,41893,0,0,0,164790,202546,508973,0,0,0,519.1188304821151,3.3396951788491442
1658278989111,40.167004,0.5124378,0.2,0.32,0.24,0.13043478,0.88,1.0,0.2,1.0,58.9,58.300003,57.300003,57.9,57.9,58.300003,57.600002,60.300003,58.300003,60.300003,55.9,55.300003,3731580,-1564637,1075200,1075200,1075200,1075200,1075200,1075200,652800,1401600,511,34,46,683,14,32,406,50,71,299,65,80,124,15,49,59,13,11,322,83,198,0,0,0,458882,44608,60826,502197,27820,59573,467101,114568,173764,326539,152013,315835,97226,26921,445004,56783,21772,30661,301485,151221,378864,0,0,0,516.2114285714285,3.344944099378882
1658278990138,40.205,0.555,0.25,0.6,0.375,0.20833333,0.65384614,1.0,0.29166666,1.0,59.300003,58.300003,57.600002,58.300003,58.9,58.600002,57.9,60.9,58.300003,60.600002,56.600002,55.600002,3738003,-1574708,1075200,1075200,1075200,1075200,1075200,1075200,652800,1401600,611,59,58,837,38,60,452,50,83,272,60,79,74,16,18,1,1,1,490,109,159,1,0,0,618356,109954,72808,646285,55590,110430,529758,120933,203712,261460,145876,319614,72069,22296,124301,1201,25,642,419982,165146,235799,19,0,0,517.8206211180125,3.4301118012422362
1658278991165,40.254,0.56585366,0.4347826,0.36,0.37037036,0.48,0.6923077,0.96153843,0.20833333,1.0,58.9,58.600002,58.300003,58.9,58.9,58.600002,57.600002,60.600002,58.300003,60.9,56.600002,55.9,3720486,-1518555,1075200,1075200,1075200,1075200,1075200,1075200,652800,1401600,679,53,60,538,8,12,371,75,78,164,54,74,25,6,10,31,13,34,523,120,132,0,0,0,707874,100928,88831,420748,8014,21685,429943,191689,242116,190274,142481,306011,20873,14226,55773,32005,42490,462919,442594,198138,200337,0,0,0,517.0010575427682,3.3459160186625194
1658278992209,40.284,0.5445545,0.32,0.8,0.37037036,0.32,0.64,0.68,0.17391305,1.0,58.9,58.9,57.9,58.300003,58.9,58.9,58.300003,60.600002,58.600002,60.600002,56.600002,55.9,3716398,-1708070,1075200,1075200,1075200,1075200,1075200,1075200,652800,1401600,587,30,40,576,16,24,389,79,77,264,63,92,102,23,37,5,0,2,500,152,107,1,0,0,592542,46518,64771,487148,26880,41804,460065,195694,210924,312635,143242,360219,108305,44237,342671,5668,0,4642,412057,228703,200443,25,0,0,515.9530202177294,2.922351477449456
1658278993244,40.325,0.5635359,0.8636364,0.5,0.4347826,0.29166666,0.28,1.0,0.26086956,1.0,59.300003,59.300003,58.300003,58.600002,58.9,58.9,57.9,61.300003,58.600002,60.9,56.600002,55.9,3724378,-1587830,1075200,1075200,1075200,1075200,1075200,1075200,652800,1401600,622,48,68,538,14,21,399,71,87,339,79,77,22,6,18,44,3,11,529,120,134,0,0,0,653725,78854,92893,431758,30211,46923,451390,181305,242788,337287,208767,298317,21648,20414,196523,52466,5711,77122,457904,170223,205941,0,0,0,519.2442808112324,3.0440936037441495
1658278994245,40.352,0.5539216,0.64,0.3043478,0.36,0.23076923,0.96153843,0.64285713,0.28,1.0,59.300003,58.9,58.600002,58.9,58.9,59.300003,58.300003,61.300003,58.600002,61.300003,56.9,55.9,3724184,-1582642,1075200,1075200,1075200,1075200,1075200,1075200,652800,1401600,358,28,42,503,28,37,396,61,80,290,70,82,149,22,68,0,0,0,391,126,149,0,0,0,369272,53240,56108,409433,57565,69459,464440,118891,245521,321980,163120,291848,148028,54398,551562,0,0,0,386972,177409,244751,0,0,0,515.189886547812,3.0279157212317664
1658278995254,40.386,0.6009852,0.44444445,0.46153846,0.32,0.45833334,0.92,1.0,0.2,1.0,59.300003,59.600002,58.300003,58.600002,58.9,59.300003,58.300003,60.9,58.9,61.600002,56.9,56.300003,3725936,-1528016,1075200,1075200,1075200,1075200,1075200,1075200,652800,1401600,567,52,53,746,28,44,392,75,77,282,67,84,35,3,15,36,9,13,410,109,160,0,0,0,552965,88099,77087,585256,40226,93073,459523,184254,210198,314954,165858,305176,33865,3763,227954,42909,20165,33065,360079,175658,291998,0,0,0,516.9220279937791,3.0165101088646966
1658278996290,40.431004,0.515,0.7692308,0.28,0.37037036,0.2,0.36,1.0,0.16,1.0,59.9,59.600002,58.600002,58.9,59.300003,59.300003,58.300003,60.9,58.9,61.300003,56.9,56.300003,3725936,-1513978,1075200,1075200,1075200,1075200,1075200,1075200,652800,1401600,545,53,64,523,17,23,379,81,88,240,67,102,81,16,49,0,0,0,399,189,110,0,0,0,488863,102480,100923,396927,22725,40571,465896,197503,230890,254756,176063,397560,96327,22258,494914,0,0,0,390038,274476,208146,0,0,0,514.248880131363,3.1043152709359605
1658278997299,40.454002,0.49714285,0.61904764,0.5217391,0.0952381,0.20833333,0.14285715,1.0,0.41666666,1.0,59.600002,59.300003,58.600002,59.300003,59.300003,59.300003,58.300003,61.600002,58.9,61.300003,57.300003,56.300003,3721848,-1620789,1075200,1075200,1075200,1075200,1075200,1075200,652800,1401600,505,23,27,745,35,66,378,72,88,239,59,85,43,5,21,22,3,9,439,159,105,1,0,0,494217,36241,36126,642628,54314,120782,437445,186884,214191,268591,139605,368951,43566,6161,242072,17131,2388,33727,381614,246756,163872,28,0,0,516.8572520593082,3.0294695222405275
1658278998315,40.499,0.9612069,0.96666664,1.0,1.0,0.96666664,1.0,1.0,0.7241379,1.0,59.300003,59.300003,58.300003,58.600002,58.9,58.9,58.300003,61.300003,58.9,61.300003,56.600002,55.9,3795810,-639038,1075200,1075200,1075200,1075200,1075200,1075200,652800,1401600,436,32,43,585,31,56,397,41,69,370,61,80,132,18,44,24,2,7,327,124,125,0,0,0,424835,54885,62633,462189,48290,106755,343038,75460,260141,339792,124302,272217,124615,37917,313577,17225,4867,25341,255568,196225,300289,0,0,0,-1.0,-1.0
