1658276306309,39.626003,0.8373494,0.8181818,0.95238096,0.9130435,1.0,0.8,0.9,0.31578946,1.0,50.300003,50.600002,50.300003,50.9,51.300003,50.600002,50.300003,51.300003,51.600002,51.9,46.9,46.9,3922519,-782471,1075200,1075200,1075200,1075200,1075200,1075200,652800,1401600,569061,9178,21071,588732,12817,27434,334725,21834,43508,325515,22961,45204,254803,16503,37436,245835,15572,34264,413810,42378,66442,169187,11109,33800,366709880,20265073,167660213,407860701,25462594,150002211,241575824,47036288,304835848,238160280,48853870,312191731,183024323,34712794,309567651,171570604,33746869,287867010,246453476,74123478,437071110,85688503,26965466,341855428,0.017735099337748347,0.004688741721854305
1658276307414,39.619003,0.73893803,0.82758623,0.62068963,1.0,0.8148148,1.0,0.5555556,0.14814815,1.0,50.9,50.600002,50.600002,50.9,50.600002,51.600002,50.600002,52.300003,50.9,52.600002,48.300003,48.300003,3915901,-1101990,1075200,1075200,1075200,1075200,1075200,1075200,652800,1401600,133,0,0,377,0,0,211,0,5,118,3,5,164,0,0,432,2,6,422,10,4,18,0,1,60549,0,0,148324,0,0,86365,0,15611,57980,4977,12993,118321,0,0,152544,1206,34479,354495,20768,5830,1848,0,992,9.504950495049506E-4,9.504950495049506E-4
1658276308700,39.612003,0.75,1.0,0.9677419,0.9,0.516129,0.64285713,0.67741936,0.17857143,1.0,50.600002,50.9,50.600002,51.300003,51.600002,51.600002,51.300003,51.600002,51.9,52.9,47.9,47.600002,3932445,-691223,1075200,1075200,1075200,1075200,1075200,1075200,652800,1401600,171,0,0,187,0,0,76,0,0,88,4,6,39,0,0,134,11,13,893,79,45,5,0,0,68013,0,0,120562,0,0,25691,0,0,41527,5907,16707,11884,0,0,69754,17467,50565,545929,131659,88170,161,0,0,0.0038814352574102966,0.0023962558502340094
1658276309961,39.609,0.49479166,0.92,0.65217394,0.13043478,0.26086956,0.29166666,0.6086956,0.0,1.0,50.9,51.300003,49.9,50.9,51.300003,51.600002,51.300003,52.300003,51.9,52.600002,47.600002,47.600002,3925439,-703735,1075200,1075200,1075200,1075200,1075200,1075200,652800,1401600,91,0,0,116,0,0,509,4,13,381,8,24,357,15,24,220,10,21,841,113,86,55,0,5,32781,0,0,53695,0,0,192158,7455,20907,148304,9021,86728,180474,22346,68192,132957,21926,43022,453114,183494,181189,13865,0,6192,-1.0,-1.0
1658276311129,39.606003,0.54460096,0.53571427,0.2962963,1.0,0.17391305,0.3846154,0.7307692,0.115384616,1.0,50.300003,50.300003,49.300003,50.300003,50.9,50.600002,50.300003,52.300003,50.600002,51.9,47.600002,47.300003,3930304,-693054,1075200,1075200,1075200,1075200,1075200,1075200,652800,1401600,131,0,0,409,0,0,360,43,67,180,18,35,228,20,50,221,13,29,748,97,108,13,0,1,179646,0,0,226487,0,0,255152,71794,183775,115913,30080,147581,151936,39010,207062,126389,20772,143575,364666,203871,289059,5800,0,404,-1.0,-1.0
1658276312329,39.612003,0.5,0.875,0.27272728,0.22727273,0.22727273,0.1904762,1.0,0.13636364,1.0,49.600002,49.600002,48.9,49.600002,49.600002,49.300003,49.300003,51.600002,49.9,51.300003,46.9,46.9,3948211,-328979,1075200,1075200,1075200,1075200,1075200,1075200,652800,1401600,374,0,0,533,4,6,224,30,24,316,36,67,180,18,34,109,5,9,550,107,118,6,0,3,439655,0,0,501229,7620,15362,154174,59130,53391,248820,77967,290739,134038,37207,119893,61269,11724,90008,318702,216144,353201,1905,0,1656,-1.0,-1.0
1658276313375,39.606003,0.8271028,1.0,0.7777778,0.78571427,0.84615386,0.8214286,0.9230769,0.5,0.96428573,49.300003,48.600002,48.300003,48.9,49.600002,49.600002,49.300003,51.300003,49.9,51.600002,46.9,46.600002,3934781,-679321,1075200,1075200,1075200,1075200,1075200,1075200,652800,1401600,296,0,1,408,4,8,233,34,68,213,24,54,244,10,46,21,1,2,501,128,77,2,0,2,238737,0,13028,379017,9719,65832,187807,77462,373581,154184,53203,432917,151016,14521,321907,6837,301,1495,258501,304264,268201,29,0,1439,-1.0,-1.0
1658276314489,39.609,0.40865386,1.0,0.0,1.0,0.074074075,0.074074075,0.11111111,0.037037037,1.0,49.600002,49.9,49.600002,49.9,49.9,50.9,49.9,51.9,50.600002,51.9,47.600002,47.600002,3943540,-525818,1075200,1075200,1075200,1075200,1075200,1075200,652800,1401600,105,0,0,239,12,43,282,39,70,267,17,24,161,2,9,132,7,10,272,66,103,34,0,1,133428,0,0,245182,33180,249771,185044,128407,322468,154464,36320,320782,100392,3594,154910,60605,13870,86007,229787,161759,478624,4250,0,525,-1.0,-1.0
1658276315570,39.599003,0.49029127,0.5714286,0.0,0.8076923,0.8214286,0.52,0.115384616,0.0,1.0,48.600002,48.300003,48.300003,48.300003,48.300003,48.300003,47.600002,50.600002,48.300003,50.600002,46.300003,46.300003,3957554,-292663,1075200,1075200,1075200,1075200,1075200,1075200,652800,1401600,100,9,28,151,30,59,0,0,0,198,71,88,92,16,49,47,7,46,91,35,131,0,0,0,212893,21864,161668,217017,73971,289105,0,0,0,228465,225268,540034,120435,42526,769330,74063,44333,772065,68133,107815,860647,0,0,0,-1.0,-1.0
1658276316640,39.602,0.72680414,0.7916667,0.72727275,0.5833333,0.8,0.875,0.95652175,0.083333336,1.0,48.300003,48.300003,48.300003,48.9,48.600002,48.9,47.9,50.600002,48.600002,50.300003,46.300003,46.300003,3951325,-728149,1075200,1075200,1075200,1075200,1075200,1075200,652800,1401600,82,5,16,506,33,42,67,13,30,300,60,52,110,20,50,128,38,58,115,75,180,9,0,0,99104,8900,127986,560589,97993,181774,76517,20577,142733,268923,100997,174334,117914,37381,412648,140857,77084,312480,135474,216607,544576,540,0,0,-1.0,-1.0
1658276317723,39.606003,0.41884816,1.0,0.041666668,0.083333336,0.08695652,0.08695652,1.0,0.08,1.0,48.600002,48.600002,48.300003,48.300003,48.9,48.9,48.600002,50.600002,48.9,50.9,46.300003,46.300003,3953661,-354004,1075200,1075200,1075200,1075200,1075200,1075200,652800,1401600,223,18,20,353,19,24,260,31,59,93,25,41,239,33,44,57,4,15,166,149,149,1,0,0,295173,61228,252875,438246,30360,42093,163067,60887,177927,82834,52757,116032,183013,55064,314583,25165,13213,262642,165946,379985,495105,44,0,0,-1.0,-1.0
1658276318870,39.616,0.6926829,1.0,0.45833334,0.5555556,0.88461536,1.0,0.53846157,0.14814815,1.0,48.600002,47.9,47.300003,48.300003,48.300003,48.300003,47.600002,50.600002,48.300003,50.600002,46.300003,45.9,3954829,-344238,1075200,1075200,1075200,1075200,1075200,1075200,652800,1401600,25,0,0,383,42,82,126,10,36,217,34,61,69,4,35,14,3,7,189,111,113,4,0,0,12429,0,0,387077,77457,391038,91943,21376,530137,147044,87422,476356,92836,6992,554208,12170,9132,7438,122927,277977,484095,105,0,0,15.463055900621118,0.3246583850931677
1658276319991,39.626003,0.66480446,1.0,0.6666667,0.5714286,0.47826087,0.45454547,1.0,0.0,1.0,49.9,49.9,49.300003,49.9,49.9,49.600002,49.300003,51.300003,49.600002,51.600002,48.300003,47.600002,3863155,-1392212,1075200,1075200,1075200,1075200,1075200,1075200,652800,1401600,17,0,0,578,32,34,250,18,40,153,11,27,22,2,9,80,15,26,827,145,97,5,0,1,12730,0,0,458981,57815,58350,293010,47567,203848,132484,17804,91958,24463,9769,31283,75266,34552,85338,536861,224555,155806,2778,0,1165,611.8808447204968,4.687403726708074
1658276321161,39.639004,0.52910054,1.0,0.4347826,0.45833334,0.56,0.16666667,0.5652174,0.125,1.0,50.9,50.9,49.9,50.300003,50.600002,50.600002,50.300003,52.600002,50.9,52.600002,48.9,48.600002,3883008,-1267701,1075200,1075200,1075200,1075200,1075200,1075200,652800,1401600,34,0,0,488,23,22,304,25,38,139,34,61,195,23,87,66,13,41,621,158,161,0,0,0,30012,0,0,513020,43895,48484,462238,75444,148188,165350,81934,233820,165876,38534,520952,71212,33171,246121,553098,221163,242496,0,0,0,479.4769535603715,3.1352569659442726
1658276322339,39.673,0.56565654,1.0,0.3809524,0.5769231,0.5416667,0.16666667,0.6,0.1923077,1.0,51.9,51.600002,50.9,50.9,51.300003,50.9,50.300003,53.300003,50.9,53.600002,49.600002,48.9,3883786,-1306763,1075200,1075200,1075200,1075200,1075200,1075200,652800,1401600,40,14,31,628,46,57,368,47,59,201,38,97,178,25,62,18,10,13,597,186,141,3,0,0,51772,46814,188256,684637,88563,90322,542040,148208,189226,206013,74031,455935,155882,69562,410041,23059,27452,52687,568006,247444,204973,131,0,0,487.7534704049844,3.0938816199376946
1658276323561,39.741,0.735,1.0,0.5416667,0.64,0.92,0.5217391,1.0,0.2173913,1.0,52.600002,52.600002,51.9,52.300003,52.300003,52.300003,51.9,54.300003,52.300003,54.300003,50.600002,49.600002,3867047,-1493226,1075200,1075200,1075200,1075200,1075200,1075200,652800,1401600,137,16,46,690,29,34,403,38,47,99,12,21,110,33,43,48,10,17,667,174,108,1,0,0,267232,31860,299005,736106,46463,60050,572660,99684,200841,67523,14943,45462,95882,74300,432679,30984,32748,57504,583259,249128,186601,43,0,0,498.7957632398754,3.3397632398753894
1658276324775,39.805,0.52879584,1.0,0.36363637,0.53571427,0.083333336,0.17391305,1.0,0.125,1.0,53.600002,53.600002,52.300003,53.300003,52.9,52.9,52.300003,54.9,52.9,54.9,50.9,50.600002,3865685,-1471558,1075200,1075200,1075200,1075200,1075200,1075200,652800,1401600,28,0,1,634,24,22,298,38,48,19,3,5,101,29,64,41,6,24,635,199,118,0,0,0,20901,0,42,597473,38349,48479,476122,87720,162562,12404,4941,9655,115329,64648,354156,64005,21064,319673,538520,271898,177576,0,0,0,510.2244230171073,3.1221648522550542
1658276325897,39.859,0.5833333,0.7692308,0.41666666,0.64285713,0.34615386,0.44,1.0,0.03846154,1.0,53.600002,53.300003,52.600002,52.600002,52.9,52.600002,51.9,55.300003,52.600002,55.300003,51.600002,50.600002,3870356,-1414795,1075200,1075200,1075200,1075200,1075200,1075200,652800,1401600,121,0,0,643,31,45,338,38,44,162,40,95,100,31,53,9,5,7,520,197,123,1,0,0,125616,0,0,704310,45920,67473,475920,125806,187276,172375,94812,572195,98436,87538,478260,5453,6666,63816,478093,273501,205692,49,0,0,524.315837398374,3.5575154471544717
1658276327020,39.933002,0.5135135,0.13043478,0.36363637,0.375,1.0,0.16666667,1.0,0.125,1.0,53.9,53.9,52.9,53.300003,53.300003,53.300003,52.600002,55.300003,52.9,55.9,51.600002,50.600002,3865490,-1433716,1075200,1075200,1075200,1075200,1075200,1075200,652800,1401600,15,0,0,610,24,40,323,37,45,219,39,93,202,38,61,38,6,7,346,170,131,0,0,0,62142,0,0,638187,41941,50839,441930,108709,129248,204777,75656,497693,194548,86916,362583,24750,10159,12415,303723,300301,318750,0,0,0,552.3862594417077,3.264577996715928
1658276328047,40.001003,0.5505618,1.0,0.3809524,0.45454547,0.36363637,0.13043478,1.0,0.0,1.0,54.9,54.300003,53.600002,53.9,54.300003,54.600002,53.9,56.300003,54.600002,56.300003,52.300003,51.600002,3861403,-1534119,1075200,1075200,1075200,1075200,1075200,1075200,652800,1401600,135,7,16,716,14,25,430,53,58,309,47,78,163,30,74,0,0,0,226,170,115,0,0,0,162436,14849,138512,689022,25245,32333,495092,116570,178231,245989,90394,225322,180490,71553,432551,0,0,0,280779,308730,281204,0,0,0,590.0687125,3.7416375
1658276329130,40.084003,0.4723618,1.0,0.3181818,0.25,0.0,0.12,1.0,0.04,1.0,55.300003,55.300003,54.300003,54.9,54.600002,54.300003,53.300003,56.600002,53.9,56.600002,52.600002,51.9,3866853,-1505433,1075200,1075200,1075200,1075200,1075200,1075200,652800,1401600,1,0,0,649,33,51,330,43,43,64,26,56,145,20,28,123,22,27,448,202,113,2,0,0,0,0,0,694983,48261,57833,465789,131640,136481,60124,75502,290670,103838,43599,395809,75567,52485,200229,430055,304851,193463,67,0,0,563.9420185758513,3.2186006191950463
1658276330230,40.171,0.5430108,0.59090906,0.3181818,0.3181818,0.7083333,0.18181819,0.88,0.28,1.0,55.300003,55.300003,54.300003,55.300003,54.600002,54.300003,53.9,56.9,54.600002,56.9,52.9,52.300003,3862376,-1497803,1075200,1075200,1075200,1075200,1075200,1075200,652800,1401600,102,0,1,809,19,28,317,62,88,138,42,76,73,16,44,70,4,14,339,166,132,2,0,0,159224,0,62,726372,24195,38974,406432,158006,281952,96148,134949,399651,88728,34542,561124,74367,3303,49621,277271,318672,332501,63,0,0,516.9584524590164,2.554045901639344
1658276331247,40.242,0.49268293,0.22222222,0.2173913,0.34615386,0.04,1.0,1.0,0.04,1.0,56.300003,55.300003,54.600002,54.9,55.300003,55.300003,54.600002,57.300003,54.9,57.300003,53.600002,52.600002,3864712,-1528016,1075200,1075200,1075200,1075200,1075200,1075200,652800,1401600,153,6,23,827,17,26,511,67,70,124,29,55,187,35,59,54,6,14,380,186,86,3,0,0,234730,14124,155189,759052,33032,41984,505842,140755,182312,138049,70227,225148,160391,69391,343675,39760,7166,138010,359704,304156,162844,94,0,0,517.4664223602484,2.8114658385093168
1658276332325,40.325,0.51282054,0.9583333,0.33333334,0.375,0.08695652,0.20833333,1.0,0.13043478,1.0,55.9,55.600002,54.600002,54.9,55.600002,55.9,55.300003,57.600002,55.600002,57.600002,53.600002,52.9,3862765,-1489258,1075200,1075200,1075200,1075200,1075200,1075200,652800,1401600,25,5,9,719,56,75,311,69,98,162,41,97,98,16,50,3,0,0,401,172,131,1,0,0,49700,15137,138042,740147,78069,98077,385420,184555,306385,157227,106782,744204,89989,38524,489835,1734,0,0,407594,268667,265188,35,0,0,517.5254325581395,2.664831007751938
1658276333420,40.397003,0.5048077,1.0,0.4,0.28,0.9310345,0.1923077,0.083333336,0.04,1.0,56.600002,55.9,55.600002,55.600002,56.300003,56.300003,55.600002,57.9,56.300003,58.300003,54.300003,53.300003,3858483,-1566163,1075200,1075200,1075200,1075200,1075200,1075200,652800,1401600,69,1,0,824,31,43,355,75,102,192,42,84,119,21,59,0,0,0,431,174,104,3,0,0,107109,263,0,765752,51742,50699,403718,183565,274903,190928,118262,609248,97632,53017,565464,0,0,0,412152,269654,209628,1187,0,0,519.2174088050314,2.8635471698113206
1658276334492,40.480003,0.539267,0.33333334,0.3478261,0.27272728,0.8333333,0.24,1.0,0.29166666,1.0,56.9,55.9,55.300003,56.300003,55.9,55.600002,54.9,57.9,55.600002,58.300003,53.9,53.300003,3867437,-1423035,1075200,1075200,1075200,1075200,1075200,1075200,652800,1401600,207,8,11,885,27,27,357,71,94,76,22,35,187,32,57,75,21,29,328,152,115,2,1,0,330063,23619,119205,792406,31560,43842,401519,178399,231235,62609,58926,183212,177678,58523,429916,63950,58551,167237,317336,279927,302103,66,318,0,519.0625489566613,2.9011107544141255
1658276335518,40.556004,0.5619048,0.8518519,0.32,0.33333334,0.30769232,0.16,1.0,0.44827586,1.0,56.300003,56.300003,55.9,56.600002,56.300003,56.9,56.300003,58.300003,56.9,58.300003,54.600002,53.600002,3853228,-1558533,1075200,1075200,1075200,1075200,1075200,1075200,652800,1401600,284,15,44,748,38,47,359,66,92,43,5,11,124,21,60,0,1,2,368,168,110,0,0,0,410975,40496,388477,735850,56992,72622,431382,169929,244101,41532,8365,50697,143220,43309,607653,0,818,5900,365087,288823,213644,0,0,0,518.7028143525741,2.6338845553822154
1658276336600,40.635002,0.51,0.4347826,0.34615386,0.5,0.2,0.33333334,1.0,0.24,1.0,57.600002,56.9,55.9,56.300003,56.600002,56.600002,56.300003,58.600002,56.9,59.300003,54.600002,53.9,3861792,-1550294,1075200,1075200,1075200,1075200,1075200,1075200,652800,1401600,174,30,50,893,30,43,328,76,97,130,32,49,89,19,35,30,12,39,418,179,97,3,0,0,285834,71777,219785,832581,41177,47832,396517,187962,300435,130207,60574,234917,88991,34820,151958,54261,40781,451458,403406,286294,167771,99,0,0,513.26912,2.614350769230769
1658276337715,40.718002,0.5,1.0,0.25,0.25,0.07692308,0.76,0.34615386,0.23076923,1.0,56.9,56.9,56.600002,57.300003,56.9,57.300003,56.300003,59.300003,56.600002,59.300003,54.600002,53.9,3856732,-1507874,1075200,1075200,1075200,1075200,1075200,1075200,652800,1401600,123,11,14,884,25,40,305,74,89,203,47,93,100,15,34,82,16,34,436,174,77,3,0,0,196986,20642,29360,818702,29983,59818,365497,194241,236058,186726,123715,517628,102669,24234,295093,92063,35162,180387,396270,272302,135215,98,0,0,517.4008611544461,2.5838627145085806
1658276338775,40.782,0.4879227,0.041666668,0.14814815,0.14814815,0.8888889,0.28,1.0,0.34615386,1.0,57.600002,57.300003,56.300003,56.9,57.300003,56.9,56.300003,59.300003,56.9,59.300003,55.300003,54.300003,3849530,-1508484,1075200,1075200,1075200,1075200,1075200,1075200,652800,1401600,203,6,14,802,30,45,406,79,82,107,21,69,116,15,37,51,8,19,449,157,95,3,0,0,295218,7684,70045,783564,46454,66129,502097,177819,218645,137230,42615,539955,96597,29447,306397,52542,18241,150798,427971,238523,134146,264,0,0,515.8821183800623,2.869233644859813
1658276339828,40.857002,0.40816328,0.07692308,1.0,0.04,0.04,0.12,1.0,0.0,1.0,57.300003,56.9,55.9,56.300003,56.9,56.9,56.300003,58.9,56.9,59.300003,54.600002,54.300003,3925049,-502014,1075200,1075200,1075200,1075200,1075200,1075200,652800,1401600,308,0,5,841,24,37,415,47,93,113,9,26,125,15,43,58,7,30,595,127,82,0,0,0,453585,0,24784,762175,28917,52307,436144,86883,328981,85372,20456,256584,114532,12630,177898,70980,9055,238240,436217,198455,185418,0,0,0,-1.0,-1.0
1658276340954,40.925003,0.4059406,0.0,0.03846154,0.3846154,0.08,0.72,1.0,0.041666668,1.0,54.9,54.9,53.600002,54.600002,54.9,55.300003,54.600002,57.600002,55.300003,57.600002,52.300003,52.300003,3921157,-524902,1075200,1075200,1075200,1075200,1075200,1075200,652800,1401600,343,2,17,124,0,0,134,19,69,76,9,44,145,30,69,75,19,29,148,137,153,0,0,0,562194,3040,340096,108378,0,0,135936,46213,703765,72431,23985,485471,170415,62505,574304,86957,30948,139333,128870,303847,443094,0,0,0,-1.0,-1.0
1658276341982,40.982002,0.41379312,0.04,0.03846154,0.61538464,0.5,0.08,1.0,0.0,1.0,53.600002,53.9,52.9,53.600002,53.9,54.300003,53.9,56.300003,54.300003,56.600002,51.600002,51.300003,3941983,-330505,1075200,1075200,1075200,1075200,1075200,1075200,652800,1401600,158,10,35,119,16,52,140,7,77,85,5,47,72,2,42,0,0,0,123,129,169,0,0,0,234532,21578,782782,203086,52816,481782,142472,15558,671866,77094,7364,412970,76073,2375,513071,0,0,0,118341,326725,500177,0,0,0,-1.0,-1.0
1658276343036,41.008003,0.5464481,1.0,0.6818182,0.6956522,0.72,0.13043478,0.2,0.04347826,1.0,52.9,52.9,52.9,53.300003,53.300003,53.600002,52.9,55.600002,53.600002,55.9,51.300003,50.9,3940620,-639038,1075200,1075200,1075200,1075200,1075200,1075200,652800,1401600,264,25,43,232,29,58,147,26,60,141,10,36,140,8,34,64,2,3,158,30,61,1,1,0,343058,90619,408529,324633,81178,235175,120442,49612,336012,88109,28194,369113,93893,18340,577262,26996,2156,5177,85746,48736,745346,33,423,0,2.817518821603928,0.08236988543371523
1658276344041,41.031002,0.67164177,0.82608694,0.88,0.88,0.4,0.5833333,0.7307692,0.12,1.0,55.300003,54.9,54.300003,54.300003,54.9,54.600002,53.600002,56.300003,54.600002,56.9,52.600002,51.9,3861403,-1512757,1075200,1075200,1075200,1075200,1075200,1075200,652800,1401600,181,17,11,460,18,32,339,22,32,186,18,40,163,21,48,235,35,40,271,51,145,5,0,0,96431,36479,147903,292032,45837,134636,217295,37301,70660,125960,40029,325996,126855,45129,171333,154121,70817,287771,182127,137384,557856,140,0,0,409.13444155844155,2.6618701298701297
1658276345066,41.050003,0.6482412,0.96153843,0.6956522,0.6923077,0.33333334,0.75,0.5833333,0.2,0.9583333,55.9,56.300003,55.600002,56.300003,55.600002,55.9,54.9,57.600002,55.600002,57.9,53.600002,53.300003,3857899,-1490174,1075200,1075200,1075200,1075200,1075200,1075200,652800,1401600,284,14,23,582,17,20,306,34,37,276,39,70,90,12,20,133,28,51,115,83,145,2,0,0,265963,25103,101055,489821,23709,29273,286955,78704,92576,244455,58433,284652,82002,17303,55861,143192,54174,286128,116426,212602,548854,61,0,0,1384.905135725429,7.3919001560062405
1658276346116,41.065002,0.6,0.13043478,0.54545456,0.61538464,0.88461536,1.0,0.4,0.125,1.0,58.300003,57.600002,56.9,56.9,56.600002,57.300003,56.300003,58.9,56.9,59.300003,55.600002,54.300003,3830261,-1772157,1075200,1075200,1075200,1075200,1075200,1075200,652800,1401600,324,12,30,555,11,9,387,26,39,243,43,48,238,28,66,123,14,26,263,102,153,25,0,7,251468,15297,49975,507823,15362,8825,404703,55069,96609,208000,79872,94242,185438,51532,245312,91444,26820,53916,201532,209552,402966,6537,0,8383,1091.375652173913,6.069565217391304
1658276347162,41.099003,0.58235294,1.0,0.55,0.45454547,0.09090909,1.0,0.35,0.1904762,1.0,58.300003,58.300003,57.600002,57.300003,57.9,57.600002,56.600002,59.600002,57.300003,59.600002,55.600002,54.9,3842912,-1690064,1075200,1075200,1075200,1075200,1075200,1075200,652800,1401600,267,17,45,704,14,24,477,29,28,109,14,42,85,28,37,150,19,54,318,107,191,0,1,1,303888,21404,134583,682514,20612,36202,578048,88723,72439,89516,28665,215150,57246,74721,201993,148096,38660,303435,294232,156160,373963,0,390,505,1028.5225679012344,5.856148148148148
1658276348200,41.140003,0.60227275,0.17391305,0.54545456,0.6956522,1.0,0.0952381,1.0,0.23809524,1.0,58.9,58.9,58.300003,58.600002,58.300003,58.300003,57.600002,60.300003,58.600002,60.600002,56.300003,55.600002,3829288,-1649171,1075200,1075200,1075200,1075200,1075200,1075200,652800,1401600,252,0,2,741,6,14,396,43,51,274,48,90,9,5,4,114,11,36,377,149,104,0,1,0,359028,0,5041,654020,8704,15943,499177,101121,104806,246556,96290,461306,7518,10070,3332,90858,26649,239718,316931,237560,172395,0,435,0,1064.2121739130434,6.048944099378882
1658276349220,41.182003,0.5895954,0.59090906,0.5263158,0.61904764,1.0,0.18181819,0.65,0.18181819,1.0,58.9,59.300003,58.600002,58.9,58.600002,58.9,57.9,60.9,58.600002,61.300003,56.600002,55.9,3843691,-1625367,1075200,1075200,1075200,1075200,1075200,1075200,652800,1401600,171,22,37,579,20,33,350,36,48,112,29,52,97,15,29,6,1,1,451,142,108,0,0,0,254288,50415,164271,663284,33437,39158,482066,99118,118083,93817,84078,218009,92195,27346,331962,0,0,0,371874,180024,160777,0,0,0,1058.2815024077047,5.974651685393258
1658276350230,41.250004,0.5690608,1.0,0.35,0.47619048,1.0,0.20833333,0.2173913,0.27272728,1.0,59.600002,59.9,59.300003,59.300003,59.300003,58.9,57.9,60.9,58.600002,61.300003,57.300003,56.300003,3839604,-1690064,1075200,1075200,1075200,1075200,1075200,1075200,652800,1401600,258,24,30,633,13,12,356,32,46,76,10,22,130,29,62,110,24,38,365,162,107,1,0,3,280323,55379,92355,611063,12754,15087,452694,52402,113254,74229,17374,49867,141234,61488,486655,92432,50280,181924,308486,245653,196333,28,0,1463,1064.6790231839257,6.22605255023184
1658276351252,41.280003,0.53723407,0.045454547,0.3809524,0.4347826,1.0,0.16666667,1.0,0.25,1.0,60.300003,59.9,59.9,60.300003,59.9,59.600002,58.9,61.600002,59.600002,61.9,57.9,57.300003,3833959,-1754762,1075200,1075200,1075200,1075200,1075200,1075200,652800,1401600,200,9,15,669,13,27,385,43,60,150,34,61,164,24,45,133,10,30,425,141,91,2,0,0,285672,20021,60876,716651,19827,38351,485962,99263,130119,146168,73114,261803,144254,39592,287619,72058,19953,192679,351134,181057,123491,51,0,0,1033.8197698289268,4.94641368584759
1658276352276,41.34,0.5603865,0.08,0.41666666,0.5,0.37037036,1.0,0.8333333,0.25925925,1.0,60.300003,60.300003,59.600002,60.300003,59.9,59.9,58.9,61.9,59.9,62.300003,57.600002,56.9,3839798,-1651612,1075200,1075200,1075200,1075200,1075200,1075200,652800,1401600,349,34,72,633,25,51,389,50,75,27,3,2,112,19,55,24,10,11,486,138,116,0,1,1,476963,84317,268934,687283,43342,69553,489180,92078,174826,7825,2850,6336,114374,25731,546120,24100,29757,54883,395072,175563,174098,0,374,489,1032.9269565217392,5.699130434782608
1658276353336,41.397003,0.5923913,0.6923077,0.5652174,0.54545456,0.4347826,0.2173913,1.0,0.27272728,1.0,61.300003,60.9,60.300003,60.600002,60.600002,60.300003,59.600002,62.300003,60.600002,62.600002,57.9,57.600002,3835322,-1741944,1075200,1075200,1075200,1075200,1075200,1075200,652800,1401600,184,25,36,701,8,14,424,26,47,101,19,43,211,11,32,99,18,25,438,150,87,1,2,1,245609,71076,106981,684689,12574,17441,445240,47312,76182,79412,42156,194381,100795,16130,124344,82309,45588,110775,364739,190863,133599,59,936,551,1035.5981395348838,5.161227906976744
1658276354362,41.461002,0.54891306,0.13043478,0.4347826,0.56,1.0,0.08695652,1.0,0.2173913,1.0,61.600002,61.300003,60.300003,60.9,60.600002,60.9,60.300003,62.9,60.600002,62.9,58.9,57.9,3821697,-1717835,1075200,1075200,1075200,1075200,1075200,1075200,652800,1401600,117,6,11,630,10,12,467,38,71,239,41,86,208,30,63,21,6,7,355,170,104,1,1,1,103765,14580,19103,649206,10027,15479,523641,57281,141389,214493,65953,382832,163214,49566,488321,26105,6961,44707,309770,225254,187267,0,620,453,1034.2697405582924,5.955888341543514
1658276355367,41.517002,0.5657143,0.08695652,0.42105263,0.5,1.0,0.3478261,1.0,0.2173913,1.0,61.600002,60.9,60.600002,60.300003,60.600002,60.9,59.9,62.600002,60.600002,63.300003,58.9,57.9,3832597,-1639405,1075200,1075200,1075200,1075200,1075200,1075200,652800,1401600,159,31,54,551,33,45,371,52,69,42,7,18,90,22,60,39,12,21,432,143,122,0,0,0,195592,54647,183287,675613,54934,49806,495839,114169,144153,28924,12116,111242,66583,60349,684236,36521,32632,244014,387684,162888,190299,0,0,0,1035.9145834633384,5.766489859594383
1658276356389,41.604,0.6138614,0.88,0.44,0.48,0.28,0.65384614,0.76,0.44444445,1.0,61.9,61.600002,60.9,60.9,60.9,60.9,59.9,62.9,60.300003,63.300003,58.9,57.9,3826174,-1652833,1075200,1075200,1075200,1075200,1075200,1075200,652800,1401600,362,20,44,579,13,26,461,41,55,117,35,60,61,11,33,89,12,19,296,135,111,1,0,0,328780,41204,202712,656363,13501,49961,502069,83286,115519,115613,80672,332063,58987,15177,182623,64871,28545,65794,248452,266303,260946,26,0,0,1032.9061052631578,5.388861244019139
1658276357418,41.657,0.5833333,0.84615386,0.42307693,0.45833334,0.33333334,1.0,0.16,0.46153846,1.0,62.300003,62.300003,61.300003,61.9,61.600002,61.600002,60.600002,63.600002,61.300003,63.9,59.300003,58.600002,3823059,-1785584,1075200,1075200,1075200,1075200,1075200,1075200,652800,1401600,192,13,15,640,9,15,397,48,69,229,43,48,215,36,63,98,12,38,352,135,96,1,0,1,165361,16753,30305,656908,10437,20253,453215,102292,129611,195160,73528,123976,200913,53166,211137,82004,27221,272746,306784,216402,169795,36,0,690,1035.5782781456955,5.656158940397351
1658276358436,41.732002,0.52717394,0.13043478,0.39130434,0.39130434,1.0,0.13043478,1.0,0.25,1.0,62.300003,61.9,61.600002,62.300003,62.300003,61.9,60.9,63.9,61.600002,63.9,59.9,58.600002,3834738,-1763001,1075200,1075200,1075200,1075200,1075200,1075200,652800,1401600,258,14,24,619,13,24,407,46,56,77,20,25,33,1,12,171,33,71,485,140,71,0,0,1,306453,33083,82983,670956,18321,29011,450239,89338,108968,82782,36207,86087,33916,2590,71158,169332,74215,443609,367985,176662,105727,0,0,430,1032.3081242236024,5.624993788819876
1658276359445,41.77,0.6084656,0.45454547,0.4090909,0.48,0.95652175,0.375,0.8181818,0.4090909,1.0,61.9,61.9,61.300003,62.300003,61.9,62.300003,60.9,64.3,61.600002,64.3,59.600002,58.9,3836295,-1670533,1075200,1075200,1075200,1075200,1075200,1075200,652800,1401600,401,41,66,556,31,53,406,62,70,20,8,11,94,25,42,61,7,22,444,142,100,0,0,0,481299,96792,215466,678687,59335,70319,471718,132018,144967,22978,15287,51271,61299,76423,457294,55768,11362,133312,379927,195481,161748,0,0,0,1035.0377293729373,5.245201320132013
1658276360445,41.834003,0.5898876,0.77272725,0.4,0.45454547,0.23809524,0.3478261,1.0,0.45,1.0,62.600002,62.9,61.9,62.600002,62.300003,62.600002,61.600002,64.3,61.9,64.3,60.300003,59.300003,3832986,-1787110,1075200,1075200,1075200,1075200,1075200,1075200,652800,1401600,382,10,25,679,13,17,463,54,64,144,16,38,136,37,68,99,20,30,395,135,92,4,0,3,367987,17800,86431,752791,23475,21853,501494,104869,116092,120133,27952,129494,144603,83487,329555,97388,22765,85044,309177,194655,165968,462,0,2063,1032.875388083736,5.425726247987118
1658276361491,41.891003,0.59195405,0.59090906,0.54545456,0.5416667,0.3809524,0.52380955,0.9130435,0.27272728,1.0,62.9,62.9,61.9,62.600002,62.9,62.300003,61.300003,64.3,61.9,64.9,60.300003,59.300003,3834154,-1675111,1075200,1075200,1075200,1075200,1075200,1075200,652800,1401600,372,26,54,666,35,47,452,58,73,119,35,56,106,23,39,55,8,10,404,136,117,1,0,1,420849,47984,149743,760256,58268,59716,546852,115990,140120,110839,86930,317207,96829,57065,238743,46745,18227,96415,348648,179784,182451,20,0,445,1035.9200248833592,4.916205287713842
1658276362494,41.966003,0.65789473,1.0,0.59090906,0.6,0.48,0.45833334,0.9583333,0.1904762,1.0,62.9,62.9,62.300003,62.9,62.600002,62.9,61.600002,64.600006,62.9,64.600006,60.300003,59.300003,3840771,-1680299,1075200,1075200,1075200,1075200,1075200,1075200,652800,1401600,464,24,51,597,15,21,411,51,79,166,25,51,80,20,37,39,7,12,282,111,100,2,1,0,499649,42062,176406,620294,24327,25526,481604,91340,145351,182393,45849,196842,70033,52302,179737,29463,18131,156815,229005,209239,336976,40,696,0,1036.866421900161,5.148032206119163
1658276363511,42.015003,0.40625,0.041666668,0.0,0.625,0.39130434,0.12,1.0,0.0,1.0,63.600002,63.600002,62.600002,63.300003,63.300003,62.600002,62.300003,64.600006,63.300003,64.9,60.9,59.9,3827147,-1778260,1075200,1075200,1075200,1075200,1075200,1075200,652800,1401600,315,10,28,584,28,45,398,51,69,87,21,43,37,12,33,28,2,6,410,149,122,0,0,0,332825,20388,63391,635173,39974,55857,446865,94861,146739,72372,51605,398659,31765,33005,455905,18317,3024,10880,329025,218903,210013,0,0,0,152.5347079934747,0.9544274061990212
1658276364534,42.076,0.52150536,0.17391305,0.09090909,0.6086956,0.7619048,0.41666666,1.0,0.12,1.0,60.600002,59.9,59.600002,60.600002,60.600002,60.9,59.9,62.9,60.600002,63.300003,57.9,57.300003,3912787,-336609,1075200,1075200,1075200,1075200,1075200,1075200,652800,1401600,497,12,33,543,33,34,159,20,53,121,19,41,265,44,79,49,8,8,195,58,101,0,0,0,628439,16977,159567,720028,66761,84716,173196,26745,272945,103120,38883,214457,249407,91247,390535,35953,11466,17109,171340,119736,529190,0,0,0,-1.0,-1.0
1658276365541,42.121002,0.6896552,0.5714286,1.0,0.64,0.44,0.56,0.9259259,0.4,1.0,59.300003,59.300003,58.300003,58.600002,58.9,59.600002,58.9,61.600002,59.300003,61.9,56.9,55.9,3885927,-980225,1075200,1075200,1075200,1075200,1075200,1075200,652800,1401600,509,43,78,155,22,21,214,52,95,256,25,55,140,32,51,13,0,1,21,54,108,0,0,0,524013,80680,266015,161834,41050,261468,212526,123917,377090,213058,60245,282061,133785,92508,348119,10145,0,2068,25385,200535,667618,0,0,0,7.631160572337043E-4,0.002136724960254372
1658276366618,42.166,0.5833333,0.33333334,1.0,0.32,0.30769232,0.48,1.0,0.23076923,1.0,58.600002,59.300003,57.9,58.600002,59.600002,59.9,58.9,61.300003,59.9,61.600002,55.9,55.600002,3907143,-588684,1075200,1075200,1075200,1075200,1075200,1075200,652800,1401600,435,29,79,16,0,0,250,49,96,221,39,99,139,13,47,13,0,2,137,30,108,3,0,1,346981,68396,368117,19152,0,0,228783,96953,452288,183825,90059,537506,85316,27876,544695,8440,0,6350,97227,79427,732624,1067,0,750,0.0035348837209302326,0.0019348837209302325
1658276367686,42.178,0.5752688,0.3809524,0.39130434,0.33333334,1.0,0.25,1.0,0.26086956,1.0,58.300003,58.9,58.300003,58.600002,58.9,59.300003,58.300003,60.600002,58.9,60.9,55.600002,55.600002,3868994,-1361390,1075200,1075200,1075200,1075200,1075200,1075200,652800,1401600,214,9,30,53,0,0,128,18,45,138,9,47,100,10,20,27,4,27,302,81,145,0,0,1,151859,28396,331643,26085,0,0,92735,45466,720870,84158,27155,697872,47860,25455,376366,31941,3417,584005,217475,162089,525964,0,0,375,567.4693861386138,4.462864686468647
1658276368685,42.2,0.69756097,0.64,0.6666667,0.65384614,0.88461536,0.4814815,1.0,0.20833333,1.0,59.9,59.600002,58.9,59.600002,59.600002,59.9,58.9,61.300003,59.600002,61.600002,56.9,56.600002,3826563,-1712037,1075200,1075200,1075200,1075200,1075200,1075200,652800,1401600,862,13,17,808,23,28,402,60,88,135,15,31,156,23,47,196,14,30,161,58,167,9,1,1,638466,17633,21880,516858,26957,50572,383882,113156,284765,98316,24100,95661,139345,39678,123028,127094,26668,128762,128755,113731,565862,179,467,427,1321.6011682539681,6.651885714285714
1658276369752,42.238003,0.6532663,0.5416667,0.5652174,0.375,0.5833333,0.75,1.0,0.28,1.0,61.600002,61.600002,60.600002,61.300003,61.300003,61.300003,60.300003,62.300003,61.300003,63.300003,58.9,57.9,3824227,-1912537,1075200,1075200,1075200,1075200,1075200,1075200,652800,1401600,744,18,22,1013,19,44,538,33,65,69,12,21,192,40,62,0,0,1,447,50,300,9,0,0,575662,20789,28112,539594,17579,61026,446457,52206,149145,55223,19028,68745,171716,81746,286110,0,0,22,345697,76925,456178,205,0,0,2006.936579710145,9.10170692431562
1658276370832,42.257004,0.59887004,0.55,0.5217391,0.36363637,1.0,0.1904762,1.0,0.25,1.0,62.9,62.9,61.9,62.300003,62.300003,62.300003,61.600002,63.300003,62.600002,64.600006,60.300003,59.300003,3815274,-1935426,1075200,1075200,1075200,1075200,1075200,1075200,652800,1401600,804,0,6,881,6,23,772,23,34,115,12,18,277,41,54,9,0,0,471,60,279,16,0,0,558450,0,5693,457073,9397,23975,575303,28307,58578,73174,22375,39704,222680,67920,115170,4466,0,0,339026,64158,380848,1020,0,0,1653.2121421947447,8.116030911901081
1658276371864,42.31,0.76960784,0.5833333,0.5769231,0.5,0.9259259,1.0,1.0,0.45833334,1.0,63.300003,62.600002,62.300003,62.9,62.9,62.600002,61.600002,64.600006,62.300003,64.9,60.300003,59.300003,3825200,-1815186,1075200,1075200,1075200,1075200,1075200,1075200,652800,1401600,756,5,15,1007,14,30,626,43,96,132,29,42,63,15,30,13,6,3,395,90,240,15,0,0,566841,4347,19193,534136,16209,32102,536699,54675,139121,123885,49095,204274,61996,30481,149387,9151,9788,9113,331589,126411,342658,708,0,0,1592.4149017160685,7.305535101404056
1658276372953,42.362003,0.6097561,0.47826087,0.32,0.44444445,0.962963,0.2,1.0,0.4814815,0.9655172,63.9,63.9,62.9,63.600002,63.600002,63.600002,62.600002,64.9,62.9,65.600006,60.9,60.300003,3835127,-1856080,1075200,1075200,1075200,1075200,1075200,1075200,652800,1401600,848,4,20,1001,7,24,652,53,91,51,10,15,42,10,26,1,0,1,458,138,205,23,0,0,576214,2602,19581,557582,6138,26091,575126,62155,122028,36436,17954,171261,47851,20435,159936,131,0,31,367928,179007,303028,2432,0,0,1584.5288237129485,7.560536661466458
1658276374002,42.419003,0.61083746,0.5652174,0.5,0.29166666,0.8148148,0.92,0.46153846,0.33333334,1.0,64.3,64.3,63.300003,63.9,63.600002,63.9,62.9,65.600006,63.600002,65.9,61.9,60.600002,3813328,-1840211,1075200,1075200,1075200,1075200,1075200,1075200,652800,1401600,777,10,17,1098,14,37,640,51,65,138,13,33,161,24,60,0,0,1,338,118,219,12,0,0,587640,13472,20388,574381,10786,49071,546804,83827,84234,131434,18148,112545,138695,46473,316531,0,0,2245,290843,191139,333888,1133,0,0,1579.0024691358026,7.61041975308642
1658276375085,42.468002,0.6421053,0.64,0.5,0.41666666,0.9166667,0.34615386,1.0,0.36,1.0,64.600006,64.600006,63.600002,64.3,64.600006,64.3,63.300003,65.9,63.9,66.3,61.9,60.600002,3825784,-1796571,1075200,1075200,1075200,1075200,1075200,1075200,652800,1401600,855,7,20,1044,24,55,627,51,72,126,26,37,56,2,9,100,35,48,536,161,137,8,0,0,622868,7447,19305,609832,22523,57383,558862,91979,96901,112410,47407,104246,28580,797,17844,123580,90554,167552,373621,185612,209010,346,0,0,1544.566672868217,7.064905426356589
1658276376124,42.521004,0.64356434,0.5416667,0.45454547,0.56,0.56,0.75,1.0,0.23076923,1.0,64.9,64.600006,63.9,64.600006,64.3,64.600006,63.600002,66.600006,64.3,66.600006,61.9,61.300003,3816831,-1752320,1075200,1075200,1075200,1075200,1075200,1075200,652800,1401600,797,6,17,1117,15,42,590,58,56,28,3,5,177,29,49,95,20,37,463,93,251,14,0,0,575471,6784,13648,617038,13055,41041,513328,91827,78731,6042,8337,14819,138096,71501,177685,86434,59909,177916,347053,113535,339419,352,0,0,1546.5960373831774,7.3987788161993775
1658276377170,42.585003,0.61538464,0.5833333,0.47826087,0.4347826,1.0,0.18181819,1.0,0.23809524,1.0,65.600006,65.3,64.600006,64.600006,64.9,64.9,63.600002,66.600006,63.9,67.3,62.300003,61.300003,3817220,-1844178,1075200,1075200,1075200,1075200,1075200,1075200,652800,1401600,810,7,20,1146,27,34,593,40,78,132,23,37,253,27,58,2,0,0,365,64,280,12,0,0,584869,7626,25099,613230,34047,46157,487680,59544,118144,125124,48631,120614,186314,34907,171062,657,0,0,355282,94770,414293,417,0,0,1540.5230592,6.7878912
1658276378200,42.638,0.61849713,0.42105263,0.42857143,0.42857143,0.61904764,0.77272725,1.0,0.14285715,1.0,65.600006,65.600006,64.600006,65.600006,65.3,64.9,64.3,66.9,65.3,67.3,62.9,61.600002,3810213,-1950379,1075200,1075200,1075200,1075200,1075200,1075200,652800,1401600,882,7,16,1079,19,34,537,44,85,14,6,1,165,18,37,85,15,31,529,133,148,15,0,0,662433,7860,18958,612125,21976,41982,480572,73682,146120,13966,7338,2319,163435,28954,143597,67181,45052,197356,371423,161240,189009,318,0,0,1565.5554449760766,7.4473748006379585
1658276379211,42.698,0.6185567,0.65217394,0.4347826,0.45833334,1.0,0.28,1.0,0.125,1.0,65.9,65.600006,64.9,65.600006,65.600006,65.3,64.3,67.600006,65.3,67.600006,63.300003,62.300003,3820724,-1782838,1075200,1075200,1075200,1075200,1075200,1075200,652800,1401600,915,6,14,1121,19,50,516,49,63,143,31,48,78,21,27,0,0,0,458,149,128,11,0,0,659501,4516,12143,623646,24589,64309,446118,64694,78342,116999,52206,152043,71360,43480,194285,0,0,0,336344,203745,184425,227,0,0,1552.7216671850701,6.534917573872472
1658276380233,42.751003,0.61576355,0.6086956,0.56,0.36,1.0,0.5925926,0.64,0.12,1.0,66.3,66.3,65.3,65.600006,65.600006,65.600006,64.600006,67.600006,64.9,67.9,63.300003,62.300003,3814301,-1822816,1075200,1075200,1075200,1075200,1075200,1075200,652800,1401600,845,12,21,1160,25,46,648,49,82,104,16,23,231,24,64,0,0,1,294,163,182,9,0,0,561935,15078,21216,636322,23004,49348,512743,74324,116149,86220,23812,62740,189858,33523,264711,0,0,28,266411,234554,346622,2243,0,0,1555.3514666666667,7.732063492063491
1658276381258,42.811,0.66504854,0.64,0.65384614,0.6923077,0.26923078,0.92,1.0,0.15384616,1.0,66.3,65.9,65.3,66.600006,66.3,65.9,64.9,67.9,65.600006,67.9,63.600002,62.300003,3813328,-1813966,1075200,1075200,1075200,1075200,1075200,1075200,652800,1401600,908,7,20,1024,24,60,565,52,79,50,8,13,124,18,51,56,9,18,407,180,141,12,1,1,629470,7583,18405,561120,26096,53561,520012,73693,104873,50301,10699,19557,122964,26876,365897,61771,12697,39155,310260,248764,214111,2243,1860,486,1544.9371073094867,7.939782270606532
1658276382297,42.86,0.6923077,0.45454547,0.4090909,0.3,1.0,1.0,1.0,0.3478261,1.0,66.600006,66.3,65.600006,66.3,65.9,66.3,64.9,68.3,65.9,68.600006,63.9,62.600002,3822281,-1790162,1075200,1075200,1075200,1075200,1075200,1075200,652800,1401600,845,5,12,979,22,57,548,35,59,142,32,66,82,5,14,15,2,8,310,113,214,14,0,0,559029,4649,11359,537197,29417,61746,465528,55961,87078,145992,82485,333205,43088,7465,42595,14096,548,40038,299559,176318,364303,426,0,0,1556.884336448598,6.78429906542056
1658276383300,42.913002,0.595122,0.56,0.33333334,0.4,1.0,0.36,0.8,0.37037036,0.9259259,66.9,66.9,65.9,66.600006,66.600006,66.600006,65.3,68.3,66.3,68.600006,64.3,62.9,3812354,-1858827,1075200,1075200,1075200,1075200,1075200,1075200,652800,1401600,917,11,17,1101,33,45,534,57,91,19,1,1,156,22,37,33,2,5,447,97,200,9,0,0,621142,15447,15172,602184,44618,55639,511384,94189,147950,10943,1573,1440,135821,38136,215204,31028,2568,6676,341976,112550,278568,273,0,0,1558.5661806853582,7.266890965732087
1658276384325,42.962,0.592233,0.68,0.36,0.28,0.88,0.35714287,1.0,0.2857143,1.0,66.9,66.600006,66.3,66.9,66.9,66.600006,65.9,68.9,66.3,68.9,63.9,63.300003,3805542,-1875916,1075200,1075200,1075200,1075200,1075200,1075200,652800,1401600,938,14,29,1054,30,59,612,58,101,99,20,35,135,19,42,16,5,7,445,77,225,17,1,5,682757,19529,25161,608361,34976,70606,574623,77633,143334,94859,39707,93804,102403,35561,319145,5171,12853,36547,350742,106296,303905,5960,384,9095,1540.64544149766,7.486652106084243
1658276385386,43.007004,0.55,0.5,0.36,0.16,0.2,1.0,0.88461536,0.23076923,1.0,67.9,67.3,66.9,67.3,67.3,67.600006,66.3,69.3,66.9,69.600006,64.9,63.600002,3804374,-1896668,1075200,1075200,1075200,1075200,1075200,1075200,652800,1401600,904,12,21,1240,20,54,595,68,104,43,16,28,120,21,35,98,9,29,400,156,164,6,0,0,626328,8518,19125,676234,22260,49979,527900,93242,123931,35608,45330,93426,95322,43058,156011,82945,11850,188661,317529,214125,241253,136,0,0,1551.0837763975155,8.21575155279503
1658276386421,43.064003,0.5,0.34615386,0.96,0.20833333,0.16,0.083333336,1.0,0.2173913,1.0,67.600006,66.9,66.600006,67.3,67.600006,66.9,66.3,69.3,66.9,69.600006,64.600006,63.9,3811381,-1858521,1075200,1075200,1075200,1075200,1075200,1075200,652800,1401600,907,8,21,1047,26,70,513,74,108,144,24,90,25,6,4,34,0,8,404,140,162,18,0,0,648785,11316,18740,588495,24306,74378,525025,127640,164590,137016,65085,521888,17515,6068,9962,30362,0,25774,334584,193256,242715,1118,0,0,519.7623213728549,3.0392012480499218
1658276387449,43.105003,0.5,0.17391305,1.0,0.16666667,0.3181818,0.18181819,0.73913044,0.4347826,1.0,66.600006,66.600006,65.9,66.600006,66.600006,66.9,65.9,68.600006,66.600006,68.9,63.600002,62.9,3835516,-1455079,1075200,1075200,1075200,1075200,1075200,1075200,652800,1401600,935,23,30,299,10,17,315,57,102,283,47,105,138,12,37,8,0,5,405,133,93,1,0,0,716463,29519,46416,279675,28789,38191,303872,144495,310984,263619,74651,400484,108995,20795,342021,6762,0,87875,342338,211976,159257,24,0,0,459.21279220779223,2.7421818181818183
1658276388457,43.154003,0.6086956,0.39130434,0.61538464,0.6296296,0.46153846,0.6666667,0.9230769,0.16,1.0,64.600006,64.9,63.9,64.600006,65.3,64.9,64.3,67.3,64.9,67.3,62.300003,61.600002,3912203,-588074,1075200,1075200,1075200,1075200,1075200,1075200,652800,1401600,786,21,35,86,0,0,275,47,87,107,20,30,138,16,64,187,33,65,454,127,83,0,0,0,676003,21086,36935,46248,0,0,274643,98340,344872,117873,29496,109179,145796,28272,466190,173687,75449,293181,313022,193204,208622,0,0,0,-1.0,-1.0
