1658264979743,39.116,0.75739646,1.0,0.95454544,0.52380955,0.54545456,0.55,1.0,0.45,1.0,52.600002,53.300003,52.600002,53.300003,53.600002,53.600002,53.300003,53.600002,54.600002,55.300003,49.300003,49.600002,3770313,-649109,1075200,1075200,1075200,1075200,1075200,1075200,652800,1401600,4086631,84267,275251,4391056,85847,284588,2252762,164295,378703,2192702,159704,382309,1699753,123718,340421,1599782,120996,336758,1629970,224062,471292,1094524,101007,326293,2939494009,174379757,2813585790,3042130588,177534564,2797071896,1560520818,340362271,4124840264,1488011630,329664181,4167006781,1173133562,255408796,4206128562,1130859910,251613894,4116559905,1193177653,441242859,4996981349,595938876,259646578,4217822492,-1.0,-1.0
1658264981062,39.122,0.9233717,0.9677419,1.0,1.0,0.9705882,0.9705882,1.0,0.48387095,1.0,53.300003,53.300003,52.9,53.600002,53.9,54.300003,53.600002,54.600002,54.300003,54.9,49.9,49.9,3730412,-814819,1075200,1075200,1075200,1075200,1075200,1075200,652800,1401600,0,0,0,118,0,0,102,16,17,422,25,35,227,20,16,34,3,1,676,87,110,104,0,7,0,0,0,93590,0,0,71568,23912,28184,175137,34338,65765,131612,31182,29524,19213,1515,1747,401682,124994,242425,5773,0,4818,-1.0,-1.0
1658264982605,39.112003,0.800905,1.0,0.6896552,0.84615386,0.65384614,1.0,0.9259259,0.26923078,1.0,52.600002,52.9,52.600002,53.300003,53.300003,53.600002,52.9,54.300003,53.300003,54.600002,49.600002,49.600002,3774789,-600891,1075200,1075200,1075200,1075200,1075200,1075200,652800,1401600,213,0,0,3,0,0,82,4,11,246,14,32,176,18,22,4,0,1,1202,143,78,3,0,0,79360,0,0,889,0,0,47612,5766,19864,117575,22160,73755,109054,28428,51331,2448,0,20,567790,234070,131412,277,0,0,-1.0,-1.0
1658264983905,39.109,0.6958763,1.0,0.47619048,0.88461536,0.48,0.6666667,0.8,0.16,1.0,52.9,53.300003,52.9,53.600002,54.300003,53.9,53.300003,53.9,53.600002,54.9,49.300003,49.300003,3759608,-799561,1075200,1075200,1075200,1075200,1075200,1075200,652800,1401600,29,0,0,160,0,0,157,14,24,168,9,27,76,5,14,148,24,42,788,107,45,2,0,0,9462,0,0,98438,0,0,117100,24069,83420,111196,5499,76198,50657,7149,42820,111149,42914,116273,465124,187896,117965,728,0,0,-1.0,-1.0
1658264985026,39.102,0.87966806,0.9677419,1.0,0.9354839,0.8666667,1.0,0.87096775,0.33333334,1.0,52.300003,52.600002,51.9,52.600002,52.9,52.600002,51.9,54.300003,52.600002,53.9,48.9,48.9,3774206,-575256,1075200,1075200,1075200,1075200,1075200,1075200,652800,1401600,236,0,0,192,0,0,216,24,36,337,20,44,73,12,17,190,15,32,854,142,74,3,0,0,88789,0,0,129529,0,0,148637,38441,79540,191301,30462,131488,55449,15733,41895,117647,18259,70810,429446,255402,188042,75,0,0,-1.0,-1.0
1658264986302,39.095,0.53731346,0.7916667,1.0,0.12,1.0,0.2,0.083333336,0.0,1.0,51.9,52.300003,50.9,51.600002,52.300003,52.300003,51.600002,53.600002,52.300003,53.9,48.9,48.9,3782575,-464172,1075200,1075200,1075200,1075200,1075200,1075200,652800,1401600,38,2,1,19,0,0,321,33,59,348,46,56,42,4,4,228,23,38,549,90,85,0,0,0,32165,4549,2185,10685,0,0,205012,57836,145125,244760,89484,203617,24611,4755,5897,141237,41130,186406,299320,203246,414633,0,0,0,-1.0,-1.0
1658264987376,39.089,0.5518868,0.32142857,0.2,0.26923078,1.0,0.64285713,0.9259259,0.0,1.0,50.300003,50.300003,49.9,50.9,50.300003,49.9,50.300003,52.600002,50.600002,52.300003,47.9,47.9,3783937,-418091,1075200,1075200,1075200,1075200,1075200,1075200,652800,1401600,311,7,27,45,0,0,251,51,90,174,15,28,246,21,59,106,16,34,318,96,98,3,2,4,290892,7901,275316,35053,0,8321,173712,136206,483974,84601,30097,152433,153005,42240,548752,81957,36404,318316,176773,257552,507258,1463,3271,2447,-1.0,-1.0
1658264988487,39.092003,0.91101694,0.9285714,0.9655172,1.0,1.0,0.96666664,1.0,0.44444445,1.0,50.300003,50.600002,49.9,50.9,50.9,50.600002,49.9,52.300003,50.300003,52.600002,48.300003,48.300003,3771675,-513916,1075200,1075200,1075200,1075200,1075200,1075200,652800,1401600,270,18,28,483,13,26,438,37,71,117,8,14,312,16,25,187,4,13,230,73,100,88,0,3,304588,32220,89322,321239,29646,95165,276375,64858,234879,68324,16520,47383,152998,27958,202177,83494,3048,56238,234979,180919,470979,19085,0,3097,-1.0,-1.0
1658264989716,39.092003,0.65841585,0.7692308,0.61538464,0.36,1.0,0.75,0.6296296,0.09090909,0.962963,50.600002,50.9,50.600002,51.300003,50.9,51.300003,50.9,52.600002,51.300003,52.9,47.9,47.9,3778293,-559387,1075200,1075200,1075200,1075200,1075200,1075200,652800,1401600,203,14,35,119,8,14,43,10,22,54,24,33,49,3,11,100,10,28,364,140,125,2,0,2,193123,25917,179294,107296,20007,56248,56932,17532,126355,45135,69704,231046,19825,2759,14374,59943,20948,235834,254549,293586,331333,1834,0,1325,-1.0,-1.0
1658264990812,39.082,0.9569378,1.0,1.0,1.0,1.0,1.0,1.0,0.625,1.0,50.300003,50.300003,49.9,49.9,50.300003,50.300003,49.9,52.300003,50.600002,52.300003,47.600002,47.300003,3780823,-505981,1075200,1075200,1075200,1075200,1075200,1075200,652800,1401600,117,2,8,191,25,44,188,34,53,89,12,38,131,10,21,159,19,52,204,139,130,2,0,1,120235,2423,32609,181658,56056,170471,164873,71953,396152,76491,21982,449234,103485,8766,48072,132812,35166,518586,185729,274098,490836,410,0,442,-1.0,-1.0
1658264991902,39.085003,0.8382353,0.9583333,0.9166667,0.75,1.0,0.88,0.92,0.30769232,1.0,50.9,51.300003,50.600002,50.9,50.9,51.300003,50.600002,52.9,50.9,52.9,47.9,47.9,3764863,-702515,1075200,1075200,1075200,1075200,1075200,1075200,652800,1401600,75,7,7,35,0,0,141,12,28,99,13,18,106,4,14,64,4,12,417,154,56,3,0,0,46798,12615,10471,21700,0,0,117805,25262,109582,67237,27995,60035,61146,1963,20238,52150,6402,83063,261115,328331,161944,83,0,0,-1.0,-1.0
1658264993030,39.078003,0.6830601,1.0,0.29166666,0.7826087,1.0,0.6086956,0.75,0.09090909,1.0,50.600002,50.9,50.600002,51.300003,51.300003,51.300003,50.600002,52.300003,50.9,52.600002,48.300003,48.300003,3747540,-917359,1075200,1075200,1075200,1075200,1075200,1075200,652800,1401600,104,0,0,77,1,2,193,38,53,58,19,42,60,13,28,64,9,41,692,144,76,0,0,0,53066,0,0,49111,2702,1758,184133,101440,218539,70937,48726,183793,59969,33362,273414,71793,19944,287717,397451,330208,234184,0,0,0,11.017589984350547,0.2434053208137715
1658264994168,39.078003,0.8935185,0.88,1.0,0.9230769,1.0,0.89285713,1.0,0.44,1.0,50.600002,50.600002,49.600002,49.9,50.300003,50.600002,49.9,52.300003,50.600002,52.300003,48.600002,48.300003,3748903,-861511,1075200,1075200,1075200,1075200,1075200,1075200,652800,1401600,135,8,12,226,22,33,113,15,21,52,5,13,127,9,29,23,4,10,445,125,77,0,0,0,89878,14872,32616,181981,39143,120087,85692,26338,89710,35504,13103,46462,80839,22225,119729,17947,7194,67929,275576,276757,232481,0,0,0,17.62006779661017,0.3147734976887519
1658264995305,39.075,0.88349515,0.8076923,0.92,0.8076923,0.88461536,0.962963,0.9230769,0.72,1.0,51.9,51.9,51.300003,52.300003,51.9,51.600002,51.300003,53.600002,51.9,53.9,49.600002,49.300003,3695378,-1663819,1075200,1075200,1075200,1075200,1075200,1075200,652800,1401600,538,4,7,325,2,4,262,18,27,327,36,33,135,5,11,149,22,32,500,98,99,0,0,0,192023,2726,7445,175462,321,2625,143230,22475,47262,164974,42058,59620,48272,7366,31203,95557,45230,99175,319671,159676,307990,0,0,0,461.3244552352048,3.9129468892261
1658264996494,39.072002,0.95780593,1.0,1.0,1.0,1.0,1.0,1.0,0.6896552,1.0,53.9,53.9,53.300003,53.9,53.9,53.9,52.9,54.9,53.600002,55.300003,50.9,50.600002,3672605,-1787110,1075200,1075200,1075200,1075200,1075200,1075200,652800,1401600,900,3,11,483,7,14,580,9,28,336,6,26,278,11,29,90,3,9,714,135,56,0,0,1,280148,1410,9975,149381,4345,16036,229812,14490,50040,151720,5700,46106,92689,12471,46696,28943,1716,14339,411991,144709,77659,0,0,514,1464.88124691358,8.240185185185185
1658264997705,39.119003,0.79396987,0.72,0.875,1.0,0.64,0.68,1.0,0.375,1.0,55.300003,55.600002,54.9,55.300003,55.300003,55.300003,53.9,56.300003,55.300003,56.600002,52.300003,51.9,3691485,-1707459,1075200,1075200,1075200,1075200,1075200,1075200,652800,1401600,337,0,1,89,0,2,152,1,5,47,0,2,70,0,6,3,0,1,676,108,39,0,0,2,95803,0,428,26057,0,1418,43658,1016,3273,19543,0,3059,19069,0,9293,2247,0,1952,358961,112051,43833,0,0,1081,564.247701863354,3.193739130434783
1658264998871,39.176003,0.7772277,0.76,1.0,0.53846157,0.52,1.0,0.96,0.44444445,1.0,55.300003,55.300003,54.9,55.300003,55.600002,55.300003,54.600002,56.9,55.600002,56.9,52.600002,52.300003,3689149,-1699525,1075200,1075200,1075200,1075200,1075200,1075200,652800,1401600,694,2,7,83,1,7,277,7,22,394,4,18,127,12,18,7,0,1,779,117,32,0,0,0,220100,1643,5014,27308,243,6769,116585,7224,20035,139455,1150,21239,58060,15277,16890,2581,0,336,436839,131651,42417,0,0,0,519.0790945736434,2.941668217054264
1658264999978,39.224003,0.8,0.8076923,0.875,0.8076923,0.72,1.0,0.64,0.5833333,1.0,55.9,55.9,55.300003,55.600002,55.9,55.300003,54.600002,57.300003,55.300003,57.600002,52.9,52.600002,3693237,-1633912,1075200,1075200,1075200,1075200,1075200,1075200,652800,1401600,543,2,5,83,0,0,742,15,54,791,11,51,85,3,8,295,14,31,718,109,39,0,0,0,187813,1933,3105,39159,0,0,285602,13264,67052,309516,9811,57596,31171,1212,7410,112946,9809,33595,464640,116503,48362,0,0,0,513.3583157894736,2.669077399380805
1658265001104,39.285004,0.9073171,0.9130435,0.88461536,1.0,0.8518519,0.96153843,1.0,0.65384614,1.0,56.300003,56.600002,56.300003,56.600002,56.300003,56.600002,55.600002,57.9,56.600002,57.9,53.9,52.9,3692069,-1611329,1075200,1075200,1075200,1075200,1075200,1075200,652800,1401600,852,0,3,414,6,14,457,6,24,573,9,28,125,6,9,203,9,23,691,108,34,0,0,0,294121,0,1898,129199,3968,12559,181828,3296,31636,227573,8873,31339,42360,6937,9509,85320,5902,34859,409060,115267,43195,0,0,0,518.5477888,2.79936
1658265002166,39.349003,0.8428571,0.9259259,0.8148148,0.9285714,0.75,0.7083333,1.0,0.5769231,1.0,57.300003,57.300003,56.600002,56.600002,57.300003,57.300003,56.600002,58.600002,57.300003,58.600002,54.300003,53.600002,3672021,-1699219,1075200,1075200,1075200,1075200,1075200,1075200,652800,1401600,373,1,6,410,2,9,371,8,29,282,4,13,390,8,33,0,0,0,668,109,32,0,0,0,130849,936,3518,125000,918,6477,139417,8854,30649,132312,1693,14053,128835,7027,38224,0,0,0,386246,123797,39226,0,0,0,512.5070371567043,2.8265977382875604
1658265003231,39.413002,0.81904763,0.7407407,0.7692308,0.8518519,0.8,0.9230769,1.0,0.48,1.0,57.300003,57.600002,56.600002,57.300003,56.600002,57.300003,56.300003,58.600002,56.600002,58.9,54.300003,53.600002,3692263,-1605225,1075200,1075200,1075200,1075200,1075200,1075200,652800,1401600,509,1,5,585,1,12,633,8,29,491,5,17,444,2,7,61,4,6,659,142,37,0,0,0,160458,621,4575,184927,834,11134,193960,7195,24292,189028,4732,19664,113937,1285,5134,25873,3607,8233,403407,133495,39170,0,0,0,518.3169287925697,2.7992074303405574
1658265004346,39.484,0.8767123,0.8148148,0.78571427,0.9655172,0.82758623,1.0,1.0,0.56,1.0,57.600002,57.300003,56.9,57.300003,57.300003,57.300003,56.600002,59.300003,57.600002,59.300003,54.600002,53.9,3671827,-1643067,1075200,1075200,1075200,1075200,1075200,1075200,652800,1401600,753,2,3,881,4,8,624,10,25,677,3,22,63,3,6,14,1,4,681,119,61,0,0,0,250318,2319,2620,283845,1356,7607,226195,9300,27958,230123,2166,26139,27015,2372,3473,7649,19,5211,410561,130313,75059,0,0,0,513.038540958269,2.7274683153013908
1658265005494,39.551003,0.83253586,0.8518519,0.6666667,0.8148148,0.68,0.96153843,1.0,0.61538464,1.0,58.600002,58.300003,57.600002,58.600002,58.300003,57.9,57.300003,59.600002,57.9,59.600002,54.9,54.300003,3670075,-1706239,1075200,1075200,1075200,1075200,1075200,1075200,652800,1401600,671,0,3,551,6,19,371,4,20,491,10,29,84,3,8,0,0,0,623,113,62,0,0,0,193382,0,3305,182784,2855,15663,128824,1965,25368,186642,9551,38005,34891,1084,12068,0,0,0,375031,111176,75273,0,0,0,515.1869428129829,2.861403400309119
1658265006580,39.609,0.8152174,0.9166667,0.73913044,0.77272725,0.95652175,0.82608694,0.88,0.42857143,1.0,58.300003,58.600002,57.600002,57.9,57.9,57.9,57.300003,59.600002,57.9,60.300003,55.300003,54.9,3685256,-1683350,1075200,1075200,1075200,1075200,1075200,1075200,652800,1401600,824,3,11,623,4,9,371,8,23,702,8,24,112,8,18,13,3,6,702,120,44,1,0,0,275360,2486,7883,196797,5305,9051,163263,5844,26399,261214,6969,28200,49528,4538,25209,8468,439,10519,436708,137970,53877,7,0,0,514.9986583850931,3.0308074534161493
1658265007656,39.687,0.78431374,0.8076923,1.0,0.5,0.5416667,0.962963,1.0,0.375,1.0,58.300003,58.300003,57.600002,58.300003,57.9,58.300003,57.300003,59.9,58.300003,59.9,55.300003,54.600002,3692653,-1666260,1075200,1075200,1075200,1075200,1075200,1075200,652800,1401600,711,0,3,810,0,8,461,6,32,395,3,19,243,5,19,74,2,3,676,123,24,1,0,0,244436,0,4638,284996,0,5941,161379,4061,36572,137695,2803,27227,89649,1731,24078,21449,1521,3451,414316,139689,24328,338,0,0,516.7487604327666,2.935888717156105
1658265008748,39.744003,0.75124377,0.6296296,0.8333333,0.8518519,0.6666667,1.0,0.6296296,0.4,1.0,59.300003,58.9,57.600002,58.300003,58.600002,58.600002,57.300003,60.300003,57.9,60.300003,55.600002,54.9,3681364,-1674195,1075200,1075200,1075200,1075200,1075200,1075200,652800,1401600,506,2,9,599,2,18,817,8,40,820,10,45,174,6,16,23,3,8,692,141,43,0,0,0,187168,1245,6368,189844,1244,14537,265654,7932,48645,317078,3208,57036,65859,4676,16075,12878,250,7470,422662,155354,44777,0,0,0,514.959652173913,3.0878509316770186
1658265009836,39.805,0.6847826,0.5652174,1.0,0.41666666,0.5217391,0.59090906,1.0,0.3181818,1.0,58.9,58.9,58.300003,58.9,59.300003,58.9,57.9,60.600002,58.600002,60.9,55.9,55.300003,3686814,-1665955,1075200,1075200,1075200,1075200,1075200,1075200,652800,1401600,920,1,13,837,9,18,339,10,19,517,8,30,346,8,13,109,12,22,712,115,40,0,0,0,314121,237,9737,244781,6574,15647,148251,8665,28937,218843,5367,27965,117347,10446,15122,53510,7412,48530,426090,110360,51001,0,0,0,510.0855975232198,2.775678018575851
1658265010898,39.862003,0.6516854,0.59090906,0.45833334,0.36363637,0.59090906,0.7826087,1.0,0.2631579,1.0,59.600002,59.300003,58.300003,59.300003,58.9,58.600002,57.600002,60.600002,58.9,60.600002,56.300003,55.300003,3672994,-1639100,1075200,1075200,1075200,1075200,1075200,1075200,652800,1401600,1133,11,19,459,0,5,903,19,62,827,21,46,166,8,26,398,21,40,729,110,78,0,0,0,438910,10689,19849,159680,0,3773,349357,18648,105711,338694,25467,65623,60864,6095,56367,168361,21516,63647,424327,110080,93829,0,0,0,513.337386327504,2.9629252782193958
1658265011939,39.923,0.81280786,0.72,0.7916667,0.6923077,0.8,1.0,0.96,0.53846157,1.0,59.600002,59.300003,58.300003,58.600002,59.300003,59.300003,58.9,60.600002,59.600002,60.9,56.600002,55.9,3664041,-1745301,1075200,1075200,1075200,1075200,1075200,1075200,652800,1401600,1130,4,13,1220,10,28,576,17,45,711,19,41,63,6,13,364,12,36,562,129,57,0,0,0,405762,4940,15178,428879,9964,42382,261320,19220,105049,324659,22633,60074,33113,6827,27307,128981,17450,87414,364543,135039,68056,0,0,0,515.3529937888198,2.978037267080745
1658265013028,39.994003,0.46354166,0.3043478,0.75,0.08695652,0.083333336,0.20833333,1.0,0.20833333,1.0,59.9,59.9,59.300003,59.600002,60.300003,59.9,59.300003,61.300003,59.9,61.600002,56.9,56.300003,3680391,-1799012,1075200,1075200,1075200,1075200,1075200,1075200,652800,1401600,1136,0,19,900,3,22,768,10,37,529,16,40,268,17,33,76,2,9,679,111,57,0,0,0,403968,0,16667,294949,2546,31068,301645,9231,62979,246188,17363,58710,125780,14171,65135,30274,43,28226,394712,115636,74731,0,0,0,222.16750464396284,1.3017585139318886
1658265014104,40.076,0.48863637,1.0,0.39130434,0.18181819,1.0,0.1,0.17391305,0.0,1.0,57.300003,56.9,56.9,57.300003,57.9,57.600002,56.9,59.9,57.9,60.300003,54.9,54.600002,3751433,-577392,1075200,1075200,1075200,1075200,1075200,1075200,652800,1401600,658,11,26,873,15,43,475,46,90,293,36,88,50,21,22,126,12,17,512,88,98,0,0,0,503821,9077,58154,455715,22452,136685,272873,81729,356558,212827,64262,347895,62478,58117,79553,68541,19823,33246,298181,193827,247280,0,0,0,-1.0,-1.0
1658265015127,40.148003,0.72727275,0.88,0.62068963,0.6923077,0.5769231,0.88461536,0.8888889,0.30769232,1.0,55.9,55.600002,54.9,55.600002,55.600002,55.600002,54.9,58.300003,55.600002,58.300003,53.600002,53.300003,3771091,-547790,1075200,1075200,1075200,1075200,1075200,1075200,652800,1401600,55,0,0,302,20,64,266,41,99,71,11,14,337,39,100,173,18,67,96,80,103,0,0,0,57729,0,0,291646,39971,444860,212938,85147,492737,60391,11424,30336,253470,71556,461896,156682,41531,527647,84645,227948,622183,0,0,0,-1.0,-1.0
1658265016191,40.193,0.8308458,1.0,1.0,0.72,0.8076923,0.88,0.88,0.375,1.0,55.600002,55.300003,54.300003,54.9,55.300003,55.600002,55.300003,57.600002,55.600002,57.9,52.9,52.9,3759802,-588074,1075200,1075200,1075200,1075200,1075200,1075200,652800,1401600,114,12,29,398,21,49,142,20,25,157,11,41,140,7,52,188,17,46,245,84,113,5,0,1,65491,38309,277934,362176,52181,374814,102045,48143,93708,110242,19744,217237,105416,9662,450798,112959,26730,449953,165113,177188,524949,136,0,570,-1.0,-1.0
1658265017256,40.224003,0.79227054,0.68,0.6923077,0.64,0.962963,0.96428573,0.84615386,0.52,1.0,55.9,55.600002,55.300003,55.600002,55.600002,55.9,55.9,57.300003,56.600002,57.9,52.9,52.9,3714841,-1226502,1075200,1075200,1075200,1075200,1075200,1075200,652800,1401600,80,0,0,338,25,61,598,49,87,147,10,42,281,13,44,89,2,7,289,37,70,5,0,0,34455,0,0,265963,48626,321618,278283,97051,353319,100883,23895,536954,118160,30931,545536,45618,3269,12272,150519,49687,659501,437,0,0,813.6844938271605,5.491851851851852
1658265018368,40.258003,0.7777778,0.5833333,0.6086956,0.68,0.9230769,0.8076923,1.0,0.5416667,1.0,57.600002,57.9,56.600002,57.300003,57.9,57.600002,56.9,58.9,57.600002,59.300003,54.9,54.300003,3673384,-1679383,1075200,1075200,1075200,1075200,1075200,1075200,652800,1401600,1156,1,11,917,5,13,1033,11,43,37,3,5,277,7,11,304,14,45,675,67,85,0,0,0,381954,522,11626,286275,3331,9077,338840,10721,59662,22037,1946,6093,82807,7983,9136,110032,12438,97411,370443,78436,95027,0,0,0,972.0892523961661,5.397265175718849
1658265019401,40.291,0.89805824,0.8518519,0.9583333,0.82608694,1.0,0.96153843,1.0,0.5833333,1.0,58.600002,58.9,57.9,58.9,58.600002,58.600002,57.9,60.300003,59.300003,60.300003,55.600002,55.300003,3665209,-1829530,1075200,1075200,1075200,1075200,1075200,1075200,652800,1401600,921,6,12,1379,2,21,856,9,31,36,1,4,46,4,10,339,7,31,611,93,59,0,0,0,344795,3336,13802,395360,1021,18501,304586,14631,50505,11664,18,4802,27680,2231,15131,106755,6545,36931,337218,91892,69852,0,0,0,1048.540340030912,5.998095826893354
1658265020525,40.363003,0.8033708,0.52380955,0.72727275,0.6818182,1.0,0.8695652,1.0,0.59090906,1.0,59.300003,59.600002,58.600002,59.300003,58.9,58.9,58.300003,60.9,58.9,60.9,56.600002,55.9,3668907,-1770631,1075200,1075200,1075200,1075200,1075200,1075200,652800,1401600,384,6,10,901,3,4,462,5,21,241,11,11,98,1,4,53,1,1,691,81,79,29,2,6,163546,7123,13675,244954,2123,3063,138683,3313,32680,83414,9738,9724,24566,365,5632,10975,349,28,376107,80980,95827,8809,323,5584,971.5329689440993,5.460869565217392
1658265021574,40.408,0.79569894,0.72727275,0.6086956,0.5714286,1.0,0.88,1.0,0.5217391,1.0,59.9,59.9,59.300003,59.9,60.300003,59.9,59.300003,61.300003,59.600002,61.600002,57.300003,56.300003,3657813,-1804200,1075200,1075200,1075200,1075200,1075200,1075200,652800,1401600,1328,3,7,1071,1,8,820,23,37,42,3,11,122,5,14,33,3,5,705,88,45,0,0,0,407977,2622,5929,327427,1428,7129,314897,13882,50313,20623,446,13960,35538,8715,16749,13948,4936,3592,408778,85461,51194,0,0,0,992.1305537459284,6.021159609120522
1658265022600,40.484,0.79,0.65384614,0.5652174,0.7083333,0.9230769,0.962963,1.0,0.46153846,1.0,60.9,60.300003,59.600002,60.300003,60.600002,60.600002,59.9,61.9,60.9,62.300003,57.600002,56.9,3670075,-1779481,1075200,1075200,1075200,1075200,1075200,1075200,652800,1401600,691,1,4,568,1,7,917,8,22,9,0,1,60,4,12,0,0,0,767,66,63,2,0,0,172625,548,3961,181364,464,8212,274028,5412,24588,3424,0,942,21458,887,12814,0,0,0,389267,61657,80563,262,0,0,1018.6037085271317,5.7616868217054265
1658265023670,40.537003,0.7894737,0.77272725,0.7619048,0.5217391,0.95238096,0.7894737,1.0,0.5,1.0,61.300003,60.9,60.600002,60.9,61.300003,60.9,59.9,62.300003,61.300003,62.9,58.300003,57.300003,3664236,-1771241,1075200,1075200,1075200,1075200,1075200,1075200,652800,1401600,1061,7,19,1189,5,19,668,7,26,451,9,33,129,4,16,73,1,7,611,91,63,4,0,0,384424,5677,16624,374297,4130,16820,237780,6909,33907,116455,5377,35090,44427,3444,10271,23417,21,4757,377917,84134,65288,93,0,0,1031.5483658914727,6.4064496124031
1658265024718,40.605003,0.7839196,0.8518519,0.7083333,0.47826087,0.7083333,0.88,1.0,0.56,1.0,61.9,61.600002,60.9,61.300003,61.600002,61.300003,60.600002,62.9,61.600002,62.9,58.600002,57.600002,3655477,-1886292,1075200,1075200,1075200,1075200,1075200,1075200,652800,1401600,641,8,17,663,2,5,894,5,22,41,5,5,795,15,33,110,3,2,603,85,86,2,0,0,230734,5906,20427,268184,551,4384,287222,5480,27197,25542,4886,8191,220538,9207,45392,24430,4805,1959,317778,79647,97115,42,0,0,999.4889529780564,5.7242382445141065
1658265025792,40.657,0.80904526,1.0,0.7083333,0.5217391,0.75,0.7777778,1.0,0.5833333,1.0,61.9,62.300003,61.300003,61.600002,61.9,61.9,61.300003,63.600002,61.9,63.600002,58.9,57.9,3656061,-1821900,1075200,1075200,1075200,1075200,1075200,1075200,652800,1401600,394,8,20,940,3,4,1067,13,46,386,14,44,175,8,14,0,0,0,754,79,58,0,0,0,157195,6541,23195,367146,4682,3597,407890,11528,62698,150112,14356,78948,53608,10118,23941,0,0,0,342932,76266,53673,0,0,0,1031.7010683229814,6.063254658385094
1658265026856,40.721,0.82758623,1.0,0.72,0.5769231,0.8,0.84615386,1.0,0.6363636,1.0,62.9,62.600002,61.9,61.9,62.300003,62.300003,61.9,63.9,62.600002,63.9,59.300003,58.600002,3653336,-1882325,1075200,1075200,1075200,1075200,1075200,1075200,652800,1401600,378,7,7,1005,1,6,717,5,34,293,18,36,391,11,32,0,0,0,656,82,60,3,0,0,129103,11180,7723,348367,819,6314,278215,4210,46607,126346,13421,62166,142563,9286,47819,0,0,0,321896,78393,63978,81,0,0,1063.6860127388534,6.72947770700637
1658265027989,40.801003,0.9302326,0.96428573,0.9655172,0.9310345,1.0,1.0,1.0,0.5,1.0,63.600002,62.9,62.300003,62.600002,63.300003,62.9,62.300003,63.9,62.9,64.600006,59.9,59.300003,3657423,-1907350,1075200,1075200,1075200,1075200,1075200,1075200,652800,1401600,35,1,4,758,0,7,1255,11,29,293,18,34,264,11,27,49,2,6,791,74,63,2,0,0,19961,25,2597,308387,0,8548,390659,8852,22707,119846,24785,53580,96116,10874,39125,23343,3521,15666,376430,63346,65118,198,0,0,1095.3503950995405,6.622823889739663
1658265029196,40.88,0.8527919,1.0,0.8695652,0.8333333,0.72,1.0,0.75,0.625,1.0,62.600002,62.9,61.9,62.300003,62.300003,62.300003,61.9,64.600006,62.600002,64.600006,59.600002,58.9,3667155,-1895142,1075200,1075200,1075200,1075200,1075200,1075200,652800,1401600,359,3,13,529,1,2,537,9,22,10,0,1,11,0,3,247,4,18,850,98,100,0,0,0,122443,3595,17886,215584,3326,3230,231398,13616,28443,4964,0,4761,7165,0,6045,83783,2435,33851,371763,87785,100032,0,0,0,791.015133126935,4.739467492260062
1658265030380,40.955,0.8076923,1.0,0.7083333,0.7307692,1.0,0.7307692,0.7407407,0.5925926,1.0,63.9,63.600002,62.600002,63.300003,63.600002,63.300003,62.600002,64.9,62.9,65.3,60.300003,59.600002,3653336,-2018434,1075200,1075200,1075200,1075200,1075200,1075200,652800,1401600,401,1,6,648,1,7,523,17,40,359,14,42,0,1,0,348,3,18,1053,78,72,41,2,2,189875,583,5640,281184,692,6349,204503,28667,66712,135564,20551,85483,0,34,0,104730,2505,24811,431279,87023,76143,7028,1858,1867,1189.6458515007898,6.803260663507109
1658265031459,41.016003,0.82323235,1.0,0.73913044,0.6666667,1.0,0.7916667,0.73913044,0.625,1.0,63.9,63.600002,62.600002,63.600002,62.9,63.300003,62.600002,64.9,63.600002,65.3,60.300003,59.300003,3651584,-1823121,1075200,1075200,1075200,1075200,1075200,1075200,652800,1401600,21,0,0,826,1,2,812,4,27,8,1,1,381,10,33,469,16,32,599,94,75,0,0,0,9372,0,0,332323,763,2428,286613,2843,23451,5436,1937,1074,134241,7203,40285,176902,14718,44982,281497,79033,87687,0,0,0,1146.0985054263565,6.799627906976744
1658265032535,41.091003,0.8137255,0.7083333,0.7692308,0.65384614,0.88461536,0.92,1.0,0.5416667,1.0,64.3,64.3,63.300003,63.9,64.3,63.300003,62.9,65.600006,63.600002,65.3,60.9,59.9,3647692,-1899720,1075200,1075200,1075200,1075200,1075200,1075200,652800,1401600,234,4,14,946,5,9,887,14,38,4,0,2,306,9,14,233,15,32,685,86,73,0,0,0,91432,4357,12865,349587,6183,13363,362393,12669,50431,1660,0,1220,89295,3209,28229,96800,19338,50337,325064,71482,66235,0,0,0,1138.8100372670808,6.046658385093167
1658265033620,41.174004,0.7745098,0.8,0.7037037,0.56,0.875,0.6923077,1.0,0.5769231,1.0,64.600006,64.3,63.600002,64.3,64.3,64.3,63.300003,65.600006,63.9,66.3,60.9,59.9,3662873,-1915284,1075200,1075200,1075200,1075200,1075200,1075200,652800,1401600,292,5,7,913,1,6,989,8,41,38,2,9,327,19,28,180,7,28,710,93,80,0,0,0,91798,5147,3483,355582,846,8598,363959,6139,54865,22362,1424,11440,127973,21487,58014,77948,5141,42192,329352,72985,84359,0,0,0,1043.1885217391305,6.174509316770186
1658265034703,41.238003,0.9678715,1.0,1.0,1.0,1.0,0.96875,1.0,0.7419355,1.0,64.600006,64.3,63.300003,63.9,63.9,63.9,63.300003,65.9,64.3,66.3,61.300003,60.600002,3657618,-1852113,1075200,1075200,1075200,1075200,1075200,1075200,652800,1401600,354,5,15,939,0,6,949,20,26,74,4,12,380,23,45,0,0,0,635,96,75,1,0,1,130529,2174,25308,355023,0,4681,353291,24063,28895,32343,3056,18156,147462,20986,77078,0,0,0,299431,99432,78098,21,0,432,1084.4324390243903,5.137073170731708
1658265035958,41.34,0.879397,0.72,0.84615386,0.88461536,1.0,1.0,0.84,0.6666667,1.0,65.3,65.600006,64.600006,65.3,65.3,65.3,64.3,66.3,65.3,66.9,62.600002,61.600002,3617717,-2365419,1075200,1075200,1075200,1075200,1075200,1075200,652800,1401600,2,0,0,110,0,1,185,0,5,23,1,2,238,4,7,1,0,0,496,35,63,0,0,0,1815,0,0,39477,0,726,41214,0,5452,9811,1051,2154,56471,5555,4633,73,0,0,214379,38307,64790,0,0,0,1032.916192248062,6.0739472868217055
1658265037117,41.397003,0.42857143,1.0,0.25,0.12,0.8,0.16,0.041666668,0.0,1.0,65.600006,65.9,64.9,65.600006,65.600006,65.3,64.600006,66.9,65.3,67.3,62.300003,61.600002,3644967,-1988526,1075200,1075200,1075200,1075200,1075200,1075200,652800,1401600,829,1,10,740,6,8,625,6,15,2,0,0,0,0,0,227,6,15,1037,94,64,1,1,1,196796,1666,9485,306395,7627,13389,183963,5265,18684,648,0,0,0,0,0,60665,3239,15479,454238,84148,63446,10,2621,536,13.340948837209302,0.11051162790697674
1658265038227,41.487003,0.565,0.24,0.68,0.2173913,0.92,0.24,1.0,0.115384616,1.0,61.300003,61.300003,60.9,61.9,61.9,62.300003,61.300003,64.3,61.9,64.3,58.9,58.600002,3756299,-885315,1075200,1075200,1075200,1075200,1075200,1075200,652800,1401600,172,0,0,744,11,30,295,37,83,221,22,53,172,32,67,107,11,31,284,102,95,0,0,0,233336,0,0,549117,34981,192094,193033,63821,471074,159567,43620,306585,138129,71423,381179,73140,14476,251193,198136,269864,352193,0,0,0,-1.0,-1.0
1658265039298,41.548,0.745,0.88461536,0.7916667,0.7307692,0.8,0.65217394,0.6666667,0.5,1.0,59.600002,59.300003,59.300003,59.9,59.9,60.300003,59.300003,62.600002,59.9,62.600002,57.600002,57.300003,3767977,-467834,1075200,1075200,1075200,1075200,1075200,1075200,652800,1401600,169,18,42,320,22,58,358,45,129,96,18,53,108,11,25,22,4,5,66,68,111,0,0,0,345063,60516,493403,361557,47277,386051,246216,85603,523575,109404,47917,423547,81415,24931,136328,15213,7415,14290,76516,174570,690649,0,0,0,-1.0,-1.0
1658265040340,41.585003,0.66486484,0.95238096,0.45454547,0.90909094,0.6,0.64,0.5833333,0.2173913,1.0,59.600002,59.300003,59.300003,59.300003,59.600002,59.600002,58.9,61.9,59.300003,62.300003,56.9,56.600002,3771091,-1165161,1075200,1075200,1075200,1075200,1075200,1075200,652800,1401600,128,5,9,361,8,19,221,23,52,153,37,60,327,14,39,141,9,15,122,46,114,2,0,3,188138,11409,156378,288521,26504,89340,316716,43871,277555,147249,99249,318125,344221,21863,372378,165688,18917,41829,75641,105270,682142,52,0,1454,-1.0,-1.0
1658265041349,41.615,0.8965517,1.0,0.96153843,0.92,0.9166667,0.875,0.962963,0.45833334,1.0,59.9,59.9,58.9,59.300003,59.600002,59.9,59.300003,61.300003,60.300003,61.600002,56.9,56.600002,3692069,-1514893,1075200,1075200,1075200,1075200,1075200,1075200,652800,1401600,72,0,0,373,40,78,158,3,3,178,42,72,109,22,30,176,25,83,283,29,56,3,0,3,33866,0,0,269863,108793,366740,57647,2908,2767,134966,94662,503498,51237,68283,591163,149740,37903,516420,134233,37211,729046,748,0,1503,596.3501424148606,4.961510835913312
1658265042550,41.627003,0.94570136,0.9310345,0.93333334,0.96428573,0.96428573,0.96428573,1.0,0.7037037,1.0,61.600002,61.300003,60.9,61.600002,61.600002,61.300003,60.300003,62.600002,60.9,62.9,58.300003,57.9,3654698,-1984559,1075200,1075200,1075200,1075200,1075200,1075200,652800,1401600,5,0,0,579,0,1,419,10,18,539,7,27,196,2,2,246,10,22,1030,73,99,1,0,1,5,0,0,191525,0,1362,201494,15924,39560,195785,8009,42772,54857,3748,2503,98149,12057,39387,413113,76782,115008,30,0,534,1684.5447418856259,8.307882534775889
1658265043728,41.661003,0.92890996,1.0,0.96153843,0.96153843,1.0,1.0,1.0,0.5185185,1.0,63.600002,63.600002,62.9,63.300003,63.300003,63.300003,61.9,64.600006,63.300003,64.600006,60.300003,59.600002,3649249,-1991273,1075200,1075200,1075200,1075200,1075200,1075200,652800,1401600,31,0,0,354,1,2,159,2,5,121,0,4,13,1,3,27,1,4,702,64,97,1,0,1,14833,0,0,95808,382,937,77785,1367,17035,35749,0,7184,4975,346,1646,16101,748,7316,331135,67483,98945,10,0,14,1531.2382318392579,6.094788253477589
1658265044799,41.687,0.9478673,1.0,1.0,1.0,1.0,0.96428573,1.0,0.6296296,1.0,64.600006,64.600006,63.300003,64.3,64.3,63.9,62.600002,65.600006,63.300003,65.600006,60.9,60.300003,3651000,-2025758,1075200,1075200,1075200,1075200,1075200,1075200,652800,1401600,55,0,1,77,0,1,289,1,6,37,1,2,72,0,2,29,0,1,627,62,67,0,0,0,15344,0,1532,25528,0,700,85211,899,12034,9539,30,890,12014,0,762,8690,0,273,276583,72374,71752,0,0,0,1513.3752569659443,7.47947987616099
1658265045968,41.755,0.89047617,1.0,0.96153843,0.9285714,1.0,0.9285714,1.0,0.28,1.0,65.3,65.3,64.600006,64.9,64.9,64.600006,63.300003,66.600006,64.600006,66.600006,61.9,60.9,3654698,-1919862,1075200,1075200,1075200,1075200,1075200,1075200,652800,1401600,0,0,1,130,0,1,6,2,0,0,0,0,116,1,4,50,1,0,633,83,58,0,0,0,0,0,0,31904,0,1833,4225,1618,0,0,0,0,21895,382,4125,11485,28,0,322775,87983,81074,0,0,0,1499.5194542635659,7.690517829457364
1658265047093,41.804,0.9099099,1.0,0.9285714,0.96428573,1.0,0.962963,1.0,0.4074074,1.0,65.9,65.9,65.3,65.600006,65.600006,65.3,64.3,66.600006,64.9,66.9,62.600002,61.600002,3650416,-2058106,1075200,1075200,1075200,1075200,1075200,1075200,652800,1401600,15,0,0,160,2,2,148,0,2,10,0,0,35,2,7,8,0,1,664,94,78,0,0,0,3688,0,0,59586,1599,2042,60762,0,1907,4312,0,0,16349,2531,9090,1423,0,2339,357273,92716,108925,0,0,0,1576.8524582043342,7.911331269349845
1658265048220,41.868004,0.94941634,0.969697,1.0,0.969697,1.0,1.0,1.0,0.61290324,1.0,66.600006,66.3,65.9,65.9,66.3,66.3,65.600006,67.3,65.9,67.9,63.300003,62.300003,3644772,-2182313,1075200,1075200,1075200,1075200,1075200,1075200,652800,1401600,1,0,0,353,0,2,205,4,4,75,4,6,41,4,7,0,0,0,1200,63,122,4,0,3,11,0,0,117407,0,1090,109030,6774,7926,40953,2287,8189,15505,3723,5488,0,0,0,379943,66943,166409,944,0,3018,1598.0135802469135,7.726320987654321
1658265049405,41.921,0.9481132,1.0,0.9655172,1.0,1.0,1.0,0.9655172,0.5833333,1.0,66.9,66.9,66.3,66.3,66.3,66.600006,65.3,67.9,65.9,68.3,63.600002,62.600002,3643020,-2045289,1075200,1075200,1075200,1075200,1075200,1075200,652800,1401600,62,0,2,227,2,1,182,1,6,0,0,0,21,1,1,0,0,0,568,131,92,0,0,0,12601,0,1186,75684,5308,2571,81826,2846,11592,0,0,0,7149,382,930,0,0,0,352963,126546,123557,0,0,0,1490.5941829457365,7.5433674418604655
1658265050641,42.008003,0.92788464,1.0,0.96153843,1.0,1.0,0.9230769,1.0,0.52,1.0,67.3,67.3,66.3,66.9,67.3,66.9,65.9,68.3,66.600006,68.600006,63.9,62.9,3651584,-2061463,1075200,1075200,1075200,1075200,1075200,1075200,652800,1401600,5,2,0,17,0,0,45,0,2,3,0,0,2,0,0,5,0,1,654,88,84,116,0,4,3471,3594,0,9460,0,0,23916,0,1303,2234,0,0,343,0,0,1720,0,1407,340430,87449,114888,12272,0,1420,1548.645804651163,7.309841860465116
1658265051815,42.049004,0.94009215,1.0,1.0,0.9655172,1.0,1.0,0.9655172,0.5555556,1.0,67.600006,67.600006,66.9,67.3,67.600006,67.600006,66.600006,68.600006,67.3,69.3,64.3,63.300003,3637960,-2076112,1075200,1075200,1075200,1075200,1075200,1075200,652800,1401600,76,0,2,60,0,0,27,0,4,1,0,0,52,4,3,0,0,0,507,89,63,0,0,0,20472,0,730,30070,0,0,13975,0,7171,26,0,0,17136,3814,1813,0,0,0,263260,89451,73486,0,0,0,1536.861988023952,7.251353293413174
1658265052990,42.098003,0.8866995,1.0,0.88,0.88,1.0,1.0,1.0,0.34615386,1.0,68.3,68.3,67.3,67.9,68.3,67.9,66.9,69.3,67.9,71.3,64.600006,63.9,3627839,-2164003,1075200,1075200,1075200,1075200,1075200,1075200,652800,1401600,71,0,2,96,0,0,122,1,4,4,0,0,1,0,0,9,0,2,761,63,77,6,0,0,19677,0,1038,26119,0,0,54798,850,5479,708,0,0,17,0,0,7121,0,1906,310838,69442,107698,443,0,0,1488.7743503875968,6.1701953488372085
1658265054128,42.178,0.94930875,0.962963,0.96428573,0.96428573,1.0,1.0,1.0,0.7037037,0.9259259,68.3,68.3,67.3,68.3,67.9,67.9,66.600006,69.600006,67.3,69.600006,64.9,63.9,3636208,-2116395,1075200,1075200,1075200,1075200,1075200,1075200,652800,1401600,22,0,1,250,1,1,245,1,3,101,0,2,13,0,1,0,1,0,572,83,113,63,0,9,9557,0,240,94860,229,599,83608,5071,2794,30099,0,745,5243,0,6052,0,1032,0,303013,97685,164929,12248,0,6528,1519.7525705426356,7.701209302325581
1658265055317,42.253002,0.91071427,1.0,0.9655172,0.93333334,0.9310345,0.93333334,1.0,0.44,1.0,68.9,68.9,67.9,68.3,68.600006,68.600006,67.9,69.9,68.9,71.3,65.3,64.600006,3647886,-2070619,1075200,1075200,1075200,1075200,1075200,1075200,652800,1401600,102,1,1,112,0,0,130,1,1,84,0,0,27,1,1,0,0,0,476,90,74,316,7,18,21582,527,592,47771,0,0,48994,1382,3262,25192,0,0,5030,28,542,0,0,0,237577,99559,115426,42544,2767,11515,1597.9582812982999,7.211969088098918
1658265056536,42.317,0.9589041,1.0,0.9655172,0.9655172,0.9655172,1.0,1.0,0.72,1.0,69.3,69.600006,68.600006,68.9,68.9,68.9,67.600006,69.9,68.600006,70.600006,65.600006,64.600006,3634845,-2092286,1075200,1075200,1075200,1075200,1075200,1075200,652800,1401600,46,0,2,96,0,0,199,1,2,144,1,0,18,0,3,0,0,0,805,70,90,0,0,0,15089,0,775,40972,0,0,97372,550,1408,42784,414,0,7205,0,3616,0,0,0,366653,69835,103897,0,0,0,1581.4097364341085,7.8723472868217055
1658265057682,42.385002,0.9036697,1.0,0.89285713,0.8965517,1.0,1.0,1.0,0.44444445,1.0,69.9,69.600006,68.9,69.3,69.3,69.600006,68.9,70.9,69.9,71.3,66.3,64.9,3643604,-1937562,1075200,1075200,1075200,1075200,1075200,1075200,652800,1401600,18,0,1,134,0,2,147,1,2,198,2,6,0,0,0,0,0,0,644,47,83,45,3,21,6568,0,382,44709,0,2832,66164,254,2145,62752,4085,9995,0,0,0,0,0,0,245660,56117,150431,7917,2154,19026,1736.113040247678,8.58164705882353
1658265058838,42.449,0.9099526,1.0,0.9230769,0.96153843,1.0,1.0,1.0,0.37931034,1.0,69.9,69.600006,68.9,69.600006,69.600006,69.3,67.9,70.9,69.3,71.3,65.9,64.9,3627449,-2125550,1075200,1075200,1075200,1075200,1075200,1075200,652800,1401600,23,0,0,237,1,1,313,3,3,7,0,1,44,0,4,19,0,2,923,62,109,0,0,0,8793,0,0,67586,2594,287,124354,5440,1690,2517,0,2024,10497,0,7039,9706,0,1482,382378,67194,120926,0,0,0,1617.7019222395022,7.676466562986003
1658265059945,42.513,0.92890996,1.0,1.0,0.96153843,1.0,1.0,1.0,0.46153846,1.0,70.3,70.600006,69.3,69.9,69.600006,69.9,68.9,71.3,69.9,71.9,66.3,65.600006,3634067,-2146607,1075200,1075200,1075200,1075200,1075200,1075200,652800,1401600,0,0,0,161,0,1,99,1,3,91,0,2,7,1,3,7,3,1,759,73,126,43,1,16,0,0,0,67830,0,716,40507,671,3141,28696,0,1674,3720,539,8713,2394,5182,3554,320915,80640,158633,12783,1462,16521,1666.6911901840492,8.29477300613497
1658265061103,42.577003,0.8857143,0.96153843,0.7777778,1.0,0.9230769,1.0,1.0,0.375,1.0,70.9,70.9,69.9,70.3,70.3,70.3,69.3,71.9,69.600006,73.9,66.600006,65.600006,3636013,-2096864,1075200,1075200,1075200,1075200,1075200,1075200,652800,1401600,0,0,0,24,0,0,86,0,1,33,1,2,4,0,2,0,0,0,571,96,71,10,0,5,0,0,0,13361,0,0,39659,0,987,14620,810,2265,377,0,1235,0,0,0,293831,99097,85690,2757,0,4535,1062.1423875968992,4.639268217054264
1658265062194,42.649002,0.8235294,0.8695652,0.8333333,0.88,0.8636364,0.9166667,1.0,0.22727273,1.0,69.600006,69.600006,68.9,69.3,69.600006,69.600006,68.3,70.600006,68.9,71.3,65.3,64.600006,3680974,-1363221,1075200,1075200,1075200,1075200,1075200,1075200,652800,1401600,56,0,0,512,0,1,3,0,0,131,0,3,23,0,0,1,0,0,796,53,21,0,0,0,10194,0,0,95343,0,1283,1420,0,0,24066,0,3637,1385,0,0,9,0,0,314433,73253,47790,0,0,0,5.907692307692308E-4,5.907692307692308E-4
1658265063247,42.709003,0.7616279,0.75,0.8,0.7619048,0.9047619,0.73913044,0.9583333,0.05263158,1.0,66.9,67.3,66.3,67.600006,67.600006,67.600006,67.600006,69.3,67.9,69.600006,63.9,63.300003,3732748,-692749,1075200,1075200,1075200,1075200,1075200,1075200,652800,1401600,460,0,0,611,0,0,444,8,10,214,3,6,152,0,4,101,0,1,822,59,19,10,0,0,215499,0,0,315966,0,0,357470,7709,17637,148147,4942,7934,108478,0,11804,63367,0,1926,576299,82888,41193,301,0,0,-1.0,-1.0
