1658252489690,32.551003,0.38586956,0.47619048,0.23809524,0.13043478,0.26086956,0.13636364,0.45454547,0.2173913,1.0,42.9,42.9,42.600002,43.600002,43.600002,43.600002,42.9,43.300003,43.9,44.9,39.600002,39.600002,4216226,-659485,1075200,1075200,1075200,1075200,1075200,1075200,652800,1401600,565488,23870,76001,554226,30701,93527,242890,23576,62034,235002,25647,61517,174305,16487,61267,172779,16931,65973,249511,35738,77707,177266,26206,67245,432858646,47734800,1437066869,442219333,65555661,1394619527,209173062,51481060,1591800705,204963054,55551429,1621501250,148199107,37117658,1649784112,149079528,38449721,1631868221,143808464,89430158,1787062452,95117276,67638036,1676065877,-1.0,-1.0
1658252490749,32.583,0.3502825,0.0,0.04761905,0.0,1.0,0.18181819,0.16666667,0.2173913,1.0,41.300003,40.9,40.9,41.600002,41.300003,41.300003,40.9,42.9,41.600002,43.300003,39.300003,38.9,4247952,-416565,1075200,1075200,1075200,1075200,1075200,1075200,652800,1401600,552,4,7,441,0,0,379,35,84,319,35,76,353,53,97,173,22,59,139,60,111,33,0,1,506101,4341,17091,384418,0,0,257524,66506,365607,193533,70576,373389,269195,74606,396240,109802,38080,338354,124529,130013,580522,11831,0,420,-1.0,-1.0
1658252491781,32.611,0.425,0.055555556,0.23809524,0.35,0.7619048,0.7619048,0.1904762,0.045454547,1.0,39.9,39.600002,39.9,40.600002,39.9,40.300003,40.300003,42.600002,40.600002,42.600002,38.300003,38.300003,4246590,-314026,1075200,1075200,1075200,1075200,1075200,1075200,652800,1401600,510,15,29,386,4,41,211,44,70,3,1,1,255,48,109,170,32,60,12,12,49,0,0,0,586983,33943,352370,493870,4023,381008,227700,105689,646053,0,0,0,233991,98738,612512,167122,68142,726065,24374,39650,787944,0,0,0,-1.0,-1.0
1658252492817,32.65,0.33939394,0.05263158,0.05,0.0952381,0.23809524,0.17391305,0.9,0.2,1.0,40.600002,40.300003,39.9,40.600002,40.600002,40.600002,40.300003,42.300003,40.600002,42.600002,38.600002,38.600002,4252039,-344543,1075200,1075200,1075200,1075200,1075200,1075200,652800,1401600,690,0,12,611,2,13,191,49,73,67,15,27,104,16,45,241,50,98,46,18,63,3,0,0,675464,0,142829,595222,5039,139514,184390,114399,312198,78478,36980,83018,96232,27170,416858,193814,112295,507782,29530,51214,846541,91,0,0,-1.0,-1.0
1658252493842,32.672,0.71568626,0.7307692,0.9230769,0.6296296,0.7407407,0.6923077,0.65384614,0.3846154,0.96153843,41.300003,41.9,41.600002,42.600002,42.300003,42.300003,41.600002,42.9,42.300003,43.600002,39.600002,39.600002,4214280,-1088867,1075200,1075200,1075200,1075200,1075200,1075200,652800,1401600,1072,0,0,839,0,0,521,0,2,535,6,8,321,0,0,168,4,5,307,3,17,18,0,0,685826,0,0,734307,0,0,642407,0,45784,612356,6122,27019,580987,0,0,125254,10710,36678,688679,4530,87512,541,0,0,-1.0,-1.0
1658252495026,32.707,0.85643566,0.9285714,0.96153843,0.88,0.84,0.84615386,1.0,0.4347826,0.92,42.300003,42.600002,41.9,42.9,42.9,42.600002,42.600002,44.300003,43.300003,44.300003,39.600002,39.600002,4236858,-459900,1075200,1075200,1075200,1075200,1075200,1075200,652800,1401600,586,0,0,283,0,0,482,12,43,456,19,34,412,10,24,294,11,26,546,113,92,41,0,0,298816,0,0,169622,0,0,239811,16149,99266,223833,30379,97151,170624,8507,78027,128673,13061,75767,322065,236382,248531,10407,0,0,-1.0,-1.0
1658252496095,32.732002,0.8113208,0.75,0.7692308,0.96153843,0.9230769,0.8888889,0.8888889,0.32142857,1.0,42.300003,41.9,41.600002,42.300003,42.9,43.300003,42.600002,44.300003,42.600002,44.300003,39.9,39.9,4241918,-453186,1075200,1075200,1075200,1075200,1075200,1075200,652800,1401600,561,0,0,553,0,0,456,16,44,422,18,51,275,21,34,195,18,44,683,63,76,104,1,5,368826,0,0,383987,0,0,229176,26005,209869,230093,38263,150780,185430,52058,124865,143752,42990,182812,372070,97250,324671,25983,1039,2516,-1.0,-1.0
1658252497210,32.767002,0.41509435,0.14814815,0.12,0.3846154,0.36,0.25,1.0,0.074074075,1.0,43.300003,42.9,42.300003,43.600002,43.300003,43.600002,43.300003,43.600002,43.600002,44.9,39.9,40.300003,4225958,-641174,1075200,1075200,1075200,1075200,1075200,1075200,652800,1401600,616,0,0,748,0,0,319,5,9,426,21,46,494,21,41,201,11,28,623,71,107,91,2,8,418624,0,0,446139,0,0,149329,7885,30220,220949,29141,158208,208037,52441,155688,124886,20192,196687,344703,149309,317078,26953,808,4898,-1.0,-1.0
1658252498329,32.799,0.6123595,0.35,0.8095238,0.8695652,0.47826087,0.375,0.8095238,0.1904762,1.0,40.9,40.9,41.300003,41.300003,41.9,41.9,41.600002,43.600002,41.9,43.9,39.300003,39.300003,4259825,-277404,1075200,1075200,1075200,1075200,1075200,1075200,652800,1401600,699,10,21,760,21,35,352,33,65,352,32,60,195,28,42,123,9,20,357,81,137,17,0,2,677755,25083,108817,646005,46885,99176,241525,56273,352647,252220,69730,456738,153011,69488,261003,92815,21290,63125,223403,240668,520718,3460,0,1220,-1.0,-1.0
1658252499373,32.824,0.57560974,0.64,0.3478261,0.56,0.39285713,0.61538464,0.68,0.3846154,0.96,41.600002,41.600002,41.300003,41.9,41.9,41.600002,41.9,43.9,42.300003,43.9,39.9,39.600002,4238220,-526123,1075200,1075200,1075200,1075200,1075200,1075200,652800,1401600,806,3,4,388,0,5,314,26,61,329,24,69,343,23,58,329,23,65,417,99,105,15,0,0,607768,2177,69159,293127,0,790,214884,51765,239759,235634,50425,372980,220720,31415,311337,188471,52981,272841,251331,235639,346892,364,0,0,-1.0,-1.0
1658252500499,32.856003,0.44505495,0.04347826,0.045454547,0.23809524,1.0,0.625,0.47826087,0.04347826,1.0,42.300003,42.600002,41.9,42.9,42.9,43.300003,42.9,43.300003,43.600002,44.600002,40.300003,40.300003,4235301,-541077,1075200,1075200,1075200,1075200,1075200,1075200,652800,1401600,408,2,17,551,46,57,344,5,21,319,10,30,161,7,29,103,0,2,280,28,73,37,0,0,283391,6758,341324,370309,127552,220901,193402,4304,328769,234727,18840,511704,145483,23356,486936,90226,0,6126,228890,47026,679939,9929,0,0,-1.0,-1.0
1658252501595,32.885002,0.45581394,0.22222222,0.2962963,0.65384614,0.42857143,0.4814815,0.5,0.115384616,1.0,40.300003,40.600002,39.9,41.300003,40.600002,40.600002,40.600002,42.9,41.300003,42.9,38.9,38.9,4262550,-278320,1075200,1075200,1075200,1075200,1075200,1075200,652800,1401600,275,21,48,363,32,70,102,17,46,18,0,5,69,8,28,79,16,36,178,135,114,3,0,2,302776,49989,256408,372418,67746,305566,110965,41751,426909,29996,0,92090,73924,18589,147654,65303,33554,356870,141661,371574,479986,2281,0,12973,-1.0,-1.0
1658252502689,32.91,0.31188118,0.115384616,0.04,0.041666668,0.56,0.12,0.5,0.041666668,1.0,40.300003,40.300003,40.300003,40.600002,41.300003,40.9,40.600002,42.9,41.300003,43.300003,38.600002,38.600002,4255738,-309143,1075200,1075200,1075200,1075200,1075200,1075200,652800,1401600,427,5,19,462,14,43,221,18,39,154,16,22,156,25,46,123,20,39,248,129,120,10,0,9,512727,8230,349576,507872,44894,286836,208331,42694,416141,135642,37695,209390,171646,55865,423666,142806,37235,484451,236088,277388,391454,7742,0,13656,-1.0,-1.0
1658252503731,32.936,0.27868852,0.0,0.08,0.041666668,0.0,1.0,0.08695652,0.08695652,1.0,39.9,39.9,39.300003,39.9,40.600002,40.9,40.300003,42.600002,40.9,42.600002,38.600002,38.600002,4261577,-245666,1075200,1075200,1075200,1075200,1075200,1075200,652800,1401600,335,11,33,412,25,67,138,26,49,163,25,35,86,20,29,64,11,37,138,90,181,2,0,0,478462,26175,465049,529715,60925,362417,135924,38454,345001,80785,60582,695674,99247,43824,454477,66336,16629,575559,148170,224239,586825,58,0,0,-1.0,-1.0
1658252504796,32.974003,0.66210043,0.44444445,0.6923077,0.5,0.55172414,1.0,1.0,0.15384616,0.8888889,39.9,39.600002,39.300003,39.9,40.600002,40.300003,39.9,42.300003,40.300003,42.300003,38.600002,38.300003,4260993,-245666,1075200,1075200,1075200,1075200,1075200,1075200,652800,1401600,287,25,49,294,29,70,134,31,52,132,23,56,114,6,22,175,22,53,125,61,92,10,0,0,331404,53263,517679,330763,78249,486758,124874,63794,707677,118115,67278,730037,77769,5892,401799,146140,36209,183076,89540,112551,692486,678,0,0,0.0024709480122324158,0.002348623853211009
1658252505971,33.006,0.65,0.7826087,0.72727275,0.71428573,0.59090906,0.5652174,0.73913044,0.09090909,1.0,41.300003,41.300003,40.9,41.600002,41.9,41.600002,41.300003,42.600002,41.9,42.9,39.300003,39.300003,4229462,-643616,1075200,1075200,1075200,1075200,1075200,1075200,652800,1401600,536,7,20,511,7,43,273,22,52,380,44,74,25,0,3,38,0,13,479,58,78,19,5,8,468399,9423,277223,439155,6067,255055,183146,35722,396705,259616,71593,446194,14231,0,5783,28191,0,360383,286631,121733,592034,13397,12924,13493,86.9123527559055,1.5192692913385828
1658252507051,33.022003,0.38118812,0.46153846,0.6923077,0.3846154,0.08,0.0,0.2,0.12,1.0,42.600002,42.600002,41.600002,42.300003,42.600002,42.300003,41.9,43.9,42.300003,43.9,40.9,40.600002,4154526,-1289978,1075200,1075200,1075200,1075200,1075200,1075200,652800,1401600,751,16,17,739,29,39,356,47,90,387,57,65,295,23,64,102,9,19,116,59,141,1,1,1,534464,24061,34558,483301,54196,71266,297283,103500,322886,347957,102629,237946,232735,35665,383655,79181,23821,53858,137228,144403,606967,25,3177,411,516.0875048859934,0.42819543973941365
1658252508077,33.057003,0.37714285,0.22727273,0.13636364,0.5217391,0.17391305,0.13636364,0.6363636,0.22727273,1.0,43.600002,42.9,42.600002,43.300003,43.300003,43.300003,42.600002,44.9,43.300003,44.9,41.9,41.300003,4171460,-1312561,1075200,1075200,1075200,1075200,1075200,1075200,652800,1401600,530,54,92,590,53,81,248,49,90,360,79,106,125,19,74,102,18,54,572,138,108,1,0,1,494488,97197,160832,468750,84443,153610,255580,118035,365911,393715,169161,262256,161118,31203,624986,133911,42362,208694,455345,189200,179638,21,0,412,309.7754658187599,0.2572718600953895
1658252509102,33.101,0.39130434,0.22727273,0.5833333,0.2173913,0.28,0.17391305,0.48,0.28,1.0,43.600002,43.600002,42.9,43.300003,43.9,43.9,43.600002,45.600002,44.300003,45.9,42.300003,41.600002,4153942,-1355896,1075200,1075200,1075200,1075200,1075200,1075200,652800,1401600,649,42,73,633,36,60,184,41,71,345,75,102,67,10,33,217,62,75,278,157,153,0,0,2,586500,59037,147964,545280,57017,103951,179096,78286,303837,371101,161313,299662,67976,25596,480350,243962,128384,250933,275787,275821,327354,0,0,1012,320.6837593495935,0.24757073170731708
1658252510125,33.171,0.34319526,0.1904762,0.10526316,0.26086956,0.47619048,0.13636364,0.5,0.04761905,1.0,44.300003,44.300003,43.600002,43.9,44.300003,44.600002,43.600002,45.600002,44.300003,45.9,42.600002,41.9,4150439,-1390992,1075200,1075200,1075200,1075200,1075200,1075200,652800,1401600,845,51,53,603,42,79,248,62,93,374,75,94,132,21,54,40,20,14,167,113,126,3,0,0,660269,71525,74273,527893,46700,142966,271645,134088,272327,407966,148106,218267,139076,30387,514586,44376,50452,36635,162176,260063,471579,107,0,0,329.1112681388013,0.2526182965299684
1658252511136,33.247,0.42783505,0.2,0.2173913,0.32,0.16666667,1.0,0.24,0.20833333,1.0,44.600002,44.300003,43.600002,43.9,44.600002,44.600002,43.600002,46.600002,44.300003,46.300003,42.9,42.300003,4176520,-1178894,1075200,1075200,1075200,1075200,1075200,1075200,652800,1401600,868,32,25,848,7,10,408,54,89,429,54,57,142,35,53,154,22,24,33,48,135,0,0,3,668688,49673,49548,597845,9739,14579,335890,87680,349883,347506,83345,150858,136699,83773,460918,135651,43196,175437,47819,186634,683439,0,0,1830,333.33301806239734,0.2465944170771757
1658252512133,33.324,0.41340783,0.23809524,0.18181819,0.47826087,0.45454547,0.17391305,0.55,0.2173913,1.0,45.300003,44.9,44.300003,44.300003,44.600002,44.600002,44.300003,46.600002,44.600002,46.600002,43.300003,42.600002,4171849,-1212769,1075200,1075200,1075200,1075200,1075200,1075200,652800,1401600,696,36,38,684,37,58,340,66,83,432,82,69,96,18,29,126,23,46,31,33,130,3,0,0,563557,37225,54938,547085,42075,107253,362641,133279,334685,428276,159472,193379,113196,37006,336558,119486,51319,670074,50738,150548,735879,62,0,0,310.3534953271028,0.23521495327102804
1658252513169,33.426003,0.36868685,0.29166666,0.09090909,0.18518518,0.2962963,0.36,0.6666667,0.041666668,1.0,44.9,44.600002,44.600002,44.9,44.600002,45.300003,44.9,47.300003,44.9,46.9,43.600002,42.9,4170876,-1185303,1075200,1075200,1075200,1075200,1075200,1075200,652800,1401600,701,46,71,749,43,67,330,85,103,428,88,77,134,13,46,104,14,10,18,49,133,2,0,4,625588,77133,130576,592973,62611,134692,317651,167238,273647,442546,148239,193576,106564,24613,699275,86622,16874,256867,27868,207032,717665,2232,0,5139,308.48516770186336,0.24546583850931675
1658252514227,33.511,0.4051282,0.42307693,0.36,0.26086956,0.42307693,0.125,0.47826087,0.2,1.0,45.9,45.300003,44.600002,44.600002,44.9,44.9,44.300003,47.300003,44.9,47.300003,43.600002,42.9,4182165,-1109009,1075200,1075200,1075200,1075200,1075200,1075200,652800,1401600,840,25,30,903,43,49,342,59,104,402,84,100,163,27,58,114,19,32,38,62,134,1,0,3,686961,27628,43045,713060,56639,67307,328287,134964,326908,454527,164816,247616,164699,41872,574693,90795,44023,318081,51276,237617,680112,17,0,1712,309.19294805194806,0.23096103896103895
1658252515241,33.604,0.33139536,0.17391305,0.3,0.18181819,0.09090909,0.0952381,0.8181818,0.08695652,1.0,45.600002,45.300003,44.600002,45.300003,45.300003,45.9,44.9,47.600002,45.600002,47.600002,43.9,43.600002,4176326,-1158753,1075200,1075200,1075200,1075200,1075200,1075200,652800,1401600,660,67,77,612,41,55,321,88,105,346,90,97,125,18,46,274,68,65,77,54,140,1,0,0,599839,112491,136172,488248,56129,76144,368338,164751,275915,374547,187928,250283,127040,38845,421429,280708,112410,300725,91158,180937,669725,18,0,0,312.47955987055013,0.24932038834951456
1658252516249,33.705,0.38071066,0.30769232,0.29166666,0.16,0.375,0.24,0.4347826,0.20833333,1.0,45.9,45.600002,44.600002,45.600002,45.600002,45.600002,45.300003,47.600002,45.300003,47.9,43.600002,43.300003,4171849,-1140442,1075200,1075200,1075200,1075200,1075200,1075200,652800,1401600,797,30,44,860,29,33,555,76,77,347,70,98,172,33,62,68,10,21,133,39,153,2,0,0,717524,32086,63358,682364,28765,49061,530703,90910,138975,387614,140827,279151,183461,82354,527604,51499,14686,186050,96200,103306,693922,35,0,0,310.17214332247556,0.22900325732899024
1658252517254,33.791,0.36410257,0.5652174,0.2173913,0.08695652,0.16,0.15384616,0.53846157,0.125,1.0,45.9,45.9,45.600002,45.600002,45.600002,45.300003,45.300003,47.9,45.600002,47.600002,44.300003,43.9,4176326,-1094666,1075200,1075200,1075200,1075200,1075200,1075200,652800,1401600,670,43,69,763,58,76,396,91,99,361,70,81,82,16,42,135,25,39,106,60,141,0,0,1,636071,54868,115017,624630,79188,122762,403985,166738,235978,386011,140945,209829,82671,39093,680493,148692,40751,218532,125470,174848,599924,0,0,407,313.70638550247116,0.2453509060955519
1658252518304,33.883003,0.33,0.24,0.16666667,0.11111111,0.17391305,0.7916667,0.0,0.08,1.0,46.300003,46.300003,45.600002,45.600002,45.600002,45.300003,45.300003,48.300003,45.300003,47.9,44.300003,43.9,4173990,-1123047,1075200,1075200,1075200,1075200,1075200,1075200,652800,1401600,701,47,83,854,64,67,189,51,89,273,83,99,60,7,37,122,33,53,220,88,157,4,2,3,626106,63629,143311,688057,99152,108146,183293,111305,425851,327002,193519,340175,77098,11981,392004,108374,80343,644231,255355,169300,507674,5254,7336,1613,305.25709316770184,0.2319006211180124
1658252519339,33.979,0.3233831,0.33333334,0.52,0.30769232,0.28,0.04,0.04,0.07692308,0.96153843,46.300003,46.300003,45.600002,45.9,46.300003,46.300003,45.600002,48.300003,45.9,48.300003,44.300003,44.300003,4172628,-1129761,1075200,1075200,1075200,1075200,1075200,1075200,652800,1401600,877,34,25,858,25,38,456,68,66,302,85,98,107,19,39,112,26,53,49,52,147,0,0,2,745430,35260,35438,686517,32290,75724,388710,124755,300634,357376,167450,278657,107811,40553,418216,105590,52438,413388,66172,213166,655141,0,0,902,307.56742229199375,0.23183673469387756
1658252520365,34.071003,0.31979695,0.20833333,0.39130434,0.46153846,0.32,0.08,0.041666668,0.07692308,1.0,46.9,46.600002,45.600002,45.9,45.9,46.300003,45.300003,48.9,46.300003,48.600002,44.9,44.300003,4166204,-1143799,1075200,1075200,1075200,1075200,1075200,1075200,652800,1401600,679,41,80,553,13,27,213,39,83,534,88,82,98,27,42,160,22,50,119,61,150,3,1,2,596981,61520,143403,381200,18177,41283,226411,87972,404668,516870,165612,143219,95497,60375,635120,178023,45665,612105,153915,141579,638246,2871,2488,800,308.0387682737169,0.23161430793157076
1658252521401,34.163002,0.315,0.2173913,0.15384616,0.2,0.61538464,0.16,0.15384616,0.03846154,1.0,46.9,46.9,45.600002,45.9,45.600002,46.300003,45.600002,48.300003,46.300003,48.600002,44.9,44.300003,4172044,-1113587,1075200,1075200,1075200,1075200,1075200,1075200,652800,1401600,745,55,55,602,16,22,324,60,85,291,87,88,120,14,45,109,17,50,27,51,138,0,1,0,662490,63397,91533,462130,27036,35488,300484,113510,307276,370843,194710,210754,129816,33700,662552,135650,43128,620499,37753,174245,743187,0,280,0,309.40750310559,0.22673291925465835
1658252522428,34.252003,0.31343284,0.16,0.125,0.08,0.08,0.07692308,1.0,0.0,1.0,47.600002,46.600002,45.9,46.300003,46.300003,46.600002,45.9,48.9,46.600002,48.600002,45.300003,44.9,4168540,-1132508,1075200,1075200,1075200,1075200,1075200,1075200,652800,1401600,714,22,49,821,32,47,348,63,72,508,72,68,109,32,58,184,17,52,21,57,139,6,0,8,654417,28456,94030,649879,27763,88630,316987,137724,305541,449089,127869,167089,96749,76179,584199,170445,25455,360939,27991,227013,689639,3057,0,12459,311.7372216748769,0.2411297208538588
1658252523434,34.354,0.31073445,0.0952381,0.36363637,0.3043478,0.3478261,0.125,0.27272728,0.0,1.0,47.300003,46.600002,45.9,46.600002,46.600002,47.300003,46.300003,48.9,46.9,48.9,45.600002,44.9,4176326,-1089173,1075200,1075200,1075200,1075200,1075200,1075200,652800,1401600,821,44,54,733,27,35,305,50,93,257,62,72,102,21,49,102,27,38,22,47,120,2,0,1,659120,57440,95341,576596,30962,66973,360183,86230,346632,287246,138779,262154,160742,53095,597006,106386,50593,387111,32304,184074,704794,67,0,797,312.89073684210524,0.23810526315789474
1658252524482,34.443,0.43386245,0.29166666,0.375,0.16666667,0.26086956,0.96153843,0.4,0.0,1.0,47.9,47.600002,46.600002,46.600002,46.600002,46.600002,46.600002,49.300003,46.9,48.9,45.600002,45.300003,4169903,-1177369,1075200,1075200,1075200,1075200,1075200,1075200,652800,1401600,885,39,42,597,32,57,322,76,100,407,94,90,154,33,61,261,54,78,31,48,138,3,0,2,752950,50999,66901,525629,40407,103788,309125,156096,253765,447564,183616,233719,137700,78298,440775,253085,99712,392105,60185,192061,710580,39,0,831,307.9732105263158,0.21963157894736843
1658252525486,34.532,0.36764705,0.26923078,0.16,0.08,0.08,0.26923078,0.7777778,0.26923078,1.0,48.600002,48.300003,47.300003,47.9,47.600002,47.600002,46.9,49.9,47.600002,49.9,46.300003,45.9,4144600,-1362916,1075200,1075200,1075200,1075200,1075200,1075200,652800,1401600,619,25,46,755,42,52,337,57,102,507,65,53,99,28,38,209,27,43,176,79,117,2,1,0,563336,32889,86393,641491,69173,81968,302465,106238,373993,442955,111133,127663,90268,60061,163433,178750,53412,467088,123990,224430,557689,46,293,0,249.72183177570093,0.2027165109034268
1658252526529,34.618,0.38857144,0.0952381,0.13636364,0.04761905,0.5714286,0.13636364,1.0,0.0,1.0,47.300003,47.300003,46.300003,46.9,47.600002,48.300003,47.300003,49.300003,47.600002,49.9,45.300003,44.9,4239972,-272827,1075200,1075200,1075200,1075200,1075200,1075200,652800,1401600,754,27,42,871,22,55,371,70,121,293,58,105,188,25,61,54,13,17,149,91,129,3,0,0,777666,33525,61115,803635,31823,103712,356804,116980,422565,325115,110920,452700,183046,46821,431001,43522,32234,147462,153172,229164,473181,59,0,0,-1.0,-1.0
1658252527535,34.698,0.4972973,0.26086956,0.39130434,0.33333334,0.48,0.33333334,0.88,0.3043478,1.0,45.9,45.600002,45.300003,45.600002,46.300003,46.600002,45.9,48.600002,46.600002,48.600002,44.300003,43.9,4230824,-713806,1075200,1075200,1075200,1075200,1075200,1075200,652800,1401600,426,16,56,616,19,57,175,36,81,126,23,66,173,20,69,25,3,8,30,22,120,1,0,0,587873,26112,281858,598052,44597,284558,190736,98491,552588,127384,45475,601705,181360,29683,582471,24971,6321,44682,33192,55178,811741,25,0,0,-1.0,-1.0
1658252528537,34.771,0.35849056,0.17857143,0.115384616,0.12,0.12,0.1923077,1.0,0.08,1.0,46.600002,46.9,46.300003,46.9,46.600002,46.9,46.600002,46.9,46.9,47.600002,43.9,43.9,4231408,-511169,1075200,1075200,1075200,1075200,1075200,1075200,652800,1401600,345,29,78,248,26,70,206,13,66,114,12,74,140,8,46,61,3,8,185,23,126,21,0,7,347031,54135,419560,274676,58989,478893,150134,27503,649840,134923,29752,582334,100229,14451,636746,36944,2810,29256,89056,64494,718321,9150,0,6811,-1.0,-1.0
1658252529596,34.809002,0.40104166,0.20833333,0.13636364,0.16666667,0.29166666,0.29166666,0.88,0.20833333,1.0,46.300003,46.300003,45.600002,46.300003,46.600002,46.300003,45.9,47.9,46.9,48.300003,44.300003,43.9,4166983,-1214295,1075200,1075200,1075200,1075200,1075200,1075200,652800,1401600,233,2,23,338,16,67,222,35,50,194,8,28,113,15,56,11,0,0,208,46,143,2,0,1,298600,5404,615834,363759,19476,502612,153048,70721,674555,80471,23968,790795,100178,37192,701197,2837,0,0,145558,97836,697554,531,0,1049,290.05109421487606,1.6223603305785126
1658252530628,34.857002,0.4597701,0.36363637,0.54545456,0.54545456,0.3181818,0.85714287,0.6363636,0.0,0.45454547,47.600002,47.300003,46.300003,46.9,46.600002,46.600002,46.300003,49.300003,46.600002,48.9,45.300003,44.9,4159003,-1239930,1075200,1075200,1075200,1075200,1075200,1075200,652800,1401600,726,17,28,969,18,25,527,68,115,346,50,84,342,65,82,128,20,57,71,70,162,4,4,2,595609,23674,51031,643953,20972,38112,458068,112223,303989,283714,98734,292670,301840,131005,263244,142209,35466,409076,94317,201615,564908,81,1353,1128,493.0783171521035,0.37157281553398064
1658252531650,34.908,0.34673366,0.16,0.18518518,0.041666668,0.22222222,1.0,0.08,0.083333336,1.0,47.600002,47.600002,47.300003,47.600002,46.9,47.300003,46.600002,48.9,46.9,48.9,45.9,45.600002,4162117,-1251831,1075200,1075200,1075200,1075200,1075200,1075200,652800,1401600,642,52,84,698,44,69,419,69,70,436,73,86,201,35,75,143,21,43,89,111,159,25,16,30,567872,65913,118336,562185,45325,110669,377619,119145,170239,422326,142616,198936,236794,63433,394513,147039,46073,164538,104053,295842,537983,23093,25670,74556,469.34159477124183,0.3514248366013072
1658252532663,34.958,0.37988827,0.47619048,0.23809524,0.2173913,0.17391305,0.59090906,0.13043478,0.18181819,1.0,47.9,47.9,46.9,47.600002,48.300003,48.300003,47.300003,49.9,47.600002,49.600002,46.300003,45.600002,4158808,-1242371,1075200,1075200,1075200,1075200,1075200,1075200,652800,1401600,767,44,70,835,39,58,223,56,97,607,79,85,96,27,31,178,25,70,184,122,182,3,0,4,701411,59295,114911,671556,58365,97299,266379,110203,328610,527702,98099,135357,91692,60816,132497,189796,55739,583204,204987,243866,416518,69,0,2001,486.945045751634,0.3487058823529412
1658252533697,35.027,0.44378698,0.4090909,0.4,0.27272728,0.52380955,0.77272725,0.18181819,0.13043478,0.95652175,48.600002,47.9,47.300003,47.9,48.300003,47.9,47.300003,50.300003,47.9,50.300003,46.9,45.9,4162506,-1210022,1075200,1075200,1075200,1075200,1075200,1075200,652800,1401600,717,19,23,895,22,22,232,67,70,329,76,100,162,42,56,136,15,52,92,77,169,3,3,4,622517,23940,35043,643363,29056,34237,244041,152830,253344,307536,164601,228070,165881,83094,331149,135049,23764,660368,97715,237477,581948,4436,3729,5978,501.8263354037267,0.37401242236024845
1658252534713,35.094,0.35323384,0.23076923,0.33333334,0.115384616,0.2,0.08,0.7307692,0.16,1.0,49.300003,49.300003,47.9,48.600002,49.300003,48.9,48.300003,50.300003,48.9,50.600002,46.9,46.300003,4157251,-1358338,1075200,1075200,1075200,1075200,1075200,1075200,652800,1401600,765,38,35,701,41,68,434,84,84,131,31,33,31,6,23,104,14,52,79,122,169,0,0,1,633712,43174,44627,550107,65057,104735,415246,169540,244466,140248,56479,59984,54636,20352,603046,117437,37976,653669,98060,324674,516873,0,0,844,516.5007524752475,0.345980198019802
1658252535750,35.169003,0.37988827,0.42857143,0.22727273,0.14285715,0.5,0.22727273,0.13043478,0.2857143,1.0,49.300003,48.9,48.300003,48.600002,48.9,49.300003,48.300003,51.300003,48.9,50.9,46.9,46.600002,4153164,-1269226,1075200,1075200,1075200,1075200,1075200,1075200,652800,1401600,825,43,59,910,25,36,234,59,87,309,71,110,179,48,65,21,3,17,227,133,158,2,0,2,720609,60224,95984,673984,33436,48534,224672,137468,480099,284882,142580,262101,201076,80778,426662,25695,10954,432682,218305,274967,383021,2342,0,8901,544.1331419656785,0.397179407176287
1658252536747,35.257,0.34848484,0.13043478,0.04347826,0.18518518,0.12,1.0,0.041666668,0.17391305,1.0,49.300003,49.600002,49.300003,49.300003,48.9,49.300003,48.9,51.600002,49.300003,51.300003,47.600002,46.9,4164647,-1285401,1075200,1075200,1075200,1075200,1075200,1075200,652800,1401600,765,37,50,761,30,66,150,61,69,370,79,90,120,25,51,138,17,41,305,148,131,3,0,4,675976,46723,68952,617664,30168,111367,151572,160932,245102,362909,158907,193714,119083,62748,529141,144012,22103,397929,285928,249865,272409,42,0,0,559.7572850082372,0.3803624382207578
1658252537745,35.321003,0.37634408,0.33333334,0.29166666,0.125,0.083333336,0.6818182,0.22727273,0.27272728,1.0,49.600002,49.300003,48.600002,49.300003,49.600002,49.600002,48.600002,51.600002,49.300003,51.600002,47.600002,46.9,4165815,-1158448,1075200,1075200,1075200,1075200,1075200,1075200,652800,1401600,825,43,56,808,44,64,240,67,112,174,68,133,88,14,34,76,14,32,448,132,103,1,2,0,765335,61108,79479,747182,73096,98217,253698,174260,448970,202788,204021,470403,82050,38082,466098,78478,38169,171659,387977,202806,173003,18,656,0,615.9299284603421,0.4179409020217729
1658252538765,35.399002,0.38285714,0.33333334,0.14285715,0.0952381,0.09090909,0.2173913,0.82608694,0.21052632,1.0,50.300003,49.600002,49.300003,49.600002,50.300003,49.9,49.300003,51.9,49.9,51.600002,47.9,47.600002,4145962,-1272583,1075200,1075200,1075200,1075200,1075200,1075200,652800,1401600,623,28,41,807,42,64,214,87,120,250,79,131,84,16,35,68,12,39,432,166,98,2,0,3,531304,41084,55936,691903,64986,91103,239903,253542,390230,256987,200871,430968,95445,27885,247600,93316,31379,705366,366151,252261,159903,43,0,1251,699.326150882825,0.46274157303370783
1658252539784,35.483,0.35643566,0.20833333,0.22222222,0.2,0.07692308,0.07692308,0.9230769,0.08,1.0,50.300003,49.9,49.300003,50.300003,49.9,50.600002,49.600002,51.9,50.600002,52.300003,48.300003,47.9,4145378,-1325684,1075200,1075200,1075200,1075200,1075200,1075200,652800,1401600,845,38,63,818,42,65,296,66,126,399,75,119,80,18,41,15,4,6,476,182,83,2,0,0,750708,47511,102477,742702,63699,115573,339400,158472,444053,372500,142443,356150,88524,45502,709584,19444,7359,22342,379365,253872,152364,42,0,0,797.5923883495146,0.5020582524271845
1658252540801,35.554,0.433526,0.4090909,0.33333334,0.35,0.4,0.22727273,0.45454547,0.23809524,1.0,50.300003,50.300003,49.300003,49.9,49.9,50.300003,49.600002,52.300003,50.300003,52.300003,48.600002,48.300003,4140902,-1448670,1075200,1075200,1075200,1075200,1075200,1075200,652800,1401600,798,34,53,770,28,45,381,68,99,282,78,127,75,10,28,92,15,38,444,179,96,6,0,0,682219,50976,63490,665104,48908,66733,378185,150286,291588,270908,199431,378338,83121,16775,573218,101864,23297,356307,365041,250731,167020,602,0,0,827.5974876033058,0.5115239669421487
1658252541813,35.638,0.41860464,0.1904762,0.18181819,0.4,0.2857143,0.9047619,0.1,0.1904762,1.0,51.300003,50.9,50.300003,50.600002,50.600002,50.600002,49.9,52.600002,50.600002,52.600002,49.300003,48.300003,4152775,-1250916,1075200,1075200,1075200,1075200,1075200,1075200,652800,1401600,799,49,84,768,41,72,362,69,93,310,67,95,126,23,41,163,27,36,364,167,137,5,0,0,635432,72277,92936,638141,45697,108350,413027,121977,256124,320661,137447,281820,117659,39108,679251,165381,35800,139255,316239,249168,247536,205,0,0,799.9460512820514,0.5006666666666667
1658252542829,35.709003,0.37,0.5652174,0.32,0.33333334,0.07692308,0.041666668,0.45833334,0.11111111,1.0,51.600002,50.9,49.9,50.300003,50.600002,50.600002,50.300003,52.9,50.9,52.9,48.9,48.600002,4151217,-1314393,1075200,1075200,1075200,1075200,1075200,1075200,652800,1401600,745,19,28,773,22,34,448,67,81,310,71,117,110,17,29,124,14,35,311,117,208,6,0,0,562824,24726,32997,617859,31211,49218,425679,113228,181817,311228,167602,321838,105823,39858,593150,119854,29168,621373,260519,208318,386052,127,0,0,701.695842364532,0.43649261083743846
1658252543834,35.794003,0.42307693,0.29166666,0.4090909,0.41666666,0.4,0.45833334,0.13636364,0.29166666,1.0,51.300003,51.300003,50.300003,50.600002,50.9,51.300003,50.300003,52.9,50.9,53.300003,48.9,48.600002,4147325,-1221924,1075200,1075200,1075200,1075200,1075200,1075200,652800,1401600,712,20,31,882,39,50,294,68,92,315,82,112,156,29,49,92,19,45,257,99,209,4,0,0,552289,17831,29741,676028,53752,74876,302662,149055,220230,327144,179641,327587,185996,56579,446231,86427,44286,574390,261106,191940,410181,152,0,0,694.7160322061192,0.4287278582930757
1658252544840,35.858,0.34895834,0.33333334,0.52,0.5,0.25,0.041666668,0.041666668,0.125,1.0,51.600002,51.9,50.600002,51.600002,51.600002,51.600002,50.9,53.300003,51.600002,53.600002,49.600002,49.300003,4140707,-1419983,1075200,1075200,1075200,1075200,1075200,1075200,652800,1401600,820,49,70,611,17,19,332,79,120,197,47,91,70,10,29,161,25,40,406,121,162,1,0,0,685469,66705,80302,428263,28867,32720,339786,184166,317206,211863,109800,305607,67610,19768,630347,140858,59603,609580,357011,151376,288533,17,0,0,713.5775394321765,0.43896529968454256
1658252545846,35.936,0.39306358,0.15789473,0.25,0.3043478,0.77272725,0.18181819,0.18181819,0.2857143,1.0,51.600002,51.600002,50.600002,50.9,51.300003,51.300003,50.9,53.600002,50.9,53.300003,49.9,48.600002,4157251,-1229248,1075200,1075200,1075200,1075200,1075200,1075200,652800,1401600,872,36,42,835,32,53,352,62,90,287,85,122,111,14,31,94,23,55,308,99,213,5,0,0,681047,38937,41520,655783,45217,73840,357368,124869,170816,283874,239707,368632,96129,26411,330483,122640,39250,663207,299008,152985,381752,109,0,0,706.1257368421053,0.44542105263157894
1658252546847,36.010002,0.37430167,0.22727273,0.13043478,0.0952381,0.2173913,0.16666667,1.0,0.17391305,1.0,51.9,51.9,51.300003,51.9,51.600002,51.600002,51.300003,53.600002,52.300003,53.600002,49.9,49.300003,4125136,-1487427,1075200,1075200,1075200,1075200,1075200,1075200,652800,1401600,940,42,59,612,13,20,247,76,107,221,50,86,175,32,85,76,9,34,367,93,197,2,0,0,733329,53597,64968,457867,14752,34985,250971,209017,361052,206548,138714,318472,160385,70992,635864,72592,11435,547669,330366,140018,320511,47,0,0,624.7278431372549,0.3724967320261438
1658252547867,36.081,0.31683168,0.125,0.16666667,0.7916667,0.24,0.07692308,0.04,0.037037037,1.0,51.9,51.600002,51.600002,51.600002,51.9,51.9,50.9,53.600002,51.600002,53.9,49.600002,48.9,4151412,-1278077,1075200,1075200,1075200,1075200,1075200,1075200,652800,1401600,960,51,65,780,35,61,194,57,93,275,65,122,101,18,27,86,8,20,341,106,147,2,0,0,729877,70441,82669,719996,45424,101742,210190,132210,229331,272093,177732,484070,94454,34767,453639,46451,20113,575566,284344,244848,319041,46,0,0,620.8395914332784,0.3872158154859967
1658252548872,36.162003,0.40828404,0.3809524,0.2631579,0.18181819,0.5714286,0.5,0.14285715,0.2,1.0,52.300003,51.9,51.600002,51.9,51.300003,51.300003,50.9,53.9,51.300003,53.9,49.600002,49.300003,4131754,-1456910,1075200,1075200,1075200,1075200,1075200,1075200,652800,1401600,959,48,57,1001,36,32,382,68,82,255,61,87,149,19,58,171,37,51,48,96,167,3,0,0,750858,58049,74645,735490,46274,34241,356679,104612,130240,217413,149178,298054,149882,25470,668769,175138,83313,202807,64241,259807,583235,62,0,0,616.2112,0.3857454545454545
1658252549890,36.243,0.31794873,0.04347826,0.08,0.041666668,1.0,0.04347826,0.12,0.16,1.0,51.9,51.9,50.9,51.300003,52.300003,51.9,50.9,53.9,51.600002,53.600002,49.9,49.600002,4155110,-1184082,1075200,1075200,1075200,1075200,1075200,1075200,652800,1401600,992,42,50,919,24,19,229,69,115,224,61,88,78,18,34,83,8,31,154,81,178,3,0,0,712192,58779,58272,678787,22711,23566,231220,190699,263587,181594,175769,412457,86723,25954,567555,85317,6287,265029,141393,214839,556885,59,0,0,0.012364820846905537,0.006110749185667752
1658252550896,36.308002,0.40206185,0.0,0.04,0.04,1.0,0.083333336,1.0,0.04,1.0,49.600002,49.600002,49.300003,49.9,49.600002,49.9,49.300003,52.300003,49.9,52.600002,47.9,47.600002,4239193,-291748,1075200,1075200,1075200,1075200,1075200,1075200,652800,1401600,450,6,16,728,31,32,216,49,90,10,4,4,231,38,91,151,18,71,39,10,97,0,0,0,694388,9327,166149,735487,73031,73528,249420,89282,542074,8429,4815,1097,261021,65693,519005,150013,35033,609896,39069,37553,724460,0,0,0,-1.0,-1.0
1658252551914,36.378002,0.42,0.2173913,0.34615386,0.2,0.24,0.96153843,0.18181819,0.12,1.0,48.9,48.600002,48.300003,49.300003,49.300003,49.300003,48.9,51.300003,49.300003,51.600002,47.300003,46.9,4198904,-653992,1075200,1075200,1075200,1075200,1075200,1075200,652800,1401600,255,50,94,390,81,100,156,19,71,11,2,6,85,2,55,89,12,52,7,24,101,0,0,0,291990,107362,461284,429000,167380,328583,140326,49932,701067,14651,4267,61293,78406,5203,685644,86485,26922,471664,9001,109026,866260,0,0,0,-1.0,-1.0
1658252552932,36.429,0.5625,0.8636364,0.4090909,0.47826087,0.3809524,0.61904764,0.5,0.27272728,1.0,48.600002,48.600002,47.9,48.600002,48.9,48.9,48.300003,51.300003,48.9,51.300003,46.9,46.600002,4225374,-441894,1075200,1075200,1075200,1075200,1075200,1075200,652800,1401600,434,28,63,427,26,56,214,21,71,151,12,34,233,13,47,257,30,58,104,19,112,29,1,0,476626,54913,146862,471328,39721,225321,197788,55709,564183,101271,31850,291411,130362,24648,333723,193351,52170,377997,65928,57696,748230,2794,355,0,7.453416149068323E-4,0.001391304347826087
1658252553939,36.449,0.4108911,0.17391305,0.17391305,0.32,0.25925925,0.23076923,0.96,0.07692308,1.0,49.300003,48.9,48.9,48.9,49.600002,49.300003,49.300003,51.300003,49.300003,51.600002,47.600002,46.9,4178856,-1026917,1075200,1075200,1075200,1075200,1075200,1075200,652800,1401600,329,24,77,652,3,49,215,32,51,290,24,49,112,13,25,116,12,14,113,18,78,11,0,0,310728,44618,301050,394110,4752,443035,193706,56765,539491,175446,36429,598461,57091,38664,510134,79228,13689,51011,102071,36903,709702,909,0,0,412.95021528861156,1.988443057722309
1658252554982,36.47,0.4909091,0.35,0.2631579,0.45454547,0.36363637,0.71428573,0.45,0.33333334,1.0,49.600002,49.600002,49.300003,49.300003,49.600002,49.9,49.300003,51.600002,49.9,51.9,48.300003,47.9,4155499,-1340943,1075200,1075200,1075200,1075200,1075200,1075200,652800,1401600,599,39,37,1059,32,55,469,52,63,401,52,65,137,25,70,140,37,52,238,55,156,1,0,0,598963,56743,57880,708043,42565,86915,507626,103975,170563,381677,105475,177148,132178,55577,462459,140572,77129,211294,122814,147898,623998,23,0,0,1531.351873015873,1.0604698412698412
1658252555996,36.507,0.37438422,0.15384616,0.18518518,0.29166666,0.083333336,1.0,0.04,0.22222222,1.0,51.300003,50.9,50.300003,50.600002,50.9,50.600002,50.300003,52.600002,50.9,52.9,49.300003,48.9,4146546,-1329346,1075200,1075200,1075200,1075200,1075200,1075200,652800,1401600,943,21,34,986,16,28,507,32,33,464,54,79,141,17,54,143,19,44,256,69,204,0,0,0,744559,28103,39672,638909,20220,30076,474409,54585,46042,433417,88166,181236,142709,32549,409230,136156,32453,224784,246722,138833,430373,0,0,0,929.2178093699515,0.6290403877221324
1658252557013,36.534,0.44162437,0.24,0.20833333,0.4347826,0.375,0.20833333,0.65384614,0.4,1.0,51.300003,51.300003,50.600002,51.300003,50.9,50.9,50.600002,53.300003,51.300003,53.300003,49.9,49.300003,4148882,-1306763,1075200,1075200,1075200,1075200,1075200,1075200,652800,1401600,947,51,56,919,36,58,583,57,67,559,63,98,193,18,30,151,21,38,392,78,159,0,0,0,780687,81361,65110,695192,50454,86531,550370,104799,115577,496313,105492,201258,156245,29490,127764,136577,33083,360153,355331,129140,287366,0,0,0,927.913728,0.6096895999999999
1658252558031,36.605003,0.55617976,0.35,0.2857143,0.45833334,0.39130434,1.0,0.5652174,0.4090909,1.0,51.9,51.600002,50.9,51.300003,51.9,51.300003,50.9,53.600002,51.600002,53.600002,50.300003,49.300003,4146935,-1265564,1075200,1075200,1075200,1075200,1075200,1075200,652800,1401600,946,40,66,934,44,66,618,33,37,386,79,106,79,23,44,57,9,16,400,153,108,0,0,0,799562,56681,77755,723839,64757,98841,553145,45478,52886,425272,155826,248952,96583,62902,650374,58074,20339,43172,345324,238197,226912,0,0,0,928.3178700475436,0.6955309033280508
1658252559058,36.652,0.39772728,0.2,0.2173913,0.25,0.3181818,0.85714287,0.09090909,0.0952381,1.0,52.300003,52.300003,51.300003,52.300003,51.600002,51.600002,51.300003,53.9,51.9,53.9,50.300003,49.600002,4149855,-1242676,1075200,1075200,1075200,1075200,1075200,1075200,652800,1401600,832,48,74,1006,33,50,447,64,94,441,63,101,14,1,4,73,15,43,587,149,61,0,0,0,700412,63029,96534,711839,42656,60313,471878,127743,183564,418953,129733,201820,10262,7494,9645,87744,37406,609980,447163,203982,114555,0,0,0,930.6939678456591,0.6821864951768488
1658252560061,36.716003,0.45355192,0.14285715,0.375,0.54545456,0.39130434,0.52380955,0.17391305,0.4347826,1.0,52.300003,52.300003,51.300003,51.9,52.300003,51.9,51.300003,54.300003,51.9,54.300003,50.600002,49.9,4136620,-1370850,1075200,1075200,1075200,1075200,1075200,1075200,652800,1401600,877,31,45,844,34,48,480,51,71,494,72,99,72,12,31,93,18,37,393,129,108,0,0,0,693340,44791,51684,681293,40524,67339,481024,92314,120932,482865,137349,174468,89561,23725,348906,79124,26601,360935,315585,236916,208687,0,0,0,928.6648427876823,0.6730891410048623
1658252561059,36.77,0.46857142,0.27272728,0.2857143,0.33333334,0.27272728,0.26086956,1.0,0.375,1.0,52.9,52.600002,51.9,52.300003,52.300003,52.600002,51.9,54.600002,52.600002,54.300003,50.9,50.300003,4139928,-1336060,1075200,1075200,1075200,1075200,1075200,1075200,652800,1401600,944,38,58,859,32,41,398,36,66,427,70,83,203,30,60,121,12,43,405,129,113,0,0,0,735924,38361,51356,637343,49911,51030,418919,62014,123787,421551,110637,140871,176579,66195,447419,101448,20447,424874,335858,230164,239504,0,0,0,930.6037368421053,0.6883157894736843
1658252562101,36.831,0.47058824,0.3181818,0.2173913,0.3181818,0.2857143,1.0,0.16666667,0.22727273,1.0,52.9,52.600002,51.9,52.300003,52.300003,52.600002,51.600002,54.600002,52.600002,54.600002,50.9,50.300003,4135646,-1378479,1075200,1075200,1075200,1075200,1075200,1075200,652800,1401600,951,36,52,1162,21,43,502,51,81,558,84,108,70,22,36,17,5,7,349,146,137,0,0,0,787476,46728,55719,771043,20534,37873,537209,100930,158390,522391,169519,201413,71760,64136,578176,18539,7722,9164,342171,274371,264126,0,0,0,925.431403726708,0.6362732919254658
1658252563152,36.902,0.4030612,0.16666667,0.16666667,0.25,0.125,0.48,0.68,0.27272728,1.0,53.300003,52.9,52.600002,52.600002,52.600002,52.600002,51.600002,54.9,52.600002,54.9,51.300003,50.600002,4134673,-1340027,1075200,1075200,1075200,1075200,1075200,1075200,652800,1401600,865,31,55,908,35,56,529,46,62,480,65,101,32,6,16,134,22,37,377,133,138,0,0,0,718110,44390,78292,715517,53052,82780,527417,95400,115874,460606,117832,200727,59907,11576,315676,133569,50239,348762,325516,257680,256318,0,0,0,930.3484031007752,0.6539906976744185
1658252564191,36.963,0.41111112,0.25,0.17391305,0.27272728,0.0952381,0.16666667,1.0,0.39130434,1.0,52.9,52.9,52.300003,52.600002,53.300003,52.600002,52.300003,55.300003,52.9,54.9,51.300003,50.600002,4143821,-1304017,1075200,1075200,1075200,1075200,1075200,1075200,652800,1401600,891,48,62,1036,38,68,494,65,78,428,70,114,112,12,43,73,5,17,475,125,96,0,0,0,767960,59926,64852,734204,65076,86825,530670,124419,173208,491770,126899,274611,103008,25431,214885,41350,14472,386830,388046,210326,178657,0,0,0,926.6666500777604,0.6954898911353034
1658252565209,37.041,0.4093567,0.18181819,0.2173913,0.3478261,0.0952381,1.0,0.14285715,0.35,1.0,53.600002,53.300003,52.300003,52.600002,53.300003,53.300003,52.600002,55.600002,52.9,55.300003,51.300003,50.600002,4138177,-1331788,1075200,1075200,1075200,1075200,1075200,1075200,652800,1401600,880,45,62,870,38,68,415,60,93,397,70,135,83,11,25,66,8,29,588,136,46,0,0,0,780152,65785,90868,737676,61792,103597,486875,114139,176178,439462,139339,314055,78571,29822,372118,74806,9303,235505,411617,185015,60013,0,0,0,931.1652043681747,0.6535288611544462
1658252566241,37.105003,0.42439026,0.20833333,0.31034482,0.29166666,0.28,0.84615386,0.08695652,0.24,1.0,53.300003,53.300003,52.600002,52.9,53.300003,53.300003,52.600002,55.300003,53.300003,55.300003,51.600002,50.9,4132143,-1333008,1075200,1075200,1075200,1075200,1075200,1075200,652800,1401600,819,52,71,833,49,75,464,66,78,392,93,131,43,8,17,115,24,49,519,131,76,0,0,0,764787,81235,83793,698349,77176,109248,512595,125345,151022,432219,194712,271071,41162,14607,207166,126162,68031,353537,413610,181294,112201,0,0,0,930.6796357723578,0.6598373983739838
1658252567251,37.173,0.41666666,0.30769232,0.26923078,0.27272728,0.26086956,0.16666667,0.8,0.25,1.0,53.9,53.300003,52.9,52.9,53.600002,53.300003,52.600002,55.600002,53.300003,55.9,51.600002,51.300003,4138955,-1293335,1075200,1075200,1075200,1075200,1075200,1075200,652800,1401600,868,39,58,912,31,43,562,45,59,380,53,105,52,11,23,257,48,50,347,111,156,0,0,0,738743,43618,74687,674562,38971,72128,534880,72862,99955,386024,127014,204112,40000,25179,365991,226726,97117,273196,328369,177573,311000,0,0,0,929.7965789473685,0.627421052631579
1658252568257,37.244003,0.3970588,0.23076923,0.16,0.2962963,0.1923077,0.92,0.08,0.32,1.0,53.9,53.600002,52.9,52.9,53.300003,53.300003,52.600002,55.9,53.300003,55.600002,51.9,50.9,4132532,-1319275,1075200,1075200,1075200,1075200,1075200,1075200,652800,1401600,914,48,58,1009,34,60,592,49,68,457,71,119,55,10,22,103,14,34,392,100,144,0,0,0,740760,70732,69978,713789,39375,76146,607105,74369,134848,486022,107640,231249,39120,25525,168217,75935,29610,461839,378665,161757,269663,0,0,0,933.3013834115806,0.6406009389671361
1658252569311,37.318,0.38586956,0.20833333,0.20833333,0.26086956,0.13043478,0.083333336,1.0,0.22727273,1.0,53.9,53.9,52.9,53.600002,53.9,53.9,53.300003,55.9,53.9,55.9,51.9,51.300003,4146935,-1275025,1075200,1075200,1075200,1075200,1075200,1075200,652800,1401600,964,41,66,972,35,50,521,51,78,519,79,120,132,44,43,44,10,29,484,108,120,0,0,0,797269,58085,84525,771478,45034,65579,534056,89692,141189,491001,148567,228500,157335,125642,209121,47653,28425,316514,404704,151778,224006,0,0,0,931.6765845648605,0.6472512315270935
1658252570327,37.375,0.3883495,0.18518518,0.15384616,0.23076923,0.2,0.6923077,0.46153846,0.18518518,1.0,53.9,53.9,52.9,53.300003,53.600002,53.9,52.9,55.9,53.9,55.9,51.9,51.300003,4145378,-1260987,1075200,1075200,1075200,1075200,1075200,1075200,652800,1401600,828,44,66,883,32,64,417,48,82,355,89,133,116,14,47,93,11,32,530,98,93,0,0,0,747502,65371,75934,716759,35385,85714,490373,89365,157647,399514,195816,321315,116333,23082,632623,90457,12787,124366,400853,147784,138291,0,0,0,930.3978533541342,0.6106957878315132
1658252571356,37.456,0.38308457,0.24,0.5416667,0.3478261,0.34615386,0.28,0.16,0.07692308,1.0,54.300003,54.300003,53.300003,53.600002,53.9,53.9,53.300003,55.9,53.600002,55.9,51.9,51.600002,4143432,-1281128,1075200,1075200,1075200,1075200,1075200,1075200,652800,1401600,853,34,58,921,46,64,483,45,67,497,92,104,52,12,24,189,33,55,419,108,141,0,0,0,720377,44268,69182,711211,67698,78308,497752,79653,137583,506486,157766,210185,66364,27781,349047,108745,79002,452097,344099,173324,251356,0,0,0,930.6296645962733,0.6052670807453416
1658252572398,37.527,0.38423645,0.125,0.16,0.24,0.36,0.115384616,1.0,0.07692308,1.0,54.300003,54.300003,53.300003,53.300003,53.600002,53.9,52.9,56.300003,53.600002,56.300003,52.300003,51.9,4131948,-1390381,1075200,1075200,1075200,1075200,1075200,1075200,652800,1401600,1013,51,60,862,46,68,493,55,89,742,58,54,132,18,44,49,12,29,112,120,166,0,0,0,821054,61492,77194,670196,66937,94015,524870,101112,167355,628174,75934,72613,118020,33591,376311,63757,26531,397870,119913,327095,485832,0,0,0,933.5741806853583,0.5786417445482865
1658252573466,37.592003,0.57788944,0.8333333,0.45833334,0.48,0.5,0.29166666,0.65217394,0.33333334,1.0,54.300003,54.300003,53.600002,53.9,53.9,53.9,53.300003,56.300003,53.600002,56.300003,52.300003,51.9,4139734,-1286622,1075200,1075200,1075200,1075200,1075200,1075200,652800,1401600,921,46,81,1018,46,69,606,38,56,572,71,98,145,34,60,20,6,14,84,122,167,0,0,0,778158,65343,97420,779046,47816,112839,547969,61931,95356,521999,111155,169034,177153,77539,326889,27865,18685,199080,118984,328078,463930,0,0,0,666.4575181518152,0.4440528052805281
1658252574489,37.656002,0.31111112,0.08695652,0.125,0.08695652,1.0,0.09090909,0.13043478,0.09090909,1.0,54.300003,53.9,53.300003,53.9,53.9,54.300003,53.600002,56.300003,54.300003,56.300003,51.600002,51.300003,4222844,-350036,1075200,1075200,1075200,1075200,1075200,1075200,652800,1401600,576,18,26,828,14,16,347,45,43,413,54,67,243,36,82,170,12,23,381,75,125,0,0,0,505334,27330,28498,621898,23538,43912,312480,73989,214379,344312,74930,145439,222023,66623,339388,114172,19440,56866,314162,158145,271953,0,0,0,-1.0,-1.0
1658252575503,37.713,0.28333333,0.04761905,0.04347826,0.045454547,0.09090909,0.09090909,0.9130435,0.08,1.0,51.9,51.9,51.600002,52.300003,51.9,51.9,51.600002,54.9,52.600002,54.600002,50.300003,49.9,4223428,-669250,1075200,1075200,1075200,1075200,1075200,1075200,652800,1401600,168,10,26,418,40,47,143,15,69,6,0,6,173,27,86,127,29,67,71,79,174,0,0,0,470762,20339,503981,517021,108269,329485,139564,26579,793993,10609,0,63484,166375,57035,645701,146943,79526,613261,91781,238482,566292,0,0,0,-1.0,-1.0
1658252576549,37.774002,0.28502417,0.07692308,0.0,0.0,0.0,1.0,0.07692308,0.0,1.0,50.9,50.9,50.300003,51.300003,50.9,50.9,50.600002,53.600002,51.300003,53.600002,49.300003,48.9,4231992,-249023,1075200,1075200,1075200,1075200,1075200,1075200,652800,1401600,299,75,131,265,43,106,163,26,84,151,5,73,163,17,55,42,1,10,46,53,99,0,0,0,394796,145683,377035,249062,82263,518377,152440,59267,714924,132202,4481,698624,137789,30603,633350,50713,1779,85872,43488,149001,778069,0,0,0,-1.0,-1.0
1658252577564,37.794003,0.39444444,0.18181819,0.36363637,0.5,0.65217394,0.13636364,0.17391305,0.13043478,1.0,49.9,50.300003,49.600002,50.300003,50.9,50.600002,50.300003,52.9,50.9,52.9,48.600002,48.600002,4233160,-272827,1075200,1075200,1075200,1075200,1075200,1075200,652800,1401600,322,26,65,235,18,57,270,53,83,165,25,55,116,5,16,221,29,75,134,41,39,10,0,0,442456,55110,331714,294172,40549,422309,214493,119289,508858,84944,70212,670004,67131,7177,48048,190774,47911,489791,77182,66642,571069,247,0,0,25.67942105263158,0.5128289473684211
1658252578600,37.818,0.42696628,0.5,0.22727273,0.3181818,0.0,0.17391305,1.0,0.17391305,1.0,52.300003,51.9,51.300003,51.300003,51.600002,51.600002,50.9,53.600002,51.9,53.9,49.9,49.600002,4142264,-1297608,1075200,1075200,1075200,1075200,1075200,1075200,652800,1401600,567,21,41,892,15,32,312,48,69,268,29,62,267,30,51,498,27,51,261,47,134,11,0,0,391965,37465,129395,488988,30996,122846,272553,79405,193217,198664,43773,262577,200597,56472,107422,243600,53967,307689,191051,102113,725084,277,0,0,783.7015584415585,0.5755324675324676
1658252579643,37.845,0.43,0.3043478,0.44,0.42307693,0.44444445,0.5185185,0.32,0.08,1.0,53.600002,52.9,51.9,52.9,52.600002,52.300003,51.9,54.600002,52.600002,54.600002,50.9,50.300003,4145184,-1364747,1075200,1075200,1075200,1075200,1075200,1075200,652800,1401600,863,25,30,1027,36,60,501,72,85,202,36,82,156,18,73,95,18,30,206,83,218,4,0,1,621101,29375,30451,704626,43623,80987,488231,117739,175824,215417,75656,484875,140661,30740,682538,89862,32927,131307,259309,183237,482767,1194,0,2974,1535.0563966942148,1.041295867768595
1658252580680,37.882,0.4021739,0.25,0.32,0.22727273,0.2,0.2,1.0,0.18181819,1.0,53.9,53.600002,52.600002,53.9,53.300003,52.9,52.300003,55.600002,52.9,55.300003,51.9,50.600002,4134284,-1327515,1075200,1075200,1075200,1075200,1075200,1075200,652800,1401600,1100,30,37,1037,17,28,562,73,77,253,38,69,111,23,36,186,22,73,272,83,222,6,0,0,758100,37125,33280,617858,16279,28220,532084,127936,137271,234307,54182,261283,92903,56872,207724,167202,50372,608317,299990,161102,396988,142,0,0,1111.7123981337481,0.6806096423017107
1658252581687,37.926003,0.38916257,0.41666666,0.5,0.5,0.07692308,0.04,0.52,0.115384616,1.0,54.300003,54.600002,53.600002,53.9,54.600002,54.600002,53.9,56.300003,54.600002,56.300003,52.300003,51.9,4127861,-1532288,1075200,1075200,1075200,1075200,1075200,1075200,652800,1401600,1074,19,29,1027,23,17,432,86,108,294,32,64,277,44,86,42,8,16,189,93,169,10,0,1,790440,22064,24838,676031,25796,18477,443606,155300,151343,260773,49744,302570,271175,80143,452627,38912,26797,207088,264289,207263,346431,1321,0,3085,1131.324765163297,0.7213685847589425
1658252582717,37.957,0.41791046,0.18181819,0.34615386,0.27272728,0.15384616,0.14285715,0.96,0.2,1.0,55.300003,54.600002,53.9,53.9,53.9,53.600002,52.9,56.300003,53.600002,55.9,52.600002,51.9,4145378,-1349793,1075200,1075200,1075200,1075200,1075200,1075200,652800,1401600,817,49,63,859,45,78,317,82,100,350,48,76,98,17,38,53,6,20,221,145,185,4,0,0,664777,51392,66606,641471,60330,107811,369499,167893,178415,332922,82352,340412,80802,57437,715998,58592,10110,314929,267853,323297,368781,103,0,0,1150.5865510835913,0.6951826625386996
1658252583769,38.031002,0.45544556,0.32,0.24,0.375,0.33333334,0.875,0.22222222,0.2962963,1.0,55.300003,54.9,53.9,54.300003,54.600002,54.9,53.9,56.9,54.600002,56.9,52.9,52.300003,4132922,-1416321,1075200,1075200,1075200,1075200,1075200,1075200,652800,1401600,960,22,32,989,27,41,497,74,109,108,22,46,118,17,48,63,6,17,352,161,132,4,0,0,703680,24981,27508,729151,33678,45558,421543,115550,169401,118378,44375,388029,133177,29104,512240,44926,6039,261697,314814,279780,234294,101,0,0,1181.8160904684976,0.7399289176090469
1658252584770,38.082,0.39800996,0.16666667,0.4347826,0.44444445,1.0,0.0,0.07692308,0.08,1.0,55.600002,55.9,54.9,54.9,55.300003,54.9,54.600002,57.300003,54.9,57.600002,53.600002,52.9,4127082,-1432801,1075200,1075200,1075200,1075200,1075200,1075200,652800,1401600,1028,18,22,1046,18,31,560,59,68,196,26,44,166,29,51,310,47,93,182,127,172,8,0,0,719875,26318,21419,714399,26059,37612,505989,85903,90195,181356,38056,173033,133785,82583,352001,316341,73576,449746,187593,257802,366143,177,0,0,1189.3996768982229,0.7217835218093699
1658252585771,38.136,0.43529412,0.3,0.23809524,0.2631579,0.41666666,0.8181818,0.18181819,0.27272728,0.95454544,55.600002,55.600002,54.9,55.300003,54.600002,54.9,53.9,57.600002,54.600002,56.9,53.600002,52.9,4133700,-1355286,1075200,1075200,1075200,1075200,1075200,1075200,652800,1401600,919,40,76,863,42,58,419,83,82,155,33,66,61,9,22,113,11,48,161,119,210,1,0,0,710224,42691,71358,628710,52713,73808,435619,153191,146657,152607,73670,270230,71746,19802,326063,107854,25172,718873,229370,288198,433219,25,0,0,1210.5480462809917,0.726796694214876
1658252586804,38.193,0.40462428,0.4,0.2,0.0952381,0.045454547,1.0,0.36363637,0.09090909,1.0,55.9,55.9,55.300003,55.600002,56.300003,55.9,54.9,57.9,55.600002,57.9,54.300003,53.300003,4115210,-1453553,1075200,1075200,1075200,1075200,1075200,1075200,652800,1401600,1053,13,17,1062,16,28,569,84,112,402,88,82,116,25,41,127,29,57,268,92,187,9,0,0,758883,16594,15736,780539,17416,35125,489471,130220,177713,386228,147449,230492,105064,47929,157680,128036,73747,445335,265477,185174,342887,239,0,0,1252.5254658385093,0.7402732919254658
1658252587838,38.264,0.41489363,0.35,0.2173913,0.3809524,0.39130434,0.125,0.64,0.08695652,1.0,56.600002,56.300003,54.9,55.300003,55.9,55.600002,54.9,57.9,55.600002,57.9,54.300003,53.300003,4141486,-1375733,1075200,1075200,1075200,1075200,1075200,1075200,652800,1401600,974,33,49,919,52,86,568,59,85,119,19,38,7,5,13,51,5,31,168,124,222,3,0,0,669398,32925,47733,680177,66844,112762,531886,85385,132746,101493,49418,591645,8586,17859,347105,56425,9076,731391,224097,265260,478444,66,0,0,1255.375775351014,0.8520686427457098
1658252588855,38.332,0.47953215,0.3809524,0.31578946,0.59090906,0.6,0.15,0.36363637,0.3181818,1.0,56.600002,56.300003,55.300003,55.600002,55.600002,56.300003,55.300003,57.9,55.600002,58.300003,54.300003,53.600002,4138955,-1487427,1075200,1075200,1075200,1075200,1075200,1075200,652800,1401600,836,17,23,1030,42,54,449,94,113,146,31,62,76,2,22,66,17,42,231,95,212,4,0,0,583729,13361,21144,757972,58590,66225,455115,171779,171384,165704,73317,596356,58395,956,430089,88371,40122,295932,291550,207676,386568,105,0,0,1265.1605264847512,0.766561797752809
1658252589861,38.389,0.40555555,0.26086956,0.3181818,0.4347826,0.04761905,0.09090909,1.0,0.13043478,1.0,57.600002,57.300003,55.9,56.300003,56.300003,56.300003,55.9,58.600002,55.9,58.600002,54.9,53.9,4126888,-1396790,1075200,1075200,1075200,1075200,1075200,1075200,652800,1401600,905,12,11,967,13,16,475,63,88,304,49,84,151,42,81,125,16,34,192,93,185,9,0,0,638375,10997,15275,662200,21317,18812,428572,118208,150908,263146,89226,355063,171263,91777,530534,108486,31114,120983,240836,192141,366958,198,0,0,1256.7982111801243,0.7814658385093168
1658252590869,38.453003,0.37790698,0.15,0.18181819,0.35,0.04761905,1.0,0.0952381,0.13636364,1.0,56.600002,56.600002,55.600002,55.9,56.600002,56.600002,55.9,58.600002,55.9,58.600002,54.9,54.300003,4119686,-1545411,1075200,1075200,1075200,1075200,1075200,1075200,652800,1401600,894,64,92,911,36,56,445,87,103,177,54,122,107,9,34,0,0,0,250,137,185,2,0,0,728416,82545,97529,622119,45141,60129,469151,162845,155153,224638,156388,572782,53079,18664,777283,0,0,0,271803,288714,375429,47,0,0,1235.2279127725856,0.7555389408099689
1658252591868,38.511,0.3539326,0.45454547,0.2857143,0.3181818,0.5416667,0.045454547,0.0,0.09090909,1.0,57.600002,57.300003,56.600002,56.9,57.300003,56.600002,55.9,58.9,56.600002,58.9,54.9,53.9,4126693,-1462708,1075200,1075200,1075200,1075200,1075200,1075200,652800,1401600,972,38,63,959,44,61,668,46,67,289,67,86,39,2,8,140,21,51,201,130,191,12,0,2,725463,44957,61529,680018,63503,85325,518390,63318,73205,306858,98965,428359,18341,10802,36670,112984,58465,601616,250940,266009,352747,2361,0,1564,1259.3906153846153,0.728
1658252592874,38.568,0.4375,0.3181818,0.36363637,0.29166666,0.25,0.7826087,0.1904762,0.3478261,1.0,57.600002,57.600002,56.9,57.300003,56.600002,56.300003,55.9,58.9,56.600002,59.300003,55.300003,54.600002,4114431,-1524354,1075200,1075200,1075200,1075200,1075200,1075200,652800,1401600,1039,16,16,968,37,45,446,62,85,90,26,50,96,10,36,98,20,35,315,85,204,4,0,2,687929,18199,12064,659339,48758,55343,407116,84249,107162,83316,54438,532081,82128,29977,618426,116318,31996,509803,314738,183704,349550,70,0,377,1204.2754628751975,0.7038988941548182
1658252593889,38.636,0.3505747,0.36842105,0.18181819,0.9047619,0.0,0.04761905,0.13636364,0.0952381,1.0,57.9,57.600002,56.9,57.600002,57.300003,56.9,56.600002,59.600002,56.9,59.600002,55.300003,54.600002,4126499,-1516724,1075200,1075200,1075200,1075200,1075200,1075200,652800,1401600,1057,21,40,917,19,33,464,97,122,208,38,73,64,7,21,164,25,69,424,91,132,4,0,0,766517,27267,34771,681902,27380,37042,442924,159533,174146,193651,71687,532742,52453,9048,98381,172447,50602,622736,354642,121763,226214,109,0,0,1211.566956521739,0.7493167701863355
1658252594919,38.690002,0.46116504,0.42307693,0.4,0.52,0.28,0.44444445,0.33333334,0.33333334,1.0,57.600002,57.600002,56.600002,57.300003,56.9,57.300003,56.600002,59.300003,57.300003,59.600002,55.600002,54.9,4121827,-1495972,1075200,1075200,1075200,1075200,1075200,1075200,652800,1401600,915,40,47,910,53,86,413,82,86,195,13,43,67,15,34,33,3,9,211,110,228,4,0,0,619555,37287,43794,698838,68495,99444,392997,141194,120773,135911,23698,804951,84140,36356,750353,13539,9632,178480,276010,236796,431480,117,0,0,1221.7924752475246,0.7571749174917491
1658252595922,38.754,0.36263737,0.23809524,0.25,0.13043478,1.0,0.045454547,0.0,0.09090909,1.0,58.300003,57.9,56.9,57.300003,57.9,57.600002,56.600002,59.600002,57.600002,59.9,55.9,54.9,4131170,-1423035,1075200,1075200,1075200,1075200,1075200,1075200,652800,1401600,1067,19,30,995,16,32,480,81,110,406,55,76,201,35,63,80,6,32,265,98,193,6,1,1,733850,23080,27823,711474,15717,39284,450708,122145,143010,384828,77892,253711,188990,56316,338880,74691,14919,347623,290719,166215,365459,2070,349,1093,1237.5718260869564,0.7512546583850931
1658252596935,38.801003,0.54901963,0.375,0.4814815,0.5,0.4,0.4814815,0.92,0.24,0.9583333,58.300003,57.600002,57.300003,57.600002,57.9,57.300003,56.9,59.600002,57.9,59.600002,55.600002,55.300003,4123774,-1506348,1075200,1075200,1075200,1075200,1075200,1075200,652800,1401600,898,37,50,871,22,36,463,76,79,126,22,33,75,10,37,113,14,44,230,105,215,4,1,3,633469,36320,44280,557287,22197,37108,430418,143322,112428,132523,39681,268611,61148,17118,761968,97572,33167,764048,308433,204229,406261,125,348,1402,1178.295714728682,0.7049426356589147
1658252597982,38.872,0.3448276,0.13043478,0.04761905,1.0,0.09090909,0.0952381,0.09090909,0.3043478,1.0,58.300003,58.9,57.600002,57.600002,57.9,58.300003,57.600002,60.300003,58.300003,60.300003,56.300003,55.600002,4115988,-1632996,1075200,1075200,1075200,1075200,1075200,1075200,652800,1401600,922,12,17,925,25,29,443,96,91,271,48,74,145,19,37,116,9,24,302,123,187,5,3,8,581058,17768,14603,604863,34478,31242,419281,170887,129105,254289,99458,484019,147189,39563,384714,75633,19453,365723,272829,225913,360666,6895,5029,6269,142.77061412151068,0.08254844006568146
1658252598994,38.93,0.5959596,0.47826087,0.5217391,0.84615386,0.5714286,0.52,0.52,0.2173913,1.0,55.9,55.9,55.9,55.9,55.9,56.300003,55.9,58.600002,56.300003,58.9,53.9,53.9,4180997,-680237,1075200,1075200,1075200,1075200,1075200,1075200,652800,1401600,595,6,13,610,7,11,123,11,20,412,57,111,183,44,80,286,42,88,42,51,121,0,0,0,814899,14395,36690,736296,14858,60029,94733,21181,48547,342541,115599,419559,192958,95978,475709,299830,90180,393692,44747,174245,539287,0,0,0,-1.0,-1.0
