1658260991914,35.446003,0.28143713,0.14285715,0.15789473,0.1904762,1.0,0.22727273,0.22727273,0.0952381,0.23809524,46.9,46.9,46.600002,46.9,47.300003,47.600002,47.600002,47.600002,47.9,49.300003,44.300003,44.600002,3912203,-574646,1075200,1075200,1075200,1075200,1075200,1075200,652800,1401600,1570960,41326,130812,1679708,50244,158779,848964,81271,186787,776817,75219,183999,612414,54781,160085,578728,53559,157552,679060,107613,210882,450421,40087,137458,1411455373,84811147,1596341047,1454649897,102899338,1532858691,655219726,174550900,2294333959,592842038,162528419,2322683844,467661798,120553764,2331102169,448488027,117159413,2283560883,481856650,218932700,2724002738,220503553,106343617,2308773249,-1.0,-1.0
1658260992899,35.429,0.099378884,0.0952381,0.1,0.14285715,0.05,0.1,0.1,0.14285715,0.22727273,45.300003,44.9,45.300003,45.300003,44.9,45.300003,44.9,45.300003,45.300003,45.9,43.600002,43.600002,3932056,-317077,1075200,1075200,1075200,1075200,1075200,1075200,652800,1401600,721,0,0,950,0,0,378,52,61,249,25,45,323,47,65,284,22,42,195,15,57,105,14,64,716369,0,0,692568,0,0,282893,121173,228393,179834,59100,187743,297356,116735,224612,155986,49741,200304,92487,27997,667845,55355,52044,442441,-1.0,-1.0
1658260993911,35.426003,0.13125,0.0952381,0.10526316,0.1,0.1904762,0.23809524,0.05263158,0.0,0.15789473,43.9,43.600002,43.600002,43.600002,43.600002,43.9,43.600002,43.600002,43.600002,43.9,42.9,42.600002,3946459,-187378,1075200,1075200,1075200,1075200,1075200,1075200,652800,1401600,443,16,40,651,24,48,268,36,112,269,38,76,186,29,74,165,32,81,18,10,67,101,31,98,458088,36415,263268,547686,37891,170736,240070,56545,425851,193942,85879,447627,127316,70903,520705,137007,60526,582852,40181,50825,829334,54819,69870,621472,-1.0,-1.0
1658260994901,35.412003,0.509009,0.61538464,0.55172414,0.3846154,0.3846154,0.7586207,0.60714287,0.17857143,0.53571427,44.300003,44.9,43.9,44.9,44.9,44.9,44.9,44.9,45.600002,45.9,43.600002,43.600002,3919989,-554504,1075200,1075200,1075200,1075200,1075200,1075200,652800,1401600,919,1,18,872,8,28,742,13,37,528,6,22,318,10,29,527,6,19,221,3,12,393,2,11,582603,621,211083,660766,11619,156744,530032,37984,235896,517967,9643,260106,425547,26738,256800,500638,21633,264640,553770,8708,329672,440016,653,327734,-1.0,-1.0
1658260995990,35.402,0.19895288,0.125,0.20833333,0.20833333,0.2173913,0.26086956,0.13636364,0.041666668,0.28,46.300003,46.600002,46.300003,46.9,47.600002,47.300003,46.600002,46.600002,46.9,47.9,43.600002,43.9,3907532,-702515,1075200,1075200,1075200,1075200,1075200,1075200,652800,1401600,686,0,0,1006,0,0,678,18,39,732,18,37,460,12,26,601,7,36,727,88,78,513,17,67,378722,0,0,491953,0,0,358055,22542,85433,443449,25861,70782,267649,16366,42448,304574,13419,119092,483384,161906,136669,287642,24852,94418,-1.0,-1.0
1658260997092,35.375,0.25842696,0.1904762,0.3043478,0.27272728,0.2857143,0.25,0.33333334,0.20833333,0.1904762,44.9,44.9,44.600002,44.9,44.9,44.9,44.9,44.9,45.300003,45.300003,43.600002,43.600002,3904612,-729675,1075200,1075200,1075200,1075200,1075200,1075200,652800,1401600,841,0,0,1082,0,0,534,32,77,566,46,75,423,28,61,554,21,61,313,37,121,423,55,75,735669,0,0,735743,0,0,377197,51348,244356,363110,91331,230393,251720,56563,215577,321979,29012,295829,275274,94045,540833,233448,94943,294028,0.044535947712418304,0.0550718954248366
1658260998139,35.365,0.16949153,0.15,0.17391305,0.17391305,0.13636364,0.13043478,0.28,0.04347826,0.36363637,44.9,44.9,45.300003,45.600002,45.600002,45.300003,44.9,44.9,45.300003,44.9,43.9,43.9,3913371,-561829,1075200,1075200,1075200,1075200,1075200,1075200,652800,1401600,843,0,0,1094,0,0,595,44,58,569,32,45,542,28,52,430,30,51,432,41,114,483,37,77,637281,0,0,579979,0,0,325408,87235,148295,268038,75835,148290,290764,41391,212452,236805,65754,174746,303080,99030,421814,236943,83094,264176,-1.0,-1.0
1658260999183,35.341003,0.2244898,0.20833333,0.29166666,0.26923078,0.28,0.2173913,0.25,0.083333336,0.30769232,45.600002,45.600002,45.300003,45.9,46.300003,45.9,45.9,45.600002,45.9,45.9,43.300003,43.600002,3914733,-505981,1075200,1075200,1075200,1075200,1075200,1075200,652800,1401600,806,0,2,1034,2,2,453,36,69,538,27,63,585,40,61,401,30,61,529,19,71,325,24,72,681358,0,20777,698703,4535,13536,299458,74363,304838,325494,43918,353468,343779,77633,287230,241700,83924,283678,273547,44058,530479,192401,47598,427307,-1.0,-1.0
1658261000262,35.331,0.07537688,0.0,0.26923078,0.0,0.0,0.115384616,0.0,0.0,0.12,44.300003,44.300003,43.300003,43.9,44.300003,44.300003,43.9,43.600002,44.300003,43.9,42.9,42.9,3942761,-214843,1075200,1075200,1075200,1075200,1075200,1075200,652800,1401600,672,6,5,853,2,11,400,45,81,348,50,92,420,47,89,321,49,66,132,20,92,194,14,73,663918,23364,88160,674555,12476,66663,326449,91784,414610,285384,93393,468955,287617,88244,381499,249801,125615,349013,174163,41616,803008,142078,24825,689349,-1.0,-1.0
1658261001317,35.317,0.042105265,0.0,0.08,0.0,0.041666668,0.125,0.083333336,0.0,0.0,42.9,42.9,42.300003,42.600002,42.600002,42.600002,42.600002,42.600002,42.9,42.9,42.300003,42.300003,3942956,-232849,1075200,1075200,1075200,1075200,1075200,1075200,652800,1401600,449,22,41,537,17,62,189,29,73,177,24,66,125,9,51,285,43,121,60,12,37,141,38,44,505765,68257,349967,467557,11712,356099,96614,78131,758356,124594,45229,738069,91268,15051,642217,206621,81590,578821,49182,19894,940269,56370,80529,764453,-1.0,-1.0
1658261002358,35.301003,0.38495576,0.22222222,0.31034482,0.2857143,0.25,1.0,0.8,0.0,0.14285715,42.600002,42.600002,42.300003,42.600002,42.9,42.600002,42.600002,42.300003,42.600002,42.9,41.600002,41.9,3950157,-163269,1075200,1075200,1075200,1075200,1075200,1075200,652800,1401600,531,22,26,662,23,21,336,31,66,348,18,46,312,13,47,333,27,58,213,11,65,321,6,52,569860,54116,159607,581027,57453,109582,251789,78444,427096,230540,37606,528098,227734,27328,392097,233083,75037,395128,194701,22822,362014,121876,17638,579760,0.1166015503875969,0.05482170542635659
1658261003493,35.284,0.30612245,0.16666667,0.36,0.12,0.17391305,0.6666667,0.7916667,0.0,0.12,43.600002,43.9,43.300003,43.9,43.9,44.300003,44.300003,44.600002,44.300003,45.9,42.9,42.600002,3921351,-499878,1075200,1075200,1075200,1075200,1075200,1075200,652800,1401600,566,25,56,693,47,67,417,38,74,317,52,99,98,2,25,164,21,30,415,79,58,297,39,80,571782,44475,272446,575283,94987,188986,360436,80209,315995,301225,113716,460385,96657,15203,361440,122307,46179,231096,308222,143011,854634,183611,100546,574262,0.03542325581395349,0.0014883720930232557
1658261004571,35.274002,0.24324325,0.13636364,0.26086956,0.20833333,0.25,0.5652174,0.32,0.045454547,0.2173913,43.300003,43.300003,42.9,43.600002,43.600002,43.9,43.600002,43.600002,43.600002,43.9,42.300003,42.300003,3904223,-705261,1075200,1075200,1075200,1075200,1075200,1075200,652800,1401600,482,35,46,585,32,58,241,31,59,324,25,59,93,25,34,78,11,36,64,32,67,162,60,66,554455,97428,220691,568889,67281,234417,321427,75675,563789,347878,68744,514498,186699,51802,462825,174586,26500,463090,59627,84734,877449,123129,101148,754896,-1.0,-1.0
1658261005654,35.25,0.23267327,0.16,0.2173913,0.48,0.125,0.29166666,0.16,0.11111111,0.1923077,43.600002,43.600002,42.9,43.600002,43.9,43.9,43.600002,44.300003,43.9,45.300003,42.300003,42.300003,3899357,-777588,1075200,1075200,1075200,1075200,1075200,1075200,652800,1401600,445,8,39,570,23,51,367,43,93,202,21,69,23,6,21,134,31,62,105,19,81,176,25,83,542755,20471,370337,552281,70029,281201,248609,105864,538726,168098,37817,702389,36288,20935,579372,110455,77408,583667,71968,57489,828154,97650,51874,764929,-1.0,-1.0
1658261006775,35.246002,0.3480663,0.3809524,0.5217391,0.5652174,0.48,0.4,0.3043478,0.08,0.12,42.9,42.9,42.600002,43.300003,43.300003,43.300003,43.300003,43.300003,43.300003,43.600002,41.9,41.600002,3913955,-639038,1075200,1075200,1075200,1075200,1075200,1075200,652800,1401600,320,18,45,544,39,79,253,29,72,271,23,71,127,13,51,64,4,27,163,32,72,216,35,78,346910,52817,575474,427775,109140,416000,175957,66268,661277,160915,53106,777460,65581,29813,661865,52120,6121,760378,123277,51404,938425,120321,60190,817327,23.355186991869918,0.5061463414634146
1658261007906,35.230003,0.3604061,0.33333334,0.5925926,0.44,0.3043478,0.44,0.27272728,0.16,0.24,44.600002,44.300003,43.9,43.9,43.600002,43.600002,43.300003,43.300003,43.600002,43.9,42.9,43.300003,3847389,-1424866,1075200,1075200,1075200,1075200,1075200,1075200,652800,1401600,816,36,41,985,22,34,613,31,66,746,38,79,289,22,53,327,20,49,450,121,113,388,80,129,576335,59576,105852,567528,30052,80907,352725,61152,289443,396189,55444,275219,159663,30710,180812,200816,20431,223902,337649,229663,362275,195666,184932,490566,380.1727379844961,0.41401550387596897
1658261009042,35.219,0.27586207,0.35,0.45454547,0.45454547,0.3181818,0.3043478,0.27272728,0.0,0.0,45.300003,44.9,44.300003,44.9,44.300003,44.600002,43.9,44.300003,44.300003,44.600002,43.9,43.600002,3869383,-1169129,1075200,1075200,1075200,1075200,1075200,1075200,652800,1401600,1224,26,41,1244,13,22,846,29,50,771,34,57,417,27,67,794,41,83,381,146,152,208,103,183,529874,25712,54055,528067,11524,27610,509991,29365,91811,457707,51646,130770,223408,38030,308319,387044,40655,200688,303814,236016,321102,192634,218719,525818,271.72156381260095,0.25951534733441034
1658261010052,35.223003,0.3382353,0.56,0.44,0.5,0.3846154,0.36,0.36,0.04,0.074074075,45.300003,45.300003,44.300003,44.9,44.300003,44.300003,43.600002,44.300003,44.300003,44.300003,44.300003,43.9,3870746,-1147461,1075200,1075200,1075200,1075200,1075200,1075200,652800,1401600,1002,37,75,1134,18,41,738,42,50,840,55,82,741,67,102,748,44,71,43,134,166,170,51,149,472381,46268,134790,476000,18301,60203,511076,72473,108232,443433,77448,142478,384547,87921,212123,363658,57925,201871,80032,346941,471666,102039,168775,687426,255.12608156606854,0.24227079934747145
1658261011089,35.246002,0.3952381,0.46153846,0.4814815,0.42307693,0.36,0.5,0.7037037,0.115384616,0.03846154,45.600002,45.300003,44.600002,45.300003,44.9,45.300003,44.600002,44.9,45.300003,45.300003,44.300003,43.9,3850309,-1349183,1075200,1075200,1075200,1075200,1075200,1075200,652800,1401600,1136,36,43,1537,16,23,843,33,52,771,50,72,414,39,81,690,62,76,116,64,99,128,66,147,529233,56090,82368,566487,19996,31110,496950,53099,84408,440716,57836,123111,280978,51441,263836,376714,86065,162255,95290,112562,702323,120138,135438,701350,267.9882914728682,0.26314418604651163
1658261012175,35.27,0.37967914,0.5,0.5416667,0.47619048,0.5416667,0.375,0.36363637,0.14285715,0.16,45.9,45.9,45.300003,45.600002,45.9,45.600002,44.9,45.600002,45.300003,45.600002,44.9,44.600002,3874638,-1090699,1075200,1075200,1075200,1075200,1075200,1075200,652800,1401600,1296,29,51,1100,17,37,949,48,50,985,57,84,515,28,93,604,38,56,307,124,177,277,55,168,580053,34572,80985,507776,16879,45830,551958,69885,97030,489955,72391,149788,259310,33000,345687,295735,50126,149795,265514,245417,328308,188606,112759,707648,261.4012229299363,0.24112101910828024
1658261013213,35.301003,0.49748743,0.5185185,0.625,0.5,0.56,0.5555556,0.7307692,0.32,0.20833333,46.9,46.600002,45.9,46.300003,45.9,45.9,45.600002,45.600002,45.600002,45.9,45.300003,44.9,3870940,-1235657,1075200,1075200,1075200,1075200,1075200,1075200,652800,1401600,1037,28,59,1048,14,41,787,53,50,1006,54,72,649,56,100,651,48,103,367,161,161,132,38,161,524118,37832,125974,504008,19405,57262,517098,79200,109140,475581,73214,136762,343635,88059,302652,311241,65568,372403,311872,248974,286656,100516,94335,808523,307.69741324921137,0.2841135646687697
1658261014279,35.338,0.31632653,0.45833334,0.6,0.33333334,0.39130434,0.26923078,0.24,0.13043478,0.041666668,47.300003,47.300003,46.600002,46.9,46.9,47.300003,46.600002,47.300003,46.9,47.600002,45.600002,44.9,3848752,-1394959,1075200,1075200,1075200,1075200,1075200,1075200,652800,1401600,1264,30,49,1197,18,39,889,28,51,1064,39,64,705,54,95,364,44,86,225,162,139,283,55,144,526688,40763,66436,495097,19237,51208,511466,40644,89863,456170,48403,135333,352883,89044,185985,216057,81360,318520,174408,344740,393185,125355,149965,662876,326.8919802955665,0.29782594417077174
1658261015322,35.388,0.35326087,0.41666666,0.5,0.42857143,0.56,0.3478261,0.41666666,0.08695652,0.045454547,46.9,46.9,46.600002,46.600002,45.9,45.9,45.600002,45.600002,46.300003,45.9,45.600002,45.300003,3864517,-1202393,1075200,1075200,1075200,1075200,1075200,1075200,652800,1401600,1309,18,21,952,7,24,892,38,65,887,52,83,697,67,91,682,41,85,352,170,127,132,45,165,581287,19527,32801,437587,9229,35108,535134,59205,142962,507495,59519,147607,382851,100174,293773,308731,65045,299869,250483,290558,250618,100793,127063,759643,340.62780715396576,0.2718258164852255
1658261016359,35.419003,0.30729166,0.44,0.4347826,0.5,0.3181818,0.27272728,0.3846154,0.15384616,0.04347826,46.9,46.9,46.300003,46.600002,46.300003,46.600002,45.600002,45.9,46.300003,46.300003,45.600002,45.300003,3852450,-1234131,1075200,1075200,1075200,1075200,1075200,1075200,652800,1401600,1231,28,43,1340,8,34,915,37,32,857,50,76,552,61,87,566,61,106,64,157,170,108,57,157,563424,39806,69202,541419,2144,46830,558364,45840,56338,404665,80903,167801,326833,104490,231199,337499,85334,283120,82013,396482,450004,83845,181935,736016,357.0950306946688,0.2876381260096931
1658261017385,35.459003,0.28176796,0.39130434,0.52,0.4090909,0.3181818,0.3043478,0.3043478,0.04347826,0.08695652,47.300003,46.9,46.600002,46.9,46.600002,46.600002,45.9,47.300003,46.600002,47.300003,45.600002,45.600002,3863739,-1213379,1075200,1075200,1075200,1075200,1075200,1075200,652800,1401600,1123,21,27,1347,19,31,797,41,53,1083,45,48,522,50,100,461,55,80,100,145,179,340,77,143,562101,25282,40938,561389,19086,43356,516920,60745,109287,510249,45637,84641,326673,74180,285220,271651,105398,285618,109994,329991,460892,196226,176559,563005,375.7561219903692,0.32184911717495984
1658261018394,35.49,0.2857143,0.4090909,0.5,0.35,0.2777778,0.23809524,0.3478261,0.08695652,0.125,46.9,47.300003,46.600002,46.600002,46.600002,46.600002,45.9,46.600002,46.300003,46.9,45.9,45.600002,3863155,-1141663,1075200,1075200,1075200,1075200,1075200,1075200,652800,1401600,1138,23,25,1321,18,36,791,41,51,871,53,80,527,59,92,347,44,88,48,148,184,311,174,142,601846,25832,34811,588117,21846,38976,540163,60681,77266,463949,69268,127683,325157,94944,247449,247478,69150,321431,85838,372144,500300,265603,312582,306634,391.99774426229504,0.3062032786885246
1658261019408,35.537003,0.22994652,0.5217391,0.41666666,0.2173913,0.28,0.17391305,0.09090909,0.26923078,0.0,47.600002,47.300003,47.300003,46.9,46.9,46.600002,45.9,46.600002,46.300003,46.600002,46.300003,45.9,3866853,-1075440,1075200,1075200,1075200,1075200,1075200,1075200,652800,1401600,1097,30,48,1327,21,42,878,31,46,702,60,88,586,50,87,566,63,107,66,111,165,251,162,163,558117,32519,69446,572685,21256,55687,525674,51509,88492,396708,82597,164558,355885,91149,212058,356351,92719,306629,87119,289901,548122,206744,284834,432136,354.38945214521453,0.2943102310231023
1658261020419,35.584003,0.26804122,0.29166666,0.5833333,0.375,0.20833333,0.25,0.2,0.20833333,0.08,47.600002,47.600002,46.9,46.9,46.9,46.600002,45.9,46.600002,46.600002,46.9,46.300003,45.9,3864906,-1204834,1075200,1075200,1075200,1075200,1075200,1075200,652800,1401600,1023,13,29,1392,9,27,855,41,42,898,50,86,705,54,88,818,68,81,417,98,214,120,49,155,521610,12685,36178,574087,9076,33208,558474,74510,59189,482583,75899,173335,370666,79516,271756,468583,92162,132823,326981,97613,386219,101562,144463,710768,355.7379901153213,0.2878418451400329
1658261021425,35.622,0.29353234,0.44444445,0.39130434,0.33333334,0.29166666,0.48,0.16666667,0.1923077,0.04,47.600002,47.9,46.9,47.300003,46.9,46.9,46.300003,46.9,46.600002,46.9,46.300003,45.9,3858873,-1086121,1075200,1075200,1075200,1075200,1075200,1075200,652800,1401600,1169,19,38,1209,7,22,895,42,31,855,55,93,922,50,81,448,42,99,431,103,198,117,61,159,539282,23581,66054,517601,6065,27735,569697,61187,50602,450654,81858,165594,450961,67325,169091,273382,74778,369717,320061,148954,310709,95900,170336,704061,309.78594728682174,0.23476589147286822
1658261022488,35.669003,0.21621622,0.2173913,0.45454547,0.3846154,0.22727273,0.13043478,0.13043478,0.125,0.041666668,47.9,47.9,47.300003,47.300003,47.300003,46.9,46.600002,47.300003,47.300003,47.300003,46.300003,45.9,3869967,-1116638,1075200,1075200,1075200,1075200,1075200,1075200,652800,1401600,1081,28,50,1330,23,32,1085,43,31,1045,46,79,519,39,47,445,25,71,415,117,213,156,111,193,540716,28614,81418,571444,22301,48631,598999,65806,49571,510732,58239,112841,271594,67285,200374,233633,24602,288540,320965,160741,354446,129026,268320,604730,310.7810186335404,0.26872049689440997
1658261023520,35.706,0.44270834,0.5,0.45833334,0.6,0.7916667,0.45833334,0.33333334,0.24,0.13043478,47.9,47.9,47.600002,47.300003,47.300003,47.300003,46.600002,46.9,46.9,47.600002,46.600002,46.300003,3867242,-1133728,1075200,1075200,1075200,1075200,1075200,1075200,652800,1401600,1375,31,52,1033,21,38,881,51,49,804,65,100,582,56,83,586,66,94,396,130,201,247,133,214,592433,37525,89381,484543,26412,47881,555317,67428,64575,470971,86803,148372,316224,87243,362784,357097,93608,262126,320428,169998,352403,210037,282301,472208,311.9815441860465,0.26314418604651163
1658261024560,35.747,0.24175824,0.2857143,0.5416667,0.26086956,0.27272728,0.2173913,0.13636364,0.17391305,0.041666668,48.300003,48.300003,47.600002,47.9,47.9,47.9,47.300003,47.300003,47.9,47.600002,46.9,46.600002,3865880,-1151123,1075200,1075200,1075200,1075200,1075200,1075200,652800,1401600,1123,22,45,1433,15,46,702,48,41,694,42,58,543,42,76,507,53,77,259,173,143,256,100,208,528620,22906,71214,595803,15343,51474,458144,69685,70408,387404,49128,100096,281659,67728,186647,276752,83938,265709,223725,338516,342772,213110,208195,532423,304.91958161648176,0.28216798732171156
1658261025601,35.777,0.22777778,0.2857143,0.39130434,0.2857143,0.22727273,0.2173913,0.27272728,0.045454547,0.0,47.9,47.9,47.300003,47.600002,47.600002,47.600002,47.300003,47.600002,47.600002,48.300003,46.9,46.300003,3864712,-1135254,1075200,1075200,1075200,1075200,1075200,1075200,652800,1401600,1109,22,40,1301,11,31,726,35,42,724,58,83,718,58,106,375,36,88,279,179,100,354,79,162,534023,30231,79509,563560,11405,31048,441648,52356,84316,419205,80721,200112,384561,82057,293112,239420,52941,386598,261231,287756,219426,299078,128513,527838,308.6448958990536,0.2440883280757098
1658261026618,35.821003,0.12643678,0.0,0.05,0.13043478,0.13043478,0.27272728,0.14285715,0.09090909,0.04761905,48.300003,48.300003,47.9,47.9,47.300003,47.300003,46.600002,47.300003,46.9,47.600002,47.300003,46.600002,3850698,-1245118,1075200,1075200,1075200,1075200,1075200,1075200,652800,1401600,1024,19,47,1244,13,27,1069,47,43,768,57,101,563,58,91,649,70,102,349,188,131,203,63,146,541298,15496,74444,533092,8735,38382,574482,61913,73346,411567,76766,238367,331069,96264,252098,373503,95963,204198,289689,304716,281852,123529,150808,714314,199.3154697217676,0.17624877250409168
1658261027676,35.865,0.04901961,0.0,0.08,0.03846154,0.04,0.14814815,0.07692308,0.0,0.0,47.600002,47.300003,46.600002,46.9,46.9,47.300003,46.600002,47.300003,46.9,47.300003,46.300003,45.9,3933224,-236816,1075200,1075200,1075200,1075200,1075200,1075200,652800,1401600,719,7,14,907,3,7,511,42,83,441,45,93,335,33,76,538,35,67,448,147,74,269,60,134,646941,12943,45847,656773,1518,18251,404574,67658,305577,294583,95427,381809,269194,57241,370434,320042,79989,281317,303439,231442,254157,131931,134478,580816,-1.0,-1.0
1658261028694,35.895,0.04255319,0.04347826,0.0,0.0,0.083333336,0.083333336,0.041666668,0.08,0.0,45.9,46.300003,45.300003,45.600002,45.9,45.600002,45.600002,45.9,45.9,45.9,44.9,44.600002,3928163,-389099,1075200,1075200,1075200,1075200,1075200,1075200,652800,1401600,425,17,52,550,24,48,298,67,121,221,43,85,108,22,63,189,33,71,25,52,77,53,13,107,604672,28891,306451,619178,43078,214961,247310,149761,512416,232881,108415,552502,124864,57061,634973,165833,89231,624777,36231,171434,779412,44566,45727,849345,-1.0,-1.0
1658261029693,35.916,0.04918033,0.0,0.045454547,0.04347826,0.08695652,0.0,0.08695652,0.0,0.0,45.300003,45.600002,44.9,45.300003,45.300003,45.300003,45.300003,45.600002,45.300003,46.600002,44.300003,43.9,3923103,-333557,1075200,1075200,1075200,1075200,1075200,1075200,652800,1401600,238,13,57,359,37,77,174,24,91,205,43,77,73,26,53,176,32,73,46,14,73,32,3,23,271832,35657,603257,294862,84180,511663,134108,65947,678861,174645,116915,604708,71969,85277,667610,110795,94494,672344,22421,23940,870209,10243,7584,895788,-1.0,-1.0
1658261030735,35.916,0.52,0.61904764,0.75,0.75,0.5714286,0.45,0.59090906,0.18181819,0.29166666,44.9,44.600002,44.600002,44.600002,44.600002,44.300003,44.300003,44.300003,44.600002,44.600002,43.9,43.600002,3939063,-202942,1075200,1075200,1075200,1075200,1075200,1075200,652800,1401600,237,22,60,464,36,74,165,28,71,178,25,61,156,31,85,109,10,40,65,10,36,200,39,51,364562,53413,432118,448682,66383,380043,133991,65397,683574,100674,65203,694861,106828,86640,583182,83211,18723,561227,38456,22527,919615,84850,94848,743538,126.86236842105264,1.1444605263157894
1658261031747,35.926003,0.30232558,0.4090909,0.8181818,0.36363637,0.2857143,0.27272728,0.22727273,0.14285715,0.045454547,47.600002,47.600002,46.9,46.9,46.9,46.9,46.600002,46.9,47.300003,47.600002,46.300003,45.9,3826952,-1733704,1075200,1075200,1075200,1075200,1075200,1075200,652800,1401600,1281,2,7,1402,4,10,697,30,64,906,45,49,617,39,66,574,43,82,448,58,100,517,41,132,517660,974,6905,524397,3370,12790,363987,46420,158432,405180,66748,97248,280048,46832,181954,263303,70286,223985,277839,112274,440700,309572,93959,354745,486.73219801980196,0.47023102310231024
1658261032762,35.926003,0.2764706,0.47826087,0.47619048,0.2631579,0.4347826,0.22727273,0.2857143,0.0952381,0.0,47.600002,47.600002,46.9,46.9,46.600002,46.600002,46.300003,46.600002,46.300003,46.9,45.9,45.600002,3850503,-1274109,1075200,1075200,1075200,1075200,1075200,1075200,652800,1401600,1149,22,32,1077,11,28,756,46,60,1026,48,66,743,49,87,770,56,88,602,68,193,161,73,168,519943,23555,46105,468459,10989,40269,484083,77232,120246,534148,56524,100655,349716,72900,259762,396794,69951,188343,412690,83512,284239,121487,219284,637882,643.5094696485623,0.45122044728434507
1658261033770,35.946003,0.32941177,0.6086956,0.5217391,0.45454547,0.35,0.11111111,0.25,0.33333334,0.04761905,48.300003,47.9,47.300003,47.600002,47.600002,47.300003,46.9,47.300003,47.300003,47.300003,46.600002,45.9,3847000,-1237183,1075200,1075200,1075200,1075200,1075200,1075200,652800,1401600,1121,14,33,1367,7,21,817,44,61,991,33,65,585,64,92,758,51,60,547,101,167,170,68,166,480130,14798,39707,481190,8699,27632,517769,61409,76152,466583,46769,111086,334973,101687,242577,385521,70208,142354,442254,109993,251096,109994,179117,625981,551.4485401929261,0.4220192926045016
1658261034776,35.956,0.30769232,0.3,0.72727275,0.36363637,0.33333334,0.2,0.2857143,0.27272728,0.0,48.600002,48.9,48.300003,47.9,47.9,47.9,47.600002,47.600002,47.9,47.9,47.600002,46.9,3841745,-1301270,1075200,1075200,1075200,1075200,1075200,1075200,652800,1401600,1052,6,14,1584,5,16,746,47,56,1023,44,56,603,55,80,659,44,89,417,99,113,179,67,160,456147,4858,7931,531768,3723,15877,506336,59914,87433,555857,34237,80472,337552,91625,257750,329957,49730,301124,304176,134086,185520,114056,176712,652218,565.8484437400951,0.40808874801901746
1658261035779,35.980003,0.32022473,0.47619048,0.47619048,0.48,0.4090909,0.2173913,0.3181818,0.23809524,0.083333336,48.300003,48.9,47.600002,48.300003,47.9,47.9,46.9,47.600002,47.600002,47.9,47.600002,46.9,3839020,-1333924,1075200,1075200,1075200,1075200,1075200,1075200,652800,1401600,1083,21,48,1012,13,29,1129,40,72,886,50,83,570,35,98,623,50,105,569,128,113,135,45,143,509593,22739,65377,458465,12807,37672,571667,47570,86505,460231,76544,171782,286038,43844,366643,292938,79159,315331,437253,146661,188448,74831,154439,806524,571.054099009901,0.39197359735973597
1658261036828,36.003002,0.35051546,0.53846157,0.5416667,0.4347826,0.375,0.4090909,0.375,0.083333336,0.04,49.300003,49.300003,47.9,48.600002,48.600002,47.9,47.600002,48.300003,48.300003,48.600002,47.600002,47.300003,3844470,-1246643,1075200,1075200,1075200,1075200,1075200,1075200,652800,1401600,1081,17,33,1427,1,13,855,48,71,909,41,77,233,15,29,344,27,61,591,184,49,248,76,173,474884,19787,46194,509346,263,15017,445874,81608,108876,464015,53899,117423,137664,23769,228922,184001,46863,217020,387649,210274,57825,140063,204808,596624,584.7873523809524,0.44043174603174606
1658261037870,36.024002,0.40837696,0.6086956,0.5833333,0.47826087,0.3478261,0.41666666,0.33333334,0.46153846,0.08,49.300003,49.300003,48.600002,48.600002,48.600002,48.300003,47.600002,48.300003,48.300003,48.300003,47.9,47.300003,3854591,-1189576,1075200,1075200,1075200,1075200,1075200,1075200,652800,1401600,1376,22,26,830,12,28,811,53,73,1017,58,85,459,50,84,816,64,87,369,123,151,213,76,146,563936,20319,28145,380725,9963,36341,456306,81780,114727,502323,69589,147575,267015,79664,295006,394605,104193,234640,283608,197379,274550,129897,230291,628512,587.0185967213115,0.4228196721311475
1658261038879,36.054,0.35164836,0.5217391,0.54545456,0.35,0.5,0.23809524,0.48,0.083333336,0.08,49.300003,50.300003,48.9,49.300003,49.300003,49.300003,48.300003,48.300003,48.600002,48.600002,48.300003,47.9,3841355,-1244812,1075200,1075200,1075200,1075200,1075200,1075200,652800,1401600,1119,6,12,1264,7,18,926,38,47,1076,43,63,522,51,81,815,44,84,468,82,150,183,73,151,487536,8807,18125,525826,8040,19308,472196,48509,72471,489322,53621,115005,320264,71464,189847,397097,61737,210110,388457,106155,221592,121780,226800,614984,617.0152452830188,0.43431446540880503
1658261039894,36.091003,0.3478261,0.36363637,0.72727275,0.33333334,0.3478261,0.48,0.25,0.17391305,0.08695652,49.9,49.9,49.300003,49.300003,49.300003,49.300003,48.600002,48.600002,48.600002,48.9,48.300003,47.600002,3840382,-1333924,1075200,1075200,1075200,1075200,1075200,1075200,652800,1401600,1097,17,30,1197,12,37,979,48,70,873,45,85,501,54,87,784,63,100,359,107,198,179,78,149,454234,18397,43568,487972,10375,48275,530559,53413,97001,433488,65359,163687,274384,106106,278392,372763,89944,178198,315123,173732,359911,97626,225119,671334,650.5620745542949,0.43690113452188006
1658261040896,36.122,0.32240438,0.6086956,0.5,0.36363637,0.36363637,0.23809524,0.27272728,0.23076923,0.04347826,50.300003,49.9,49.300003,49.9,49.300003,49.300003,48.9,49.600002,49.300003,50.300003,48.600002,47.9,3830066,-1400147,1075200,1075200,1075200,1075200,1075200,1075200,652800,1401600,1205,18,29,1173,4,8,1033,45,58,814,39,71,759,44,87,567,62,91,278,98,219,569,92,153,500083,21499,38233,414986,2664,9399,495043,58039,95306,439564,45575,133627,324299,75700,234896,341810,86879,199622,255018,163927,384843,369281,153102,374105,709.2720922570016,0.4639736408566722
1658261041909,36.159,0.3678161,0.54545456,0.6666667,0.47826087,0.33333334,0.18181819,0.26086956,0.45454547,0.04761905,50.600002,50.300003,49.9,49.9,49.9,49.9,48.9,49.300003,49.300003,49.9,48.9,48.600002,3827925,-1453858,1075200,1075200,1075200,1075200,1075200,1075200,652800,1401600,1149,16,29,1144,4,13,894,51,61,1059,43,69,618,61,101,675,72,94,473,64,178,222,80,184,463925,19812,40839,449389,5730,14492,453060,82471,91488,517692,58993,85625,383696,81646,203259,370731,122322,173143,393813,90306,280287,167815,218490,542673,760.5764514106583,0.5105454545454545
1658261042923,36.203003,0.3030303,0.52,0.6,0.36,0.375,0.1923077,0.13636364,0.13043478,0.10714286,50.9,50.600002,50.600002,50.600002,50.300003,50.300003,49.600002,50.300003,49.600002,50.600002,49.600002,48.9,3843107,-1353455,1075200,1075200,1075200,1075200,1075200,1075200,652800,1401600,1267,10,12,1268,3,11,641,46,48,806,52,83,701,49,69,623,56,100,548,89,157,324,91,162,521756,11205,21245,516364,1969,15098,442639,62244,68766,415547,79622,147712,376324,71866,145081,315083,85042,275901,375103,97505,222534,236457,200943,498255,839.528704,0.5118464
1658261043961,36.243,0.3989071,0.5833333,0.45454547,0.47826087,0.5217391,0.39130434,0.45454547,0.13043478,0.09090909,50.9,51.300003,50.9,50.9,50.300003,49.9,49.600002,49.600002,49.9,50.300003,49.9,49.300003,3816831,-1435242,1075200,1075200,1075200,1075200,1075200,1075200,652800,1401600,1367,16,44,1271,4,17,867,52,78,825,61,70,621,39,78,803,70,87,360,92,200,270,83,164,545743,14526,40195,448977,4755,19829,484421,68708,126639,486149,81638,90221,307907,53022,335576,443590,85080,160212,314415,129777,341908,194178,218349,582630,620.5049054263566,0.44953798449612403
1658261045019,36.274002,0.35602096,0.5217391,0.54545456,0.3181818,0.42307693,0.3181818,0.32,0.2,0.04347826,51.300003,51.300003,50.600002,50.600002,50.9,50.600002,50.300003,50.9,50.600002,51.300003,49.600002,49.300003,3833181,-1401368,1075200,1075200,1075200,1075200,1075200,1075200,652800,1401600,1206,16,34,1344,6,30,854,68,63,871,55,68,459,54,94,940,55,75,557,83,214,574,118,185,467444,17479,37902,496891,6278,35403,483341,99215,90902,434810,76461,101610,274761,100367,305651,448106,63876,128698,381560,112239,325648,379068,209659,336445,617.3871235584843,0.45506425041186166
1658261046032,36.294003,0.30857143,0.47619048,0.54545456,0.4,0.3809524,0.26086956,0.2,0.22727273,0.083333336,51.600002,51.300003,50.600002,51.300003,51.300003,50.600002,49.600002,50.300003,50.300003,50.600002,50.300003,49.600002,3841161,-1310425,1075200,1075200,1075200,1075200,1075200,1075200,652800,1401600,1278,11,18,1418,7,18,722,45,51,895,40,78,519,34,77,468,36,44,278,118,196,531,89,176,520265,10510,17175,535138,7474,27183,425360,58421,72888,445822,46838,102761,285292,43450,257621,254085,44480,106206,270168,203090,388251,437910,149048,314305,621.2660372670808,0.4457142857142857
1658261047059,36.345,0.3262032,0.4090909,0.6,0.36363637,0.36,0.3478261,0.20833333,0.08695652,0.2,51.600002,51.600002,50.9,50.9,50.600002,50.9,50.300003,50.600002,50.9,50.9,50.300003,49.300003,3834543,-1369629,1075200,1075200,1075200,1075200,1075200,1075200,652800,1401600,989,17,27,1360,7,18,868,42,44,815,37,59,887,48,75,787,39,69,543,88,126,306,56,132,456691,17975,27356,514367,2819,21171,512909,46136,61421,487841,47828,75512,413730,68576,170318,383388,47290,161218,436005,116267,253285,250643,161994,491979,622.9942420382166,0.44713375796178345
1658261048087,36.362003,0.30113637,0.42857143,0.59090906,0.2857143,0.2857143,0.375,0.3181818,0.09090909,0.125,51.600002,51.300003,50.600002,50.600002,50.9,50.9,50.300003,50.300003,50.600002,50.9,49.9,49.600002,3844859,-1261292,1075200,1075200,1075200,1075200,1075200,1075200,652800,1401600,1388,14,30,1153,12,28,908,42,53,678,65,98,715,54,92,831,42,84,293,128,224,440,106,198,558080,12079,29983,506794,11837,33471,473232,55898,75919,368691,104429,194543,377177,65066,238090,386407,52083,260285,316299,192692,404258,361819,185787,355904,622.4372752721617,0.4289393468118196
1658261049110,36.399002,0.35148516,0.53846157,0.48,0.45833334,0.4,0.32,0.375,0.07692308,0.15384616,51.300003,51.300003,50.300003,50.600002,50.600002,50.300003,49.600002,50.300003,49.9,50.9,49.9,48.9,3832986,-1280518,1075200,1075200,1075200,1075200,1075200,1075200,652800,1401600,1355,22,27,1012,8,23,941,48,51,818,53,78,738,48,93,775,45,86,204,98,178,366,127,199,560036,32722,30451,448389,5744,24715,519469,64380,83080,410408,69465,154180,364501,62599,262287,402834,49286,146737,220095,202326,393516,288639,247704,413930,620.1178421052631,0.4296842105263158
1658261050132,36.443,0.47777778,0.5,0.73913044,0.5769231,0.36363637,0.5833333,0.5217391,0.33333334,0.24,51.600002,51.600002,50.9,51.300003,51.300003,50.9,50.600002,50.9,51.300003,51.300003,50.300003,49.9,3824422,-1367493,1075200,1075200,1075200,1075200,1075200,1075200,652800,1401600,1352,19,41,1291,8,29,1060,30,43,791,52,57,719,59,104,549,52,95,65,108,171,384,116,197,502324,23827,44431,551458,4688,36787,509162,41515,54609,403006,74888,117731,378182,71932,219737,313876,65959,229935,103782,308613,554403,315933,193976,396375,620.5559626168224,0.3998006230529595
1658261051153,36.487003,0.13812155,0.0952381,0.13043478,0.20833333,0.0952381,0.0,0.2173913,0.16,0.24,52.300003,52.300003,51.600002,51.9,51.9,51.300003,50.600002,51.300003,51.300003,51.9,50.600002,49.9,3846611,-1160279,1075200,1075200,1075200,1075200,1075200,1075200,652800,1401600,1278,8,13,1200,9,28,772,24,36,951,47,73,743,38,72,572,41,80,237,99,154,394,61,147,478912,8872,11838,468708,8190,28430,441643,26240,51840,423352,65997,122912,352046,49785,189472,310149,53878,164398,170716,262518,440231,247624,142737,522494,0.01377198697068404,0.006788273615635179
1658261052196,36.541,0.034285713,0.0,0.045454547,0.04761905,0.045454547,0.04761905,0.09090909,0.04347826,0.0,48.9,48.9,48.300003,48.600002,48.9,48.600002,48.300003,48.600002,48.9,48.9,48.300003,47.600002,3926801,-480347,1075200,1075200,1075200,1075200,1075200,1075200,652800,1401600,724,6,19,792,21,19,307,50,106,306,35,100,427,50,75,171,25,76,28,3,83,116,28,130,728232,13379,145112,739611,67553,87482,289085,117031,530413,214005,59582,613837,354235,115959,422822,172835,52227,614816,48610,13739,922141,68695,79036,773243,-1.0,-1.0
1658261053231,36.574,0.2777778,0.26086956,0.22727273,0.3043478,0.3043478,0.33333334,0.36363637,0.13636364,0.36,47.600002,47.600002,46.9,47.600002,47.300003,47.300003,47.300003,47.300003,47.300003,47.600002,46.600002,46.600002,3927774,-176696,1075200,1075200,1075200,1075200,1075200,1075200,652800,1401600,252,21,67,418,45,98,196,49,93,244,58,95,258,59,93,124,25,63,3,0,36,44,2,53,301800,44117,648759,377003,89325,451768,182173,118227,640241,207930,138488,580419,188988,156481,558509,107556,70551,662364,6639,0,1006845,7972,0,650637,-1.0,-1.0
1658261054273,36.601,0.36363637,0.47826087,0.36363637,0.35,0.3809524,0.3809524,0.39130434,0.18181819,0.3181818,47.300003,47.300003,46.600002,47.300003,47.300003,46.9,46.9,47.300003,46.9,47.300003,46.600002,46.300003,3933613,-188293,1075200,1075200,1075200,1075200,1075200,1075200,652800,1401600,393,18,56,540,32,75,185,39,78,273,53,101,260,32,82,283,44,73,97,25,69,119,8,53,419394,48375,421316,474527,78222,329690,148018,96519,628872,222133,95375,530223,164637,67811,520751,166387,112221,578190,66570,48885,789815,50304,15580,1103642,7.29483282674772E-4,0.002443768996960486
1658261055306,36.618,0.29761904,0.3888889,0.54545456,0.3809524,0.36363637,0.27272728,0.3181818,0.09090909,0.04761905,47.600002,48.600002,47.600002,47.9,48.300003,48.300003,47.9,47.9,48.300003,48.300003,46.9,46.600002,3863155,-1138001,1075200,1075200,1075200,1075200,1075200,1075200,652800,1401600,521,7,48,638,12,45,420,26,60,438,26,68,324,26,46,300,20,68,280,20,69,242,19,78,366299,12837,399500,368767,32474,387156,180010,48875,558451,201844,42612,561640,170975,36914,564651,149504,43114,527349,161906,39078,749802,120942,30407,753617,878.5670559006211,1.4340372670807453
1658261056314,36.622,0.385,0.64,0.5416667,0.44444445,0.39130434,0.2173913,0.29166666,0.32,0.23076923,49.300003,49.300003,48.9,49.300003,49.300003,48.9,48.300003,48.9,48.9,48.9,48.300003,47.9,3841745,-1278687,1075200,1075200,1075200,1075200,1075200,1075200,652800,1401600,1243,4,19,1125,7,21,980,32,56,1001,30,66,904,50,72,743,40,94,154,100,180,440,121,166,521759,3512,16741,451699,5661,23373,485026,36414,67956,479892,25628,72467,403385,60658,152020,330065,53187,205839,161131,221687,476741,297103,214548,384447,817.2695308641975,0.6111604938271604
1658261057367,36.645,0.37878788,0.52,0.7692308,0.4,0.34615386,0.29166666,0.25,0.34615386,0.04347826,50.9,50.9,50.300003,50.600002,49.9,49.9,49.600002,49.600002,49.600002,49.600002,49.600002,48.9,3813328,-1553040,1075200,1075200,1075200,1075200,1075200,1075200,652800,1401600,1290,11,24,1332,4,12,937,38,60,839,43,70,911,59,67,817,55,87,254,89,210,587,97,210,528094,11881,23322,497148,2287,14059,474079,39658,84524,454698,53709,105825,472078,73546,111082,438263,73930,138467,275294,193885,435235,431613,141842,335271,826.6824991735537,0.642909090909091
1658261058368,36.669003,0.30051813,0.36363637,0.7083333,0.29166666,0.36,0.16666667,0.26923078,0.23076923,0.07692308,51.600002,51.300003,50.300003,50.600002,50.600002,50.300003,49.300003,49.9,49.9,50.300003,49.9,49.300003,3825006,-1355896,1075200,1075200,1075200,1075200,1075200,1075200,652800,1401600,1274,16,36,923,3,8,882,48,63,1037,49,71,928,52,78,742,60,78,316,101,163,404,91,218,478453,18558,52975,343635,2388,6250,459723,52188,102024,484070,63754,97475,449344,59703,94425,431111,67670,141327,320689,152055,326048,330000,168003,407103,824.1219807073956,0.6563601286173634
1658261059387,36.706,0.6137566,0.5,0.75,0.45454547,0.45454547,0.9583333,1.0,0.5217391,0.16666667,51.600002,51.600002,50.300003,50.9,50.600002,50.300003,49.9,50.300003,50.300003,50.600002,49.600002,48.9,3825006,-1319581,1075200,1075200,1075200,1075200,1075200,1075200,652800,1401600,1425,16,18,897,5,18,1045,30,64,1015,40,65,812,54,77,807,48,93,431,101,150,357,118,182,560071,18086,19062,348896,3466,22682,480542,32021,86154,490642,48459,89513,433668,69871,141962,403733,57762,173691,373581,148332,259233,265115,276978,417452,840.1236904024768,0.6098328173374613
1658261060451,36.760002,0.34444445,0.5,0.75,0.3181818,0.23809524,0.29166666,0.26086956,0.3181818,0.08695652,52.300003,51.9,50.9,51.600002,51.300003,51.600002,50.9,50.600002,51.300003,51.600002,50.300003,49.600002,3820335,-1403199,1075200,1075200,1075200,1075200,1075200,1075200,652800,1401600,1125,13,18,1116,2,10,976,39,67,1250,38,69,295,24,57,195,14,43,617,139,80,675,99,218,455489,16005,19225,399212,1202,11123,484309,51879,83348,521683,43727,100857,158880,32127,247343,114150,21886,255828,407192,163043,99725,439978,146351,345909,846.7226790697674,0.6141023255813953
1658261061480,36.801003,0.3611111,0.36842105,0.75,0.39130434,0.3478261,0.22727273,0.26086956,0.36363637,0.16666667,52.600002,52.300003,51.300003,51.600002,51.300003,51.300003,50.600002,51.600002,51.300003,51.600002,50.9,50.300003,3825784,-1437073,1075200,1075200,1075200,1075200,1075200,1075200,652800,1401600,1182,11,24,1153,12,31,770,42,74,1147,33,56,594,44,70,681,48,81,478,127,85,411,119,160,462878,11121,26861,454520,11229,32599,401577,56537,110016,518810,32456,74109,331811,56549,245459,329570,77900,257098,340782,179115,150897,272329,258257,393127,855.7961216,0.7474688
1658261062531,36.845,0.3604061,0.5217391,0.72,0.3043478,0.3478261,0.22727273,0.24,0.30769232,0.12,52.600002,52.9,51.9,51.9,51.600002,51.600002,50.9,51.600002,51.300003,51.600002,50.9,50.600002,3822281,-1387330,1075200,1075200,1075200,1075200,1075200,1075200,652800,1401600,1485,9,23,956,7,24,895,48,87,896,51,96,942,44,95,645,77,96,388,139,134,799,98,157,528553,7979,26845,391980,4792,30790,468283,55455,134784,473937,85277,128851,432823,51687,259227,405351,116445,213119,330106,223991,223398,502250,150121,265261,871.6768695652174,0.6530683229813664
1658261063578,36.895,0.34895834,0.4347826,0.6086956,0.5,0.3043478,0.36,0.2173913,0.2962963,0.04,52.9,52.600002,51.9,52.300003,52.300003,51.600002,51.300003,51.600002,51.600002,51.9,51.300003,50.600002,3815469,-1452027,1075200,1075200,1075200,1075200,1075200,1075200,652800,1401600,1272,5,11,1077,4,17,1157,32,61,1060,35,64,750,56,90,565,52,102,446,142,121,572,127,175,507249,7515,8939,385461,3789,19582,548665,35946,75603,512662,60890,82176,407743,69354,225897,307715,68896,276562,365725,214314,191220,355008,235423,360641,902.168025236593,0.6377791798107255
1658261064604,36.936,0.3814433,0.75,0.48,0.36,0.3181818,0.44,0.34615386,0.375,0.0,52.600002,52.600002,52.300003,52.300003,52.300003,51.9,51.300003,51.600002,51.600002,51.9,50.9,50.600002,3823059,-1423035,1075200,1075200,1075200,1075200,1075200,1075200,652800,1401600,1311,12,16,1031,6,21,1161,27,55,931,38,66,656,51,86,1020,53,87,357,123,163,324,116,171,512081,9331,13091,407423,4935,20827,485174,33125,73029,485719,42694,80163,370268,74258,156909,443082,59929,189580,307255,204937,299438,196446,276286,458011,948.50679876161,0.6800247678018575
1658261065635,36.980003,0.35,0.7083333,0.625,0.3,0.25,0.27272728,0.26086956,0.26086956,0.083333336,53.600002,53.300003,52.300003,52.600002,52.600002,51.9,51.600002,51.9,52.300003,52.300003,51.600002,51.300003,3830066,-1450196,1075200,1075200,1075200,1075200,1075200,1075200,652800,1401600,933,5,13,1728,8,15,922,43,69,1157,31,61,622,46,78,668,39,81,476,91,170,398,115,174,418922,5672,19055,549767,7481,15065,489134,43843,91246,518841,36276,79455,326216,61904,200697,307412,50037,233666,374418,137127,317139,232146,259298,425176,1005.2155038759689,0.6784992248062015
1658261066646,37.031002,0.36413044,0.45454547,0.6956522,0.36363637,0.39130434,0.27272728,0.33333334,0.3478261,0.083333336,53.9,53.9,52.600002,52.9,52.600002,52.300003,51.9,52.600002,52.300003,52.9,51.9,51.300003,3810019,-1479188,1075200,1075200,1075200,1075200,1075200,1075200,652800,1401600,799,3,13,1552,6,13,1069,32,65,945,34,43,819,36,74,586,41,83,547,48,158,605,132,156,318498,1733,9493,490217,7130,15731,452831,33430,79187,450700,40615,53202,322805,42210,213238,302260,51200,180300,385008,65311,217056,301177,238113,311068,1079.2410434782607,0.7447950310559006
1658261067667,37.075,0.3882979,0.6086956,0.42857143,0.5652174,0.5,0.4,0.3043478,0.14285715,0.041666668,53.600002,53.600002,53.300003,53.600002,53.300003,52.9,52.300003,52.9,52.600002,52.9,52.300003,51.600002,3820529,-1503296,1075200,1075200,1075200,1075200,1075200,1075200,652800,1401600,1342,12,24,1387,6,10,932,31,55,892,50,71,646,45,79,684,42,90,554,40,199,577,120,161,554606,7930,21738,454658,4777,10585,467384,33861,75336,479670,56860,102423,331114,59577,234148,326920,49341,182361,411483,48771,285185,295494,241314,351219,1142.3838732171157,0.8003549920760697
1658261068681,37.108,0.4863388,0.47826087,0.47826087,0.59090906,0.5714286,1.0,0.4347826,0.32,0.04347826,54.300003,54.300003,53.600002,53.300003,53.600002,53.300003,52.600002,52.9,52.9,53.600002,52.300003,51.600002,3812354,-1692200,1075200,1075200,1075200,1075200,1075200,1075200,652800,1401600,1203,11,17,1551,6,31,766,36,61,834,34,69,534,20,66,764,43,86,653,63,182,711,81,177,499252,12535,15859,548076,8951,33942,411363,38632,80349,447156,34696,89909,246133,20555,267390,351715,53305,196429,393501,71007,251012,351742,171289,325771,1076.2659533437013,0.7556578538102644
1658261069711,37.173,0.4054054,0.56,0.52380955,0.6363636,0.45454547,0.26086956,0.375,0.33333334,0.045454547,54.600002,54.9,53.9,53.9,53.9,53.600002,53.300003,53.9,53.600002,53.9,52.9,52.300003,3825979,-1518250,1075200,1075200,1075200,1075200,1075200,1075200,652800,1401600,1194,6,12,1591,10,21,783,39,43,800,31,56,505,18,57,569,41,75,596,118,184,938,92,175,483803,8777,9656,589549,8599,27733,376726,46432,63836,359982,38783,71590,226300,17154,135072,279477,43341,210387,388949,135983,241802,464123,122247,235692,1103.4385080385853,0.7504051446945338
1658261070708,37.223003,0.34254143,0.45454547,0.47619048,0.4090909,0.47619048,0.33333334,0.18181819,0.29166666,0.0,54.600002,54.600002,53.9,53.9,53.600002,53.600002,52.9,54.300003,53.9,54.600002,52.9,52.300003,3819751,-1449280,1075200,1075200,1075200,1075200,1075200,1075200,652800,1401600,1350,18,17,1432,8,27,644,50,67,960,43,66,388,32,62,444,45,86,606,83,110,968,92,152,573032,15827,18032,564090,5808,24519,388602,73890,86998,440079,46944,94592,220537,55584,374230,264408,79536,269847,369357,89601,151072,357385,164504,301912,982.1561832543443,0.6617883096366508
1658261071726,37.264,0.31979695,0.64,0.6,0.26086956,0.25,0.125,0.28,0.29166666,0.041666668,54.9,54.600002,54.300003,53.9,53.600002,53.9,52.9,53.600002,53.600002,53.300003,52.9,52.300003,3822865,-1450501,1075200,1075200,1075200,1075200,1075200,1075200,652800,1401600,1222,10,12,1408,1,10,905,39,58,895,49,60,651,55,91,605,59,94,666,58,140,447,118,169,525206,11168,10890,514255,1445,10246,444450,49206,87266,463321,55882,81962,328383,85161,220409,347741,90891,259214,435562,68064,204568,193008,276745,400213,928.8214683544303,0.6180759493670887
1658261072753,37.315002,0.3617021,0.47826087,0.64,0.52,0.3043478,0.3181818,0.2173913,0.29166666,0.04347826,54.9,54.9,54.300003,54.600002,53.9,53.9,53.300003,54.300003,53.9,54.9,53.300003,52.600002,3830066,-1504212,1075200,1075200,1075200,1075200,1075200,1075200,652800,1401600,1110,13,21,1005,3,22,764,36,62,1076,46,71,476,42,74,566,45,67,536,89,137,641,85,153,436833,10889,23074,402443,2339,22270,387672,37867,92473,457713,60431,101171,250050,66877,352740,246179,68017,242311,370625,116559,197710,378183,156405,297562,929.3293924466338,0.6941215106732348
1658261073768,37.358,0.32804233,0.5,0.5217391,0.3478261,0.36363637,0.4,0.22727273,0.20833333,0.08,54.9,54.9,54.300003,54.300003,54.600002,54.600002,53.9,53.9,54.600002,54.600002,53.300003,52.600002,3807683,-1548157,1075200,1075200,1075200,1075200,1075200,1075200,652800,1401600,1229,14,27,1051,10,26,969,49,71,856,42,77,715,50,81,595,47,70,621,66,138,509,109,167,499792,14898,26828,434794,6951,29800,458865,59062,92278,471633,59285,120901,335742,63002,167195,304811,79157,231883,424653,77730,206751,296373,213770,369947,929.211855737705,0.7072
1658261074767,37.412003,0.13142857,0.0952381,0.09090909,0.13636364,0.13636364,0.0952381,0.0952381,0.14285715,0.17391305,54.9,55.300003,54.300003,54.600002,54.300003,53.9,53.300003,53.9,53.600002,54.300003,53.300003,52.600002,3817415,-1606141,1075200,1075200,1075200,1075200,1075200,1075200,652800,1401600,989,7,26,1199,5,15,989,46,89,847,52,65,823,50,79,765,48,97,618,51,181,559,96,148,451544,7828,23093,458512,3143,20235,464810,63197,120691,460347,70736,73979,359702,74454,174164,332213,69319,218042,415948,67248,274587,333034,220536,337509,658.817849117175,0.5000449438202247
1658261075798,37.463,0.0776699,0.04,0.14814815,0.04,0.04,0.125,0.115384616,0.0,0.074074075,53.300003,53.300003,52.300003,53.300003,52.9,52.600002,52.300003,52.600002,52.600002,52.600002,51.9,51.600002,3902277,-288086,1075200,1075200,1075200,1075200,1075200,1075200,652800,1401600,1144,3,3,1009,2,11,652,38,81,559,41,71,437,33,73,324,42,81,702,86,89,514,59,144,690861,2625,1407,646724,1013,12309,417555,78921,236103,319203,55048,280391,271955,67162,348519,240952,86131,332083,377805,163517,233137,249089,155508,395948,-1.0,-1.0
1658261076812,37.5,0.03448276,0.0,0.08695652,0.045454547,0.0,0.0,0.13636364,0.04347826,0.0,51.300003,50.9,50.600002,50.9,50.9,50.9,50.600002,50.9,50.9,51.300003,50.600002,49.9,3910841,-317077,1075200,1075200,1075200,1075200,1075200,1075200,652800,1401600,366,14,52,588,38,62,266,44,68,251,30,78,258,18,63,170,12,41,109,29,62,188,0,56,480388,30126,404993,480211,98841,282133,312643,119823,492968,314378,71446,535354,292620,44933,553294,245776,32175,541836,278095,80283,614723,257274,0,687621,-1.0,-1.0
1658261077845,37.538002,0.04368932,0.07692308,0.11111111,0.03846154,0.04,0.115384616,0.037037037,0.0,0.0,49.9,49.600002,49.300003,49.600002,49.600002,49.600002,49.300003,49.600002,49.600002,49.600002,48.9,48.600002,3922324,-405578,1075200,1075200,1075200,1075200,1075200,1075200,652800,1401600,177,16,62,472,43,101,318,61,115,203,46,94,117,29,70,152,22,74,3,11,74,59,2,28,251656,42463,671773,374835,88355,497420,247016,137082,558727,168965,135696,627167,116792,88264,679193,129747,50029,669930,6046,32131,867778,14707,2132,984767,-1.0,-1.0
1658261078886,37.551003,0.3478261,0.5,0.6086956,0.3809524,0.5769231,0.3043478,0.33333334,0.04347826,0.041666668,48.9,48.600002,48.600002,48.9,48.9,48.600002,48.300003,48.9,48.600002,48.9,47.9,47.9,3922324,-207519,1075200,1075200,1075200,1075200,1075200,1075200,652800,1401600,394,15,50,486,22,66,330,46,87,264,33,78,241,26,75,224,20,69,107,14,61,93,16,58,405755,47626,434773,429973,48270,371148,242064,102794,519928,179560,67168,644802,152931,33670,589709,139001,41805,638316,54669,34900,899125,45561,32595,715485,16.422731554160126,0.32722135007849296
1658261079889,37.551003,0.44041452,0.5652174,0.6,0.56,0.6086956,0.45833334,0.48,0.16666667,0.15384616,50.9,50.9,50.300003,50.300003,50.300003,50.300003,49.600002,49.600002,49.9,50.300003,49.600002,49.600002,3839020,-1308289,1075200,1075200,1075200,1075200,1075200,1075200,652800,1401600,982,7,19,1115,11,30,725,29,56,595,42,52,510,25,61,581,34,55,267,53,130,365,24,139,465027,2722,166422,464451,14228,152481,390625,41005,242744,370400,73517,223332,258372,36543,307462,287280,36695,301934,197498,113325,607627,141651,42863,690512,743.5179585326954,0.6230047846889952
1658261080905,37.551003,0.46327683,0.54545456,0.6,0.5833333,0.55,0.45454547,0.5217391,0.125,0.39130434,52.300003,52.300003,51.600002,51.9,51.600002,51.600002,50.9,51.300003,51.600002,51.600002,50.600002,50.300003,3798341,-1697694,1075200,1075200,1075200,1075200,1075200,1075200,652800,1401600,1117,16,14,1497,6,17,1068,32,49,871,21,35,615,45,73,649,49,89,458,92,170,269,45,152,494361,13685,17995,527403,7117,23815,473063,43890,71894,502738,20886,63691,293551,60898,217824,296281,65575,187941,368189,135546,325739,133953,95074,676432,1447.6192,1.0104774193548387
1658261081924,37.575,0.41935483,0.5,0.52,0.5,0.6086956,0.375,0.5,0.29166666,0.24,53.600002,53.600002,53.300003,53.300003,52.9,52.600002,51.9,53.600002,52.600002,54.300003,52.600002,51.9,3796783,-1706544,1075200,1075200,1075200,1075200,1075200,1075200,652800,1401600,1329,8,8,1472,3,7,933,24,34,776,12,37,571,40,77,442,19,67,256,76,177,907,48,184,523848,6724,6344,509022,2244,7622,426457,26072,36441,470611,13407,40140,234148,54927,182233,194860,16406,220590,230861,131040,356548,306053,61814,291466,1058.0720387722133,0.7553861066235864
1658261082931,37.605003,0.41798943,0.45833334,0.54545456,0.5416667,0.6086956,0.375,0.41666666,0.24,0.13043478,53.9,53.9,52.9,53.300003,52.9,52.9,52.300003,53.300003,52.9,53.600002,52.300003,51.9,3814690,-1558839,1075200,1075200,1075200,1075200,1075200,1075200,652800,1401600,1323,6,19,1526,3,21,888,35,63,864,21,39,632,48,79,562,48,69,462,58,185,592,51,153,566555,5309,18189,561013,4397,27891,397233,39257,83492,513283,22670,44352,313038,62378,165611,299350,66780,128359,369846,106157,309600,222208,87328,527855,1072.4588892455859,0.7451942215088282
1658261083960,37.632,0.39175257,0.45833334,0.48,0.5,0.4814815,0.28,0.4,0.375,0.20833333,54.9,54.600002,53.9,54.300003,53.9,53.600002,53.300003,53.9,54.300003,54.600002,53.600002,52.600002,3807488,-1632996,1075200,1075200,1075200,1075200,1075200,1075200,652800,1401600,1323,7,11,1397,5,16,1086,24,42,866,25,52,714,47,80,684,32,56,441,58,179,658,32,145,512514,3711,8879,524684,3784,16918,470626,20001,44374,502176,29036,62737,310410,66372,249463,317422,39820,158565,344350,68578,273978,187537,77473,589950,1083.6299906976742,0.8436093023255813
1658261085000,37.669003,0.38251367,0.41666666,0.5,0.5,0.47826087,0.5217391,0.3478261,0.22727273,0.2,54.600002,54.600002,54.300003,54.600002,53.9,53.9,53.300003,54.600002,53.600002,55.600002,52.9,52.600002,3822281,-1536255,1075200,1075200,1075200,1075200,1075200,1075200,652800,1401600,1223,10,19,1449,6,20,828,28,55,674,36,64,224,9,31,228,16,28,934,62,79,871,99,136,517132,10108,18904,584891,7492,25007,376721,32606,69165,528372,39869,87909,111055,16241,167173,102583,25945,105366,430123,56920,83013,342991,145211,335833,1096.371744680851,0.7448510638297872
1658261086049,37.723003,0.44,0.47826087,0.5,0.45833334,0.5,0.56,0.39285713,0.37037036,0.30769232,54.9,54.9,54.600002,54.300003,53.9,53.9,53.300003,53.9,54.300003,53.9,53.600002,52.600002,3825395,-1444398,1075200,1075200,1075200,1075200,1075200,1075200,652800,1401600,1159,16,17,1786,5,12,889,41,63,848,31,54,615,51,76,405,40,80,639,60,153,535,46,169,540749,15695,17676,607529,4625,14720,483106,47802,79974,501741,47805,72483,305723,76267,213149,241888,52870,334213,401458,58927,192903,231555,90806,561027,1108.0100186915886,0.7595763239875389
1658261087075,37.757,0.3942857,0.5652174,0.5,0.39130434,0.59090906,0.4347826,0.33333334,0.045454547,0.2857143,55.300003,55.300003,54.9,54.9,54.600002,54.9,54.300003,54.9,55.300003,55.600002,53.9,53.300003,3803790,-1623536,1075200,1075200,1075200,1075200,1075200,1075200,652800,1401600,1322,10,12,1620,2,11,832,49,59,996,26,56,571,64,75,699,40,85,769,48,136,546,32,163,563534,6871,7351,580605,845,8508,424754,61520,71185,572816,30618,58086,326207,87284,143214,354785,44450,216343,419812,55068,173653,204950,74182,616225,1118.8503317829457,0.8049116279069767
1658261088103,37.804,0.3452381,0.3809524,0.54545456,0.45454547,0.4347826,0.33333334,0.13636364,0.25,0.3478261,55.600002,55.300003,54.9,54.9,54.300003,54.300003,53.9,54.300003,53.9,54.300003,53.9,52.9,3817026,-1523133,1075200,1075200,1075200,1075200,1075200,1075200,652800,1401600,1299,15,16,1333,5,15,996,28,57,759,35,48,590,48,86,637,52,73,392,80,178,515,87,203,537141,12075,11611,474814,5191,15785,451628,31779,60873,491685,52591,63850,295850,49621,229700,310402,79836,190243,328701,155259,325489,237436,183277,428534,1161.1338078740157,0.8123464566929134
1658261089136,37.852,0.43,0.4347826,0.52,0.4090909,0.56,0.42307693,0.51724136,0.2,0.42307693,55.9,55.9,54.9,54.9,54.600002,54.300003,53.9,54.300003,54.300003,54.300003,53.9,53.300003,3816636,-1479798,1075200,1075200,1075200,1075200,1075200,1075200,652800,1401600,1366,7,8,1450,5,17,922,30,59,978,31,53,519,40,78,436,57,73,563,63,183,626,47,159,578624,6871,8392,493863,5666,19636,491183,29095,67077,565150,28304,65077,294272,62232,212440,260643,90511,300082,416787,76988,268683,220146,94867,528642,1206.4906666666668,0.7973333333333333
1658261090155,37.902,0.37016574,0.47619048,0.4347826,0.44,0.4,0.21052632,0.3181818,0.33333334,0.3181818,56.600002,56.300003,55.9,56.300003,55.9,55.9,54.9,55.600002,55.9,55.9,54.9,53.9,3804569,-1747742,1075200,1075200,1075200,1075200,1075200,1075200,652800,1401600,1449,0,7,1681,2,8,893,31,46,813,18,30,459,43,71,545,36,58,342,95,167,467,34,158,536134,0,7439,604763,1586,10473,414877,35530,49886,465098,25274,31348,263623,52022,178062,267743,35648,119552,318042,166438,359539,192439,72758,542628,1253.0627561374795,0.9327659574468086
1658261091197,37.946003,0.37244898,0.46153846,0.625,0.4814815,0.5,0.24,0.2173913,0.17391305,0.20833333,56.600002,56.600002,55.9,55.9,55.600002,55.600002,54.9,55.300003,55.600002,55.300003,54.9,53.9,3806710,-1544495,1075200,1075200,1075200,1075200,1075200,1075200,652800,1401600,1158,21,28,1422,6,36,770,45,73,882,39,53,542,39,74,419,49,85,741,116,112,688,34,147,606220,18087,23842,558487,6772,39337,467907,61603,76777,562716,52975,65997,270006,50693,193531,240450,79601,305121,441197,125846,154583,215603,50487,544319,1330.7329936305732,0.929375796178344
1658261092233,37.994003,0.36956522,0.3809524,0.64,0.39130434,0.4090909,0.17391305,0.33333334,0.2857143,0.32,56.9,56.9,55.9,56.300003,56.300003,55.9,54.9,55.600002,55.600002,55.9,54.9,54.300003,3793475,-1722413,1075200,1075200,1075200,1075200,1075200,1075200,652800,1401600,1276,7,18,1524,0,18,862,38,71,808,23,51,537,54,73,643,51,91,654,107,115,885,34,193,583444,5214,16759,602645,0,13840,467958,34588,76576,548003,28040,60792,284510,86917,215584,341106,59506,172715,428441,108576,142450,292562,70313,377530,1427.6305974025975,0.9424935064935065
1658261093233,38.048,0.45789474,0.5555556,0.5217391,0.5652174,0.6,0.4090909,0.45454547,0.30769232,0.29166666,57.300003,56.9,56.300003,56.300003,55.9,55.600002,55.300003,55.600002,55.9,55.9,55.300003,54.600002,3806321,-1582642,1075200,1075200,1075200,1075200,1075200,1075200,652800,1401600,1399,8,24,1422,3,25,712,32,70,850,13,39,591,45,75,452,47,98,481,128,122,984,37,171,622101,6979,22518,556237,1699,27707,424861,43053,77300,549154,14638,48313,298234,75712,219702,265167,76729,251201,331537,153629,174935,290233,55603,381323,1482.0942866556838,1.0382866556836903
1658261094261,38.095,0.36756757,0.44,0.45454547,0.4090909,0.45454547,0.26086956,0.3043478,0.4,0.22727273,57.9,57.9,57.300003,57.300003,57.300003,56.9,55.9,56.9,56.600002,57.600002,55.9,54.9,3790555,-1795350,1075200,1075200,1075200,1075200,1075200,1075200,652800,1401600,1386,1,9,1545,2,11,840,28,52,858,12,20,407,33,48,419,21,48,464,77,207,964,38,184,525425,871,7125,566436,2355,12178,382356,23251,69697,458434,10655,19455,217602,46357,170586,176036,20349,80888,336919,110843,321067,286121,47712,281403,1514.921954397394,0.9620846905537459
1658261095270,38.139,0.37356323,0.4,0.5,0.45454547,0.5,0.29166666,0.27272728,0.2857143,0.22727273,58.300003,57.9,56.9,56.9,56.9,56.9,55.9,56.300003,56.600002,56.600002,56.600002,55.600002,3790360,-1795655,1075200,1075200,1075200,1075200,1075200,1075200,652800,1401600,1422,13,26,1498,7,14,715,39,71,906,20,25,468,63,84,496,46,86,554,64,197,940,40,174,582853,12276,26088,596390,5363,14120,450027,43513,92594,561623,23647,28628,282362,107516,205639,265733,64270,268068,354768,68526,260279,293262,66196,339820,1469.6424564860426,0.9590541871921182
1658261096275,38.176003,0.46448088,0.5714286,0.55,0.45454547,0.5652174,0.41666666,0.5833333,0.39130434,0.17391305,58.300003,57.9,57.300003,57.300003,57.300003,56.600002,56.300003,57.300003,57.300003,57.9,56.600002,55.300003,3794448,-1783753,1075200,1075200,1075200,1075200,1075200,1075200,652800,1401600,1316,9,15,1752,4,14,832,34,67,825,22,34,420,36,79,512,50,97,549,70,158,1008,29,183,620808,7572,14845,596820,2625,15542,436920,42514,72853,574370,26984,41590,235812,65906,252569,304841,65340,227801,340428,80247,209345,308852,33595,331121,1463.5362597402595,0.9407272727272727
1658261097296,38.234,0.35416666,0.3478261,0.625,0.45833334,0.39130434,0.25,0.32,0.26086956,0.13043478,58.9,58.600002,57.9,57.9,57.600002,57.600002,56.600002,56.9,57.300003,57.300003,56.600002,55.9,3794059,-1581422,1075200,1075200,1075200,1075200,1075200,1075200,652800,1401600,1373,3,8,1523,3,7,997,35,42,852,8,19,636,42,80,415,40,65,416,47,222,700,40,193,552444,2201,7759,598690,2246,7473,476494,38572,50112,558995,6402,23370,305133,59416,177059,238658,50588,187610,315294,57242,339544,223664,66613,386411,1469.8565237315877,0.975659574468085
1658261098317,38.274002,0.58208954,0.56,0.64,0.65384614,0.68,0.65217394,0.7692308,0.46153846,0.17391305,58.9,58.600002,57.600002,58.300003,58.300003,57.600002,57.300003,57.9,57.600002,57.9,56.9,55.9,3793280,-1665955,1075200,1075200,1075200,1075200,1075200,1075200,652800,1401600,1403,14,29,1398,6,24,755,29,72,957,24,33,517,63,98,636,48,83,586,59,179,757,19,215,627295,9957,25580,573906,2900,27600,416570,28352,77421,573136,28285,42545,318902,86968,229467,319845,69679,199766,389285,71147,253239,252899,30427,403267,1236.2170920634921,0.8769015873015873
1658261099356,38.332,0.0591133,0.07692308,0.12,0.04,0.04,0.11111111,0.08,0.03846154,0.03846154,59.300003,58.9,58.9,58.600002,58.600002,58.300003,57.600002,58.600002,58.600002,58.9,57.300003,56.600002,3791723,-1817628,1075200,1075200,1075200,1075200,1075200,1075200,652800,1401600,1399,8,12,1518,5,15,685,39,59,937,24,34,462,32,70,653,32,70,698,66,133,933,58,172,585812,10850,9950,525449,6256,18219,368401,59557,69446,504102,30043,39317,215667,53953,217402,281640,41694,160415,427973,79675,186133,304296,78382,265978,126.70218421052631,0.10457894736842105
1658261100364,38.369003,0.33898306,0.375,0.2857143,0.3,0.59090906,0.25,0.5,0.2,0.18181819,54.9,54.9,54.300003,54.600002,54.600002,54.600002,53.9,54.600002,54.600002,54.600002,53.9,53.600002,3904612,-388794,1075200,1075200,1075200,1075200,1075200,1075200,652800,1401600,670,24,26,714,26,40,409,46,70,401,54,96,198,33,90,237,20,79,109,28,102,153,24,126,675635,43094,112033,623517,57498,145954,295215,113913,401058,304636,120500,453956,191737,83204,588864,187893,41637,526896,100492,55350,656165,83142,56909,789124,-1.0,-1.0
1658261101409,38.419003,0.07734807,0.0,0.09090909,0.125,0.125,0.13043478,0.09090909,0.0,0.0,55.600002,55.600002,55.600002,55.9,55.9,55.9,55.600002,55.9,55.600002,56.600002,54.300003,53.9,3876974,-549316,1075200,1075200,1075200,1075200,1075200,1075200,652800,1401600,1375,2,8,1271,7,8,892,33,30,427,12,34,872,22,34,580,11,26,460,2,36,761,18,46,658860,5018,36600,742699,20164,20530,565161,66383,88414,464570,27445,183577,505480,67831,141099,457972,18617,203502,635319,6552,261680,560001,76484,186821,-1.0,-1.0
