1658274801689,35.983,0.7294118,0.6666667,0.95454544,0.6666667,0.7083333,0.5714286,0.95238096,0.33333334,1.0,46.9,47.600002,46.600002,47.300003,47.600002,47.600002,46.9,47.600002,47.9,49.300003,43.300003,43.300003,3970984,-869141,1075200,1075200,1075200,1075200,1075200,1075200,652800,1401600,9047676,184916,673871,9740820,175803,646931,4962661,347950,869503,4795293,344826,882400,3768207,270058,793141,3561848,260649,777879,3730507,498119,1029943,2449338,223107,700823,6126830655,405239570,6605249436,6447395591,379050138,6637594135,3417250388,735729399,9278718275,3267048952,726419494,9361313214,2627647605,571469325,9412725131,2523162361,556626960,9237065770,2753597398,973176505,11188449896,1368473551,571735118,9509150836,0.281843137254902,0.14616993464052286
1658274802930,35.946003,0.65697676,0.59090906,0.71428573,0.4347826,0.47619048,0.7826087,0.95652175,0.3,1.0,45.600002,45.9,45.300003,46.600002,46.300003,46.300003,45.9,47.300003,46.300003,47.9,43.600002,43.600002,3978769,-854797,1075200,1075200,1075200,1075200,1075200,1075200,652800,1401600,286,0,0,54,0,0,293,18,30,202,13,17,150,10,17,56,4,15,299,54,79,1,0,0,126980,0,0,29776,0,0,151220,23316,67805,119604,17800,31988,100097,20022,34149,24944,8639,54702,180560,90190,178608,35,0,0,-1.0,-1.0
1658274803959,35.936,0.79735684,0.9285714,1.0,0.79310346,0.71428573,0.82758623,0.78571427,0.35714287,1.0,46.600002,46.9,46.600002,47.9,48.300003,47.9,46.9,48.600002,47.300003,48.9,45.300003,44.9,3971178,-937805,1075200,1075200,1075200,1075200,1075200,1075200,652800,1401600,723,0,0,402,0,0,290,1,0,351,2,10,265,1,6,150,1,5,970,3,17,10,0,0,282029,0,0,142337,0,0,255385,574,0,265074,4050,25958,224213,565,31329,143491,314,34293,572658,5798,73519,253,0,0,-1.0,-1.0
1658274805207,35.916,0.8130841,0.962963,0.76,0.8214286,0.9285714,0.96428573,0.7692308,0.28,0.96428573,46.600002,46.9,46.300003,46.600002,46.600002,46.600002,46.600002,48.300003,46.9,48.600002,43.600002,43.9,4023146,-415954,1075200,1075200,1075200,1075200,1075200,1075200,652800,1401600,80,0,0,16,0,0,104,10,20,177,13,24,92,11,24,84,9,15,757,124,76,9,0,0,35614,0,0,5481,0,0,61618,15971,37307,96248,26927,61607,49397,25696,76178,62126,25541,30821,412122,226991,138661,241,0,0,-1.0,-1.0
1658274806365,35.902,0.5885168,0.7037037,0.88461536,0.34615386,0.4,0.28,1.0,0.07692308,1.0,46.9,47.300003,46.600002,46.9,47.9,47.9,47.300003,48.600002,47.9,48.9,43.9,43.9,4004850,-623169,1075200,1075200,1075200,1075200,1075200,1075200,652800,1401600,519,0,0,304,0,0,477,31,39,352,29,50,257,15,38,291,23,49,742,87,93,25,0,0,198054,0,0,116441,0,0,258818,43385,87428,214825,65732,102626,136278,25276,180896,182088,42706,115607,371640,175504,273966,8017,0,0,-1.0,-1.0
1658274807454,35.892002,0.7877358,0.7307692,0.9259259,0.7586207,0.72,0.7777778,1.0,0.4,1.0,45.600002,45.9,44.9,45.600002,45.9,46.300003,45.600002,47.9,46.300003,47.9,43.600002,43.600002,4014777,-578003,1075200,1075200,1075200,1075200,1075200,1075200,652800,1401600,357,3,6,68,0,0,400,28,56,395,31,65,424,27,61,144,5,8,631,117,102,8,0,2,279441,14932,40837,61674,0,0,228367,43163,281799,234799,49298,251428,215663,51147,169942,58527,10092,35764,317249,262430,267487,216,0,1338,-1.0,-1.0
1658274808550,35.885002,0.49519232,0.9230769,0.9230769,0.18518518,0.1923077,0.33333334,0.28,0.18518518,1.0,45.9,46.300003,45.9,46.600002,47.300003,47.600002,46.600002,47.9,46.9,48.300003,43.600002,43.600002,4017891,-527649,1075200,1075200,1075200,1075200,1075200,1075200,652800,1401600,562,4,7,289,0,0,534,49,48,574,41,64,330,10,19,74,13,16,572,58,108,22,0,0,287413,640,25469,197197,0,0,308455,96443,135289,286822,85384,158503,162922,12083,54141,55608,28993,31692,299354,117482,389947,963,0,0,-1.0,-1.0
1658274809701,35.875,0.62564105,0.46153846,0.44,0.88,0.45833334,0.52,1.0,0.20833333,1.0,45.600002,45.9,45.600002,45.9,46.600002,46.600002,45.9,47.600002,46.600002,47.9,42.9,43.300003,4014388,-456543,1075200,1075200,1075200,1075200,1075200,1075200,652800,1401600,510,0,0,273,7,17,380,30,50,270,22,48,171,19,41,163,17,21,609,92,150,9,0,1,211641,0,0,190300,24673,116955,228425,56028,364188,191450,25053,333436,129197,48296,409148,100737,55742,123798,318860,189645,411550,1684,0,542,-1.0,-1.0
1658274810790,35.865,0.6057692,1.0,0.44,0.96153843,0.1923077,0.8076923,0.3846154,0.04,1.0,45.9,46.600002,45.600002,46.300003,46.9,46.300003,46.300003,47.600002,46.9,47.600002,43.300003,43.300003,4006213,-606689,1075200,1075200,1075200,1075200,1075200,1075200,652800,1401600,329,14,45,71,4,14,112,4,11,222,17,32,124,2,14,47,5,7,276,103,100,53,0,0,349600,33567,330979,176589,14710,327166,57856,12812,351195,126894,32695,427894,85837,6009,226518,34706,2601,23514,264107,287080,366876,12754,0,0,-1.0,-1.0
1658274811907,35.858,0.55607474,0.8518519,0.2962963,0.42307693,0.24,0.89285713,0.4642857,0.32,1.0,44.9,45.300003,44.300003,44.9,45.300003,45.300003,44.9,47.300003,45.600002,46.9,43.300003,42.600002,4028207,-315246,1075200,1075200,1075200,1075200,1075200,1075200,652800,1401600,163,0,4,177,3,13,199,23,49,160,21,48,156,8,20,51,10,19,332,126,134,1,0,3,156383,0,5951,153376,4706,107775,134301,44787,203846,155824,41169,310622,107548,12744,77792,63677,21582,142944,244513,281054,361512,26,0,2027,-1.0,-1.0
1658274812980,35.855003,0.6135266,0.5769231,0.875,0.6923077,0.34615386,0.5,0.64,0.27586207,1.0,45.300003,45.300003,44.300003,45.300003,45.300003,45.600002,44.9,46.9,45.600002,46.9,42.600002,42.9,4015555,-441894,1075200,1075200,1075200,1075200,1075200,1075200,652800,1401600,108,0,0,345,0,1,158,21,47,235,46,73,122,17,48,128,35,49,142,100,158,12,0,2,102059,0,0,410125,0,5179,129383,46254,466269,243734,75723,561523,105526,24293,473900,140888,74046,468307,132151,225219,463715,344,0,550,-1.0,-1.0
1658274814080,35.845,0.6555024,0.4814815,0.4814815,0.56,1.0,0.96153843,0.4814815,0.28,1.0,44.300003,44.600002,44.300003,44.600002,45.300003,45.300003,44.600002,46.600002,45.300003,46.600002,42.600002,42.300003,4022368,-381775,1075200,1075200,1075200,1075200,1075200,1075200,652800,1401600,297,18,23,179,22,21,79,29,18,332,68,124,76,17,28,125,13,42,82,49,91,1,0,0,271370,20097,63300,180157,37891,297335,84175,50740,55581,264175,126760,414624,83030,30774,413332,108060,15700,572017,78757,137415,794037,22,0,0,-1.0,-1.0
1658274815151,35.848003,0.83870965,0.8888889,0.8888889,0.89285713,0.78571427,0.8888889,0.9259259,0.39285713,1.0,43.9,43.9,43.600002,44.600002,44.600002,44.300003,43.9,46.300003,44.300003,46.300003,41.9,41.9,4021005,-426636,1075200,1075200,1075200,1075200,1075200,1075200,652800,1401600,259,24,58,176,5,25,157,41,44,4,1,7,48,4,14,138,32,55,156,51,123,3,0,0,322207,68353,354352,226511,16304,475670,133866,104920,176247,3792,4292,137882,30547,10042,553300,119205,94230,528413,114325,118675,670289,66,0,0,0.0036140888208269525,0.004814701378254211
1658274816280,35.848003,0.7669903,0.8076923,0.76,0.8518519,0.7307692,0.8518519,1.0,0.16,1.0,45.300003,45.300003,44.600002,44.9,45.600002,45.300003,44.600002,46.300003,45.300003,46.9,42.9,42.600002,4002125,-664978,1075200,1075200,1075200,1075200,1075200,1075200,652800,1401600,315,24,61,109,2,17,283,52,84,157,8,11,72,1,4,43,12,22,337,30,57,2,0,0,251536,40919,326328,152088,1430,499274,219990,106591,282408,84925,12626,11276,34994,2708,5589,42414,31029,475092,203382,46417,733672,52,0,0,153.52202469135804,2.4768395061728397
1658274817491,35.861,0.6425121,0.32,0.375,0.8076923,0.33333334,1.0,0.9230769,0.20833333,1.0,46.9,46.9,46.300003,46.600002,46.600002,46.300003,45.9,47.9,46.600002,48.300003,44.600002,44.300003,3932640,-1501465,1075200,1075200,1075200,1075200,1075200,1075200,652800,1401600,258,15,18,417,39,75,201,18,42,165,38,54,91,16,37,33,0,4,623,103,146,4,0,1,210432,15349,22223,336531,56024,189592,252257,55126,190276,188690,92445,316682,86551,38705,177276,15646,0,10346,426882,173832,397629,417,0,589,771.4021885625965,5.22064914992272
1658274818587,35.861,0.5410628,0.34615386,0.8888889,0.5,0.24,0.16,1.0,0.12,1.0,47.600002,47.600002,46.600002,46.9,46.9,46.9,46.300003,48.9,46.9,48.9,45.600002,44.9,3943345,-1410523,1075200,1075200,1075200,1075200,1075200,1075200,652800,1401600,771,53,84,671,47,88,273,26,28,260,63,100,23,5,13,30,2,9,661,212,121,0,0,0,718390,66013,113722,497267,64547,177960,447695,71987,109363,334436,136732,302381,24146,9991,77786,24214,736,47345,469221,288792,166619,0,0,0,510.9943281733746,3.115145510835913
1658274819736,35.899002,0.5,0.3846154,0.5416667,0.41666666,0.30769232,0.28,1.0,0.04,1.0,47.9,48.300003,47.300003,47.9,47.600002,47.9,47.300003,49.600002,47.9,49.600002,46.300003,45.9,3929331,-1493531,1075200,1075200,1075200,1075200,1075200,1075200,652800,1401600,631,67,106,253,25,53,326,60,41,214,68,110,50,10,30,43,3,18,532,210,119,0,0,0,605419,75931,104637,203881,41650,98756,506435,146572,145906,285861,173623,412516,56297,18534,407255,33245,7837,144059,487183,282932,224777,0,0,0,517.3422857142857,3.3319480519480518
1658274820811,35.953003,0.5416667,0.26086956,0.3478261,0.44,0.48,0.61538464,1.0,0.13043478,1.0,48.600002,48.9,48.300003,47.9,48.300003,48.300003,47.300003,50.300003,47.9,49.9,46.600002,45.9,3932640,-1384888,1075200,1075200,1075200,1075200,1075200,1075200,652800,1401600,674,44,60,746,36,57,444,39,35,289,56,84,196,29,48,0,0,0,313,179,127,0,0,0,588467,60082,65216,591405,45568,89394,587399,113390,123699,326970,140111,243052,164853,49140,281922,0,0,0,332067,332512,308678,0,0,0,514.2312817337461,3.156953560371517
1658274821974,36.024002,0.78640777,0.68,0.68,0.92,0.7777778,1.0,0.96153843,0.34615386,1.0,49.600002,49.600002,48.600002,49.300003,48.9,49.300003,48.600002,50.9,49.600002,50.9,47.300003,47.300003,3925633,-1541443,1075200,1075200,1075200,1075200,1075200,1075200,652800,1401600,921,39,59,595,24,42,427,41,41,287,54,92,49,12,21,0,0,1,648,178,88,0,0,0,750094,54342,66610,463208,33143,77152,559448,104263,131033,336486,118651,261248,48989,21811,76134,0,0,28,507792,238644,115243,0,0,0,1.1121674718196457,0.008244766505636072
1658274823062,36.095,0.63243246,0.39130434,0.5652174,0.6,0.45833334,0.73913044,1.0,0.3181818,1.0,49.600002,49.600002,48.9,49.600002,49.600002,49.600002,48.300003,50.9,48.9,50.600002,47.300003,46.9,3929526,-1463013,1075200,1075200,1075200,1075200,1075200,1075200,652800,1401600,410,14,52,436,5,15,59,4,13,212,42,68,25,4,20,23,3,22,646,85,124,2,0,0,378444,20478,269342,255892,5559,81125,84427,8695,159469,215760,82004,422373,26877,8554,564958,23382,10013,425973,361512,139592,421940,411,0,0,518.9142681047765,3.2214976887519255
1658274824130,36.162003,0.5169082,0.3043478,0.1923077,0.5,0.3846154,0.6666667,1.0,0.115384616,1.0,49.9,50.300003,49.600002,49.300003,49.600002,49.600002,48.9,51.600002,49.600002,51.600002,47.9,47.300003,3921157,-1633607,1075200,1075200,1075200,1075200,1075200,1075200,652800,1401600,777,20,16,661,14,19,455,33,32,351,61,77,210,31,47,6,3,0,246,96,154,0,0,0,602828,23179,13524,479621,14536,29437,555822,74828,91418,331596,122188,204439,160909,49260,137925,3775,4086,0,182625,258134,443792,0,0,0,516.7297187017001,2.9727357032457498
1658274825217,36.233,0.52272725,0.26086956,0.22727273,0.4347826,0.45454547,0.65217394,1.0,0.14285715,1.0,50.300003,49.9,48.9,49.600002,49.9,50.300003,49.600002,51.600002,50.300003,51.9,48.300003,47.600002,3927580,-1494446,1075200,1075200,1075200,1075200,1075200,1075200,652800,1401600,786,50,70,610,55,99,502,41,32,248,65,106,34,11,18,1,0,0,325,171,183,0,0,0,676104,65169,69231,499234,87289,195271,624243,90857,103059,261599,169145,357191,23071,35096,231695,28,0,0,290531,291448,398087,0,0,0,515.1689861325116,3.192258859784283
1658274826302,36.297,0.4950495,0.52,0.25925925,0.44,0.16,1.0,0.5555556,0.08,1.0,50.600002,50.600002,49.600002,50.300003,50.300003,50.600002,50.300003,52.300003,50.9,52.600002,48.9,47.9,3923687,-1547547,1075200,1075200,1075200,1075200,1075200,1075200,652800,1401600,670,52,85,532,23,42,428,58,40,219,55,93,77,19,36,2,0,0,605,174,116,0,0,0,625636,80822,94456,444671,42013,78301,592750,153365,111770,246479,141598,374976,89133,42223,357565,338,0,0,475115,241764,189144,0,0,0,511.3793384853168,3.4652982998454402
1658274827439,36.372,0.59782606,0.5217391,0.54545456,0.5416667,0.3478261,1.0,0.375,0.41666666,1.0,51.300003,50.9,50.300003,50.9,50.9,50.9,50.300003,52.600002,50.9,52.600002,48.9,48.300003,3930110,-1487733,1075200,1075200,1075200,1075200,1075200,1075200,652800,1401600,611,47,58,707,48,81,397,47,29,238,58,103,1,1,1,66,9,18,542,196,122,0,0,1,637052,74696,80155,583921,90649,154891,612498,129314,90516,287782,140804,438484,1801,2656,758,56158,16398,146331,437931,273145,190611,0,0,513,515.5134814814814,3.251604938271605
1658274828492,36.433002,0.5561224,0.4,0.4090909,0.5,0.56,0.2173913,1.0,0.29166666,1.0,51.600002,51.600002,50.600002,50.9,51.300003,51.300003,50.300003,53.300003,50.9,52.9,49.300003,48.600002,3917848,-1492920,1075200,1075200,1075200,1075200,1075200,1075200,652800,1401600,401,9,16,377,9,19,340,45,27,217,72,116,23,6,37,88,13,37,501,197,123,0,0,0,404014,8933,17190,289389,17247,34202,534940,129755,78335,225679,202967,469275,22539,21545,387523,94398,29215,467997,413473,242243,216455,0,0,0,514.9835815384615,2.8756184615384615
1658274829591,36.514,0.5270936,0.20833333,0.48,0.5185185,0.52,0.9230769,0.37037036,0.1923077,1.0,51.600002,51.600002,50.600002,51.600002,51.300003,51.600002,50.600002,53.300003,51.300003,53.600002,49.300003,48.9,3932445,-1450196,1075200,1075200,1075200,1075200,1075200,1075200,652800,1401600,587,59,86,540,33,59,385,48,36,191,62,97,71,15,31,13,6,27,528,189,130,0,0,0,619853,98653,112566,447134,42221,107210,547503,120826,140170,208522,151057,371408,69076,36635,173892,16236,15270,279083,433187,262412,222432,0,0,0,515.7845564142194,3.1309057187017
1658274830681,36.595,0.5263158,0.61538464,0.5,0.5,0.22222222,0.23076923,1.0,0.083333336,1.0,51.300003,51.300003,51.300003,51.9,51.600002,51.300003,50.600002,53.600002,51.300003,53.300003,49.9,49.300003,3933419,-1430970,1075200,1075200,1075200,1075200,1075200,1075200,652800,1401600,691,49,74,467,35,57,356,56,34,200,47,88,57,12,30,45,14,36,579,196,119,0,0,0,661256,84931,95500,411739,73351,99429,535242,171004,103543,214637,125395,373014,67335,24799,294727,59732,44090,164104,498828,253708,174583,0,0,0,516.8863060278208,2.8604142194744977
1658274831777,36.656002,0.47738692,0.88,0.56,0.44,0.33333334,0.52,0.115384616,0.04347826,1.0,51.9,51.600002,51.300003,51.600002,51.600002,51.600002,50.9,53.9,51.600002,53.600002,49.600002,49.300003,3934003,-1414490,1075200,1075200,1075200,1075200,1075200,1075200,652800,1401600,626,49,73,525,20,37,360,48,39,229,57,104,119,24,49,4,0,2,570,198,102,0,0,0,594079,66104,89591,431437,21904,73211,540616,134157,117325,284617,116381,424213,132538,52617,350468,2332,0,44930,448779,271680,159346,0,0,0,514.2434514637904,2.909682588597843
1658274832853,36.730003,0.48087433,0.13043478,1.0,0.33333334,0.09090909,0.08695652,1.0,0.045454547,1.0,52.300003,52.600002,51.9,52.300003,51.9,51.9,50.600002,54.300003,51.600002,53.9,50.300003,49.600002,3932445,-1427918,1075200,1075200,1075200,1075200,1075200,1075200,652800,1401600,488,24,31,589,18,35,368,47,46,174,59,75,79,21,56,25,0,9,572,192,123,0,0,0,474093,46592,47504,477909,26689,77426,539321,106959,158899,197342,144320,320032,88431,63869,459826,31136,0,241902,468654,237507,186438,0,0,0,514.2974613003096,2.8184272445820433
1658274833884,36.801003,0.5081967,0.2857143,0.71428573,0.5,0.375,0.125,1.0,0.17391305,1.0,52.600002,52.600002,51.600002,51.9,51.9,52.300003,51.600002,53.9,52.300003,53.9,50.300003,49.600002,3935170,-1366883,1075200,1075200,1075200,1075200,1075200,1075200,652800,1401600,486,45,75,487,6,10,323,58,46,212,64,120,117,24,53,1,0,1,478,192,111,0,0,0,494361,62113,109572,392459,13386,22371,462740,151983,135186,265335,154117,476490,136154,46195,474847,0,0,18324,436724,249551,171453,0,0,0,516.8116597110754,2.677367576243981
1658274834901,36.865,0.5458937,0.64,0.3846154,0.5217391,0.44444445,0.26923078,1.0,0.041666668,1.0,53.300003,52.600002,51.9,51.9,52.300003,52.300003,52.300003,54.600002,52.600002,54.300003,50.9,49.9,3909868,-1458130,1075200,1075200,1075200,1075200,1075200,1075200,652800,1401600,485,37,45,753,15,29,368,56,43,226,54,81,94,24,48,0,0,0,492,176,103,0,0,0,555624,58038,55395,600150,18530,40400,504309,151318,118233,254563,144367,258718,98236,65444,399385,0,0,0,412887,246786,152912,0,0,0,514.6696718266254,3.1212383900928793
1658274835997,36.936,0.43455496,0.8695652,0.20833333,0.083333336,0.84,0.25,0.08695652,0.125,1.0,53.600002,53.300003,52.600002,52.9,52.600002,52.9,52.300003,54.9,52.600002,54.600002,51.300003,50.300003,3921935,-1546326,1075200,1075200,1075200,1075200,1075200,1075200,652800,1401600,395,30,41,600,26,49,359,44,27,194,53,91,65,16,31,54,9,15,655,213,119,0,0,0,442798,47377,51836,506528,37401,84408,498450,120653,66787,217007,132011,345195,65134,32107,322780,31799,16085,81011,514825,279857,180189,0,0,0,181.78300164203614,1.2656551724137932
1658274837104,37.007,0.5233161,1.0,0.48,0.5416667,0.24,0.6666667,0.25,0.041666668,1.0,52.300003,51.600002,50.9,51.600002,51.9,51.600002,51.300003,54.300003,51.600002,53.9,49.600002,49.300003,4006408,-383301,1075200,1075200,1075200,1075200,1075200,1075200,652800,1401600,156,0,0,554,0,4,455,41,70,302,43,60,307,26,50,302,24,42,288,83,112,0,0,0,144860,0,0,516503,0,34004,313579,83647,268724,253151,69398,172580,173112,53467,240469,183708,45326,214652,205601,160983,370957,0,0,0,-1.0,-1.0
1658274838116,37.068,0.7198068,0.9259259,0.56,0.5555556,1.0,0.5769231,0.7083333,0.4814815,1.0,51.300003,50.600002,49.9,50.9,50.600002,50.9,50.300003,53.300003,50.9,53.300003,48.9,48.300003,3992199,-560303,1075200,1075200,1075200,1075200,1075200,1075200,652800,1401600,33,8,15,300,17,27,143,20,75,223,78,86,96,14,63,101,4,29,23,24,91,0,0,0,94516,27074,76214,289222,56956,181237,153742,41772,605993,184973,199002,411255,117942,42630,576837,73366,7582,217200,22892,74192,834881,0,0,0,-1.0,-1.0
1658274839156,37.095,0.64705884,0.48,0.41666666,1.0,0.4,0.6,1.0,0.2,1.0,50.9,50.600002,49.9,51.300003,51.300003,51.600002,50.600002,52.9,51.300003,53.300003,47.9,47.9,3981883,-695190,1075200,1075200,1075200,1075200,1075200,1075200,652800,1401600,70,0,1,236,15,57,184,18,75,5,0,1,186,10,48,64,7,51,153,57,158,2,0,1,29404,0,1018,246062,48050,490427,166003,28985,620414,612,0,736,106172,13106,614914,78394,16910,570406,101171,169859,595322,74,0,543,-1.0,-1.0
1658274840252,37.122,0.59067357,0.47826087,0.5,0.7692308,0.4,0.41666666,1.0,0.16666667,1.0,50.9,50.9,49.600002,50.600002,50.600002,50.600002,50.300003,52.300003,51.300003,52.600002,47.9,47.9,3947822,-1200562,1075200,1075200,1075200,1075200,1075200,1075200,652800,1401600,166,13,19,363,18,42,120,35,34,274,10,35,76,10,26,9,3,7,307,12,66,2,1,1,247042,32858,229757,319232,42841,195618,79178,119606,125001,122486,29698,582177,47084,29483,598065,4830,12020,230558,119767,12522,823979,49,404,543,545.5746707692307,4.532689230769231
1658274841307,37.129,0.60714287,0.88461536,0.5,0.76,0.5,0.7916667,0.13043478,0.18181819,1.0,51.600002,51.9,51.300003,51.9,51.600002,51.600002,50.600002,52.9,51.300003,53.600002,49.600002,48.600002,3919210,-1526795,1075200,1075200,1075200,1075200,1075200,1075200,652800,1401600,542,27,43,937,15,31,234,30,39,277,33,57,331,55,73,0,0,0,352,53,198,1,1,0,483728,43075,156046,634583,16641,34334,390966,72990,132245,198734,45824,190712,282872,92285,183820,0,0,0,195034,133751,545628,42,391,0,1135.9808792569659,7.245919504643963
1658274842358,37.169003,0.6091954,0.8695652,0.5,0.7826087,1.0,0.26086956,0.15,0.23809524,1.0,53.300003,52.9,52.600002,52.600002,52.9,52.600002,51.9,54.300003,52.600002,54.600002,50.9,49.9,3910062,-1632081,1075200,1075200,1075200,1075200,1075200,1075200,652800,1401600,108,15,37,756,17,19,312,16,18,237,35,65,84,7,30,232,22,51,567,99,225,1,0,1,161271,43334,184503,637197,19297,28533,460424,41105,47508,226235,60447,274439,91693,14463,148256,165132,33280,203470,421856,118420,311636,28,0,499,871.6854812398043,5.31805546492659
1658274843362,37.186,0.5339806,1.0,0.375,0.61538464,0.0,0.07692308,1.0,0.08,1.0,53.600002,53.300003,52.600002,53.300003,53.300003,53.300003,52.600002,55.300003,52.9,55.300003,51.300003,50.600002,3911230,-1563721,1075200,1075200,1075200,1075200,1075200,1075200,652800,1401600,69,0,0,714,22,38,262,15,19,74,13,21,189,32,87,132,43,85,606,111,196,0,0,0,59342,0,0,638247,23815,43705,457313,50947,67987,67553,22522,68524,172878,62434,419052,162122,99201,422763,462894,111240,286027,0,0,0,873.3922588996764,5.136466019417476
1658274844458,37.244003,0.69266057,0.9259259,0.5,0.7,0.21428572,1.0,1.0,0.15384616,1.0,54.300003,53.9,53.300003,53.600002,53.600002,53.600002,53.300003,55.600002,53.9,55.600002,51.600002,50.9,3909478,-1564027,1075200,1075200,1075200,1075200,1075200,1075200,652800,1401600,185,1,3,687,14,24,306,10,22,179,38,66,151,30,70,9,0,6,626,192,126,0,0,0,181458,2794,9955,637741,14618,35541,562781,21122,77313,165594,97031,358415,150242,67141,531112,9356,0,28986,488880,228838,153879,0,0,0,894.3389180834621,5.345285935085008
1658274845570,37.301003,0.62222224,1.0,0.59090906,0.75,0.13636364,0.29166666,1.0,0.22727273,1.0,54.9,54.600002,53.300003,53.9,53.9,53.9,53.300003,55.9,53.9,55.9,51.9,51.600002,3923103,-1507874,1075200,1075200,1075200,1075200,1075200,1075200,652800,1401600,218,11,21,676,17,26,304,6,14,187,50,85,106,12,28,18,7,13,717,193,121,0,0,0,263899,13391,61840,648327,24048,33938,614925,17394,59476,174516,115184,286127,101544,20747,107583,32572,18567,81959,532828,195315,190511,0,0,0,902.2706707692307,5.54176
1658274846629,37.352,0.6214689,1.0,0.47619048,0.7692308,0.77272725,0.42857143,0.22727273,0.23809524,1.0,55.300003,54.600002,53.600002,53.9,54.300003,54.300003,53.600002,56.300003,54.300003,56.600002,52.300003,51.600002,3914928,-1563721,1075200,1075200,1075200,1075200,1075200,1075200,652800,1401600,102,12,47,630,11,21,247,10,18,156,43,64,143,29,69,0,0,0,718,200,119,0,0,0,182547,33836,282902,600696,11531,28008,489744,26834,51655,177300,91456,273973,137485,68671,430884,0,0,0,503476,237535,135408,0,0,0,900.7910048465267,5.190410339256866
1658274847668,37.392002,0.5952381,0.15384616,0.5,0.71428573,0.9230769,0.96153843,0.25925925,0.24,1.0,55.600002,54.9,54.9,54.9,54.600002,53.9,53.600002,56.600002,54.600002,56.9,52.600002,52.300003,3918042,-1526185,1075200,1075200,1075200,1075200,1075200,1075200,652800,1401600,33,0,0,646,16,40,305,11,15,123,21,49,99,26,50,150,27,61,657,180,109,0,0,1,30503,0,0,622122,17400,51796,538772,33602,33869,117585,43870,379481,103457,67962,306789,152136,62063,210413,445214,204810,144373,0,0,464,931.2073246753247,5.701818181818181
1658274848715,37.446003,0.5842105,0.73913044,0.54545456,0.6923077,0.125,0.5652174,0.8333333,0.17391305,1.0,55.300003,55.300003,54.9,55.300003,55.300003,54.9,53.9,56.9,54.9,56.9,52.9,52.300003,3918237,-1534730,1075200,1075200,1075200,1075200,1075200,1075200,652800,1401600,273,12,37,784,15,26,316,13,20,23,1,4,98,15,24,115,32,62,677,209,122,0,1,0,479418,35022,249192,718974,23003,24040,556721,36633,65306,8950,1536,12420,104669,22743,94002,130390,62694,488257,501228,214439,152021,0,342,0,970.9823596214511,5.751066246056782
1658274849768,37.507,0.59574467,1.0,0.5652174,0.7916667,0.5416667,0.59090906,0.045454547,0.0952381,1.0,55.9,55.600002,54.9,55.300003,54.600002,54.9,54.300003,57.300003,54.9,57.300003,53.300003,52.600002,3909478,-1521302,1075200,1075200,1075200,1075200,1075200,1075200,652800,1401600,95,3,8,673,13,22,269,10,24,59,21,48,158,23,64,92,14,38,668,170,154,0,0,0,137004,4398,17825,632533,16840,24114,482812,27372,93270,70996,51921,383854,160057,41381,396196,98704,20648,171692,473359,181341,178612,0,0,0,1008.7088,5.7936
1658274850801,37.551003,0.5828877,1.0,0.5652174,0.6666667,0.41666666,0.13043478,0.6818182,0.17391305,1.0,56.300003,55.9,55.600002,55.9,54.9,54.9,54.600002,57.600002,55.300003,57.9,53.600002,52.600002,3905196,-1535950,1075200,1075200,1075200,1075200,1075200,1075200,652800,1401600,78,0,0,631,12,18,228,8,18,93,10,38,55,17,38,150,32,68,816,177,117,3,0,2,98050,0,4220,644099,15520,25427,458423,18486,55613,91202,18471,164319,70138,47373,261912,162203,70147,507871,494277,194135,148176,123,0,985,1069.6603754045307,6.803106796116505
1658274851840,37.608,0.64044946,1.0,0.6,0.8,0.14285715,1.0,0.3181818,0.1904762,1.0,56.600002,55.9,55.600002,55.300003,55.600002,55.9,55.300003,58.300003,55.9,57.9,53.9,53.300003,3901109,-1698304,1075200,1075200,1075200,1075200,1075200,1075200,652800,1401600,97,9,25,589,16,22,253,9,21,57,13,28,174,27,59,90,19,47,755,160,123,0,1,0,135835,22622,159455,570101,22378,27400,460104,27824,72715,62541,27392,189710,173211,38446,227962,87382,52745,384185,462199,179236,158385,0,277,0,1151.9827654320986,6.840987654320988
1658274852920,37.666,0.61878455,1.0,0.7,0.6666667,0.9130435,0.13636364,0.22727273,0.33333334,1.0,56.600002,56.600002,55.600002,56.600002,56.300003,55.9,54.9,58.300003,55.9,58.300003,53.9,53.300003,3904418,-1582947,1075200,1075200,1075200,1075200,1075200,1075200,652800,1401600,97,16,28,601,3,23,328,6,15,96,23,37,87,17,45,53,11,41,896,206,116,2,0,2,169249,44413,155794,583284,6321,26088,523188,17823,50745,86700,46454,210569,94286,25357,370036,59953,30551,247706,503889,215957,142444,81,0,885,1226.6338120184898,6.412129429892142
1658274853989,37.723003,0.60335195,0.5833333,0.59090906,0.5714286,0.73913044,0.6086956,0.42857143,0.3478261,1.0,57.300003,56.9,55.9,56.600002,56.300003,56.300003,55.300003,58.600002,56.300003,58.600002,54.600002,53.600002,3912009,-1622010,1075200,1075200,1075200,1075200,1075200,1075200,652800,1401600,177,2,11,541,11,18,294,18,23,120,19,23,52,11,29,160,32,56,855,114,177,5,0,0,187553,382,71256,503703,10642,18965,477271,35210,62383,106101,31701,63657,56699,31195,343489,155568,81246,298986,462320,128487,235395,157,0,0,1281.8049088098917,7.74587944358578
1658274855033,37.784,0.5771144,0.8518519,0.5,0.7037037,0.25,0.04,1.0,0.16,1.0,58.300003,57.600002,56.9,57.300003,57.600002,57.300003,56.600002,59.300003,57.300003,58.9,55.300003,54.600002,3895464,-1699219,1075200,1075200,1075200,1075200,1075200,1075200,652800,1401600,149,0,4,636,2,6,394,24,25,298,43,51,205,35,54,99,23,39,565,88,167,5,0,0,133408,0,8148,530829,496,4641,470727,43121,50994,253319,74331,107390,169748,68754,141372,88717,48672,160805,349682,100234,298908,160,0,0,1344.5558384491114,6.831870759289176
1658274856064,37.845,0.56650245,1.0,0.48,0.7307692,0.0,0.15384616,1.0,0.12,1.0,57.9,57.600002,57.300003,57.600002,57.300003,57.300003,56.300003,59.300003,56.9,59.600002,55.300003,54.300003,3892934,-1672669,1075200,1075200,1075200,1075200,1075200,1075200,652800,1401600,74,14,15,703,10,23,349,14,24,329,59,79,110,15,68,17,5,11,499,81,258,2,0,0,65025,39189,45599,597871,12855,29539,461873,42827,59588,304493,72347,220628,123584,33537,639971,25940,11832,38058,387234,101731,426998,60,0,0,1323.42525695581,7.141446808510639
1658274857090,37.899002,0.61576355,0.76,0.48,0.7407407,0.6,0.23076923,0.7692308,0.37037036,1.0,58.600002,57.9,56.9,57.300003,57.600002,57.600002,56.300003,59.600002,56.9,59.600002,55.300003,54.600002,3911230,-1565858,1075200,1075200,1075200,1075200,1075200,1075200,652800,1401600,139,0,0,787,15,27,322,15,32,256,61,105,290,56,76,5,0,1,412,88,246,2,0,0,130632,0,0,676081,15484,35141,455250,27178,91503,253291,111384,416059,281165,99660,214737,4712,0,1316,338405,135669,394192,51,0,0,1032.4530885245902,5.52288524590164
1658274858116,37.95,0.5625,1.0,0.5416667,0.6923077,0.045454547,0.04347826,1.0,0.08695652,1.0,58.9,58.300003,57.600002,57.600002,57.9,57.9,57.300003,59.600002,57.9,59.9,55.9,54.9,3902666,-1687623,1075200,1075200,1075200,1075200,1075200,1075200,652800,1401600,283,0,0,841,3,6,339,17,23,253,51,72,196,49,77,75,12,19,567,80,202,3,0,0,254799,0,0,622260,3134,7307,551184,48035,51412,210294,101334,273187,195044,101768,289075,72959,13213,43708,410483,91941,275718,90,0,0,1036.8373374422188,5.423432973805855
1658274859164,38.014,0.66341466,0.4,0.56,0.7407407,0.88461536,0.46153846,1.0,0.2,1.0,57.9,58.300003,57.300003,57.9,57.600002,57.600002,56.600002,59.600002,57.600002,59.600002,55.9,54.600002,3910841,-1553956,1075200,1075200,1075200,1075200,1075200,1075200,652800,1401600,152,1,7,748,26,25,380,20,28,102,19,73,47,5,42,0,0,0,374,104,247,0,0,0,208878,1981,104979,610391,26485,26147,584743,49308,98548,96983,51094,649651,54781,12526,553456,0,0,0,376900,154419,412356,0,0,0,1027.8996743471582,6.000712749615976
1658274860270,38.075,0.4903846,0.25925925,0.24,0.2,1.0,0.12,0.7307692,0.25,1.0,59.300003,58.600002,57.600002,57.9,58.600002,58.300003,57.600002,60.300003,58.300003,60.300003,55.9,55.300003,3908894,-1683655,1075200,1075200,1075200,1075200,1075200,1075200,652800,1401600,207,21,39,783,6,12,384,10,21,172,17,34,112,21,50,22,0,1,561,131,192,0,0,0,346351,53290,241283,612234,5174,14898,608211,21152,54222,138018,37059,108613,114417,39150,390828,15598,0,786,404751,170015,301176,0,0,0,99.74125081433225,0.5714788273615635
1658274861309,38.132,0.59574467,0.47826087,0.14285715,0.72727275,1.0,0.65217394,0.625,0.04347826,1.0,55.9,56.300003,55.300003,56.300003,55.600002,55.9,55.600002,58.600002,55.9,58.300003,53.300003,52.9,3984997,-400390,1075200,1075200,1075200,1075200,1075200,1075200,652800,1401600,379,7,10,691,7,8,214,35,49,69,16,26,240,38,57,204,30,69,235,72,126,1,0,0,600666,16770,53562,714428,19885,46398,224217,61838,142721,65364,26612,99890,236994,63993,284052,206135,41387,366400,170045,177797,424734,40,0,0,-1.0,-1.0
1658274862309,38.169003,0.7119565,0.96,0.5,0.47826087,0.85714287,0.8695652,0.5416667,0.45833334,1.0,54.300003,54.300003,54.300003,54.9,54.9,54.600002,54.300003,57.300003,54.600002,56.9,52.300003,51.9,4005629,-351257,1075200,1075200,1075200,1075200,1075200,1075200,652800,1401600,230,50,67,332,69,112,58,3,6,0,0,0,106,12,61,117,10,66,26,15,115,0,0,0,291570,97202,452463,387488,144110,360286,46391,2254,26685,0,0,0,100931,26249,530206,116134,32574,548932,35632,57543,878951,0,0,0,-1.0,-1.0
1658274863334,38.193,0.57843137,0.26086956,0.4,1.0,0.32,1.0,0.44,0.16666667,1.0,54.600002,54.300003,53.9,54.600002,54.9,54.9,53.9,55.9,54.600002,56.600002,51.300003,51.600002,3984608,-626221,1075200,1075200,1075200,1075200,1075200,1075200,652800,1401600,145,6,16,294,25,68,279,25,74,97,6,14,14,2,4,231,21,77,143,33,97,5,0,0,256480,14626,400541,312305,80146,329537,201285,43429,558854,53092,11157,34427,11569,1941,11172,162479,47819,480794,78371,86937,699863,143,0,0,-1.0,-1.0
1658274864415,38.213,0.5689655,0.3809524,0.47619048,0.33333334,0.77272725,0.25,1.0,0.36363637,1.0,54.300003,54.300003,53.300003,54.300003,53.600002,53.9,53.9,55.9,54.600002,55.9,51.300003,51.300003,3928747,-1214600,1075200,1075200,1075200,1075200,1075200,1075200,652800,1401600,337,37,93,351,25,66,73,2,5,213,12,37,47,0,3,76,6,24,208,39,75,3,0,0,370030,61506,357339,336360,55592,444427,32489,6630,10143,126457,27950,736622,18224,0,4426,47518,9133,695754,119381,97322,725968,945,0,0,793.0207213114754,5.935698360655738
1658274865445,38.227,0.6666667,0.5925926,0.65,0.5416667,0.5185185,1.0,0.56,0.5185185,1.0,54.9,54.9,54.300003,54.9,54.9,54.9,53.9,56.9,55.300003,56.9,52.9,52.300003,3912009,-1568909,1075200,1075200,1075200,1075200,1075200,1075200,652800,1401600,428,34,43,725,9,8,470,53,65,184,49,40,112,25,49,96,24,36,336,52,219,6,0,0,473016,76294,116278,570970,11219,12071,399910,103007,191256,172958,82317,92849,107062,52149,222612,94009,40756,128074,282679,89600,435989,193,0,0,1637.4617283950618,9.634518518518519
1658274866522,38.25,0.609375,0.45833334,0.6666667,0.4347826,0.8333333,0.16666667,0.96153843,0.4,1.0,57.600002,57.600002,56.300003,56.600002,56.600002,57.300003,56.300003,58.600002,57.300003,58.600002,54.600002,53.9,3879893,-1886292,1075200,1075200,1075200,1075200,1075200,1075200,652800,1401600,277,27,36,638,7,15,659,24,41,251,42,60,160,34,46,95,15,25,511,35,284,8,0,0,297121,63004,81127,591665,8092,16125,508043,29021,70540,203796,68643,128562,163956,56365,198536,89646,24969,99657,333128,54711,414622,224,0,0,1927.5784605873262,10.593483771251933
1658274867589,38.281002,0.6719577,0.5,0.54545456,0.47826087,0.8333333,0.3478261,0.9166667,0.625,1.0,58.300003,58.300003,56.600002,57.300003,57.300003,57.600002,56.9,59.300003,57.600002,59.600002,55.600002,54.9,3891182,-1788331,1075200,1075200,1075200,1075200,1075200,1075200,652800,1401600,270,13,20,566,0,6,854,20,32,284,35,58,186,38,64,81,10,16,611,41,297,28,1,12,264438,22072,39777,533978,0,10654,567125,26564,52704,224201,54321,230677,174177,61725,165199,58438,13086,39837,358595,48493,408377,13015,388,16489,1532.8794110429446,7.586993865030674
1658274868647,38.321003,0.7536946,0.6,0.6086956,0.48,0.6923077,0.96428573,1.0,0.6296296,1.0,59.300003,58.600002,57.600002,57.600002,58.300003,58.300003,57.300003,59.9,58.300003,60.300003,56.300003,54.9,3889041,-1782533,1075200,1075200,1075200,1075200,1075200,1075200,652800,1401600,256,33,40,701,6,16,754,31,39,104,25,31,130,18,32,47,9,40,490,125,174,2,4,1,242631,91130,222967,666619,10341,21680,566767,34066,59157,105871,57626,103991,121133,26629,95372,49454,21022,428434,347233,176973,290956,164,1280,402,1542.4763266563946,7.471728813559322
1658274869697,38.355003,0.5953757,1.0,0.55,0.4347826,0.15,0.05,1.0,0.45454547,1.0,58.9,58.9,58.300003,58.9,59.300003,59.300003,58.300003,60.600002,58.9,60.9,56.600002,55.600002,3890598,-1699219,1075200,1075200,1075200,1075200,1075200,1075200,652800,1401600,276,23,35,624,6,7,673,33,53,113,36,62,128,29,46,1,0,1,564,93,217,9,1,6,272907,37818,74370,572836,6015,7399,533299,43481,77705,123074,92157,177522,111966,53534,236479,859,0,376,391514,124250,308943,3590,308,7741,1546.1782032786887,8.20464262295082
1658274870715,38.399002,0.5865922,0.39130434,0.5,0.36363637,0.7826087,0.17391305,1.0,0.45833334,1.0,59.300003,59.300003,58.300003,58.600002,58.9,58.600002,57.9,60.600002,58.600002,60.9,56.9,55.9,3899552,-1698304,1075200,1075200,1075200,1075200,1075200,1075200,652800,1401600,275,3,5,635,4,7,678,43,76,230,56,52,153,28,41,28,5,21,593,80,213,7,3,4,288210,2397,4211,611176,5023,9528,600919,47832,104165,215409,92564,103462,142272,51513,347752,44951,18806,126543,368047,98962,310613,3641,958,2982,1547.9278761609908,7.996631578947368
1658274871753,38.463,0.6220096,0.6,0.61538464,0.46153846,0.32,0.44,1.0,0.48,1.0,60.300003,59.9,58.600002,59.300003,59.300003,59.300003,58.600002,61.300003,59.300003,61.300003,57.600002,56.300003,3891766,-1735535,1075200,1075200,1075200,1075200,1075200,1075200,652800,1401600,401,14,25,718,2,11,819,27,35,178,37,74,150,25,45,0,0,0,463,81,213,1,0,3,455105,26780,59334,717032,3480,14658,591443,28606,55325,179090,63856,272100,143557,49041,298080,0,0,0,354739,112966,325396,23,0,1761,1541.4467938461537,7.754338461538461
1658274872814,38.501003,0.591133,0.3846154,0.68,0.375,0.53846157,0.33333334,1.0,0.3846154,1.0,59.9,60.300003,59.600002,59.9,59.9,59.9,58.600002,61.600002,59.300003,61.600002,57.600002,56.600002,3888457,-1790162,1075200,1075200,1075200,1075200,1075200,1075200,652800,1401600,311,25,42,692,7,24,722,50,73,187,37,56,57,13,41,0,0,0,617,139,158,3,0,0,329985,47895,131995,708389,11988,34908,600520,75913,111399,165221,66116,442901,56925,34233,252912,0,0,0,426510,167921,228273,76,0,0,1552.4822783171521,7.379883495145631
1658274873867,38.558002,0.5776699,0.7037037,0.625,0.36,0.08,0.42307693,1.0,0.42857143,1.0,60.9,60.600002,59.300003,59.600002,59.9,60.300003,59.300003,62.300003,59.600002,62.300003,57.9,56.9,3868410,-1823731,1075200,1075200,1075200,1075200,1075200,1075200,652800,1401600,506,30,35,709,6,12,719,35,73,136,28,46,180,43,65,3,1,2,385,39,258,0,1,2,533566,46528,82357,631957,7214,11700,532117,36666,102100,134013,40703,110442,161299,105955,353734,4043,2403,1258,317378,59006,424710,0,292,1264,1544.6293333333333,7.699649122807018
1658274874903,38.615,0.64851487,0.84615386,0.61538464,0.41666666,0.52,0.84615386,0.52,0.36,1.0,61.300003,60.9,59.600002,59.9,60.300003,60.600002,59.600002,62.300003,60.300003,62.600002,58.300003,57.600002,3890793,-1777039,1075200,1075200,1075200,1075200,1075200,1075200,652800,1401600,363,24,44,697,4,5,638,32,59,154,30,60,43,7,19,53,10,28,439,85,236,2,0,3,409629,44932,99641,613672,8518,9055,518022,36960,77380,154562,54776,294735,53516,20363,276960,44370,26314,168394,351019,120976,353488,50,0,1440,1540.3636363636363,7.944275862068965
1658274875952,38.663002,0.6292683,0.72,0.73913044,0.6,0.4,0.68,0.5769231,0.32,0.9655172,60.9,60.9,59.9,60.9,60.9,60.300003,59.600002,62.600002,60.300003,62.600002,58.300003,57.600002,3890404,-1780396,1075200,1075200,1075200,1075200,1075200,1075200,652800,1401600,294,15,23,676,5,8,746,20,39,166,34,69,102,32,46,28,11,14,558,190,133,10,2,4,389819,24694,66274,672753,5322,12394,563774,27034,50204,158319,64391,227184,113743,68030,305284,17735,38630,75716,382817,244971,199549,3751,836,6656,1527.7681712538226,8.14610397553517
1658274877058,38.734,0.57560974,0.17391305,0.56,0.3846154,1.0,1.0,0.12,0.34615386,0.96153843,61.600002,61.300003,60.300003,60.600002,60.9,60.9,60.300003,62.9,61.300003,62.9,58.9,57.9,3877363,-1867982,1075200,1075200,1075200,1075200,1075200,1075200,652800,1401600,518,27,39,471,2,6,599,24,43,292,48,69,112,22,36,37,15,17,680,95,259,5,3,4,427840,40907,66268,532103,3877,8730,474908,39475,65371,267763,67369,128725,120328,43889,136137,40336,30045,48974,389878,102178,335436,200,1006,2299,1540.7930350076103,8.420724505327245
1658274878176,38.798,0.5833333,1.0,0.6363636,0.47826087,0.0,1.0,0.13636364,0.36363637,1.0,61.600002,61.600002,60.600002,61.300003,60.9,60.600002,59.600002,63.300003,60.9,62.9,58.600002,57.9,3886706,-1709290,1075200,1075200,1075200,1075200,1075200,1075200,652800,1401600,552,40,43,524,7,14,593,22,44,111,21,39,52,6,11,178,38,66,557,37,352,18,6,8,460818,48063,56920,633525,9670,23106,546525,25961,85430,91443,31368,190064,47908,8243,49803,167485,78547,249253,379631,45441,511964,8327,2553,6120,1546.7518523076924,8.283618461538461
1658274879220,38.879,0.69142854,0.35,0.65,0.52380955,1.0,0.5,0.82608694,0.59090906,0.95652175,61.600002,61.600002,60.600002,61.300003,60.9,60.600002,60.300003,63.300003,60.9,63.600002,58.9,57.9,3889820,-1673890,1075200,1075200,1075200,1075200,1075200,1075200,652800,1401600,291,18,27,611,4,8,593,40,72,206,51,87,55,10,13,85,2,29,548,87,255,4,0,3,280568,28634,77265,579789,5176,10052,520360,56177,117262,202359,112387,404243,49641,12506,21322,75866,2524,249617,383063,87021,333855,134,0,1261,1524.9664097859327,8.535975535168195
1658274880282,38.936,0.5860215,0.13636364,0.54545456,0.4347826,1.0,0.04761905,1.0,0.3846154,1.0,62.600002,62.300003,61.300003,61.300003,61.600002,61.600002,60.9,63.600002,61.600002,63.600002,59.300003,58.600002,3876390,-1871949,1075200,1075200,1075200,1075200,1075200,1075200,652800,1401600,573,22,16,594,1,5,687,23,40,147,27,34,127,33,52,84,8,17,469,43,262,7,2,8,474567,28248,19630,658550,1420,4828,514487,27873,56600,132165,50544,106103,116348,82765,190462,70800,13067,25023,333906,53295,358739,2254,814,4635,1542.9256506955178,7.8906955177743425
1658274881322,38.980003,0.6580311,0.6086956,0.5714286,0.47826087,0.6,0.45833334,1.0,0.52,1.0,61.9,61.9,60.9,61.600002,61.600002,61.600002,60.9,63.600002,61.9,63.600002,59.300003,58.600002,3872692,-1799622,1075200,1075200,1075200,1075200,1075200,1075200,652800,1401600,583,42,61,630,3,8,721,30,59,173,46,74,62,10,38,0,0,0,483,60,310,8,0,0,473248,65005,116705,679214,4352,7693,570297,41037,98548,155112,117220,263240,61982,30997,287227,0,0,0,377902,101806,438958,1699,0,0,1543.911922829582,8.6244115755627
1658274882381,39.058002,0.6376812,0.53846157,0.65384614,0.5416667,0.6666667,0.32,0.9259259,0.42307693,1.0,62.9,62.600002,61.600002,62.300003,61.9,61.300003,60.9,64.3,61.600002,63.9,59.600002,58.9,3883981,-1762391,1075200,1075200,1075200,1075200,1075200,1075200,652800,1401600,466,19,25,564,4,6,659,23,50,242,37,55,151,24,36,60,7,17,471,61,283,9,0,0,376246,37566,53821,590020,5497,7760,532652,35604,79952,225164,57308,216465,136969,44548,120707,53321,10309,51035,340184,72157,385233,318,0,0,1544.6535232198144,8.276656346749226
1658274883472,39.119003,0.8829268,0.88461536,0.84,0.8965517,1.0,0.72,0.9230769,0.7916667,1.0,62.9,62.600002,61.600002,61.9,61.9,62.300003,60.9,63.9,61.9,64.3,59.9,59.300003,3880867,-1832276,1075200,1075200,1075200,1075200,1075200,1075200,652800,1401600,308,15,33,688,1,6,795,19,57,160,21,64,112,15,45,40,3,6,571,158,194,5,0,0,318722,13427,29679,707879,407,9186,579462,18609,73171,138916,48520,553467,121610,23056,300779,30559,1378,8498,380299,204250,274925,130,0,0,1546.5713548387096,7.646033794162826
1658274884587,39.190002,0.5813953,0.4,0.72727275,0.45454547,0.33333334,0.59090906,0.8181818,0.3809524,1.0,63.9,63.300003,62.300003,62.9,62.9,63.300003,62.300003,64.600006,63.300003,64.9,60.300003,59.300003,3868605,-1969911,1075200,1075200,1075200,1075200,1075200,1075200,652800,1401600,495,36,29,494,7,15,477,19,47,19,0,0,95,18,76,83,6,6,500,74,182,7,0,6,408257,39584,33196,534724,12126,21978,374902,26804,76557,12005,0,0,97433,44125,419503,45895,14499,39691,342364,96156,281580,3230,0,6870,0.013081916537867078,0.006442040185471406
1658274885599,39.234,0.8873239,0.96153843,1.0,0.962963,1.0,0.8888889,1.0,0.33333334,1.0,61.300003,61.9,60.9,60.9,61.600002,61.600002,60.9,62.600002,61.600002,63.600002,57.600002,57.600002,3963977,-827637,1075200,1075200,1075200,1075200,1075200,1075200,652800,1401600,998,1,7,350,0,1,207,35,72,329,36,81,207,22,42,227,5,8,400,58,63,1,0,0,639521,344,41605,296992,0,3269,208862,74264,337661,260635,53399,331066,172165,42573,232484,99869,9676,26365,247523,146040,271432,40,0,0,-1.0,-1.0
