1658277440554,31.819002,0.12269939,0.2173913,0.14285715,0.14285715,0.1,0.1,0.05263158,0.0,0.1904762,39.600002,39.600002,39.600002,40.300003,40.9,40.600002,40.600002,40.9,41.300003,42.600002,37.9,37.9,3887679,-815735,1075200,1075200,1075200,1075200,1075200,1075200,652800,1401600,983153,22047,68222,1039708,24948,70327,530350,40221,93194,504181,41125,95163,410843,30116,81128,403837,29330,79719,525356,62601,116528,242106,19212,71653,735137422,49895495,753689238,793209022,51895020,742538711,443167056,88139743,1061792492,422029625,89559521,1066821232,344053992,64894391,1066612184,332481065,64781724,1023515508,345014382,119780178,1339952737,137626774,51350434,1195955517,0.001673805601317957,0.001370675453047776
1658277441539,31.816002,0.28143713,0.1904762,0.2,0.14285715,0.14285715,0.14285715,0.25,0.2857143,0.85,38.300003,38.300003,37.600002,37.9,37.9,37.600002,37.9,37.600002,37.600002,38.300003,36.9,36.9,3922908,-328064,1075200,1075200,1075200,1075200,1075200,1075200,652800,1401600,816,1,1,882,0,1,426,38,79,233,38,83,495,57,86,419,38,87,76,17,72,82,6,60,780118,396,1087,776364,0,372,327061,74052,350849,244597,80799,417364,374350,108162,320902,325380,74193,400625,60924,37549,703495,39506,10314,515448,-1.0,-1.0
1658277442543,31.826002,0.33128834,0.1,0.15,0.23809524,0.23809524,0.6666667,0.25,0.15,0.9047619,38.9,38.600002,38.300003,38.9,39.300003,38.9,38.9,40.300003,39.300003,41.600002,36.9,37.300003,3909868,-401916,1075200,1075200,1075200,1075200,1075200,1075200,652800,1401600,300,17,48,574,58,60,243,40,102,213,40,83,211,33,75,169,31,80,20,15,88,74,11,40,424235,39777,339905,535229,106909,181011,207294,95480,512035,193578,83984,590511,158708,76694,602185,145419,62152,635701,23279,56998,784129,15693,9914,188909,-1.0,-1.0
1658277443539,31.835001,0.43085107,0.6086956,0.47826087,0.65217394,0.33333334,0.041666668,0.3043478,0.041666668,1.0,39.9,39.600002,39.600002,40.300003,40.300003,40.600002,40.300003,41.300003,40.600002,42.600002,37.9,38.600002,3894102,-572510,1075200,1075200,1075200,1075200,1075200,1075200,652800,1401600,1014,10,23,1200,13,19,597,11,24,466,9,21,286,9,37,367,13,23,479,3,32,81,0,7,646100,18770,91328,672277,26498,70580,492648,30070,247047,489429,18549,186663,297481,16996,241427,454310,30584,223673,475116,8950,303384,51546,0,16766,-1.0,-1.0
1658277444565,31.851002,0.030303031,0.0,0.041666668,0.04,0.0,0.0,0.15384616,0.0,0.0,40.300003,40.300003,39.9,40.9,40.9,40.9,40.600002,41.600002,40.9,42.600002,37.9,37.9,3906364,-546265,1075200,1075200,1075200,1075200,1075200,1075200,652800,1401600,828,0,0,720,0,0,359,11,31,476,16,31,294,8,26,371,15,27,594,59,73,159,5,19,466188,0,0,453391,0,0,341772,20145,66341,344121,33657,90993,261724,16340,217269,299246,25521,110650,506953,116495,219206,70151,6235,39195,0.005482170542635658,0.3463441860465116
1658277445737,31.854002,0.56666666,0.5,0.5652174,0.52380955,0.42105263,0.5217391,0.54545456,0.48,0.9583333,38.300003,37.9,37.600002,37.9,38.600002,38.600002,38.300003,38.600002,38.300003,39.600002,36.9,37.300003,3918432,-266113,1075200,1075200,1075200,1075200,1075200,1075200,652800,1401600,614,0,11,826,15,23,274,22,66,277,16,58,143,25,55,249,27,52,414,23,86,265,16,63,549906,0,285531,580446,46927,216159,183125,53473,583974,172512,37695,596994,123896,55884,547559,146998,49905,469141,230239,27778,718934,169949,25668,705045,0.020855263157894738,0.0385
1658277446797,31.867,0.33333334,0.13043478,0.5714286,0.4090909,0.17391305,0.13043478,0.20833333,0.04347826,0.95652175,40.600002,40.9,40.600002,40.9,40.9,41.600002,40.600002,41.600002,41.300003,42.9,38.600002,38.600002,3885538,-690918,1075200,1075200,1075200,1075200,1075200,1075200,652800,1401600,832,0,0,1248,0,0,588,36,41,625,33,52,609,12,38,466,15,53,506,26,88,128,2,11,573054,0,0,610662,0,0,354008,76148,140701,366767,81813,165799,280269,19685,291795,285452,23916,215034,302324,63254,386958,41539,4103,10485,-1.0,-1.0
1658277447822,31.877,0.49707603,0.45454547,0.42857143,0.4,0.42105263,0.47619048,0.47826087,0.3478261,1.0,40.300003,40.300003,40.300003,40.300003,40.600002,40.600002,40.9,41.9,41.600002,43.300003,38.300003,37.9,3909284,-479736,1075200,1075200,1075200,1075200,1075200,1075200,652800,1401600,895,0,0,1001,0,0,598,29,74,511,63,74,442,31,73,310,33,62,468,55,158,52,2,7,669119,0,0,579852,0,0,312099,46085,240798,364506,133419,240837,311608,52057,345862,234723,71825,300000,301345,117012,430435,11899,2846,15054,-1.0,-1.0
1658277448827,31.880001,0.34375,0.28,0.32,0.3846154,0.33333334,0.26086956,0.29166666,0.08695652,0.84,40.600002,40.600002,40.300003,40.9,41.300003,41.600002,41.300003,41.9,41.600002,43.600002,38.600002,38.300003,3909673,-500488,1075200,1075200,1075200,1075200,1075200,1075200,652800,1401600,972,0,0,1041,0,0,532,28,42,542,41,73,472,15,58,457,21,58,499,71,118,75,1,7,651192,0,0,677878,0,0,316875,46296,149107,355486,78040,235748,277923,25432,240661,272722,37440,216857,309303,150398,387493,18283,413,4692,-1.0,-1.0
1658277449946,31.899002,0.17977528,0.18181819,0.26086956,0.17391305,0.22727273,0.2173913,0.09090909,0.09090909,0.17391305,41.300003,41.300003,40.9,41.600002,41.300003,41.600002,41.300003,41.300003,41.9,41.9,38.600002,38.600002,3884175,-785217,1075200,1075200,1075200,1075200,1075200,1075200,652800,1401600,548,6,20,722,9,37,226,17,61,260,27,68,333,15,41,261,10,29,540,103,109,107,3,14,574035,9712,201547,599448,11769,153990,177289,34599,516524,177529,63815,489300,208558,22197,490865,176584,22935,523099,338952,237678,341678,42625,3141,68785,-1.0,-1.0
1658277451015,31.912,0.33333334,0.125,0.041666668,0.46153846,0.115384616,0.8214286,0.84615386,0.03846154,0.11111111,39.9,39.9,39.600002,39.9,40.300003,40.300003,40.300003,40.600002,40.9,41.600002,37.600002,37.9,3898579,-560608,1075200,1075200,1075200,1075200,1075200,1075200,652800,1401600,414,19,45,460,24,48,197,9,34,252,5,32,174,2,20,195,4,32,208,28,30,161,0,35,407949,50562,460369,481498,61502,357918,168398,22569,730039,167460,8797,526071,119873,0,772965,124239,4694,735023,176821,56705,750951,66453,0,806212,-1.0,-1.0
1658277452120,31.918001,0.46226415,0.32,0.5185185,0.28,0.34615386,0.72,0.85714287,0.22222222,0.32142857,38.300003,38.300003,37.600002,38.600002,38.300003,38.300003,37.9,37.9,38.300003,38.600002,37.300003,37.600002,3929137,-240173,1075200,1075200,1075200,1075200,1075200,1075200,652800,1401600,520,36,65,607,17,58,258,23,53,303,53,104,182,20,49,191,19,37,169,112,119,224,14,81,569110,75707,172054,546494,31745,259406,133030,72323,500721,246758,123858,439818,154460,36239,258672,111972,31938,195348,124235,312261,531199,69231,56580,719623,-1.0,-1.0
1658277453182,31.931002,0.20111732,0.24,0.2173913,0.14285715,0.39130434,0.13636364,0.1904762,0.0952381,0.13636364,38.300003,38.300003,37.9,38.600002,38.600002,38.600002,38.600002,37.9,38.9,38.9,37.300003,37.300003,3919794,-369262,1075200,1075200,1075200,1075200,1075200,1075200,652800,1401600,503,3,30,491,4,33,244,33,55,240,31,61,82,13,47,98,7,33,121,73,98,146,65,79,562924,6711,328671,530289,5357,290791,297566,66562,578928,264418,66844,593159,145968,25819,495326,86088,15437,484914,92886,189880,672649,87315,156249,693878,-1.0,-1.0
1658277454199,31.956001,0.36507937,0.3181818,0.41666666,0.32,0.32,0.22727273,0.36,0.39130434,0.6,37.600002,37.9,37.300003,37.600002,37.9,37.600002,37.300003,37.600002,37.600002,37.9,36.9,36.9,3922714,-276184,1075200,1075200,1075200,1075200,1075200,1075200,652800,1401600,283,10,26,342,13,56,119,36,48,91,22,68,111,21,55,72,9,38,23,17,66,73,21,84,352686,21806,555776,415299,33547,489337,134780,81607,689450,91406,62863,738187,115163,31981,627454,85646,25040,744402,40879,49487,882179,64567,25767,849918,-1.0,-1.0
1658277455248,31.959002,0.44827586,0.47826087,0.4090909,0.4,0.3809524,0.8095238,0.59090906,0.13636364,0.33333334,37.600002,37.300003,37.300003,37.600002,37.600002,37.300003,37.300003,37.300003,37.300003,37.600002,36.9,36.9,3931278,-228576,1075200,1075200,1075200,1075200,1075200,1075200,652800,1401600,355,10,61,373,7,54,166,33,78,175,25,74,124,12,39,119,17,52,133,9,42,102,11,48,452874,29435,424286,427399,5168,464613,120937,106764,706751,121303,47634,774508,90853,30725,691044,103836,28404,796090,58675,8864,853572,47933,40210,778317,-1.0,-1.0
1658277456294,31.985,0.12135922,0.115384616,0.115384616,0.04,0.21428572,0.30769232,0.16,0.0,0.0,37.9,37.9,37.600002,37.9,38.300003,37.9,37.9,37.9,38.300003,38.600002,37.300003,37.300003,3910062,-534668,1075200,1075200,1075200,1075200,1075200,1075200,652800,1401600,398,10,54,561,7,72,249,21,81,263,18,85,105,1,23,108,14,61,130,28,82,243,17,72,412514,10024,536553,434977,7163,516672,154560,49097,734417,181760,42637,720964,29261,2804,645662,81369,21652,664632,119336,77175,851234,185131,22325,807158,12.182188905547227,0.27962818590704647
1658277457471,31.991001,0.030927835,0.041666668,0.08,0.07692308,0.041666668,0.041666668,0.0,0.0,0.04,37.9,37.600002,37.300003,37.600002,37.600002,37.300003,36.9,37.300003,37.600002,37.300003,37.600002,37.300003,3865490,-972290,1075200,1075200,1075200,1075200,1075200,1075200,652800,1401600,686,39,76,571,42,96,179,30,91,324,56,95,117,12,49,76,16,50,76,30,89,119,47,102,502968,70413,334572,507513,69719,349427,209082,47828,641327,318934,95828,442336,105326,27739,480255,81903,36129,594262,78559,50544,860192,77532,137736,749879,-1.0,-1.0
1658277458505,32.010002,0.27450982,0.37037036,0.4,0.29166666,0.2962963,0.32142857,0.53846157,0.037037037,0.03846154,37.9,38.300003,37.300003,37.9,37.9,37.9,36.9,36.9,37.300003,37.300003,37.600002,37.300003,3907532,-449829,1075200,1075200,1075200,1075200,1075200,1075200,652800,1401600,506,11,54,453,10,45,195,28,91,277,41,79,222,36,77,186,33,83,91,21,69,46,14,94,501934,18826,315882,506022,15139,255338,164006,44069,633760,176127,84980,503927,168311,60502,491761,178109,67885,574327,77739,55104,857221,56231,40404,875921,2.736821150855365,0.07433903576982893
1658277459577,32.033,0.35227272,0.3478261,0.5217391,0.4090909,0.23809524,0.5,0.26086956,0.3181818,0.22727273,38.600002,38.600002,38.300003,38.300003,38.300003,38.300003,37.600002,37.9,37.9,37.9,38.300003,38.300003,3865490,-1065064,1075200,1075200,1075200,1075200,1075200,1075200,652800,1401600,675,28,51,771,35,58,562,47,74,358,47,91,244,32,76,221,27,59,74,27,100,41,21,93,518083,47303,213782,581846,53173,166601,470986,82545,246501,298216,84084,496188,204438,61547,519026,169080,41537,511837,70592,53227,924836,42995,85245,903587,141.5201584158416,1.8986666666666667
1658277460596,32.052002,0.2596685,0.09090909,0.3043478,0.26086956,0.13636364,0.45454547,0.14285715,0.20833333,0.45833334,40.300003,40.600002,39.9,40.300003,40.300003,40.300003,40.300003,41.300003,40.600002,42.300003,39.600002,39.300003,3825590,-1376343,1075200,1075200,1075200,1075200,1075200,1075200,652800,1401600,642,15,23,701,12,17,339,51,60,380,50,92,264,32,56,264,38,70,507,118,89,115,29,89,603062,17253,68380,601323,17754,27095,332096,102809,181501,302573,79610,300120,203468,38533,280171,219991,91257,319284,359152,165993,283790,49406,70914,553934,161.6658823529412,1.311686274509804
1658277461596,32.087,0.19672132,0.1904762,0.22727273,0.22727273,0.28,0.33333334,0.2173913,0.04347826,0.0,40.9,40.600002,39.9,40.600002,40.600002,40.300003,40.300003,40.300003,40.600002,40.600002,39.9,39.9,3846027,-1224060,1075200,1075200,1075200,1075200,1075200,1075200,652800,1401600,541,25,40,577,17,34,283,38,67,293,44,71,155,19,48,143,24,54,666,159,74,112,20,108,452949,42318,100577,488590,24837,57456,275099,73671,234867,300338,88785,252307,124480,36634,217625,150780,45708,318624,447844,218797,144043,83986,61299,480101,105.06207792207792,0.9188571428571428
1658277462598,32.125,0.11173184,0.16666667,0.2173913,0.17391305,0.13636364,0.17391305,0.045454547,0.04761905,0.0,40.9,41.300003,40.300003,40.600002,40.600002,40.300003,39.600002,39.600002,39.600002,40.300003,39.9,39.600002,3847389,-1094361,1075200,1075200,1075200,1075200,1075200,1075200,652800,1401600,905,37,43,805,34,38,364,59,82,373,73,81,160,19,61,211,26,67,123,30,102,45,13,79,707257,43322,85325,694843,57266,66092,370383,116737,284171,418889,129776,293762,112902,51399,433094,180163,45996,603462,94313,82322,724916,67355,24682,863434,123.23564356435645,0.8568184818481849
1658277463639,32.198,0.13294798,0.04761905,0.15,0.26086956,0.22727273,0.04761905,0.17391305,0.20833333,0.0,40.9,40.600002,40.300003,40.9,40.600002,39.9,39.9,40.300003,40.300003,40.600002,40.600002,39.9,3833181,-1151429,1075200,1075200,1075200,1075200,1075200,1075200,652800,1401600,713,48,68,903,43,41,425,66,76,470,68,84,122,24,64,138,19,66,37,9,66,16,5,51,642951,75881,185614,781302,50766,62756,422196,129663,332925,495921,122174,281271,142838,55315,677341,129361,40210,712456,45474,38646,886397,30291,9492,1013597,138.6760258064516,1.0071225806451614
1658277464639,32.262,0.09042553,0.09090909,0.13636364,0.20833333,0.04347826,0.041666668,0.083333336,0.08,0.0,40.9,41.300003,40.600002,41.300003,40.9,40.600002,40.300003,40.300003,40.300003,40.600002,40.600002,39.9,3843107,-1126709,1075200,1075200,1075200,1075200,1075200,1075200,652800,1401600,640,44,72,846,49,49,474,73,81,526,66,87,163,18,83,148,25,60,32,14,67,11,3,49,626155,85344,176009,716465,61355,85709,449390,140370,212297,515645,104622,218857,161620,37377,693071,139939,53994,586915,46460,40002,849950,20317,7290,929006,129.96041558441559,1.091168831168831
1658277465648,32.331,0.18994413,0.25,0.26086956,0.27272728,0.26086956,0.15,0.18181819,0.0,0.045454547,40.9,40.9,40.600002,40.300003,40.600002,40.600002,39.9,40.300003,40.300003,40.600002,40.600002,40.300003,3838241,-1142578,1075200,1075200,1075200,1075200,1075200,1075200,652800,1401600,872,41,73,887,47,58,449,85,61,256,49,87,249,61,88,113,26,62,50,7,61,16,1,51,660324,46114,153366,751534,54774,91091,500059,179461,160180,325600,90609,477478,270214,131649,478800,116139,59858,632474,59756,18756,851063,26100,4162,948009,127.28051118210863,1.0008945686900959
1658277466679,32.401,0.17714286,0.14285715,0.22727273,0.27272728,0.39130434,0.13636364,0.13636364,0.045454547,0.13043478,41.600002,41.300003,40.9,41.300003,40.9,40.9,40.600002,40.9,40.9,40.9,40.600002,40.600002,3848946,-1122132,1075200,1075200,1075200,1075200,1075200,1075200,652800,1401600,672,46,77,873,46,59,430,85,58,413,97,101,422,72,89,140,20,72,60,17,82,3,1,35,639680,69912,205105,775461,66406,92038,524567,192061,184544,419394,186814,288723,359935,126357,387080,143574,52153,653517,82193,53307,882150,4419,317,1013481,135.39859844961242,1.166139534883721
1658277467696,32.484,0.06806283,0.04347826,0.125,0.16,0.08695652,0.083333336,0.0,0.12,0.0,41.9,42.300003,41.600002,41.300003,41.600002,41.600002,41.300003,41.300003,41.600002,41.600002,40.9,40.9,3844470,-1170960,1075200,1075200,1075200,1075200,1075200,1075200,652800,1401600,751,43,76,899,43,70,586,69,52,207,57,87,140,28,49,156,21,62,72,20,81,2,0,33,597171,69971,226182,709415,46214,105205,580525,128396,138109,227971,131857,505204,153313,51437,430860,178806,26409,526124,81267,51828,833069,2153,0,965820,138.24945911949686,0.9620125786163521
1658277468712,32.564003,0.13793103,0.17391305,0.18181819,0.2173913,0.1,0.17391305,0.17391305,0.04761905,0.0,41.600002,41.600002,40.9,41.600002,41.300003,41.300003,40.9,41.300003,41.300003,41.300003,40.9,40.600002,3842718,-1028137,1075200,1075200,1075200,1075200,1075200,1075200,652800,1401600,856,37,71,970,28,42,510,70,54,240,58,83,131,23,55,158,30,68,48,10,78,3,1,40,640729,48369,199084,778032,42968,69556,482824,157326,255939,276298,139316,440843,154206,46190,717095,156777,57742,645776,69465,32722,893374,3750,2495,968980,103.17649289099526,0.7507614533965246
1658277469719,32.637,0.16763006,0.14285715,0.04761905,0.13043478,0.045454547,0.8333333,0.09090909,0.045454547,0.04347826,41.600002,41.600002,41.300003,41.300003,40.9,41.300003,40.9,40.9,40.9,41.600002,41.300003,40.9,3851282,-974426,1075200,1075200,1075200,1075200,1075200,1075200,652800,1401600,730,22,64,944,24,36,515,51,59,287,56,80,274,50,95,99,24,46,45,18,76,3,0,33,637858,33122,252484,766953,34890,73801,479400,110847,310402,339901,109929,485985,246448,90925,592722,98559,46968,675790,61027,65620,852799,6544,0,962469,104.49781759999999,0.7407616
1658277470717,32.713,0.24561404,0.0952381,0.14285715,0.18181819,0.17391305,0.13636364,1.0,0.14285715,0.0,41.9,41.9,41.300003,41.600002,41.600002,41.300003,40.9,41.300003,41.300003,41.300003,41.600002,40.9,3839020,-1137696,1075200,1075200,1075200,1075200,1075200,1075200,652800,1401600,1082,18,31,948,46,42,235,72,81,333,54,73,93,13,29,399,38,65,45,10,77,1,2,38,773899,19789,56878,758690,66558,75751,272885,184689,429292,311866,132671,375246,80943,26208,272964,354914,59519,410784,73922,29274,857818,815,11573,932581,105.51072051696283,0.6912310177705977
1658277471717,32.789,0.14450867,0.14285715,0.2173913,0.18181819,0.14285715,0.13636364,0.18181819,0.18181819,0.0,42.300003,42.300003,41.600002,41.9,41.9,41.9,41.600002,41.600002,41.9,41.600002,41.600002,41.300003,3836684,-1174317,1075200,1075200,1075200,1075200,1075200,1075200,652800,1401600,719,31,46,1156,25,35,381,61,77,369,64,91,162,26,54,177,33,45,27,7,64,8,6,55,640634,45328,173650,765929,29474,59164,391980,148618,328247,362681,121734,389793,161858,51192,443730,199076,61927,154602,32571,21623,891211,11424,24116,933917,104.16449122807018,0.6679681020733652
1658277472762,32.866,0.15116279,0.0952381,0.1,0.22727273,0.1,0.0952381,0.3043478,0.18181819,0.04347826,41.9,41.600002,41.600002,41.600002,41.600002,41.600002,40.9,41.300003,41.300003,41.300003,41.600002,40.9,3850698,-979004,1075200,1075200,1075200,1075200,1075200,1075200,652800,1401600,1000,36,50,982,41,38,436,63,73,348,51,95,244,27,75,158,25,63,32,5,61,12,1,48,693047,69880,149094,752090,60001,83208,434006,123160,358240,360012,109368,439343,213973,52422,636229,165634,47531,570640,42862,11200,913562,23669,3302,966456,99.05004958677686,0.6574545454545455
1658277473791,32.942,0.07602339,0.13636364,0.17391305,0.09090909,0.04761905,0.045454547,0.2173913,0.045454547,0.0,41.9,41.9,41.600002,41.600002,41.300003,41.600002,40.9,41.600002,41.300003,41.9,41.600002,41.300003,3855564,-941162,1075200,1075200,1075200,1075200,1075200,1075200,652800,1401600,765,33,56,872,47,53,356,53,78,439,46,74,427,41,82,72,5,40,38,8,66,13,6,47,665954,57952,191156,729292,65017,139247,353806,136220,446607,403990,99127,426403,392533,69263,453713,60467,17047,751111,43348,27044,866780,27165,20760,949802,99.5524176182708,0.6884437194127244
1658277474799,33.015003,0.6312849,0.8181818,0.5217391,0.52380955,0.7916667,0.82608694,0.5652174,0.23809524,0.6818182,42.9,42.300003,41.9,41.9,42.300003,41.9,41.300003,41.600002,41.600002,41.600002,41.600002,41.300003,3844275,-1119385,1075200,1075200,1075200,1075200,1075200,1075200,652800,1401600,898,28,63,1041,38,38,363,50,70,367,46,80,173,29,63,256,41,71,44,11,64,10,2,55,703609,42942,154992,763914,59836,53769,389594,121269,399604,399374,71578,445636,157565,68020,673063,236616,76299,468646,56662,41757,882825,18284,8797,975695,101.88685179407176,0.713984399375975
1658277475847,33.092003,0.085,0.12,0.08,0.08,0.08,0.14814815,0.08,0.0,0.14814815,43.9,43.9,43.600002,43.9,43.9,43.600002,42.9,43.600002,43.300003,44.9,42.300003,42.300003,3813912,-1409913,1075200,1075200,1075200,1075200,1075200,1075200,652800,1401600,541,29,55,650,30,46,421,39,54,498,43,56,256,17,44,175,5,29,568,49,54,283,29,59,417824,29960,129257,505512,46860,107610,321657,58454,303530,377014,80852,177853,161960,27734,227106,86418,5690,390929,331444,93623,493348,118139,51290,613097,101.41416149068323,0.7317763975155279
1658277476895,33.174,0.11827957,0.09090909,0.08695652,0.08695652,0.09090909,0.125,0.13043478,0.08695652,0.20833333,43.300003,42.9,42.600002,42.600002,42.9,42.600002,42.300003,42.9,42.600002,43.300003,41.9,41.600002,3855758,-959168,1075200,1075200,1075200,1075200,1075200,1075200,652800,1401600,833,16,30,879,22,29,361,34,67,429,42,72,279,29,58,483,47,80,303,53,122,100,28,109,693670,29360,80984,748600,24043,55331,317085,88123,343336,397097,77143,311105,203090,54259,453293,392851,81798,352949,218528,134975,595358,84018,61366,688684,-1.0,-1.0
1658277477929,33.238003,0.044692736,0.0,0.09090909,0.04347826,0.08695652,0.0952381,0.045454547,0.0,0.0,41.600002,41.300003,40.9,41.600002,41.300003,41.600002,41.300003,41.600002,41.9,41.9,40.600002,40.600002,3915901,-203247,1075200,1075200,1075200,1075200,1075200,1075200,652800,1401600,645,9,21,551,6,40,173,42,92,161,32,92,266,26,85,170,26,83,12,23,102,32,4,99,656911,27932,252814,670638,11078,257894,149012,107088,644655,162205,78636,680672,176179,58378,679383,142246,54041,587749,19938,95599,875229,22251,15566,897868,-1.0,-1.0
1658277478952,33.298,0.03883495,0.03846154,0.07692308,0.03846154,0.08,0.0,0.08,0.03846154,0.03846154,40.9,40.600002,40.300003,40.300003,40.600002,40.300003,40.300003,40.300003,40.600002,40.9,39.9,39.600002,3912398,-624084,1075200,1075200,1075200,1075200,1075200,1075200,652800,1401600,252,17,66,247,18,87,99,18,61,170,36,99,50,10,58,132,23,72,0,4,73,3,0,21,310549,38599,620889,281758,32547,644492,91464,42911,798408,179388,82860,708629,72638,26217,751391,118618,52685,780505,0,20864,968062,161,0,758306,-1.0,-1.0
1658277480010,33.336002,0.12886597,0.09090909,0.13043478,0.041666668,0.3846154,0.125,0.0,0.0,0.08,40.600002,40.300003,39.600002,40.300003,40.300003,39.9,39.9,40.300003,39.9,40.600002,39.600002,39.600002,3915512,-215149,1075200,1075200,1075200,1075200,1075200,1075200,652800,1401600,384,9,46,518,21,54,239,20,68,231,25,79,151,21,50,292,20,52,102,13,56,76,5,39,448362,7869,456368,448880,49382,389230,154095,37560,721470,143702,45217,696441,92800,50893,696297,127449,49605,694293,61336,22751,846968,39182,15441,1035437,52.87447557003257,0.739413680781759
1658277481027,33.365,0.15642458,0.13636364,0.13636364,0.05,0.22727273,0.47826087,0.13043478,0.045454547,0.08695652,41.9,41.9,41.300003,41.9,41.300003,41.300003,40.9,41.300003,41.600002,41.9,41.300003,40.9,3839214,-1181641,1075200,1075200,1075200,1075200,1075200,1075200,652800,1401600,928,20,26,976,23,30,363,46,87,431,37,59,158,32,74,462,45,86,256,22,91,536,102,72,702603,25396,65506,734025,26303,65171,293065,86410,452748,424489,76252,318864,154451,47774,456865,367979,68366,304863,135464,38383,725727,245176,207713,387295,208.03379439252336,1.3952398753894082
1658277482031,33.394,0.15,0.2173913,0.13636364,0.13636364,0.39130434,0.09090909,0.09090909,0.04347826,0.04347826,42.600002,42.300003,41.600002,42.300003,41.9,41.300003,41.300003,41.600002,41.300003,41.9,41.600002,41.600002,3831040,-1187744,1075200,1075200,1075200,1075200,1075200,1075200,652800,1401600,949,36,61,925,41,77,339,70,110,421,57,61,82,14,51,238,27,78,3,12,99,158,88,116,761347,43507,78434,734965,51638,115006,318097,144708,411431,458346,135229,212984,94026,41412,400381,207715,55028,510133,1941,51201,887038,177935,267955,524887,206.83025742574256,1.3844488448844885
1658277483031,33.429,0.16949153,0.17391305,0.2173913,0.23809524,0.27272728,0.13043478,0.3181818,0.0,0.0,42.600002,42.9,41.9,42.9,42.300003,41.600002,41.600002,41.9,41.600002,41.9,42.300003,41.600002,3835711,-1083069,1075200,1075200,1075200,1075200,1075200,1075200,652800,1401600,947,48,62,946,56,64,399,82,131,366,47,59,150,23,79,206,34,72,9,5,90,114,83,114,737781,56791,89920,710880,83890,109920,385054,140059,360451,452925,103167,285492,192897,40340,641230,179560,64304,384085,15386,15451,887540,130978,227189,611527,207.51213685847588,1.3589797822706067
1658277484039,33.476,0.06321839,0.14285715,0.09090909,0.045454547,0.2173913,0.04347826,0.08695652,0.0,0.08695652,42.9,42.600002,42.300003,42.300003,42.300003,42.300003,41.600002,42.300003,41.9,42.300003,41.9,41.9,3844275,-1099854,1075200,1075200,1075200,1075200,1075200,1075200,652800,1401600,1002,35,46,799,54,58,202,45,85,396,62,70,245,50,97,260,50,84,6,2,46,102,46,121,774084,39662,64011,720570,83654,110994,191703,102128,576939,472115,148971,246020,242822,113943,548675,278815,81234,397108,11562,8850,638120,132588,135097,678257,207.65483087027917,1.1688669950738917
1658277485047,33.518,0.106796116,0.125,0.115384616,0.03846154,0.26923078,0.11111111,0.12,0.0,0.04,43.300003,42.9,42.600002,42.9,42.600002,42.300003,41.9,42.600002,41.9,42.600002,42.600002,42.300003,3842912,-1161194,1075200,1075200,1075200,1075200,1075200,1075200,652800,1401600,959,42,47,875,45,69,270,60,118,345,73,66,171,27,78,142,26,62,18,5,63,116,52,106,750104,51036,74778,740626,66217,121347,288290,127876,489766,431585,163465,301260,146896,67285,716382,155755,41546,638784,37057,18659,1244660,140283,163873,648176,208.71149268292683,1.4419772357723577
1658277486064,33.581,0.087804876,0.15384616,0.18518518,0.03846154,0.23076923,0.08,0.04,0.03846154,0.03846154,43.600002,43.300003,42.600002,42.9,42.600002,42.600002,42.300003,42.9,42.300003,42.9,42.600002,42.300003,3845637,-1065064,1075200,1075200,1075200,1075200,1075200,1075200,652800,1401600,827,48,76,892,52,67,153,45,101,332,72,60,201,40,65,70,11,17,153,69,95,91,47,113,731715,69337,109930,739922,72386,105859,162963,106551,669652,387260,143967,324055,195079,65455,397114,50631,21106,440583,164640,148281,626105,116372,150547,688486,205.86425316455694,1.1286582278481012
1658277487099,33.629,0.1185567,0.13636364,0.08695652,0.04347826,0.24,0.125,0.08,0.04,0.041666668,43.300003,43.300003,42.600002,42.9,42.600002,42.600002,42.300003,42.9,42.300003,42.9,42.600002,42.300003,3847389,-1012268,1075200,1075200,1075200,1075200,1075200,1075200,652800,1401600,958,60,65,988,56,57,203,39,101,319,76,54,238,33,90,244,72,109,6,2,44,100,50,129,752491,78458,98300,750985,76283,88007,191812,118876,636170,399893,184537,309369,243875,61307,578063,285521,153767,435353,5359,9104,936171,132149,144487,732191,208.4686848,0.9903104
1658277488112,33.690002,0.07960199,0.16,0.08,0.04,0.24,0.07692308,0.041666668,0.0,0.03846154,43.600002,43.600002,42.9,43.300003,43.300003,43.300003,42.600002,42.9,42.9,43.600002,42.9,42.600002,3838047,-1108704,1075200,1075200,1075200,1075200,1075200,1075200,652800,1401600,1057,37,33,1005,43,48,251,59,92,379,72,67,169,29,92,170,17,76,20,2,69,106,51,112,790706,34632,45195,751180,68223,70582,230215,133478,553332,452757,147136,247912,177732,74498,678115,162369,37072,647698,37977,8377,945339,146833,152740,630843,206.1036705107084,1.385014827018122
1658277489127,33.747,0.07486631,0.13043478,0.08695652,0.041666668,0.13636364,0.125,0.083333336,0.0,0.04347826,43.600002,43.600002,43.300003,42.9,43.300003,42.9,42.300003,42.9,42.600002,42.9,43.300003,42.600002,3837657,-1139222,1075200,1075200,1075200,1075200,1075200,1075200,652800,1401600,874,52,69,840,65,71,176,42,106,375,59,57,121,24,62,226,67,102,15,6,34,72,35,101,734440,76643,108367,705475,92881,130832,195806,119832,662825,470227,148824,272699,126164,55538,624731,271341,135967,540094,19628,25019,580199,102788,110112,797028,204.1714427244582,1.2237275541795665
1658277490177,33.814003,0.116959065,0.15,0.0952381,0.0,0.27272728,0.14285715,0.13043478,0.045454547,0.17391305,44.300003,43.9,43.300003,43.300003,43.600002,43.300003,42.600002,43.600002,42.9,43.9,43.300003,42.600002,3835322,-1161194,1075200,1075200,1075200,1075200,1075200,1075200,652800,1401600,919,59,78,817,65,76,282,75,104,350,71,58,94,9,48,241,74,102,15,5,44,107,42,114,725083,76785,115147,691353,102267,134134,303491,146250,490417,426403,171456,309543,102434,15928,702636,277843,152389,403022,31423,19874,916081,138412,134750,681866,208.28501265822786,1.3796962025316455
1658277491203,33.864002,0.06896552,0.08,0.041666668,0.07692308,0.24,0.0,0.07692308,0.0,0.03846154,44.600002,44.300003,43.600002,43.9,43.600002,43.600002,43.300003,43.600002,43.600002,44.300003,43.9,42.9,3831818,-1092530,1075200,1075200,1075200,1075200,1075200,1075200,652800,1401600,1021,27,29,1006,32,31,357,91,108,372,49,55,192,37,78,153,26,75,20,7,81,110,44,135,752283,32939,49445,785414,47632,53930,333469,189904,364746,506357,105513,226159,190654,71081,597107,179396,48707,598717,35279,22882,1375341,147239,126726,649511,203.45799066874028,1.2977667185069983
1658277492242,33.931,0.08040201,0.20833333,0.12,0.0,0.28,0.0,0.08,0.0,0.0,44.300003,43.9,43.600002,43.600002,43.300003,42.9,42.9,43.600002,43.300003,43.600002,43.9,43.300003,3833181,-1145020,1075200,1075200,1075200,1075200,1075200,1075200,652800,1401600,834,61,88,901,67,93,360,61,124,297,71,47,97,22,68,150,17,62,3,3,18,58,33,91,684375,73166,132824,679452,94583,156940,345850,114827,490348,438405,179571,253354,149168,69101,750218,150292,41920,668096,4657,7169,987482,87256,102465,818351,205.76384210526317,1.3071578947368423
1658277493297,33.995003,0.13559322,0.18181819,0.13636364,0.13043478,0.26086956,0.04761905,0.17391305,0.125,0.05,44.600002,44.300003,43.300003,43.600002,43.600002,43.300003,42.9,43.9,43.300003,43.9,43.600002,43.300003,3848168,-1014099,1075200,1075200,1075200,1075200,1075200,1075200,652800,1401600,1080,48,48,847,61,84,322,57,81,488,60,59,186,49,88,188,33,65,13,1,54,85,48,104,822344,54639,48887,734497,92691,151691,325217,113726,537697,577360,131973,208990,211849,83863,663778,204109,54350,620265,29262,3335,1030299,106886,140200,752244,208.4929595015576,1.539538940809969
1658277494315,34.049,0.13333334,0.20833333,0.16666667,0.2,0.2173913,0.115384616,0.12,0.0,0.0,44.600002,44.600002,43.9,44.300003,44.300003,43.9,43.600002,43.9,43.9,44.300003,43.9,43.600002,3837268,-1125794,1075200,1075200,1075200,1075200,1075200,1075200,652800,1401600,1057,25,29,1066,24,26,382,64,105,407,71,51,272,54,86,278,48,85,22,1,73,80,32,108,796867,31814,41116,818366,38348,59831,374569,117854,319572,469470,171976,196942,253263,95663,526256,267798,108908,440526,43190,3327,889589,103046,112171,709875,207.11800655737704,1.5384131147540985
1658277495344,34.122,0.15544042,0.13636364,0.125,0.25,0.30769232,0.125,0.04347826,0.08695652,0.041666668,44.9,44.600002,43.600002,44.300003,43.9,43.9,43.300003,44.300003,43.9,44.600002,43.9,43.300003,3830650,-1034851,1075200,1075200,1075200,1075200,1075200,1075200,652800,1401600,868,63,83,776,68,71,195,48,75,467,47,61,115,17,58,87,22,64,5,1,26,67,33,116,713340,70658,102999,672851,107919,128271,210636,93983,638372,545078,98961,189125,118996,41090,456386,129327,44721,455485,10400,9853,1025348,79850,112342,788609,205.1302440570523,1.2786307448494454
1658277496369,34.173,0.13366337,0.24,0.16,0.16666667,0.16666667,0.04,0.15384616,0.04,0.03846154,44.9,44.9,44.300003,44.600002,44.9,44.300003,43.9,44.300003,43.9,44.300003,44.300003,43.9,3832791,-1222229,1075200,1075200,1075200,1075200,1075200,1075200,652800,1401600,1090,20,30,1039,26,31,178,34,71,410,60,70,261,46,91,202,30,84,2,3,43,134,49,131,819426,28333,35583,810678,35870,72409,174235,68770,655319,457367,129832,302164,280135,87344,460279,174503,52528,659915,3847,2062,801373,171342,156512,664120,207.77450931677018,1.4957018633540373
1658277497414,34.233,0.21714285,0.10526316,0.05,0.09090909,0.25,0.13636364,0.90909094,0.0,0.04347826,44.9,44.9,44.300003,44.600002,43.9,44.300003,43.600002,44.600002,44.300003,44.9,44.300003,43.600002,3824811,-1195374,1075200,1075200,1075200,1075200,1075200,1075200,652800,1401600,962,72,47,789,71,113,217,59,88,447,71,57,121,18,46,121,23,56,2,0,23,100,45,113,729973,85777,57335,633924,104761,197598,246634,111375,568179,473846,166557,261965,127555,42900,813377,130777,62423,672915,4423,0,1103077,127474,132575,732780,208.19054432348366,1.5914774494556763
1658277498415,34.284,0.0718232,0.1,0.125,0.083333336,0.25,0.09090909,0.041666668,0.0,0.12,45.600002,45.300003,44.600002,45.300003,44.9,44.9,44.300003,44.9,44.600002,44.9,44.600002,44.300003,3818972,-1348877,1075200,1075200,1075200,1075200,1075200,1075200,652800,1401600,976,51,37,833,56,84,286,53,76,328,42,56,106,22,46,154,18,39,85,25,85,167,54,132,740261,56498,44645,651096,61553,156038,252135,112231,341192,405666,97235,286838,96232,64243,551390,135010,25145,403301,77533,48567,836732,193020,106276,644646,202.60261488673137,1.344
1658277499420,34.348003,0.30285713,0.3181818,0.36363637,0.3478261,0.2857143,0.3809524,0.47826087,0.04761905,0.14285715,45.600002,45.300003,44.600002,44.9,44.600002,44.300003,44.300003,44.600002,44.300003,44.9,44.600002,44.300003,3832597,-1182862,1075200,1075200,1075200,1075200,1075200,1075200,652800,1401600,935,52,69,707,55,103,334,58,96,401,78,58,122,20,50,105,21,67,36,7,53,138,38,127,721027,58422,108123,658796,86901,210401,288337,88048,533882,469456,182440,225433,105517,33833,687514,117131,36400,772482,47337,14554,914787,134798,101322,707678,206.80596078431373,1.528156862745098
1658277500426,34.402,0.098265894,0.04761905,0.09090909,0.09090909,0.13043478,0.04761905,0.1,0.26086956,0.0,45.9,45.300003,44.9,45.300003,45.300003,44.600002,44.300003,45.300003,44.9,45.600002,44.9,44.300003,3818972,-1253357,1075200,1075200,1075200,1075200,1075200,1075200,652800,1401600,992,29,37,937,30,44,375,59,109,465,52,56,213,31,60,226,32,77,24,19,86,151,66,118,745275,38522,54431,709719,45106,86054,325897,110790,406585,485125,107121,220452,175524,68068,508133,184085,61553,521968,38469,44604,866994,159604,195674,550254,26.580875816993462,0.22783006535947714
1658277501453,34.462,0.11764706,0.125,0.0,0.08695652,0.16,0.3478261,0.09090909,0.041666668,0.12,44.300003,43.9,43.600002,43.9,43.9,43.600002,43.600002,43.9,43.600002,44.300003,42.9,42.9,3912398,-185852,1075200,1075200,1075200,1075200,1075200,1075200,652800,1401600,618,18,33,739,23,44,222,45,93,249,60,91,354,44,96,119,32,75,24,0,99,36,14,94,771863,28021,123992,783498,42095,107067,257357,101862,564948,249276,138132,510586,315200,74554,476553,150687,77995,652168,45925,0,817496,56477,35706,806914,-1.0,-1.0
1658277502484,34.507,0.45108697,0.44,0.3809524,0.5,0.45833334,0.42857143,0.39130434,0.36363637,0.6956522,42.9,42.9,42.300003,42.600002,42.600002,42.600002,42.600002,42.600002,42.600002,42.9,42.300003,41.9,3912398,-216369,1075200,1075200,1075200,1075200,1075200,1075200,652800,1401600,201,6,73,256,34,103,117,22,78,110,35,91,107,12,60,145,29,74,0,2,50,4,4,41,292021,12471,666580,297618,94205,583256,111904,57036,818726,133971,113636,752890,111396,22117,661895,129216,94251,708690,0,6158,1022517,1157,4350,992579,0.0023703703703703703,0.0025185185185185185
1658277503526,34.535,0.39673913,0.4090909,0.23809524,0.3181818,0.3181818,0.5833333,0.6363636,0.20833333,0.33333334,43.300003,43.300003,42.600002,43.300003,43.300003,43.300003,42.9,43.300003,43.300003,43.300003,42.300003,42.300003,3902277,-246277,1075200,1075200,1075200,1075200,1075200,1075200,652800,1401600,392,7,50,425,10,65,140,17,73,161,37,87,257,42,66,187,19,62,103,8,81,94,11,31,357636,12431,518823,394657,17247,451344,106684,29946,703261,126888,93240,645638,210824,70797,555605,117430,29696,640557,55587,16960,759722,48390,36405,853328,-1.0,-1.0
1658277504542,34.561,0.15819208,0.22727273,0.2173913,0.18181819,0.2173913,0.045454547,0.0952381,0.18181819,0.04761905,43.300003,43.300003,42.9,43.300003,43.300003,43.300003,42.9,42.9,43.600002,43.600002,42.300003,41.9,3852255,-1042786,1075200,1075200,1075200,1075200,1075200,1075200,652800,1401600,426,4,39,408,9,57,135,16,41,250,29,73,79,8,48,67,6,33,93,16,69,197,8,44,302687,10034,562043,331252,24190,534336,104144,33859,759075,166575,63062,662606,68180,11892,723212,47940,18416,673037,71658,26715,906485,116417,14609,759148,258.1618978583196,2.2298385502471167
1658277505539,34.567,0.19704433,0.125,0.12,0.1923077,0.083333336,0.6923077,0.115384616,0.15384616,0.04,44.300003,43.9,43.600002,43.300003,43.600002,42.9,42.9,43.300003,43.300003,43.600002,43.300003,42.9,3840577,-1131592,1075200,1075200,1075200,1075200,1075200,1075200,652800,1401600,1022,17,24,923,26,35,360,67,94,356,86,99,237,56,100,180,27,92,135,62,130,135,43,133,787547,22873,32393,766214,35753,47836,354197,138967,372499,364896,190169,318552,259254,118829,529385,158681,55978,612926,173460,173969,571066,117625,112421,656035,338.5827080745342,1.9710807453416148
1658277506568,34.586002,0.11557789,0.16666667,0.12,0.1923077,0.12,0.07692308,0.115384616,0.16,0.03846154,44.600002,44.600002,43.9,43.9,43.9,43.9,43.9,43.9,43.600002,43.9,43.9,43.600002,3821502,-1303406,1075200,1075200,1075200,1075200,1075200,1075200,652800,1401600,919,57,80,849,63,104,412,78,90,447,73,86,270,49,77,156,15,74,128,66,122,57,51,143,737409,47436,106759,686132,70363,171027,412413,167610,302157,489034,120351,287998,255010,81748,304801,174624,34564,680868,182989,220495,543953,79840,155892,746408,309.06351395730707,1.3833563218390805
1658277507610,34.621002,0.11627907,0.1,0.0952381,0.13636364,0.14285715,0.09090909,0.0952381,0.13636364,0.045454547,44.9,44.9,43.9,44.600002,43.9,43.9,43.600002,43.9,44.300003,44.600002,44.600002,43.600002,3831234,-1205140,1075200,1075200,1075200,1075200,1075200,1075200,652800,1401600,1134,32,42,991,35,45,334,72,115,336,89,98,248,47,97,199,34,80,123,63,123,62,38,134,780056,39028,58889,812183,47577,71086,394971,139553,358199,395403,194031,326570,252632,105460,574949,203062,66043,610011,172976,198946,582081,86577,122157,764416,311.63658265139117,1.5951292962356791
1658277508646,34.65,0.35096154,0.1923077,0.16,0.15384616,0.083333336,1.0,1.0,0.115384616,0.03846154,45.300003,44.9,44.9,44.9,44.9,44.600002,44.300003,44.9,44.300003,45.300003,44.600002,44.300003,3827925,-1219788,1075200,1075200,1075200,1075200,1075200,1075200,652800,1401600,891,60,92,839,60,94,281,62,86,318,94,88,363,69,125,102,16,67,129,63,111,65,29,118,718713,78824,133576,700370,62808,153945,271656,132892,483371,348923,234679,347155,373646,132073,431754,129794,35212,721333,172696,176564,592875,103328,90946,797982,310.4955527950311,1.5100621118012423
1658277509684,34.685,0.1764706,0.2962963,0.16,0.13043478,0.23076923,0.15384616,0.115384616,0.24,0.074074075,45.600002,45.300003,44.9,45.600002,45.9,45.300003,44.600002,44.9,45.300003,45.300003,44.600002,44.600002,3835322,-1149903,1075200,1075200,1075200,1075200,1075200,1075200,652800,1401600,989,31,40,997,34,36,361,58,107,343,93,94,111,27,42,172,29,59,187,106,130,47,30,113,825407,33534,57119,845064,42571,52412,390945,103695,393840,341510,222488,379210,105310,56910,417180,172786,44851,361591,212565,295361,470535,73805,92880,838809,308.0174906832298,1.4653416149068323
1658277510738,34.729,0.18274112,0.2173913,0.16,0.23076923,0.2,0.1923077,0.16,0.28,0.115384616,45.600002,45.600002,45.300003,45.300003,45.300003,44.9,44.9,44.9,44.9,45.300003,44.9,44.600002,3818388,-1254273,1075200,1075200,1075200,1075200,1075200,1075200,652800,1401600,935,57,57,782,46,102,241,67,98,260,74,106,117,27,90,158,19,49,169,81,116,84,63,143,706242,72465,100959,666173,74903,196478,278529,140979,476928,315754,169857,410307,147908,84554,601216,169184,28241,633734,194198,184333,519469,89993,158672,740857,311.7436510903427,1.3385669781931464
1658277511745,34.771,0.11111111,0.13636364,0.17391305,0.17391305,0.09090909,0.045454547,0.04347826,0.13043478,0.0,45.9,45.9,45.300003,45.600002,45.300003,44.9,44.600002,44.9,45.300003,45.600002,45.300003,44.600002,3828704,-1255494,1075200,1075200,1075200,1075200,1075200,1075200,652800,1401600,945,49,57,791,51,94,275,64,103,294,75,105,115,25,72,165,32,86,98,36,118,66,25,105,690519,67087,106898,649864,88114,182283,316948,137651,467192,343308,155207,395296,118339,63815,656398,184780,63573,613939,130134,115605,676445,87176,69275,823026,309.1507020280811,1.45996879875195
1658277512757,34.819,0.18232045,0.29166666,0.13636364,0.25,0.18181819,0.13636364,0.17391305,0.22727273,0.0,45.9,45.300003,44.600002,45.300003,45.300003,44.9,44.300003,44.600002,44.600002,44.9,44.600002,44.600002,3837657,-1163941,1075200,1075200,1075200,1075200,1075200,1075200,652800,1401600,919,35,47,942,34,51,353,74,88,364,63,112,192,37,73,227,42,85,114,47,121,37,36,120,782751,49833,79198,767223,51559,105429,360319,165020,374327,370559,120475,396251,191071,73857,627768,212326,88958,542745,158445,149727,598124,56986,95826,840105,311.2652467532468,1.4625974025974027
1658277513798,34.866,0.20879121,0.22727273,0.18181819,0.22727273,0.27272728,0.20833333,0.16666667,0.29166666,0.13043478,46.300003,45.600002,45.600002,45.300003,45.300003,45.300003,44.9,45.300003,45.600002,45.600002,45.300003,44.600002,3817026,-1266175,1075200,1075200,1075200,1075200,1075200,1075200,652800,1401600,880,53,51,836,55,77,214,76,82,247,81,88,279,48,82,142,38,80,130,58,124,49,35,112,725950,84632,74958,681253,90760,155892,270423,174275,470987,300572,179448,460463,247102,105148,561496,184200,92045,551373,173370,179802,590728,70360,91703,844021,311.37952631578946,1.4892105263157895
1658277514810,34.908,0.14117648,0.23809524,0.14285715,0.1,0.35,0.04761905,0.13636364,0.13043478,0.0,46.600002,45.9,45.300003,45.600002,45.9,45.300003,44.9,45.300003,45.300003,45.9,45.300003,44.9,3837463,-1093445,1075200,1075200,1075200,1075200,1075200,1075200,652800,1401600,979,39,59,762,52,94,229,63,93,224,89,80,364,65,115,183,24,73,129,52,121,34,28,114,771205,41419,79208,633349,110039,190259,275124,135804,505371,258461,216481,438897,411700,103745,308737,199479,44505,683901,172346,157427,620289,52734,75864,861580,311.6129287925696,1.5183653250773994
1658277515822,34.965,0.18,0.20833333,0.08695652,0.16666667,0.3846154,0.12,0.115384616,0.24,0.11111111,46.300003,45.9,45.300003,45.600002,45.600002,45.300003,44.9,45.300003,45.300003,45.600002,45.600002,44.600002,3828120,-1233826,1075200,1075200,1075200,1075200,1075200,1075200,652800,1401600,970,28,47,925,32,38,399,60,92,298,74,87,217,31,80,219,54,83,111,57,114,44,31,120,761898,31375,65180,785845,43595,53043,414199,122099,357863,326026,156325,358459,205592,63919,565360,225249,123145,518584,147024,189855,546282,71218,105209,786442,311.3178816199377,1.5329096573208723
1658277516837,35.010002,0.2,0.2173913,0.13043478,0.26086956,0.29166666,0.08695652,0.125,0.125,0.32,46.600002,45.9,45.600002,45.600002,45.9,45.600002,45.300003,45.300003,45.600002,45.300003,45.600002,45.300003,3823254,-1174927,1075200,1075200,1075200,1075200,1075200,1075200,652800,1401600,967,48,71,807,59,97,278,71,87,211,82,72,263,65,98,225,31,94,127,58,115,31,28,115,712481,60502,118315,670440,91469,176386,290253,170472,470172,233641,216257,430416,290949,126240,414789,217266,54907,661953,185061,169552,594032,54925,93213,848038,311.631872,1.3773824
1658277517844,35.057003,0.36633664,0.23076923,0.17391305,0.7407407,0.28,0.88,0.3846154,0.08,0.074074075,47.300003,47.300003,46.600002,46.9,46.9,46.9,46.300003,47.600002,46.600002,48.9,45.9,45.600002,3810019,-1413270,1075200,1075200,1075200,1075200,1075200,1075200,652800,1401600,908,50,60,866,51,58,380,69,84,292,69,82,211,26,82,213,53,76,101,50,125,49,27,92,697314,69311,86956,650583,85296,99622,321082,155698,367323,277054,148888,427665,181372,58141,657761,246020,112224,446983,121243,159898,646538,65743,70070,724922,308.7092382495948,1.4181134521880066
1658277518855,35.111,0.1396648,0.15,0.16666667,0.25,0.09090909,0.09090909,0.13043478,0.25,0.045454547,47.300003,46.9,46.9,46.9,47.300003,46.600002,45.9,46.600002,45.9,47.600002,46.300003,45.9,3800871,-1380005,1075200,1075200,1075200,1075200,1075200,1075200,652800,1401600,1021,23,13,1028,19,26,257,46,75,252,62,83,173,25,70,183,45,76,110,42,125,53,35,123,840976,32133,17602,799583,21238,32287,269103,84451,274147,290259,141489,362328,159685,40826,373796,193152,79119,448982,158542,147508,599890,76188,111462,784560,310.3293519379845,1.5522728682170543
1658277519861,35.165,0.1005291,0.17391305,0.09090909,0.16,0.08695652,0.125,0.04347826,0.08695652,0.08,46.9,46.600002,46.300003,46.300003,46.300003,45.9,45.600002,45.9,45.9,46.300003,46.300003,45.600002,3808072,-1225891,1075200,1075200,1075200,1075200,1075200,1075200,652800,1401600,916,55,59,823,60,86,269,70,90,164,87,92,240,47,91,119,27,77,90,55,127,41,31,110,693649,70757,95007,665541,73972,150130,314811,156820,420254,181891,202357,530225,221575,95623,536307,141095,79690,507534,123638,193727,590939,55090,106304,821446,309.26008427876826,1.544609400324149
1658277520870,35.216003,0.13450292,0.15,0.0952381,0.18181819,0.14285715,0.13636364,0.13636364,0.22727273,0.09090909,46.9,46.600002,45.9,45.9,46.300003,45.9,45.600002,45.9,45.9,46.300003,45.9,45.600002,3822281,-1241761,1075200,1075200,1075200,1075200,1075200,1075200,652800,1401600,967,36,40,889,32,34,304,74,105,342,65,101,198,36,68,336,74,111,102,47,126,60,37,117,780478,48760,60980,773114,43348,54926,328139,159955,431347,336465,141172,438977,206097,67099,540012,342826,124470,435762,140704,158885,611325,95227,90061,797170,307.3712207792208,1.595168831168831
1658277521909,35.260002,0.12790698,0.1904762,0.0952381,0.26086956,0.1,0.09090909,0.13636364,0.18181819,0.04761905,47.300003,46.600002,46.300003,46.300003,46.300003,46.300003,45.600002,46.300003,45.9,46.600002,46.600002,45.600002,3816053,-1201783,1075200,1075200,1075200,1075200,1075200,1075200,652800,1401600,863,54,70,907,59,70,320,63,96,336,83,98,134,20,71,232,47,81,132,65,130,25,18,106,724822,65584,114959,719464,70210,117357,343741,136412,445742,382629,167910,373588,151988,44036,711743,241445,86324,549573,189853,197826,568941,37716,73451,863220,313.2658187808896,1.6589390444810543
1658277522950,35.317,0.10891089,0.16,0.12,0.083333336,0.1923077,0.08,0.115384616,0.15384616,0.04,46.9,46.9,45.9,46.600002,46.300003,46.300003,45.300003,45.9,46.300003,46.300003,46.300003,45.9,3812938,-1210938,1075200,1075200,1075200,1075200,1075200,1075200,652800,1401600,956,57,57,884,64,69,423,80,98,290,80,96,207,46,78,135,20,68,105,54,129,46,42,108,760401,69824,75641,745333,94864,107633,425811,161148,321293,296367,185747,455789,223998,100530,586781,162868,43397,684174,147292,168088,628597,66431,128358,817657,311.0458974358974,1.4845128205128204
1658277523953,35.368,0.054455444,0.04,0.04,0.08,0.07692308,0.07692308,0.04,0.04,0.07692308,47.300003,46.9,46.300003,46.600002,45.9,45.9,45.600002,46.300003,45.9,46.9,46.300003,45.600002,3823254,-1104737,1075200,1075200,1075200,1075200,1075200,1075200,652800,1401600,889,62,64,803,55,79,314,69,97,201,89,96,242,40,86,153,44,85,68,56,127,41,36,112,714751,80192,90744,700721,70769,153462,332881,151529,427743,261251,209278,450442,233313,64954,567744,166512,111959,569483,96662,191684,626158,60808,109543,798900,310.5299314845024,1.570505709624796
1658277524956,35.422,0.032432433,0.04347826,0.0,0.0,0.0,0.0,0.083333336,0.0,0.0,46.9,46.9,46.600002,46.600002,46.600002,46.600002,46.300003,46.600002,46.600002,46.9,46.300003,45.300003,3895659,-297241,1075200,1075200,1075200,1075200,1075200,1075200,652800,1401600,868,38,49,798,28,54,442,65,77,376,69,95,315,42,70,205,30,51,126,49,120,86,30,121,651664,64919,132510,629461,48408,171858,417817,119723,275189,362256,154550,344570,293922,83027,406515,167967,65846,515949,156711,132819,617976,101958,91311,736389,-1.0,-1.0
1658277525956,35.47,0.029126214,0.0,0.0,0.0,0.0,0.074074075,0.07692308,0.074074075,0.0,45.600002,45.300003,44.9,45.300003,44.9,44.9,44.600002,44.9,44.9,45.300003,44.600002,44.300003,3894881,-544739,1075200,1075200,1075200,1075200,1075200,1075200,652800,1401600,532,5,38,552,7,40,137,34,84,154,32,87,180,32,94,105,11,55,17,0,74,10,13,72,634525,6341,254731,641360,8907,273298,141059,85670,668564,139816,87341,654723,194597,73290,632611,111646,15133,698856,31258,0,795119,17696,49606,900141,-1.0,-1.0
1658277526984,35.510002,0.019417476,0.0,0.074074075,0.0,0.0,0.03846154,0.11111111,0.0,0.0,44.300003,44.300003,43.9,44.300003,44.300003,44.300003,43.600002,44.300003,44.300003,44.600002,43.600002,43.600002,3903055,-205688,1075200,1075200,1075200,1075200,1075200,1075200,652800,1401600,251,13,65,334,11,87,144,13,93,114,26,99,216,22,100,83,7,39,0,3,62,6,0,26,265406,21098,682754,294220,16921,658077,121089,30459,812708,111188,58434,771619,140650,45749,778565,60526,10948,703806,0,11694,1023427,3465,0,935452,-1.0,-1.0
1658277528032,35.524002,0.20114942,0.2173913,0.1904762,0.14285715,0.25,0.2173913,0.18181819,0.2173913,0.27272728,43.9,43.600002,43.300003,43.600002,43.9,43.300003,43.600002,43.600002,43.9,43.9,43.300003,43.300003,3887484,-804749,1075200,1075200,1075200,1075200,1075200,1075200,652800,1401600,290,12,59,466,12,69,248,26,80,256,30,87,262,20,78,181,12,64,138,5,62,85,8,45,365829,16361,507159,401735,25802,487988,154346,45914,685682,157276,52825,705143,149130,32506,664777,103003,15702,673976,74228,9410,793044,48275,27025,751832,0.007207920792079207,0.013082508250825084
1658277529060,35.54,0.17032968,0.2173913,0.22727273,0.17391305,0.33333334,0.08695652,0.09090909,0.13043478,0.0,44.9,44.9,44.300003,44.600002,44.300003,44.600002,43.9,44.300003,44.600002,44.600002,44.300003,43.9,3817220,-1355896,1075200,1075200,1075200,1075200,1075200,1075200,652800,1401600,656,9,42,791,14,38,300,36,89,305,38,48,390,39,57,85,8,40,262,45,79,242,27,95,519932,10558,317271,520856,14691,315285,207581,77793,515129,266218,88151,471768,256241,52182,512233,74191,17054,646792,192346,122568,647491,106991,46771,747957,430.854600660066,2.5113135313531356
1658277530064,35.537003,0.19774011,0.3181818,0.26086956,0.1904762,0.39130434,0.13636364,0.13043478,0.13636364,0.09090909,45.9,45.9,45.300003,45.600002,45.300003,45.300003,44.9,44.9,44.9,45.300003,44.9,44.9,3827731,-1154480,1075200,1075200,1075200,1075200,1075200,1075200,652800,1401600,949,41,38,1209,24,38,432,72,87,382,67,67,423,62,102,190,33,85,95,64,145,14,5,93,787286,53708,49301,798050,26542,47938,481952,139726,278689,415311,145601,270575,387937,83139,335008,216367,60287,593769,121420,208729,627988,23793,14619,908962,412.7107037643208,2.543711947626841
1658277531080,35.544003,0.19186047,0.15,0.05263158,0.23809524,0.375,0.22727273,0.20833333,0.22727273,0.0,46.300003,46.600002,46.300003,46.300003,45.9,45.300003,45.300003,45.600002,45.600002,45.9,45.9,45.600002,3817610,-1317749,1075200,1075200,1075200,1075200,1075200,1075200,652800,1401600,946,46,37,1040,38,64,413,98,76,331,60,69,162,30,74,251,42,111,92,70,141,9,6,90,754499,56611,40897,733690,40093,99187,452588,213918,216540,425290,146025,274496,157546,69600,574413,256427,85912,532647,114816,243366,618978,18356,27336,903767,411.0996618819777,2.623285486443381
1658277532089,35.571003,0.13793103,0.1,0.15,0.17391305,0.375,0.09090909,0.09090909,0.13636364,0.0,46.9,46.9,46.600002,46.9,46.600002,45.9,45.600002,45.9,45.600002,45.9,46.300003,45.600002,3812354,-1297913,1075200,1075200,1075200,1075200,1075200,1075200,652800,1401600,887,37,45,823,38,78,480,66,69,360,66,65,319,42,78,151,19,53,165,90,139,74,16,95,680996,44021,53143,585143,58236,152244,453246,129596,169828,364374,170772,261626,246034,74348,397806,118189,44371,544933,140816,254758,477215,78653,36327,800079,413.80134161490685,2.4775155279503105
1658277533090,35.605003,0.25510204,0.17391305,0.12,0.13043478,0.29166666,0.88,0.125,0.16,0.125,47.300003,46.9,46.300003,46.300003,46.600002,45.9,45.9,45.9,46.300003,46.300003,46.600002,45.9,3799119,-1341248,1075200,1075200,1075200,1075200,1075200,1075200,652800,1401600,867,40,52,1026,29,54,435,80,88,358,67,68,216,46,69,118,32,71,108,88,132,18,2,59,773070,49441,70372,734141,45584,84300,463863,175600,239252,371536,147811,345409,206153,119003,542378,121550,82940,683437,135442,236657,501921,29869,5633,947124,412.39297984496125,2.5640682170542637
1658277534098,35.632,0.14,0.2,0.2,0.2,0.28,0.0,0.07692308,0.12,0.03846154,47.9,47.300003,46.9,46.9,46.9,46.9,46.300003,46.9,46.9,47.300003,46.9,45.9,3807294,-1282959,1075200,1075200,1075200,1075200,1075200,1075200,652800,1401600,856,43,65,860,51,56,411,81,96,304,65,75,36,3,30,74,10,23,142,81,133,173,62,103,751573,58737,86842,728749,80256,79584,433991,157218,281775,370692,169283,292725,53330,10454,355655,60087,14686,429392,163607,244661,488135,162521,108921,667931,413.52969157392687,2.441920508744038
1658277535106,35.679,0.1436464,0.13636364,0.14285715,0.13636364,0.26086956,0.08695652,0.09090909,0.13636364,0.04347826,47.9,47.600002,46.9,46.9,46.600002,46.600002,46.300003,46.600002,46.600002,46.9,47.300003,46.300003,3816831,-1286011,1075200,1075200,1075200,1075200,1075200,1075200,652800,1401600,783,51,62,893,45,70,367,80,88,369,61,82,231,40,92,125,17,42,92,97,134,23,17,66,751716,72713,88316,696686,62134,113166,450063,168339,265285,401911,142955,321624,233438,92506,579300,115158,35055,642014,108149,303965,509211,28808,38286,895071,412.4020564263323,2.477692789968652
1658277536154,35.723003,0.14130434,0.1904762,0.0952381,0.20833333,0.26086956,0.125,0.08695652,0.045454547,0.0,47.600002,47.600002,46.600002,46.9,46.9,46.600002,45.9,46.600002,46.600002,46.600002,46.9,46.300003,3822281,-1154785,1075200,1075200,1075200,1075200,1075200,1075200,652800,1401600,807,63,60,991,50,74,379,85,101,370,68,81,142,25,73,194,43,75,138,71,140,11,2,50,757549,99574,86393,764766,44969,113685,438199,179907,320143,430433,168035,306097,142663,62469,717118,203612,96258,575206,159721,226487,555325,20672,4079,885831,412.2691795716639,2.6659110378912687
1658277537154,35.760002,0.12352941,0.1,0.13636364,0.23809524,0.26086956,0.04761905,0.045454547,0.13043478,0.0,47.300003,47.600002,46.9,47.300003,46.9,46.600002,46.600002,46.9,46.600002,46.9,47.300003,46.300003,3818388,-1252442,1075200,1075200,1075200,1075200,1075200,1075200,652800,1401600,794,40,36,1024,36,40,290,95,83,308,59,70,80,18,57,347,62,108,79,72,126,11,12,60,735642,43299,40074,762385,41042,50027,345374,232342,271126,376472,136141,327487,97227,43446,628373,343093,114103,418667,105489,243127,517705,20287,40779,1053418,411.25454545454545,2.6006233766233766
1658277538194,35.814003,0.125,0.14285715,0.13636364,0.14285715,0.23809524,0.13043478,0.04761905,0.04761905,0.0,48.300003,47.9,46.9,47.300003,47.300003,46.9,46.300003,46.600002,46.600002,46.600002,46.9,46.600002,3809824,-1299744,1075200,1075200,1075200,1075200,1075200,1075200,652800,1401600,833,55,58,1029,47,58,451,91,91,293,65,82,103,12,50,304,63,104,71,80,143,17,6,53,788558,71512,75230,743507,65800,96323,525821,165578,219213,346942,164019,370148,98485,27477,642019,310797,103776,471213,85338,239883,613497,32033,21314,954121,414.31004444444443,2.303898412698413
1658277539206,35.855003,0.16111112,0.2173913,0.3043478,0.23809524,0.22727273,0.045454547,0.09090909,0.09090909,0.0,47.9,47.600002,47.300003,47.600002,46.9,46.9,46.300003,46.9,46.600002,46.9,47.300003,46.9,3806710,-1286927,1075200,1075200,1075200,1075200,1075200,1075200,652800,1401600,791,50,68,933,48,50,438,88,92,361,64,78,171,25,63,220,50,76,49,84,129,10,4,46,766997,57410,80088,755175,58324,60786,447799,185179,245039,390389,146899,332277,180553,67906,627559,211639,97501,492299,65118,270064,571362,20114,10582,959248,416.24664696223317,2.5262660098522165
1658277540246,35.905003,0.13218391,0.1904762,0.18181819,0.17391305,0.23809524,0.16666667,0.09090909,0.09090909,0.0,47.9,47.9,47.300003,47.600002,46.9,46.9,46.600002,47.300003,46.600002,46.9,47.600002,46.9,3817999,-1262513,1075200,1075200,1075200,1075200,1075200,1075200,652800,1401600,853,43,48,1051,34,39,478,90,80,282,73,75,331,74,109,162,30,73,96,74,144,9,10,57,804404,64069,56633,772689,39716,57736,500058,182470,220377,355406,168181,368756,317130,141201,437151,170828,66188,619910,119894,225343,585197,15027,28443,878433,415.25072926447575,2.289978090766823
1658277541249,35.949,0.14851485,0.16,0.2,0.25925925,0.2962963,0.12,0.08,0.08,0.0,48.600002,48.300003,47.600002,47.9,47.600002,46.9,46.600002,47.300003,47.300003,47.300003,47.600002,47.300003,3811381,-1275025,1075200,1075200,1075200,1075200,1075200,1075200,652800,1401600,772,61,54,921,45,70,376,97,88,273,70,77,144,24,64,158,27,75,64,77,133,15,5,47,715979,86488,68016,711825,57060,91633,410714,213079,276721,325725,165254,374510,148887,46779,635459,134954,66694,713798,76769,244483,579191,27172,16641,817176,413.0032850241546,2.4846634460547508
1658277542290,36.010002,0.20670392,0.14285715,0.18181819,0.20833333,0.3043478,0.5652174,0.04761905,0.04761905,0.0,48.600002,48.300003,47.600002,48.300003,47.600002,47.300003,47.300003,47.300003,47.600002,47.600002,47.600002,47.300003,3804958,-1376038,1075200,1075200,1075200,1075200,1075200,1075200,652800,1401600,864,47,48,956,59,66,532,95,100,283,58,82,192,35,59,136,24,80,91,90,127,16,7,58,796714,58180,51817,725414,101974,89065,491061,179150,233849,349884,148562,412846,194358,66689,640265,127431,39038,686594,119305,264184,532444,30594,24272,1195534,413.0090666666666,2.5611906976744185
1658277543325,36.047,0.13440861,0.17391305,0.13636364,0.13043478,0.22727273,0.09090909,0.125,0.083333336,0.0,48.600002,47.9,47.9,47.9,47.9,47.300003,47.300003,47.600002,47.300003,47.9,47.600002,47.300003,3808851,-1174012,1075200,1075200,1075200,1075200,1075200,1075200,652800,1401600,857,54,37,977,41,52,341,101,89,374,68,85,224,44,66,130,19,60,92,69,142,12,4,45,789898,82468,35985,720551,59978,91540,397278,227547,278791,422512,142349,301958,190770,77008,247012,134550,30879,521209,118712,231842,595030,17767,8778,887392,409.82436541598696,2.4227601957585643
1658277544330,36.098003,0.14835165,0.1904762,0.1904762,0.26923078,0.23809524,0.08695652,0.08695652,0.16666667,0.0,48.600002,48.600002,47.9,47.9,47.9,47.600002,46.9,47.600002,47.600002,47.600002,47.9,47.600002,3808072,-1261597,1075200,1075200,1075200,1075200,1075200,1075200,652800,1401600,799,68,49,940,46,79,307,93,81,411,71,82,283,43,88,246,59,102,89,79,123,4,5,50,745397,91128,55132,681010,53735,148447,378100,219835,290674,437609,159252,253471,273318,56489,481372,269000,113571,484022,95827,287359,518013,6498,18955,989848,414.92253416149066,2.6183850931677015
1658277545358,36.132,0.11940298,0.125,0.1923077,0.16666667,0.28,0.07692308,0.03846154,0.041666668,0.0,48.9,48.9,48.300003,48.300003,48.300003,47.9,47.600002,47.9,47.9,47.9,48.300003,47.9,3800482,-1378785,1075200,1075200,1075200,1075200,1075200,1075200,652800,1401600,881,48,47,1151,35,57,385,86,88,361,70,77,262,45,81,300,56,90,94,77,140,20,4,70,787551,66606,59298,782719,42834,83502,461576,191086,268010,413468,156106,311897,227124,74235,566215,289355,90592,456187,124123,241700,531407,41581,19317,1038554,411.476931147541,2.7304393442622947
1658277546357,36.186,0.22115384,0.30769232,0.29166666,0.2962963,0.56,0.115384616,0.07692308,0.11111111,0.0,48.9,48.9,47.9,48.300003,47.9,47.9,46.9,47.600002,47.9,48.300003,48.300003,47.300003,3811965,-1235352,1075200,1075200,1075200,1075200,1075200,1075200,652800,1401600,733,54,61,1027,37,69,365,100,75,263,66,70,59,20,50,179,37,86,71,69,122,7,4,32,711142,75732,80859,722375,29684,86698,383135,238552,224344,302202,175447,351248,70909,63296,703327,177470,94348,633061,98860,249920,564469,8522,17152,611416,411.8950358306189,2.629211726384365
1658277547362,36.230003,0.18888889,0.1904762,0.22727273,0.22727273,0.5217391,0.045454547,0.13636364,0.2,0.0,48.9,48.9,48.300003,48.300003,47.9,47.9,47.300003,47.9,47.600002,47.9,48.300003,47.600002,3813522,-1143189,1075200,1075200,1075200,1075200,1075200,1075200,652800,1401600,680,54,58,997,37,44,346,84,78,224,55,63,169,23,64,154,20,81,68,81,131,13,14,56,670241,72785,72237,722587,32423,54757,391210,208009,253662,293606,163652,308403,165509,38027,593458,157999,40933,695813,92951,283814,513350,20306,46307,1176350,411.20517948717946,2.684051282051282
1658277548367,36.274002,0.109195404,0.045454547,0.18181819,0.04761905,0.05,0.13636364,0.3043478,0.04347826,0.17391305,49.300003,48.9,48.600002,48.9,48.600002,48.300003,47.9,48.300003,48.300003,48.300003,48.600002,47.9,3798535,-1395264,1075200,1075200,1075200,1075200,1075200,1075200,652800,1401600,780,43,41,1079,24,44,351,88,84,303,69,67,392,58,92,258,63,101,82,74,125,15,7,72,760680,61658,57226,772824,26050,65663,412658,197183,279406,396754,149778,271963,368987,101234,416463,281139,117090,437520,102849,240751,527466,33808,29558,999016,265.73970129870133,1.5995974025974027
1658277549408,36.321003,0.027027028,0.041666668,0.0,0.0,0.0,0.083333336,0.041666668,0.0,0.0,48.300003,47.9,47.300003,47.600002,47.600002,47.300003,46.9,47.600002,47.300003,47.9,47.300003,46.9,3882618,-368652,1075200,1075200,1075200,1075200,1075200,1075200,652800,1401600,721,25,27,789,29,54,419,63,104,299,57,88,237,46,70,182,24,65,129,38,107,102,12,112,743144,36451,80070,640918,44954,191704,406508,115760,372155,288949,130964,450110,235558,97155,457058,168320,41240,596203,136054,80894,599338,91851,17937,810965,-1.0,-1.0
1658277550453,36.362003,0.19767442,0.1904762,0.15,0.1,0.1904762,0.15,0.26086956,0.18181819,0.2173913,46.300003,46.300003,45.9,46.600002,46.300003,45.9,45.600002,46.300003,45.9,46.600002,45.600002,45.600002,3891377,-272216,1075200,1075200,1075200,1075200,1075200,1075200,652800,1401600,255,8,43,477,5,55,170,47,103,162,33,107,105,20,66,117,17,89,9,8,45,15,1,86,541894,16937,470618,545474,17608,407533,163644,108892,709306,166453,82700,701394,101898,50716,735976,116714,39352,811203,18188,37249,1083182,29360,5798,925568,-1.0,-1.0
1658277551450,36.395,0.16019417,0.08,0.12,0.12,0.15384616,0.36,0.125,0.04,0.18518518,47.600002,47.600002,47.300003,47.300003,47.600002,47.600002,47.300003,47.300003,47.600002,47.9,45.9,45.9,3885149,-529175,1075200,1075200,1075200,1075200,1075200,1075200,652800,1401600,953,3,24,873,7,31,423,9,28,515,5,26,436,13,25,462,14,31,674,0,27,539,0,13,525808,6128,248581,599077,10715,212646,520998,11854,281193,491397,11133,295218,455355,35362,273589,497632,38592,276410,497105,0,371640,455051,0,356993,-1.0,-1.0
1658277552501,36.405003,0.056603774,0.0,0.055555556,0.05263158,0.0952381,0.05,0.14285715,0.0,0.0952381,45.9,45.9,45.300003,45.9,45.9,45.9,45.9,45.9,45.9,45.9,45.300003,45.300003,3908505,-122680,1075200,1075200,1075200,1075200,1075200,1075200,652800,1401600,691,1,12,895,7,20,261,13,39,623,39,62,413,26,44,314,27,58,363,27,83,183,12,67,586084,1219,122101,591489,17621,107205,162811,22838,488120,322869,123308,286585,261688,54433,325048,240820,53061,350091,200958,54746,365160,91848,27629,444276,-1.0,-1.0
1658277553497,36.395,0.1552795,0.055555556,0.1,0.1904762,0.1904762,0.14285715,0.15,0.15,0.10526316,46.300003,46.300003,45.600002,46.300003,46.300003,45.9,45.9,46.300003,46.300003,46.9,45.300003,45.300003,3885538,-359802,1075200,1075200,1075200,1075200,1075200,1075200,652800,1401600,447,2,7,878,2,5,452,44,79,408,37,75,322,31,68,278,18,52,286,92,107,193,27,122,629997,3249,21928,641799,3724,9812,305105,78945,320005,268602,69656,296605,248903,66309,319982,176547,30106,295941,218436,223060,588530,126052,65436,608870,-1.0,-1.0
