1658260409561,34.364002,0.9532164,1.0,1.0,1.0,1.0,1.0,1.0,0.6086956,1.0,48.300003,48.9,48.300003,49.300003,49.600002,49.9,48.9,49.300003,49.9,50.9,44.600002,44.600002,3882034,-1242981,1075200,1075200,1075200,1075200,1075200,1075200,652800,1401600,1318518,36054,114783,1408982,44347,139117,691039,69968,160252,634638,64088,157144,512324,46255,136347,482389,44919,134602,555948,89913,178153,364616,32375,113422,1204597174,73355743,1427345599,1246696167,90380833,1371741188,552821272,150318650,2027021618,499170955,138938046,2057750826,397411388,102435718,2057826766,379583337,98342406,2015005899,398120372,187591506,2384222666,178055271,87547223,2029589081,0.1175049504950495,0.059313531353135315
1658260410924,34.427002,0.902439,1.0,1.0,1.0,0.9677419,1.0,1.0,0.2,1.0,48.9,49.600002,48.9,49.9,49.9,49.600002,48.9,49.600002,49.600002,50.600002,45.600002,45.600002,3929331,-751038,1075200,1075200,1075200,1075200,1075200,1075200,652800,1401600,3,0,1,84,0,0,36,3,1,7,2,1,5,0,1,0,0,0,701,27,19,0,0,0,1589,0,3040,30899,0,0,37373,1772,536,5222,752,3351,2362,0,2821,0,0,0,348131,60826,40638,0,0,0,0.073312693498452,0.01036532507739938
1658260412522,34.510002,0.87445885,1.0,1.0,0.85714287,0.86206895,0.9,0.93333334,0.39285713,1.0,49.300003,49.600002,48.600002,49.600002,49.9,49.9,48.9,50.300003,49.9,50.9,45.9,45.600002,3878142,-1370240,1075200,1075200,1075200,1075200,1075200,1075200,652800,1401600,0,0,0,17,0,0,43,0,1,70,0,1,0,0,0,0,0,0,1546,94,30,0,0,0,0,0,0,6933,0,0,12586,0,400,12385,0,249,0,0,0,0,0,0,650039,120161,45623,0,0,0,0.08824539877300613,0.04056441717791411
1658260413793,34.567,0.91322315,1.0,0.93333334,0.9375,0.9655172,1.0,0.9677419,0.4814815,1.0,48.600002,48.9,48.300003,48.9,49.300003,49.300003,48.300003,50.300003,48.600002,50.300003,45.600002,45.300003,3872887,-1296082,1075200,1075200,1075200,1075200,1075200,1075200,652800,1401600,166,0,0,26,0,0,216,18,16,117,0,2,193,6,15,53,1,3,1432,97,38,0,0,1,116148,0,0,24719,0,0,118145,32952,44230,28677,0,13306,84733,10416,23154,14472,778,2160,629763,142414,64182,0,0,636,0.024186046511627906,0.003075968992248062
1658260414972,34.631,0.60638297,0.82608694,0.6956522,0.27272728,0.29166666,0.625,1.0,0.0,1.0,48.300003,48.600002,47.600002,48.600002,48.9,48.600002,48.300003,50.300003,48.600002,50.300003,45.300003,44.9,3952493,-455627,1075200,1075200,1075200,1075200,1075200,1075200,652800,1401600,9,0,0,335,0,0,52,3,3,134,12,20,134,21,28,75,0,1,930,115,50,5,1,1,2950,0,0,231739,0,0,28386,3455,4161,93514,16473,37613,90744,51269,44774,26228,0,1043,468299,200693,125239,111,399,15,-1.0,-1.0
1658260416120,34.679,0.7004831,0.8,0.76,0.72,0.4814815,0.72,0.88461536,0.24,1.0,47.300003,47.300003,46.9,47.9,47.9,47.9,47.300003,48.9,47.600002,49.300003,44.9,44.600002,3908700,-978089,1075200,1075200,1075200,1075200,1075200,1075200,652800,1401600,211,0,0,156,0,0,63,8,18,186,23,33,147,15,26,70,12,11,703,121,90,3,0,0,153163,0,0,125864,0,0,37417,19767,131859,109703,49010,194546,88821,26880,128347,47630,31349,33625,338810,242409,234910,79,0,0,-1.0,-1.0
1658260417228,34.726,0.80751175,0.8148148,0.962963,0.7307692,0.962963,0.7307692,1.0,0.30769232,0.96428573,47.300003,47.300003,46.600002,46.600002,47.300003,47.600002,46.600002,48.9,47.600002,48.9,44.300003,43.9,3950352,-431824,1075200,1075200,1075200,1075200,1075200,1075200,652800,1401600,283,0,0,296,25,27,184,11,18,280,34,59,206,17,43,46,0,1,365,112,120,1,0,0,134653,0,0,318080,49611,115386,95345,17290,51523,208824,85031,274014,124354,39089,379050,30447,0,1121,237328,264473,388635,27,0,0,6.469673405909798E-4,6.469673405909798E-4
1658260418358,34.755,0.6717949,0.5416667,0.65217394,1.0,0.875,1.0,0.2,0.083333336,1.0,47.600002,47.9,47.600002,48.300003,48.300003,47.9,47.600002,48.300003,48.600002,49.600002,44.600002,44.9,3938674,-591736,1075200,1075200,1075200,1075200,1075200,1075200,652800,1401600,160,38,45,106,0,2,150,12,18,165,16,56,188,16,43,16,0,1,376,65,90,46,1,8,117753,96385,268174,113744,0,11007,75215,24044,56274,82985,37533,472020,139482,32279,272287,5968,0,1154,317734,168581,421001,16152,1032,5305,-1.0,-1.0
1658260419515,34.796,0.592233,0.24,1.0,0.16,0.26923078,0.96153843,0.96153843,0.115384616,1.0,46.300003,46.600002,45.9,45.9,46.300003,46.300003,45.600002,48.300003,46.300003,48.300003,43.9,43.600002,3945681,-502319,1075200,1075200,1075200,1075200,1075200,1075200,652800,1401600,142,24,30,89,3,6,0,0,0,153,42,43,76,20,32,246,46,79,133,121,140,0,0,0,207408,59807,115291,61867,6374,16873,0,0,0,129741,104296,222645,74258,58785,198897,206703,93223,397397,126976,275735,586994,0,0,0,-1.0,-1.0
1658260420609,34.831,0.6195122,0.4090909,0.88461536,0.46153846,0.84,1.0,0.2962963,0.07692308,1.0,45.600002,45.9,45.600002,45.9,45.9,45.9,45.300003,47.600002,45.9,47.9,43.300003,42.9,3960084,-476074,1075200,1075200,1075200,1075200,1075200,1075200,652800,1401600,437,21,13,167,22,19,345,56,51,240,37,61,37,5,7,166,30,33,101,80,159,1,0,2,432020,58466,63742,117738,45617,80466,264244,90929,143672,211616,76752,251554,10554,5649,27351,153312,63912,156414,79339,220818,611183,45,0,1034,-1.0,-1.0
1658260421720,34.853,0.5777778,0.15,1.0,0.1,1.0,1.0,0.20833333,0.09090909,1.0,46.300003,45.9,45.300003,45.9,46.300003,46.300003,45.600002,47.600002,45.9,47.600002,43.300003,43.600002,3910062,-1037598,1075200,1075200,1075200,1075200,1075200,1075200,652800,1401600,354,22,24,41,0,0,347,57,51,197,28,33,48,11,12,265,37,64,274,104,131,2,0,0,318872,60139,147727,37286,0,0,239411,124404,148418,78640,74652,181434,46059,28233,45491,201495,63780,401934,212210,261498,544170,56,0,0,6.114649681528663E-4,6.114649681528663E-4
1658260422818,34.895,0.876652,0.82758623,1.0,0.9310345,0.82758623,1.0,1.0,0.42857143,1.0,45.300003,45.600002,44.9,45.9,45.600002,45.9,44.9,47.600002,45.300003,47.300003,43.300003,42.9,3953466,-491333,1075200,1075200,1075200,1075200,1075200,1075200,652800,1401600,185,25,29,59,0,0,208,28,38,219,26,39,19,5,23,148,11,34,190,50,98,65,0,3,187326,60196,105949,29587,0,0,148797,73862,217754,121626,48597,241913,15994,8361,237577,54561,24775,506293,133256,135535,628261,13388,0,1578,0.8971782945736434,0.0357953488372093
1658260423955,34.93,0.7323232,0.6923077,0.962963,0.45454547,0.5833333,0.84615386,1.0,0.25,1.0,47.600002,47.600002,46.9,47.300003,47.600002,47.300003,46.600002,48.600002,47.300003,48.600002,44.600002,44.300003,3876585,-1409302,1075200,1075200,1075200,1075200,1075200,1075200,652800,1401600,263,1,4,2,0,0,147,17,31,136,8,9,185,7,22,6,0,10,766,114,82,1,0,0,97242,1692,6263,2656,0,0,83764,39371,182744,57723,10801,12474,58669,13456,167897,8623,0,145072,357340,207089,177949,25,0,0,331.2377089201878,1.8952112676056336
1658260425060,34.958,0.73762375,0.54545456,0.85714287,0.6,0.6,0.9230769,1.0,0.26086956,1.0,48.300003,47.9,47.600002,47.600002,48.300003,47.9,46.9,49.600002,47.300003,49.600002,45.600002,45.300003,3876195,-1387940,1075200,1075200,1075200,1075200,1075200,1075200,652800,1401600,750,8,16,157,1,2,880,17,51,1071,16,59,79,8,13,0,0,0,607,159,83,0,0,0,293876,7579,13447,58229,802,1946,379698,14193,79984,393178,17653,88875,41336,16483,19232,0,0,0,423930,195185,96506,0,0,0,310.7796273291925,1.4516273291925466
1658260426157,35.023003,0.7254902,0.6,0.96,0.46153846,0.65384614,0.875,1.0,0.24,1.0,48.600002,48.600002,48.300003,48.300003,48.300003,48.600002,47.9,50.300003,48.9,50.300003,45.9,45.300003,3877752,-1267090,1075200,1075200,1075200,1075200,1075200,1075200,652800,1401600,1105,7,18,132,4,7,613,12,39,1053,19,44,170,14,17,15,0,1,595,139,66,0,0,0,368421,5264,15053,59149,4400,9698,237821,16345,53003,389293,22868,61684,74959,21246,22015,2046,0,3449,433189,174751,78575,0,0,0,305.21445723172627,1.3851073094867807
1658260427274,35.105003,0.79901963,0.72,0.875,0.7307692,0.68,1.0,1.0,0.4074074,1.0,49.300003,49.300003,48.300003,49.300003,49.300003,49.300003,48.600002,50.300003,49.300003,50.9,46.300003,45.9,3889431,-1318665,1075200,1075200,1075200,1075200,1075200,1075200,652800,1401600,925,6,18,119,1,2,1057,21,59,982,19,61,108,7,27,4,1,1,642,140,97,0,0,0,379747,6667,14759,40885,312,1678,432634,11050,90861,375379,16238,93907,50199,6397,38604,1891,593,758,462980,166753,98745,0,0,0,312.77775427682735,1.4619471228615863
1658260428440,35.189003,0.7794118,0.76,1.0,0.53846157,0.52,1.0,1.0,0.375,1.0,50.300003,50.300003,49.600002,49.9,49.9,49.9,48.9,51.300003,49.9,51.600002,47.600002,46.9,3869967,-1434022,1075200,1075200,1075200,1075200,1075200,1075200,652800,1401600,727,4,17,97,4,5,842,21,49,1018,20,41,28,1,3,55,3,9,571,144,83,0,0,0,287434,3601,16871,44006,3311,5367,341552,18949,62194,369763,20708,62106,16462,24,2361,18765,791,11187,388237,173220,112510,0,0,0,311.48859442724455,1.409188854489164
1658260429640,35.287003,0.77560973,0.6296296,1.0,0.7692308,0.7307692,1.0,0.64,0.46153846,1.0,50.300003,50.600002,49.600002,50.600002,50.300003,50.300003,49.9,51.9,50.300003,51.9,47.9,46.9,3861987,-1528931,1075200,1075200,1075200,1075200,1075200,1075200,652800,1401600,915,0,8,87,0,0,793,16,51,884,14,51,80,5,9,141,6,15,652,130,41,0,0,0,316648,0,7043,30422,0,0,304675,14278,79849,340378,12180,66859,36696,6629,12060,48858,4373,22074,436456,153440,55151,0,0,0,312.9444727838258,1.3922737169517885
1658260430740,35.371002,0.8159204,0.7692308,1.0,0.64,0.7083333,1.0,1.0,0.42307693,1.0,50.9,50.9,49.9,50.600002,50.600002,50.600002,49.600002,52.300003,50.300003,52.300003,47.600002,46.9,3857121,-1388245,1075200,1075200,1075200,1075200,1075200,1075200,652800,1401600,1014,5,9,0,0,0,1038,14,36,892,24,52,28,0,1,112,7,17,547,152,67,0,0,0,351637,2959,8006,0,0,0,354415,15101,63234,347239,19672,87780,6439,0,3161,50790,8988,32125,365623,157396,97582,0,0,0,312.0549068322981,1.506633540372671
1658260431900,35.473003,0.745,0.65384614,0.8518519,0.6923077,0.6,0.88,1.0,0.26086956,1.0,50.9,50.9,50.300003,50.600002,50.9,50.9,50.300003,52.300003,51.600002,52.600002,48.300003,47.9,3847584,-1672669,1075200,1075200,1075200,1075200,1075200,1075200,652800,1401600,899,1,4,13,0,0,855,18,55,962,14,36,18,3,4,0,0,0,667,142,60,0,0,0,301759,1642,4317,7669,0,0,344149,17696,85744,364960,11299,43458,5001,3773,5456,0,0,0,447944,159321,76661,0,0,0,309.52069349845203,1.4151826625386996
1658260433075,35.567,0.76585364,0.68,0.96153843,0.53846157,0.5925926,1.0,1.0,0.46153846,1.0,51.300003,51.600002,50.9,50.9,51.300003,51.300003,50.600002,52.9,50.9,52.9,48.600002,47.9,3867047,-1459046,1075200,1075200,1075200,1075200,1075200,1075200,652800,1401600,1144,3,12,97,1,7,857,21,46,863,20,49,105,3,12,1,0,0,566,143,51,0,0,0,417434,3286,9879,41273,331,8348,325847,26251,65896,347903,16485,86135,41411,3204,12525,298,0,0,382395,191816,75348,0,0,0,308.90760930232557,1.4952186046511626
1658260434174,35.672,0.7363184,0.65384614,1.0,0.5925926,0.5185185,0.8695652,1.0,0.22727273,1.0,52.300003,52.300003,51.600002,51.600002,51.9,51.9,50.9,53.300003,51.600002,53.300003,49.300003,48.600002,3860235,-1508179,1075200,1075200,1075200,1075200,1075200,1075200,652800,1401600,1084,2,8,34,0,0,694,15,48,991,10,46,29,1,3,235,11,28,499,145,56,0,0,0,368114,357,5737,15338,0,0,291623,17706,63852,382335,8340,60329,17105,300,3757,101368,5183,46367,355718,160671,69280,0,0,0,307.84467807153965,1.2589486780715395
1658260435258,35.767002,0.72680414,0.6,1.0,0.5833333,0.65217394,0.625,1.0,0.27272728,1.0,52.300003,51.9,50.9,51.9,51.9,51.9,50.600002,53.300003,51.600002,53.600002,49.300003,48.600002,3864906,-1397706,1075200,1075200,1075200,1075200,1075200,1075200,652800,1401600,1026,5,23,1,0,0,927,25,64,857,24,55,238,18,36,0,0,0,595,124,70,0,0,0,379543,5031,14059,30,0,0,381777,24274,100534,334148,15425,87836,87976,17267,42420,0,0,0,427769,151025,90122,0,0,0,313.7920517799353,1.576233009708738
1658260436292,35.855003,0.7892157,0.65217394,0.96153843,0.5416667,0.625,1.0,0.9259259,0.47826087,1.0,51.9,52.300003,51.300003,52.300003,52.300003,51.9,51.300003,53.600002,52.300003,53.600002,49.300003,48.600002,3863544,-1417237,1075200,1075200,1075200,1075200,1075200,1075200,652800,1401600,1112,1,15,132,2,8,788,21,49,691,18,29,191,12,31,10,0,0,575,137,58,0,0,0,382097,352,9985,49078,1503,7411,339808,23352,69254,283977,18038,48371,85890,5595,60846,2607,0,0,390792,142513,64608,0,0,0,309.2379656786271,1.505198127925117
1658260437353,35.949,0.7817259,0.64,1.0,0.7037037,0.47826087,0.96,1.0,0.45833334,1.0,52.9,52.9,52.300003,52.600002,52.600002,52.600002,52.300003,54.300003,52.600002,54.600002,49.9,49.300003,3864517,-1457215,1075200,1075200,1075200,1075200,1075200,1075200,652800,1401600,1064,2,5,100,1,7,1029,12,48,1058,18,51,2,0,1,54,1,5,573,122,48,0,0,0,390212,601,6035,41012,344,4202,405807,8211,64265,376625,27747,69270,1467,0,29,16088,242,14767,384768,122731,64729,0,0,0,310.2589906542056,1.532411214953271
1658260438417,36.027,0.74242425,0.6086956,1.0,0.76,0.56,1.0,0.59090906,0.4,1.0,52.9,53.300003,52.300003,52.9,52.9,52.9,52.300003,54.300003,52.9,54.600002,50.300003,49.600002,3863544,-1429749,1075200,1075200,1075200,1075200,1075200,1075200,652800,1401600,1288,9,15,0,0,0,754,17,50,1107,20,53,32,0,2,76,6,11,550,123,72,0,0,0,446176,5571,13499,0,0,0,322172,16306,70653,404284,21898,79677,11930,0,4803,41006,5467,22890,370991,132125,101152,0,0,0,310.3374976599064,1.5202745709828391
1658260439463,36.118,0.75609756,0.61538464,1.0,0.5714286,0.72,1.0,0.7777778,0.3181818,1.0,53.600002,53.300003,52.300003,52.9,53.300003,53.300003,52.300003,54.9,52.9,54.9,50.300003,49.600002,3850114,-1565858,1075200,1075200,1075200,1075200,1075200,1075200,652800,1401600,1103,6,19,97,1,0,846,20,51,979,26,66,9,0,2,135,15,22,541,154,77,0,0,0,401692,4962,18098,48130,1600,0,336091,15719,77262,400432,19453,92317,2735,0,2176,57339,19577,37692,384948,171171,97910,0,0,0,309.97263551401863,1.5400872274143302
1658260440587,36.203003,0.7853659,0.7037037,0.88461536,0.6,0.52,1.0,0.962963,0.5555556,1.0,53.600002,53.600002,52.300003,52.9,53.300003,52.9,52.300003,54.9,53.300003,54.9,50.300003,49.9,3864517,-1394043,1075200,1075200,1075200,1075200,1075200,1075200,652800,1401600,1076,2,13,184,0,0,920,22,47,756,19,50,32,1,2,170,14,29,574,127,54,0,0,0,363886,1410,8352,54160,0,0,326940,24391,74558,321345,18277,73787,8126,448,8063,88935,12964,47967,407120,135991,65909,0,0,0,307.1464347826087,1.426583850931677
1658260441668,36.301003,0.8317308,0.84,1.0,0.7037037,0.60714287,1.0,1.0,0.53846157,1.0,53.600002,53.600002,52.600002,53.300003,53.600002,53.9,52.9,54.9,53.600002,54.9,50.600002,49.9,3856342,-1434937,1075200,1075200,1075200,1075200,1075200,1075200,652800,1401600,984,3,16,266,2,8,1013,15,57,846,18,58,0,0,0,110,10,18,517,162,58,0,0,0,351670,1659,14763,109795,2540,11798,376665,12191,83905,356398,15117,85473,0,0,0,51725,9157,28737,406619,163397,85493,0,0,0,308.14003715170276,1.6483467492260062
1658260442806,36.395,0.7246377,0.48,1.0,0.5769231,1.0,0.9230769,0.48,0.33333334,1.0,53.600002,53.600002,52.9,53.300003,53.300003,53.300003,52.300003,55.300003,53.300003,55.300003,50.600002,50.300003,3869578,-1337281,1075200,1075200,1075200,1075200,1075200,1075200,652800,1401600,644,3,11,65,3,5,812,9,30,1243,15,40,6,1,1,26,2,2,572,151,75,0,0,0,204108,2226,8751,24391,4455,5952,295994,11682,40065,422834,16053,50067,1611,347,963,8478,1591,4654,380206,181617,86032,0,0,0,309.983007751938,1.392322480620155
1658260443899,36.487003,0.5494506,0.08695652,0.9583333,0.95454544,0.13043478,0.2,1.0,0.0,1.0,52.9,52.9,52.300003,52.9,52.9,52.600002,52.300003,54.9,53.300003,54.600002,49.9,49.600002,3940426,-499573,1075200,1075200,1075200,1075200,1075200,1075200,652800,1401600,499,9,13,0,0,0,696,15,39,361,1,14,80,4,11,185,6,20,610,115,62,0,0,0,268277,16213,20946,0,0,0,277531,18368,100449,126711,217,19962,43560,3684,22450,80364,4157,59645,403551,121407,104675,0,0,0,-1.0,-1.0
1658260444931,36.561,0.5609756,0.041666668,1.0,0.84,0.48,0.33333334,0.64,0.11111111,1.0,50.600002,51.300003,50.600002,50.9,50.9,51.300003,50.600002,53.300003,51.300003,53.300003,48.300003,48.300003,3927190,-892029,1075200,1075200,1075200,1075200,1075200,1075200,652800,1401600,492,15,27,46,0,0,168,44,71,197,30,83,101,11,35,51,10,21,102,60,145,0,0,0,431772,37779,213924,54370,0,0,174293,93056,341355,190960,73337,417530,81653,25618,230398,50499,33862,92846,101457,222652,548159,0,0,0,-1.0,-1.0
1658260445993,36.629,0.5507246,0.07692308,1.0,0.6923077,1.0,0.08,0.46153846,0.04,1.0,49.600002,50.300003,49.300003,50.300003,50.600002,50.300003,49.600002,52.300003,50.300003,52.300003,47.600002,47.300003,3953661,-320434,1075200,1075200,1075200,1075200,1075200,1075200,652800,1401600,187,24,46,0,0,0,261,36,82,118,20,65,78,16,35,44,5,12,117,111,162,0,0,0,239310,65340,347104,0,0,0,226531,79939,464014,109963,48127,479478,65302,37050,367668,41043,11087,60641,113689,302089,581213,0,0,0,-1.0,-1.0
1658260447081,36.679,0.84615386,0.84,1.0,0.6923077,0.89285713,0.8,1.0,0.5,1.0,49.300003,49.9,49.600002,49.9,49.300003,48.9,48.9,51.9,49.600002,51.600002,47.300003,46.9,3938674,-522461,1075200,1075200,1075200,1075200,1075200,1075200,652800,1401600,224,26,53,0,0,0,80,11,28,90,4,16,137,15,45,267,22,61,195,124,117,3,0,0,265098,47310,363471,0,0,0,66060,23668,227874,55221,8449,53020,91580,33223,303051,179804,50683,405330,150905,298522,403867,85,0,0,2.735603715170279,0.07785758513931888
1658260448161,36.716003,0.89047617,0.7916667,1.0,0.8518519,1.0,1.0,1.0,0.44,1.0,51.300003,51.600002,50.9,51.300003,51.300003,51.300003,50.600002,52.600002,51.600002,52.9,48.600002,47.9,3839993,-1575013,1075200,1075200,1075200,1075200,1075200,1075200,652800,1401600,479,7,26,125,0,0,409,4,21,83,6,5,484,9,21,157,9,21,601,80,91,3,0,0,159857,22735,177167,38270,0,0,148642,2836,37161,36693,11048,5901,151439,11567,209757,63378,11084,197784,348783,109610,187325,82,0,0,605.9444852255054,4.683147744945567
1658260449280,36.754,0.8585366,0.9230769,0.8076923,0.8,1.0,1.0,1.0,0.36,1.0,52.600002,52.9,51.9,52.600002,52.600002,52.600002,51.600002,53.9,52.300003,54.300003,50.300003,49.300003,3862181,-1522217,1075200,1075200,1075200,1075200,1075200,1075200,652800,1401600,614,0,3,59,1,6,720,5,6,70,0,6,21,1,3,9,0,0,603,105,64,0,0,0,163734,0,2587,21078,436,4768,304118,9546,11047,26614,0,7310,5686,19,893,2611,0,0,349404,96094,67223,0,0,0,668.9725714285714,4.535552795031056
1658260450376,36.818,0.8851675,0.8076923,1.0,0.9230769,1.0,0.8214286,1.0,0.53846157,1.0,53.600002,53.9,52.600002,53.300003,53.300003,52.9,52.600002,54.9,52.9,55.300003,50.600002,50.300003,3851087,-1530457,1075200,1075200,1075200,1075200,1075200,1075200,652800,1401600,387,0,3,214,2,3,600,4,11,124,1,8,12,2,0,12,0,1,657,98,64,1,0,0,110989,0,1825,51767,781,1679,240242,1623,8811,41216,371,10950,3253,759,0,2734,0,447,402659,92847,68711,12,0,0,620.4785116279069,4.081066666666667
1658260451496,36.868,0.943128,0.96153843,0.96428573,1.0,1.0,1.0,1.0,0.5769231,1.0,54.300003,53.9,53.9,54.300003,53.9,53.9,52.9,55.600002,53.9,55.9,51.600002,50.9,3855758,-1520081,1075200,1075200,1075200,1075200,1075200,1075200,652800,1401600,529,2,0,165,0,3,589,4,9,2,0,1,257,3,12,50,0,3,599,120,65,0,0,0,139421,704,0,45597,0,1322,223488,4062,9877,1102,0,0,62550,3947,16594,12055,0,1645,379666,115665,66943,0,0,0,620.163433903577,4.005922239502333
1658260452636,36.95,0.8208955,0.7692308,0.92,0.5652174,0.9130435,0.9259259,1.0,0.375,1.0,55.300003,55.300003,54.600002,55.300003,55.300003,54.9,54.300003,56.300003,55.300003,56.600002,52.300003,51.600002,3838241,-1657105,1075200,1075200,1075200,1075200,1075200,1075200,652800,1401600,278,3,5,74,0,2,388,2,7,290,2,11,2,0,0,0,0,0,714,128,54,6,0,0,73558,2256,2845,17165,0,622,112981,1549,8074,69513,1194,8497,1148,0,0,0,0,0,434225,129901,74134,1591,0,0,619.0696259659968,4.127901081916538
1658260453830,37.031002,0.85365856,0.84615386,0.9259259,0.73913044,0.8,0.962963,1.0,0.5,1.0,55.600002,55.600002,54.9,55.600002,55.600002,55.600002,54.600002,56.9,55.300003,56.9,52.600002,51.9,3837657,-1638795,1075200,1075200,1075200,1075200,1075200,1075200,652800,1401600,492,1,5,351,1,0,495,5,12,39,1,6,44,2,10,8,0,3,499,103,32,0,0,0,158493,1109,3211,87844,479,0,197983,3304,18936,18108,923,7775,15494,369,10081,2323,0,1358,317790,99424,35754,0,0,0,622.2820441640379,3.9946498422712935
1658260454900,37.112003,0.8309179,0.7916667,1.0,0.625,0.85714287,0.88461536,1.0,0.52,1.0,56.300003,55.9,55.300003,55.9,56.300003,55.9,54.9,57.300003,55.600002,57.300003,53.300003,51.9,3841355,-1620484,1075200,1075200,1075200,1075200,1075200,1075200,652800,1401600,779,4,7,263,1,6,770,3,26,486,7,16,58,3,8,0,0,0,536,126,41,0,0,0,242032,3040,5146,75614,1104,3879,318220,3772,46537,161384,5948,15645,19655,4068,14203,0,0,0,337855,126126,45879,0,0,0,622.4047278382582,4.14457231726283
1658260455987,37.179,0.8522167,0.8,0.76,0.76,0.96,1.0,1.0,0.5,1.0,56.300003,56.600002,55.300003,56.300003,56.300003,55.9,54.9,57.600002,55.9,57.600002,53.600002,52.600002,3855175,-1509400,1075200,1075200,1075200,1075200,1075200,1075200,652800,1401600,869,2,9,439,1,11,884,5,21,390,5,18,65,3,9,2,0,0,505,117,70,1,0,0,265561,1725,6009,139273,218,8412,316887,9923,29700,138612,4056,17244,26108,2828,8975,213,0,0,341128,116829,81917,20,0,0,622.5548819875777,4.071155279503106
1658260457088,37.271,0.8358209,0.7307692,0.8,0.76,0.962963,0.8888889,1.0,0.48,1.0,56.600002,56.300003,55.9,56.300003,56.600002,56.300003,55.300003,57.9,56.600002,57.9,53.600002,52.9,3839409,-1549378,1075200,1075200,1075200,1075200,1075200,1075200,652800,1401600,822,0,2,495,0,5,826,5,23,419,4,21,36,4,3,4,0,0,534,106,65,0,0,0,262693,0,1131,136199,0,3476,331584,10596,35019,144128,1547,26621,8916,7847,3492,2295,0,0,325336,108002,65942,0,0,0,620.4419352850539,3.7021386748844374
1658260458143,37.348003,0.83,0.84,0.88461536,0.5833333,0.8888889,1.0,1.0,0.3478261,1.0,56.9,56.9,56.300003,56.600002,56.9,56.9,55.9,57.9,56.600002,58.600002,53.600002,53.300003,3848557,-1553040,1075200,1075200,1075200,1075200,1075200,1075200,652800,1401600,1092,4,8,306,3,6,842,9,26,266,4,15,132,6,16,3,0,0,525,116,47,4,0,0,310652,3937,6421,94785,3417,4957,334118,6618,43648,96736,3469,14536,47837,5349,16423,346,0,0,334502,118427,48688,58,0,0,617.9217445482866,4.055376947040498
1658260459193,37.429,0.8208955,0.84,0.7692308,0.5652174,0.962963,0.96,0.96,0.44,1.0,56.9,57.300003,56.600002,56.9,56.9,56.600002,55.600002,58.600002,56.600002,58.600002,54.300003,53.300003,3850698,-1530762,1075200,1075200,1075200,1075200,1075200,1075200,652800,1401600,763,3,9,397,0,2,945,6,22,295,10,35,23,2,5,1,0,1,444,120,66,0,0,0,240323,1543,5701,113474,0,1481,349503,3469,46756,135160,9755,44886,8069,1945,4698,93,0,28,285505,125665,132357,0,0,0,619.5209440993789,3.9335155279503105
1658260460268,37.521,0.79611653,0.7692308,0.72,0.61538464,0.9259259,1.0,1.0,0.375,1.0,57.300003,57.600002,56.600002,56.9,57.300003,57.300003,56.600002,58.600002,57.300003,58.9,53.9,53.600002,3829288,-1628724,1075200,1075200,1075200,1075200,1075200,1075200,652800,1401600,775,5,4,617,0,4,935,10,28,288,7,16,52,2,10,15,0,2,474,120,61,0,0,0,242158,4473,3084,162857,0,3170,353074,14651,46181,98433,4707,17208,26878,1659,9023,5279,0,1766,311579,128737,63792,0,0,0,621.7657819314642,3.75596261682243
1658260461372,37.595,0.8829268,0.8076923,1.0,0.8,0.92,1.0,1.0,0.5769231,1.0,57.600002,57.300003,57.300003,57.300003,57.600002,57.300003,56.600002,58.9,56.9,58.9,54.600002,53.600002,3828899,-1661072,1075200,1075200,1075200,1075200,1075200,1075200,652800,1401600,832,1,10,977,2,16,614,11,31,459,7,27,32,0,5,0,0,0,541,130,69,1,0,0,264236,648,6227,269433,1631,13731,258687,8255,45580,176706,4869,34774,13092,0,8449,0,0,0,370637,126771,74234,20,0,0,622.3992286158631,3.8195085536547433
1658260462450,37.679,0.94930875,0.96428573,0.962963,1.0,0.962963,1.0,1.0,0.6666667,1.0,57.9,58.300003,57.300003,58.300003,57.9,58.300003,57.600002,59.300003,57.9,59.600002,55.300003,54.600002,3832791,-1727601,1075200,1075200,1075200,1075200,1075200,1075200,652800,1401600,591,2,9,605,1,7,466,7,14,62,1,5,22,3,4,1,0,0,598,76,32,0,0,0,179784,1612,5656,155082,565,4703,187529,9782,21006,32244,1025,5015,9744,2610,3325,77,0,0,348761,70927,40975,0,0,0,616.9134681181959,3.9131570762052874
1658260463575,37.771,0.84729064,0.7692308,1.0,0.72,0.88461536,0.96153843,0.89285713,0.5833333,1.0,58.600002,58.600002,58.300003,58.9,58.600002,58.300003,57.600002,59.600002,58.300003,59.9,55.300003,54.9,3803596,-1999818,1075200,1075200,1075200,1075200,1075200,1075200,652800,1401600,544,1,4,261,0,4,176,0,2,349,0,1,0,0,0,30,1,2,882,67,8,0,0,0,137915,808,2666,78588,0,2152,106769,0,5213,128873,0,2787,0,0,0,6765,27,1571,434957,58474,8385,0,0,0,621.2110654205608,3.772461059190031
1658260464639,37.848003,0.82758623,0.61538464,0.73913044,0.8518519,0.88461536,1.0,1.0,0.52,1.0,58.600002,58.600002,57.9,58.600002,58.600002,58.300003,57.600002,59.9,58.300003,60.300003,55.300003,54.9,3844275,-1536255,1075200,1075200,1075200,1075200,1075200,1075200,652800,1401600,1262,2,7,216,1,1,642,4,27,474,11,23,3,1,2,113,2,6,509,110,48,0,0,0,362821,1459,5649,59490,731,366,255745,4212,38710,179922,7018,26779,239,349,8657,35484,744,5421,319436,119881,59736,24,0,0,619.7759003115265,4.127551401869159
1658260465691,37.940002,0.85714287,0.7037037,0.92,0.8214286,0.8148148,1.0,1.0,0.5769231,1.0,58.9,58.9,58.300003,58.9,58.600002,58.600002,57.9,60.300003,58.600002,60.300003,55.600002,54.9,3830650,-1659241,1075200,1075200,1075200,1075200,1075200,1075200,652800,1401600,1230,1,14,751,2,20,611,8,30,164,3,10,2,1,0,77,3,12,481,107,55,1,0,0,345819,839,12483,217990,2072,12707,296212,15350,41290,61347,3098,13263,27,25,0,24275,2524,7179,334106,109069,61639,0,0,0,621.5465341614906,4.135403726708074
1658260466752,38.027,0.8642534,0.85714287,0.85714287,0.8148148,0.96428573,0.9285714,1.0,0.44444445,1.0,58.9,58.9,57.9,58.9,58.9,59.300003,58.300003,60.300003,58.9,60.300003,55.600002,54.9,3831040,-1657716,1075200,1075200,1075200,1075200,1075200,1075200,652800,1401600,952,1,8,531,0,3,618,7,29,503,7,23,12,0,2,67,1,7,478,114,66,1,0,0,276025,350,7605,137874,0,1422,286742,7908,37822,177444,9775,26327,5107,0,4316,22676,233,3280,317945,120963,74419,24,0,0,616.2526523076923,4.283618461538461
1658260467848,38.109,0.5745856,0.8695652,0.23809524,0.09090909,1.0,0.20833333,1.0,0.20833333,1.0,58.600002,58.9,58.300003,58.600002,58.600002,58.300003,57.600002,60.300003,58.600002,60.300003,55.9,55.300003,3854201,-1313172,1075200,1075200,1075200,1075200,1075200,1075200,652800,1401600,758,7,19,463,5,17,708,6,26,296,4,15,14,2,3,38,0,4,644,106,62,1,0,0,242152,9942,36542,133025,8747,36540,289130,12442,48119,110223,6010,12238,8366,42,5871,15264,0,6182,384542,115990,66390,23,0,0,0.0025878693623639193,0.0012939346811819596
1658260468875,38.176003,0.5320197,1.0,0.04,1.0,0.04,1.0,0.08,0.0,1.0,56.300003,55.600002,55.300003,55.600002,55.600002,55.9,55.300003,58.300003,55.9,58.300003,53.300003,52.600002,3897995,-688171,1075200,1075200,1075200,1075200,1075200,1075200,652800,1401600,457,9,9,328,12,21,225,37,84,32,10,13,169,31,57,65,11,23,219,123,80,0,0,0,507142,23528,58813,268642,27274,135194,187367,69302,339922,36606,26599,49550,165145,76584,308203,51825,20620,90662,141472,341947,268943,0,0,0,-1.0,-1.0
1658260469933,38.247,0.6231884,0.5,0.84615386,0.35714287,0.44,0.8148148,1.0,0.04,1.0,54.300003,54.300003,53.9,54.300003,54.600002,54.600002,53.600002,56.9,54.600002,56.600002,51.9,51.600002,3934197,-348205,1075200,1075200,1075200,1075200,1075200,1075200,652800,1401600,25,0,0,173,24,43,0,0,0,226,33,84,73,9,45,130,12,64,113,107,143,0,0,0,49481,0,0,138663,69030,252743,0,0,0,186564,56265,611065,62430,25544,410387,110527,23851,556782,116202,303148,561739,0,0,0,-1.0,-1.0
1658260471014,38.291,0.76585364,0.8076923,0.84,0.6666667,0.84,1.0,0.6,0.41666666,1.0,53.600002,53.600002,53.300003,53.9,53.600002,54.300003,53.600002,55.9,53.9,56.300003,50.9,50.9,3941009,-310669,1075200,1075200,1075200,1075200,1075200,1075200,652800,1401600,258,19,48,164,15,31,123,18,27,131,15,27,134,12,34,66,5,42,122,71,113,3,0,0,320207,38140,374871,116207,43387,147996,85464,41152,117314,98402,19521,101641,87633,22600,196441,53450,12532,374762,68335,176380,648992,89,0,0,0.004602409638554217,0.00953012048192771
1658260472110,38.335003,0.9302326,0.84615386,0.9259259,0.9655172,1.0,1.0,1.0,0.68,1.0,54.300003,54.600002,54.300003,54.600002,55.300003,54.9,53.9,56.300003,54.9,56.600002,51.9,51.600002,3847778,-1503296,1075200,1075200,1075200,1075200,1075200,1075200,652800,1401600,208,2,1,437,23,29,400,9,35,102,6,2,59,6,29,200,10,19,532,85,95,2,0,0,72551,0,0,226679,58074,248521,162302,18805,404719,37875,6973,2491,28871,9253,399615,82616,13521,29645,268360,148638,355689,27,0,0,493.28937674418603,4.093568992248062
1658260473222,38.369003,0.9308756,0.962963,1.0,1.0,1.0,1.0,1.0,0.48,1.0,56.600002,56.600002,55.9,56.600002,56.600002,56.600002,55.600002,57.9,55.9,57.9,53.600002,52.600002,3835711,-1739503,1075200,1075200,1075200,1075200,1075200,1075200,652800,1401600,322,1,4,645,2,10,534,2,8,34,0,1,0,0,0,62,2,7,556,70,53,0,0,0,120824,1451,3868,192699,1083,9178,282587,3853,7647,10409,0,32,0,0,0,20011,533,12219,287016,75379,59737,0,0,0,1184.6139813084112,6.76780062305296
1658260474328,38.396004,0.9009901,1.0,0.9230769,0.8518519,1.0,1.0,0.96153843,0.39130434,1.0,57.300003,57.300003,56.600002,57.300003,57.300003,56.9,55.9,58.9,56.600002,58.9,54.600002,53.9,3839798,-1599427,1075200,1075200,1075200,1075200,1075200,1075200,652800,1401600,203,0,2,69,2,2,206,0,1,7,0,1,0,0,1,23,4,3,506,59,93,0,0,0,60371,0,769,21669,897,742,109777,0,1070,897,0,398,0,0,363,12484,3536,8869,286033,65868,109994,0,0,0,817.9915527950311,4.635378881987577
1658260475412,38.443,0.89252335,0.9230769,0.96153843,0.8518519,1.0,1.0,1.0,0.4814815,1.0,58.300003,58.300003,57.9,58.300003,58.300003,57.600002,57.300003,58.9,57.9,59.9,54.9,54.600002,3831040,-1710511,1075200,1075200,1075200,1075200,1075200,1075200,652800,1401600,31,0,0,257,2,8,512,1,3,0,0,0,12,0,1,20,2,4,515,106,77,0,0,0,19857,0,0,74588,2248,8519,186931,621,3899,0,0,0,6089,0,712,4131,2152,4948,313277,113580,82797,0,0,0,825.1094161490684,5.0600248447204965
1658260476517,38.501003,0.9059406,0.96,0.875,0.8333333,1.0,1.0,1.0,0.5833333,1.0,58.9,58.600002,57.9,58.600002,58.300003,58.300003,57.600002,59.600002,57.9,59.9,55.600002,54.600002,3832986,-1549378,1075200,1075200,1075200,1075200,1075200,1075200,652800,1401600,225,0,3,331,0,6,475,0,3,34,0,2,3,0,0,12,0,1,713,102,59,0,0,0,60205,0,3651,85289,0,4854,242056,0,7998,6867,0,889,1465,0,0,7067,0,419,405363,94243,65193,0,0,0,826.0009555895865,4.866352220520674
1658260477627,38.572002,0.9045226,0.9583333,0.84,0.96,1.0,0.962963,1.0,0.45833334,1.0,59.300003,59.300003,58.600002,59.300003,59.300003,59.300003,58.600002,60.300003,59.300003,60.600002,55.9,55.300003,3808267,-1704713,1075200,1075200,1075200,1075200,1075200,1075200,652800,1401600,192,4,3,297,0,3,225,1,0,84,0,2,0,0,0,7,0,2,509,119,49,0,0,0,54887,2660,3256,82242,0,2463,114896,653,0,15355,0,1261,0,0,0,5653,0,754,309287,125472,53615,0,0,0,843.977376744186,4.718635658914728
1658260478712,38.646004,0.93636364,1.0,0.9259259,0.962963,1.0,1.0,1.0,0.64285713,1.0,59.600002,59.600002,58.600002,59.300003,59.600002,59.300003,58.300003,60.600002,58.600002,60.600002,56.300003,55.600002,3820918,-1674195,1075200,1075200,1075200,1075200,1075200,1075200,652800,1401600,129,0,4,502,1,8,461,2,2,36,1,5,17,0,1,4,0,0,483,123,84,0,0,0,48619,0,3067,143075,768,6551,235741,1359,4824,8420,20,4724,4126,0,433,89,0,0,308850,156028,106174,0,0,0,849.888,4.743464926590539
1658260479787,38.72,0.93073595,1.0,0.9677419,0.93333334,1.0,1.0,1.0,0.53846157,1.0,60.300003,60.300003,59.300003,59.9,59.600002,59.9,58.600002,60.9,59.300003,61.300003,56.9,55.9,3821113,-1687928,1075200,1075200,1075200,1075200,1075200,1075200,652800,1401600,122,0,1,129,0,0,306,1,0,0,0,0,5,0,0,18,1,3,614,88,70,0,0,0,31112,0,484,30866,0,0,143143,2333,0,0,0,0,2208,0,0,5983,400,2062,345548,81866,73821,0,0,0,885.678432348367,5.069536547433904
1658260480987,38.784,0.9142857,1.0,0.9166667,0.9230769,1.0,0.92,0.96428573,0.52,1.0,60.600002,60.300003,59.600002,60.300003,60.300003,60.300003,58.9,61.300003,59.600002,61.600002,56.9,56.300003,3834738,-1773988,1075200,1075200,1075200,1075200,1075200,1075200,652800,1401600,12,0,1,206,0,1,344,0,2,0,0,0,9,0,1,15,0,3,603,125,91,13,0,4,2974,0,715,64812,0,759,174702,0,4763,0,0,0,2013,0,25,5984,0,8337,319567,126574,94229,4815,0,2566,905.9975535168195,5.085651376146789
1658260482122,38.872,0.9303279,1.0,0.96875,1.0,1.0,0.93333334,1.0,0.4827586,1.0,60.9,60.600002,59.9,60.600002,60.600002,60.300003,58.9,61.600002,59.9,61.9,56.9,56.300003,3819751,-1663209,1075200,1075200,1075200,1075200,1075200,1075200,652800,1401600,0,0,0,536,1,2,212,2,2,0,0,0,57,0,4,33,1,3,564,121,73,0,0,0,0,0,0,152223,484,986,104009,782,1094,0,0,0,15780,0,11157,7613,388,2088,322376,118677,89908,0,0,0,967.3319036918139,5.0799357945425365
1658260483254,38.940002,0.9103774,1.0,0.9259259,0.9230769,1.0,1.0,0.9259259,0.48,1.0,61.300003,61.300003,60.600002,60.600002,60.600002,60.9,59.600002,62.300003,60.600002,62.300003,57.9,57.300003,3827147,-1701356,1075200,1075200,1075200,1075200,1075200,1075200,652800,1401600,0,0,0,221,1,0,139,1,1,0,0,0,90,1,2,0,0,0,675,83,79,0,0,0,0,0,0,40825,438,0,70841,439,662,0,0,0,19048,280,3266,0,0,0,357996,68641,94631,0,0,0,1066.4342325581395,5.936868217054264
1658260484439,39.007,0.94849783,1.0,0.9655172,0.9285714,0.9655172,1.0,1.0,0.6785714,0.9677419,61.300003,61.300003,60.300003,60.600002,60.600002,60.600002,59.600002,62.600002,60.600002,62.600002,57.9,57.300003,3810213,-1820374,1075200,1075200,1075200,1075200,1075200,1075200,652800,1401600,0,0,0,382,2,2,175,1,0,31,1,0,28,3,2,13,2,6,614,69,85,0,0,0,0,0,0,93476,1007,1305,110188,668,0,6294,431,0,11299,2328,1284,7055,4493,14596,332808,63595,93479,0,0,0,1091.6338881987576,5.061863354037267
1658260485598,39.089,0.9170732,1.0,1.0,0.92,0.9230769,1.0,1.0,0.47826087,1.0,61.9,62.300003,61.300003,61.9,62.300003,61.9,61.300003,63.300003,61.600002,63.600002,58.600002,57.600002,3807294,-1873780,1075200,1075200,1075200,1075200,1075200,1075200,652800,1401600,0,0,0,137,1,0,167,1,1,13,0,0,1,0,0,35,0,2,549,84,101,30,1,2,0,0,0,38373,276,0,62160,389,686,5575,0,0,275,0,0,11516,0,1309,278538,100706,126733,7849,429,1127,1172.4546086956523,5.8061614906832295
1658260486674,39.166,0.92718446,1.0,0.88461536,0.88461536,1.0,1.0,1.0,0.65384614,1.0,62.300003,61.9,61.300003,61.9,62.300003,61.9,60.9,63.600002,61.600002,63.600002,58.9,57.9,3806126,-1831361,1075200,1075200,1075200,1075200,1075200,1075200,652800,1401600,14,0,0,331,0,1,236,2,7,132,2,4,3,0,0,3,0,1,594,72,88,0,1,0,4502,0,0,78925,0,611,110644,1780,13200,42920,3921,3642,776,0,0,151,0,31,306643,67694,89174,0,409,0,1096.4111801242234,5.531478260869566
1658260487806,39.244003,0.9483568,1.0,1.0,0.96428573,1.0,1.0,1.0,0.64,1.0,62.600002,62.300003,61.600002,62.300003,62.300003,62.300003,61.300003,63.9,61.600002,63.600002,58.9,58.300003,3810213,-1725770,1075200,1075200,1075200,1075200,1075200,1075200,652800,1401600,2,0,2,294,0,0,341,1,1,12,0,4,20,1,1,123,2,11,655,110,50,0,0,0,79,0,639,75944,0,0,159626,673,369,4854,0,2550,3029,939,421,31524,3099,7758,330889,96069,55774,0,0,0,920.8096397515528,4.1408695652173915
1658260488956,39.315002,0.93333334,1.0,1.0,1.0,1.0,1.0,1.0,0.5,1.0,62.300003,62.300003,61.600002,61.9,61.9,61.9,61.300003,63.600002,62.300003,63.9,59.600002,58.9,3827147,-1748353,1075200,1075200,1075200,1075200,1075200,1075200,652800,1401600,35,0,0,14,0,0,111,0,0,0,0,0,25,2,2,7,0,0,554,77,46,0,0,0,9384,0,0,4742,0,0,58388,0,0,0,0,0,7990,771,1415,2694,0,0,265163,65653,43422,0,0,0,927.953965785381,5.068491446345257
1658260490133,39.383003,0.9291667,1.0,1.0,0.9677419,1.0,0.9354839,1.0,0.4827586,1.0,61.9,61.9,61.300003,61.600002,61.600002,61.600002,60.600002,63.600002,61.9,63.9,58.9,58.300003,3820140,-1700745,1075200,1075200,1075200,1075200,1075200,1075200,652800,1401600,4,0,0,43,0,0,101,0,1,0,0,1,6,2,2,39,0,5,696,118,90,0,0,0,1292,0,0,9596,0,0,49286,0,1105,0,0,427,3304,3241,4088,16924,0,3999,367214,109368,102176,0,0,0,928.8427329192547,5.653714285714285
1658260491395,39.460003,0.9032258,1.0,0.9285714,1.0,0.88,0.84615386,1.0,0.5862069,1.0,62.300003,62.300003,61.300003,61.9,61.9,61.600002,60.600002,63.600002,61.300003,63.9,59.300003,58.300003,3831234,-1654969,1075200,1075200,1075200,1075200,1075200,1075200,652800,1401600,3,0,1,60,0,0,137,0,3,0,0,0,57,2,4,55,1,5,740,124,102,0,0,0,1310,0,2423,31172,0,0,107294,0,11734,0,0,0,17951,3083,1702,14734,438,11398,405667,126802,119263,0,0,0,638.1693568,3.6193408
1658260492519,39.538002,0.5492958,0.1923077,1.0,0.84615386,0.11111111,0.15384616,1.0,0.07692308,1.0,60.9,60.600002,60.600002,60.9,61.300003,61.300003,60.300003,62.9,61.600002,63.300003,57.600002,56.9,3909284,-573425,1075200,1075200,1075200,1075200,1075200,1075200,652800,1401600,3,0,0,239,0,1,2,0,0,201,1,1,311,1,9,27,2,3,519,96,49,0,0,0,2568,0,0,61222,0,857,0,0,0,31867,1141,674,66966,641,8027,6162,655,6164,293762,136942,95837,0,0,0,-1.0,-1.0
1658260493663,39.616,0.5365854,0.04,1.0,0.89285713,0.1923077,0.15384616,1.0,0.04,1.0,57.600002,58.300003,57.600002,57.9,58.300003,58.300003,57.600002,60.600002,58.600002,60.600002,55.300003,54.9,3917264,-760498,1075200,1075200,1075200,1075200,1075200,1075200,652800,1401600,101,7,29,238,4,22,183,8,16,64,6,32,426,18,51,0,0,0,154,121,134,0,0,0,154287,13760,195440,154133,6214,137382,68813,22996,150861,59394,11680,238360,176319,41621,335046,0,0,0,141146,294289,469696,0,0,0,-1.0,-1.0
1658260494727,39.656002,0.5233161,1.0,1.0,0.04347826,0.041666668,0.083333336,1.0,0.0,1.0,57.600002,57.600002,57.300003,57.600002,57.600002,57.600002,57.300003,59.300003,58.600002,59.9,54.600002,54.600002,3906753,-625915,1075200,1075200,1075200,1075200,1075200,1075200,652800,1401600,104,16,30,155,18,42,34,4,21,169,11,72,124,14,33,80,13,37,200,98,133,0,1,1,123372,43234,271810,170861,48721,323144,36077,7694,132182,136378,19294,494628,80791,39073,216256,61512,27890,272213,134105,249859,503622,0,373,942,-1.0,-1.0
1658260495806,39.687,0.9245283,1.0,0.9259259,0.8888889,1.0,1.0,0.9230769,0.6923077,1.0,56.300003,56.300003,55.600002,55.9,56.300003,56.600002,55.600002,58.600002,56.600002,58.300003,53.600002,53.600002,3869772,-864563,1075200,1075200,1075200,1075200,1075200,1075200,652800,1401600,58,0,0,45,0,0,107,40,84,176,19,75,185,38,66,1,0,1,184,52,112,0,0,0,43298,0,0,33926,0,0,88854,134699,523081,109376,55980,647785,147111,91801,509398,1389,0,1353,155757,155275,633214,0,0,0,342.14407465007775,3.2371384136858476
1658260496930,39.704002,0.94779116,1.0,1.0,0.96875,1.0,1.0,1.0,0.6,1.0,59.300003,58.9,58.600002,59.300003,59.300003,59.300003,58.300003,60.300003,58.9,60.600002,56.300003,55.300003,3835711,-1634217,1075200,1075200,1075200,1075200,1075200,1075200,652800,1401600,12,0,0,662,0,4,678,6,19,8,0,1,223,7,15,155,9,20,508,92,56,0,0,0,5625,0,0,207905,0,2213,274442,8946,21772,2261,0,441,54997,9984,22098,79233,8706,28011,273608,100240,76010,0,0,0,1131.22138317757,6.614230529595016
1658260498160,39.754,0.9362745,1.0,0.85714287,1.0,1.0,1.0,1.0,0.6363636,1.0,60.9,60.9,59.9,60.600002,60.600002,60.600002,59.300003,61.9,60.300003,61.9,57.600002,56.600002,3821308,-1824647,1075200,1075200,1075200,1075200,1075200,1075200,652800,1401600,0,0,0,73,0,0,131,1,0,2,0,1,15,0,3,5,0,2,591,72,113,0,0,0,0,0,0,21563,0,0,54457,270,0,1127,0,353,5513,0,1294,2978,0,943,347638,77222,130656,0,0,0,1134.3077209302326,6.535243410852712
1658260499307,39.795002,0.9144144,0.96428573,0.96428573,0.96428573,1.0,0.89285713,1.0,0.48,1.0,61.300003,61.300003,60.600002,60.9,60.9,60.9,59.9,62.600002,60.9,62.9,58.600002,57.300003,3821308,-1752930,1075200,1075200,1075200,1075200,1075200,1075200,652800,1401600,0,0,0,326,0,0,144,1,0,0,0,0,13,0,4,2,0,0,678,97,68,1,0,0,0,0,0,99101,0,0,53687,3823,0,0,0,0,3276,0,3568,1633,0,0,387191,105885,81135,33,0,0,1045.3256858475893,6.127975116640747
1658260500416,39.849003,0.92990655,1.0,0.9259259,0.9655172,1.0,1.0,1.0,0.47826087,1.0,61.600002,61.600002,60.9,61.300003,61.300003,60.9,60.300003,62.9,60.600002,63.300003,58.600002,57.600002,3822281,-1699830,1075200,1075200,1075200,1075200,1075200,1075200,652800,1401600,16,0,1,172,0,0,182,3,6,27,0,4,96,8,12,0,0,0,515,114,93,0,0,0,10764,0,630,53672,0,0,72395,8403,10857,8211,0,5450,39841,7566,13634,0,0,0,344804,128756,130005,0,0,0,1045.8019533437014,6.024858475894245
1658260501509,39.910004,0.8995215,1.0,0.8214286,0.9285714,1.0,0.962963,1.0,0.46153846,1.0,62.600002,62.9,61.9,61.9,62.300003,61.9,60.9,63.600002,61.300003,63.9,58.9,58.300003,3821113,-1720582,1075200,1075200,1075200,1075200,1075200,1075200,652800,1401600,17,2,2,166,0,0,45,0,0,0,0,0,20,0,2,0,0,0,428,77,62,22,0,0,11299,2319,1035,55110,0,0,40126,0,0,0,0,0,3477,0,1081,0,0,0,276383,93272,85064,8018,0,0,1073.0075782945737,6.312880620155038
1658260502599,39.981003,0.9201878,1.0,0.962963,0.96153843,1.0,1.0,1.0,0.3846154,1.0,62.9,62.9,62.300003,62.600002,62.600002,62.300003,61.300003,63.600002,62.300003,64.600006,59.300003,58.600002,3814885,-1789552,1075200,1075200,1075200,1075200,1075200,1075200,652800,1401600,18,0,1,510,0,1,176,1,7,0,0,0,16,1,4,127,1,5,421,100,75,1,1,0,10294,0,391,134397,0,430,87057,1536,9947,0,0,0,10718,353,4782,29077,221,6564,290896,113298,86439,3,18,0,1071.5101806853584,5.704971962616822
1658260503664,40.043003,0.9170732,1.0,0.96153843,0.96428573,1.0,0.962963,1.0,0.45833334,1.0,63.300003,63.300003,62.600002,63.300003,62.9,63.300003,62.300003,64.3,62.9,64.600006,60.300003,59.600002,3809824,-1849976,1075200,1075200,1075200,1075200,1075200,1075200,652800,1401600,5,0,0,293,0,0,126,0,2,0,0,0,1,0,0,0,0,0,494,71,84,9,0,0,253,0,0,78551,0,0,52297,0,3347,0,0,0,25,0,0,0,0,0,288635,71348,79711,2040,0,0,1085.8439875389406,6.118629283489096
1658260504833,40.107002,0.9380952,1.0,0.9230769,0.96153843,1.0,0.962963,0.962963,0.61538464,1.0,63.600002,63.300003,62.9,63.600002,63.600002,63.600002,62.9,64.9,63.300003,65.3,60.600002,59.600002,3817415,-1791688,1075200,1075200,1075200,1075200,1075200,1075200,652800,1401600,57,0,3,197,0,0,127,0,1,0,0,0,10,1,1,0,0,0,563,96,90,6,0,0,14872,0,2134,65286,0,0,54668,0,1924,0,0,0,2362,391,485,0,0,0,389109,117269,137289,952,0,0,1123.3051286821706,6.663888372093023
1658260505915,40.175003,0.94711536,0.96428573,0.9259259,1.0,1.0,1.0,1.0,0.65384614,1.0,64.3,64.3,63.600002,63.9,64.3,63.600002,62.600002,64.9,63.300003,65.600006,60.9,59.600002,3807488,-1812745,1075200,1075200,1075200,1075200,1075200,1075200,652800,1401600,1,0,0,509,1,3,127,0,6,0,0,0,29,1,2,17,3,3,450,89,75,0,0,0,24,0,0,124244,624,3069,53654,0,7478,0,0,0,8399,324,2238,7913,2287,2925,290743,102662,93444,0,0,0,1123.6759191290823,5.889393468118196
1658260506982,40.239002,0.9162791,0.9230769,0.8888889,0.8888889,1.0,1.0,1.0,0.5769231,1.0,64.600006,64.600006,63.600002,64.3,64.3,64.3,62.600002,65.600006,63.600002,65.600006,60.9,59.9,3815079,-1726685,1075200,1075200,1075200,1075200,1075200,1075200,652800,1401600,9,0,1,458,2,1,66,0,1,0,0,0,7,1,1,77,0,0,482,66,94,0,0,0,5233,0,1097,116059,1872,456,32123,0,1091,0,0,0,2488,381,362,13894,0,0,313297,81307,124314,0,0,0,1129.5556770186336,6.379229813664597
1658260508071,40.303,0.9126214,1.0,0.8518519,0.96153843,1.0,1.0,1.0,0.41666666,1.0,64.600006,64.9,63.9,64.3,64.600006,64.600006,63.600002,65.600006,64.3,65.9,61.600002,60.600002,3805931,-1903687,1075200,1075200,1075200,1075200,1075200,1075200,652800,1401600,64,0,1,507,1,3,209,0,5,3,1,2,0,0,0,30,1,3,445,103,76,0,0,0,19126,0,1334,138001,472,6918,75919,0,4769,1821,1525,3026,0,0,0,7241,1234,7117,320037,104003,99920,0,0,0,1162.7971764705883,6.521808049535603
1658260509174,40.393,0.92265195,1.0,0.95652175,0.95454544,1.0,1.0,0.9583333,0.5,1.0,64.9,64.9,63.9,64.600006,64.600006,64.3,63.300003,65.9,64.3,66.3,61.600002,60.600002,3808656,-1844178,1075200,1075200,1075200,1075200,1075200,1075200,652800,1401600,0,0,0,358,3,2,92,2,0,0,0,0,10,0,0,9,0,2,509,85,93,0,0,0,0,0,0,94056,985,1151,47554,1796,0,0,0,0,3729,0,0,4551,0,2551,312575,106200,113883,0,0,0,1139.8474188562595,5.923956723338485
1658260510269,40.446003,0.9288889,1.0,0.8888889,1.0,1.0,1.0,1.0,0.53571427,1.0,65.600006,65.3,64.3,65.3,65.3,65.3,63.9,66.3,64.600006,66.9,61.600002,60.9,3803012,-1823121,1075200,1075200,1075200,1075200,1075200,1075200,652800,1401600,13,0,0,337,0,0,180,0,1,0,0,0,6,3,2,18,1,2,476,54,71,8,0,0,2177,0,0,90856,0,0,52064,0,2083,0,0,0,6640,6540,2156,9361,235,2751,265065,68859,94493,306,0,0,1164.66449689441,6.442683229813664
1658260511402,40.533,0.9414634,1.0,1.0,0.9259259,1.0,1.0,1.0,0.5833333,0.96153843,65.600006,65.600006,64.600006,65.600006,65.3,65.3,63.9,66.600006,64.9,66.9,62.300003,61.300003,3807294,-1821290,1075200,1075200,1075200,1075200,1075200,1075200,652800,1401600,19,0,0,654,0,3,115,0,1,0,0,0,1,0,0,21,0,2,525,107,84,0,0,0,1936,0,0,161164,0,2254,41573,0,1009,0,0,0,627,0,0,4410,0,437,355738,95912,101653,0,0,0,1164.3576734059097,6.007440124416797
1658260512517,40.620003,0.9162561,0.9230769,0.96,0.96,1.0,0.96153843,1.0,0.53846157,1.0,65.9,65.600006,65.3,65.9,65.9,65.600006,64.600006,67.3,66.3,68.9,61.9,61.300003,3808072,-1786195,1075200,1075200,1075200,1075200,1075200,1075200,652800,1401600,0,0,0,310,0,0,178,1,5,13,0,2,16,1,2,50,0,4,476,78,88,28,8,2,0,0,0,93742,0,0,62735,637,4562,1737,0,1542,5647,27,2260,14098,0,4920,277430,94512,107687,6841,6095,629,1207.744398753894,7.459838006230529
1658260513673,40.706,0.9255814,1.0,1.0,0.9285714,1.0,0.8888889,1.0,0.60714287,1.0,66.3,65.9,65.3,65.600006,65.600006,65.600006,64.600006,67.3,65.600006,67.3,62.300003,61.600002,3789971,-1893617,1075200,1075200,1075200,1075200,1075200,1075200,652800,1401600,85,1,2,220,1,0,290,1,2,0,0,0,35,0,2,0,0,0,495,53,80,20,4,8,19952,433,3679,73086,871,0,97388,625,4271,0,0,0,8791,0,1743,0,0,0,289529,52663,92641,6297,1527,6689,1194.9399813953487,4.951665116279069
1658260514768,40.778004,0.9255319,1.0,0.9583333,0.875,1.0,1.0,0.8695652,0.65217394,1.0,66.9,66.600006,65.9,66.600006,66.3,66.3,65.3,67.600006,66.3,67.9,63.300003,62.600002,3777320,-2243043,1075200,1075200,1075200,1075200,1075200,1075200,652800,1401600,0,0,0,19,0,0,145,0,0,0,0,0,110,0,0,22,0,0,301,52,28,0,0,0,0,0,0,6843,0,0,48918,0,0,0,0,0,27464,0,0,5746,0,0,195279,51783,35567,0,0,0,1210.920161741835,6.004105754276827
1658260515898,40.846,0.95348835,1.0,0.96153843,0.9230769,1.0,1.0,1.0,0.75,1.0,66.9,66.9,66.3,66.600006,66.9,66.600006,65.600006,67.9,66.600006,68.3,63.300003,62.600002,3803596,-1908265,1075200,1075200,1075200,1075200,1075200,1075200,652800,1401600,34,0,1,367,0,4,215,0,3,0,0,0,0,0,0,80,2,13,534,93,79,4,0,0,7412,0,739,104071,0,3229,82983,0,4244,0,0,0,0,0,0,23297,2053,21009,358175,106527,95268,160,0,0,199.74855913978493,0.9680245775729646
1658260517084,40.944,0.8903509,1.0,1.0,1.0,0.96428573,1.0,0.9655172,0.15384616,1.0,65.600006,65.9,65.600006,66.3,66.600006,66.3,65.3,66.9,65.600006,67.600006,61.600002,61.600002,3889625,-793762,1075200,1075200,1075200,1075200,1075200,1075200,652800,1401600,115,0,0,823,0,7,434,1,7,33,1,1,112,0,6,4,0,2,794,39,31,0,0,0,33528,0,0,196093,0,5550,89489,951,4387,13379,22,2217,22049,0,6193,3687,0,3028,393228,66865,60525,0,0,0,-1.0,-1.0
