1658274014925,38.619003,0.87356323,0.95454544,0.73913044,0.9047619,0.95454544,0.95652175,1.0,0.4347826,1.0,52.600002,53.600002,52.600002,53.9,53.9,53.9,53.300003,53.600002,54.300003,54.9,48.600002,48.9,4037160,-669556,1075200,1075200,1075200,1075200,1075200,1075200,652800,1401600,8658522,176197,642172,9318388,168302,619592,4758450,332173,829184,4611951,329970,844319,3608256,257556,756445,3413500,249102,743516,3578171,478467,985478,2363140,216807,673852,5853104778,387077179,6334848056,6152508439,363040516,6359765744,3275274553,700910213,8873183221,3137697196,694163735,8949231502,2515569986,544370097,9005547441,2417580570,531331534,8831250661,2639320611,935756581,10674344121,1321733620,555049789,9080491448,0.0034662273476112025,0.0021614497528830317
1658274016341,38.646004,0.5523256,1.0,0.13636364,0.0952381,1.0,1.0,0.09090909,0.0952381,1.0,51.600002,51.9,50.9,51.9,52.300003,52.300003,51.600002,53.600002,51.9,53.600002,48.600002,48.9,4044167,-664978,1075200,1075200,1075200,1075200,1075200,1075200,652800,1401600,87,0,0,151,0,0,150,7,11,71,2,6,170,11,25,66,7,11,429,103,65,8,0,1,52281,0,0,100794,0,0,87082,8357,15092,29957,3273,7219,98306,18519,47862,39626,11825,17906,271381,177348,103498,1995,0,1368,-1.0,-1.0
1658274017356,38.656002,0.5681818,0.8695652,0.23809524,0.18181819,1.0,1.0,0.0952381,0.09090909,1.0,50.600002,50.300003,49.9,50.9,50.9,50.600002,50.300003,52.600002,50.9,52.600002,47.300003,47.600002,4062852,-396423,1075200,1075200,1075200,1075200,1075200,1075200,652800,1401600,122,7,8,500,29,28,367,72,125,1,0,1,97,23,28,267,71,68,34,24,119,0,0,2,170801,9701,19060,440731,62588,69889,306775,138744,264344,13,0,480,107473,35205,82677,274605,156327,192439,55036,62926,675615,0,0,1570,-1.0,-1.0
1658274018413,38.683002,0.64285713,0.7916667,0.75,0.22222222,0.54545456,0.6363636,1.0,0.23809524,1.0,49.9,49.600002,49.300003,50.300003,50.300003,50.600002,49.9,52.300003,50.300003,52.600002,47.300003,47.300003,4056429,-422363,1075200,1075200,1075200,1075200,1075200,1075200,652800,1401600,119,2,6,707,15,12,437,86,100,1,0,0,95,6,6,167,38,76,82,24,120,0,0,0,133047,4588,22170,609381,38929,27173,311778,176245,254421,451,0,0,53370,8933,7280,156155,83208,382144,71980,83685,741809,0,0,0,-1.0,-1.0
1658274019430,38.686,0.772093,0.9285714,0.6666667,1.0,0.5769231,0.6923077,1.0,0.24,1.0,51.9,52.300003,51.600002,51.9,52.300003,52.600002,52.300003,52.9,52.9,53.600002,48.600002,48.600002,4029375,-724487,1075200,1075200,1075200,1075200,1075200,1075200,652800,1401600,317,17,7,384,3,15,488,15,6,299,0,0,348,27,25,11,0,0,571,0,5,5,0,0,153393,61537,19074,293718,8409,102560,404147,49494,10329,233422,0,0,266595,77757,78792,13080,0,0,469693,0,216589,102,0,0,0.010752827140549273,0.03634248788368336
1658274020607,38.7,0.5860215,1.0,0.6,0.26086956,1.0,0.33333334,0.45454547,0.0,1.0,51.600002,52.300003,51.600002,52.300003,52.600002,52.300003,52.300003,53.600002,52.600002,53.9,48.600002,48.600002,4037549,-619812,1075200,1075200,1075200,1075200,1075200,1075200,652800,1401600,106,0,0,354,0,0,181,1,9,249,15,24,188,3,14,77,0,3,878,86,84,13,0,1,38678,0,0,224427,0,0,80886,394,21522,156124,25047,63870,99586,5032,26918,26723,5083,3190,527247,126930,158489,353,0,492,-1.0,-1.0
1658274021790,38.713,0.5879121,0.6956522,0.65217394,0.72,0.6666667,0.33333334,0.4090909,0.09090909,1.0,50.600002,51.300003,49.9,50.600002,51.300003,51.600002,50.9,52.9,51.300003,52.9,47.9,47.9,4044362,-663452,1075200,1075200,1075200,1075200,1075200,1075200,652800,1401600,172,0,0,360,0,0,371,32,50,327,9,24,308,15,40,205,12,26,943,100,84,57,0,3,66620,0,0,282777,0,0,216258,71847,128819,164605,17921,46638,151724,47785,181270,126585,16833,93810,459037,191912,209947,17862,0,3297,-1.0,-1.0
1658274022938,38.713,0.6602871,0.7692308,0.4,0.56,1.0,0.8214286,0.44444445,0.23076923,1.0,50.600002,50.9,49.9,50.9,50.9,51.300003,50.600002,52.600002,50.9,52.9,47.9,47.600002,4061295,-419006,1075200,1075200,1075200,1075200,1075200,1075200,652800,1401600,255,0,0,475,0,0,565,32,43,306,24,42,420,30,48,130,9,17,541,91,138,10,0,0,204892,0,0,401121,0,0,292378,70213,95085,190692,40843,119766,234067,47748,124728,77120,16572,85606,279827,217958,317619,462,0,0,-1.0,-1.0
1658274024058,38.713,0.5074627,0.84,0.34615386,0.23076923,0.84615386,0.36,0.30769232,0.083333336,1.0,51.300003,51.300003,50.600002,51.9,51.600002,51.600002,51.300003,52.9,51.9,53.300003,48.300003,48.300003,4038133,-617065,1075200,1075200,1075200,1075200,1075200,1075200,652800,1401600,412,0,0,744,0,0,251,13,24,121,1,2,360,3,11,331,10,11,877,32,40,14,0,0,308355,0,0,442411,0,0,139643,19748,46290,73056,215,3239,261390,4805,28397,327107,16219,28761,598245,44847,152588,547,0,0,-1.0,-1.0
1658274025195,38.713,0.50793654,1.0,0.04347826,0.12,0.82608694,0.083333336,1.0,0.0,1.0,49.9,49.600002,49.300003,50.300003,50.300003,49.9,49.9,51.9,50.300003,52.300003,47.600002,47.600002,4026260,-666504,1075200,1075200,1075200,1075200,1075200,1075200,652800,1401600,197,7,14,460,3,7,257,40,63,149,21,34,112,29,53,144,9,35,479,73,85,3,0,0,144872,13916,59033,517123,6309,31505,179359,86814,332452,132442,31756,184245,123013,59962,343515,102270,16777,215178,207453,165830,521609,74,0,0,-1.0,-1.0
1658274026270,38.713,0.41530055,1.0,0.9166667,0.045454547,0.13636364,0.045454547,0.045454547,0.0,1.0,49.600002,49.300003,48.300003,48.9,49.300003,49.9,48.9,51.600002,49.9,51.9,47.600002,47.300003,4056235,-395202,1075200,1075200,1075200,1075200,1075200,1075200,652800,1401600,119,0,0,570,28,59,187,26,53,223,26,57,136,8,38,79,9,15,377,101,112,3,0,0,62128,0,0,580292,74047,279018,134378,51526,581148,143099,50074,438946,113226,8476,478810,53044,17521,90877,175936,279273,549117,95,0,0,-1.0,-1.0
1658274027353,38.717003,0.4816754,0.083333336,0.16666667,0.9166667,0.16,0.5,1.0,0.08695652,1.0,49.9,49.600002,48.9,49.300003,49.600002,49.9,49.300003,51.600002,49.9,51.9,47.600002,47.600002,4010884,-1053772,1075200,1075200,1075200,1075200,1075200,1075200,652800,1401600,62,0,3,339,12,17,321,24,45,227,13,32,214,18,51,53,8,24,277,48,98,85,0,0,51902,0,21250,260523,24223,53310,224990,68521,333986,119545,22853,292746,141342,44939,237790,32763,26181,252164,201789,131815,437884,21925,0,0,-1.0,-1.0
1658274028420,38.730003,0.41148326,1.0,0.0,0.07692308,0.037037037,1.0,0.1724138,0.0,1.0,48.9,48.9,48.600002,48.9,48.9,49.300003,48.9,51.300003,49.600002,51.600002,46.9,46.9,4052147,-401916,1075200,1075200,1075200,1075200,1075200,1075200,652800,1401600,197,14,29,453,29,70,142,23,38,236,54,78,75,14,38,40,4,8,44,28,109,0,0,0,289045,29919,197769,462824,51916,379653,128489,35903,244999,241917,128531,493973,117136,33851,561033,46560,6360,25036,54476,79365,846471,0,0,0,-1.0,-1.0
1658274029510,38.730003,0.4300518,1.0,0.2173913,0.95652175,0.0,0.125,0.08695652,0.0,1.0,48.9,48.9,47.9,48.600002,49.300003,48.9,48.600002,50.9,48.9,51.300003,46.600002,46.600002,4058570,-383911,1075200,1075200,1075200,1075200,1075200,1075200,652800,1401600,236,0,0,362,35,73,187,34,84,170,36,81,23,5,12,46,5,19,89,29,129,4,0,0,297909,0,0,402423,104086,358494,181004,48576,709441,207614,71780,673879,21122,10184,40979,41766,3839,469943,85099,72764,806269,145,0,0,-1.0,-1.0
1658274030578,38.744003,0.42523363,0.14285715,0.0,0.9259259,0.0,0.24,1.0,0.0,1.0,49.300003,48.300003,48.300003,48.300003,48.300003,48.600002,47.9,50.9,48.600002,51.300003,46.600002,46.600002,4062658,-337524,1075200,1075200,1075200,1075200,1075200,1075200,652800,1401600,140,0,0,447,23,50,73,11,28,234,60,70,69,7,24,182,19,67,136,65,153,2,0,0,202381,0,0,516114,64869,233214,74966,21793,367129,205023,178902,442707,51935,15261,229668,165350,22800,606648,110190,152408,709306,279,0,0,-1.0,-1.0
1658274031673,38.744003,0.5224719,1.0,0.4347826,0.13636364,0.39130434,0.0952381,1.0,0.08695652,1.0,48.300003,48.300003,47.9,48.300003,48.600002,48.9,48.300003,50.600002,48.9,50.600002,46.300003,46.300003,4021589,-682068,1075200,1075200,1075200,1075200,1075200,1075200,652800,1401600,62,13,20,247,34,81,46,22,28,94,17,45,50,4,7,111,20,56,196,24,103,2,0,0,54362,38546,265862,306117,81450,399267,47101,70198,381207,71136,48502,783141,36661,6381,179977,98706,45923,348994,162211,34533,806926,83,0,0,312.1996544,3.1494272000000003
1658274032807,38.757,0.5219512,0.26923078,0.44,0.32,0.33333334,0.84,0.84,0.08,1.0,50.9,50.600002,49.600002,50.600002,50.300003,50.600002,49.600002,51.9,50.600002,52.300003,48.600002,47.9,3984997,-1398316,1075200,1075200,1075200,1075200,1075200,1075200,652800,1401600,99,0,0,660,23,33,395,45,77,330,38,57,273,39,70,5,0,2,487,81,159,11,0,1,71530,0,0,524927,31438,39035,342961,84511,226661,410698,73597,157688,214936,80179,323467,2532,0,6747,271422,143978,413961,1901,0,722,560.388489396411,3.4940554649265905
1658274033861,38.774002,0.52459013,0.9130435,0.3043478,0.25,0.41666666,0.16666667,1.0,0.0952381,1.0,51.600002,51.9,51.300003,50.9,51.300003,51.300003,50.600002,53.300003,51.300003,52.9,49.600002,48.9,3979937,-1442261,1075200,1075200,1075200,1075200,1075200,1075200,652800,1401600,174,13,31,780,40,60,366,67,96,410,58,71,120,15,37,13,1,5,336,141,152,1,0,0,204252,20647,223900,713340,57167,73000,384720,133337,299979,448747,146047,189184,112214,25775,275676,17933,2546,21486,332783,218279,317204,30,0,0,516.9525925925926,3.4262716049382713
1658274034941,38.808002,0.6059113,0.20833333,0.3846154,0.7407407,0.44,1.0,0.84,0.24,1.0,52.9,51.9,51.9,51.600002,51.9,51.9,51.300003,53.9,51.600002,53.9,49.9,49.600002,3977991,-1393433,1075200,1075200,1075200,1075200,1075200,1075200,652800,1401600,128,16,36,815,36,51,321,53,88,390,50,52,151,25,62,3,2,3,337,160,146,0,0,0,181172,44387,212471,689202,48178,73736,318539,119547,279225,477882,134549,177405,158060,39708,313179,5319,3289,13516,349065,246593,265014,0,0,0,516.4789119010819,3.5515548686244203
1658274036017,38.845,0.67582417,0.9166667,0.4090909,0.54545456,0.4347826,0.8181818,1.0,0.22727273,1.0,53.600002,52.9,52.600002,52.600002,53.300003,52.9,52.600002,54.9,52.9,54.9,51.300003,50.300003,3968843,-1484376,1075200,1075200,1075200,1075200,1075200,1075200,652800,1401600,139,5,14,787,28,40,291,59,86,352,46,48,43,9,19,36,1,12,384,205,100,0,0,0,287047,10517,85860,725085,45367,50221,288195,130706,243348,452563,111613,173776,50502,20095,196459,25784,490,96709,337407,328204,150769,0,0,0,518.1578485316847,3.2130571870170015
1658274037080,38.903004,0.49753696,1.0,0.25,0.15384616,0.4,0.7692308,0.34615386,0.08,1.0,54.300003,53.9,53.300003,53.600002,54.300003,54.300003,52.9,55.600002,53.300003,55.600002,51.600002,50.9,3958332,-1576539,1075200,1075200,1075200,1075200,1075200,1075200,652800,1401600,30,1,0,762,27,37,309,48,90,361,59,53,29,5,4,69,9,31,408,190,102,0,0,0,19562,23,0,621484,37604,39532,299729,94063,299077,421060,137500,160631,23881,8746,21832,80117,12901,423330,375633,283255,146191,0,0,0,512.53375,3.10785
1658274038166,38.977,0.6302083,1.0,0.4090909,0.375,0.5652174,0.76,0.6,0.29166666,1.0,54.600002,53.9,52.9,54.300003,54.300003,54.300003,52.9,55.9,53.9,55.9,51.9,50.9,3978185,-1437684,1075200,1075200,1075200,1075200,1075200,1075200,652800,1401600,55,0,1,936,29,43,322,85,131,487,55,56,138,22,45,7,1,4,341,178,127,0,0,0,69475,11883,5899,798877,35026,53840,358005,192364,389988,566049,121436,126711,126671,35976,430206,9281,203,157756,333208,277081,265951,0,0,0,514.0441800643086,3.491061093247588
1658274039215,39.048,0.6,0.962963,0.4,0.2962963,0.53846157,0.71428573,0.5,0.33333334,1.0,54.9,54.300003,53.600002,54.300003,54.300003,54.300003,53.600002,56.300003,53.9,56.300003,52.300003,51.600002,3965923,-1481629,1075200,1075200,1075200,1075200,1075200,1075200,652800,1401600,56,8,13,751,20,35,404,56,95,287,33,37,54,11,20,74,20,21,363,152,152,0,0,0,64656,8010,40258,649868,34266,40595,390167,123083,296344,436762,66292,140553,66135,14968,355066,63070,48498,93938,332795,206596,254237,0,0,0,513.9516049382715,3.513185185185185
1658274040285,39.116,0.51,0.5416667,0.29166666,0.5555556,0.36,0.6923077,0.46153846,0.2,1.0,55.300003,54.9,54.600002,54.600002,54.300003,54.600002,53.9,56.600002,54.600002,56.9,52.300003,51.9,3974876,-1464844,1075200,1075200,1075200,1075200,1075200,1075200,652800,1401600,67,4,11,798,29,38,248,59,105,343,44,46,73,14,22,64,14,18,392,140,171,0,0,0,128916,10801,46149,678906,36205,55445,266085,145682,369755,489155,130013,119718,57663,29395,120542,58134,28368,422573,362349,190591,270932,0,0,0,518.9977619783617,3.6454775888717155
1658274041332,39.190002,0.531401,1.0,0.32,0.2,0.26086956,0.84,0.30769232,0.25925925,1.0,55.600002,54.9,54.600002,54.600002,55.300003,54.9,53.9,56.9,54.600002,56.9,52.600002,52.300003,3971957,-1441041,1075200,1075200,1075200,1075200,1075200,1075200,652800,1401600,136,8,10,888,33,47,333,62,84,441,63,61,81,15,27,51,11,20,354,113,195,1,0,0,196262,23771,47379,752565,47018,56276,322102,146420,247667,544728,152823,189716,81465,29584,254395,54120,31838,237366,346370,190611,319469,19,0,0,512.4603950617284,3.3950493827160493
1658274042414,39.281002,0.52403843,1.0,0.30769232,0.16,0.44444445,0.52,0.5925926,0.1923077,1.0,55.9,55.300003,54.600002,55.300003,55.300003,54.9,54.300003,56.9,54.9,57.300003,53.300003,51.9,3971957,-1419983,1075200,1075200,1075200,1075200,1075200,1075200,652800,1401600,73,2,8,874,42,52,268,81,110,326,64,72,40,11,9,138,14,45,413,155,123,0,0,0,132191,0,4759,755235,50049,64710,276625,213980,348664,422297,165535,215939,39443,25521,76104,107352,26660,513463,388912,236138,185954,0,0,0,517.5497832817338,3.184
1658274043460,39.349003,0.5124378,0.7692308,0.26086956,0.20833333,0.34615386,0.8076923,0.5769231,0.083333336,1.0,55.9,55.600002,54.9,55.300003,55.300003,55.300003,54.600002,57.600002,55.300003,57.600002,53.300003,52.9,3979937,-1472779,1075200,1075200,1075200,1075200,1075200,1075200,652800,1401600,194,1,5,850,33,55,269,75,99,296,64,73,95,7,27,21,9,20,438,166,111,2,0,0,229675,21,27273,793197,38262,57326,300441,181930,356500,395391,167807,231168,94914,9562,194473,25950,26876,306301,400750,240650,173991,47,0,0,514.9307967479675,3.5889951219512195
1658274044491,39.423,0.5051546,0.45833334,0.27272728,0.36363637,0.33333334,0.48,1.0,0.041666668,1.0,56.300003,55.9,55.300003,55.9,55.600002,55.9,54.9,57.600002,55.600002,57.9,53.600002,52.9,3981299,-1403504,1075200,1075200,1075200,1075200,1075200,1075200,652800,1401600,126,0,0,903,31,32,359,71,111,332,54,62,33,2,14,97,22,39,350,146,126,2,0,0,192234,0,0,720500,45411,42810,328545,159689,368653,474096,123961,176339,32650,3098,71409,96087,50986,343811,350060,230343,230341,59,0,0,515.4640260586319,3.2108403908794787
1658274045515,39.501003,0.55,0.9583333,0.33333334,0.28,0.53846157,0.1923077,1.0,0.115384616,1.0,55.9,55.9,55.600002,55.9,55.600002,56.300003,54.9,57.600002,55.300003,57.9,54.300003,53.300003,3973319,-1423951,1075200,1075200,1075200,1075200,1075200,1075200,652800,1401600,237,17,26,851,35,46,474,59,59,357,45,79,180,32,45,17,6,12,241,110,206,0,0,0,282813,30984,151217,719517,45064,59461,424651,134459,125377,431062,101136,246231,158426,62855,109590,18909,12993,74333,250196,198223,430153,0,0,0,514.7513836276083,3.358407704654896
1658274046547,39.565002,0.55617976,1.0,0.36363637,0.4347826,0.5217391,0.26086956,0.7826087,0.13043478,1.0,56.9,56.300003,55.300003,55.9,56.300003,56.300003,55.300003,57.9,55.9,58.300003,53.9,53.300003,3974098,-1485901,1075200,1075200,1075200,1075200,1075200,1075200,652800,1401600,126,8,8,893,40,39,441,70,75,399,50,60,103,22,44,8,1,3,288,88,198,0,0,0,171395,16734,18723,711807,52887,48567,433409,117701,195765,460079,129563,172191,113232,43107,475590,4419,24,8944,303493,144599,408275,0,0,0,513.1796317460318,3.2891936507936506
1658274047555,39.633003,0.5754717,0.5,0.33333334,0.25925925,0.64285713,0.7037037,1.0,0.15384616,1.0,56.9,56.600002,55.600002,56.300003,56.9,56.600002,55.600002,58.600002,56.9,58.600002,54.600002,53.600002,3966702,-1466675,1075200,1075200,1075200,1075200,1075200,1075200,652800,1401600,60,6,10,893,28,43,326,65,97,413,47,46,179,38,68,14,4,8,388,120,145,0,0,0,64359,11440,34569,745516,40017,53429,327612,146194,318413,511477,118107,151471,177023,66001,433993,16008,13160,16679,366296,187042,230847,0,0,0,515.066962962963,3.435654320987654
1658274048654,39.710003,0.5885168,1.0,0.44444445,0.28,0.71428573,0.18518518,1.0,0.08,1.0,56.9,56.9,55.600002,55.9,56.300003,56.600002,55.600002,58.300003,56.300003,58.9,54.300003,53.600002,3976628,-1387330,1075200,1075200,1075200,1075200,1075200,1075200,652800,1401600,32,9,15,797,34,59,263,70,124,342,49,56,76,24,26,31,6,34,404,164,105,0,0,0,36164,29267,89853,757740,44788,85828,325495,181578,424772,501189,127600,206106,90872,51389,215351,30743,18791,260499,424581,238096,197193,0,0,0,511.8429583975347,3.0806779661016948
1658274049744,39.775,0.627451,0.76,0.4074074,0.39285713,0.64,1.0,0.56,0.29166666,1.0,57.300003,56.600002,55.9,56.300003,56.600002,56.600002,55.9,58.9,56.300003,58.600002,54.600002,53.9,3972346,-1427002,1075200,1075200,1075200,1075200,1075200,1075200,652800,1401600,95,4,9,830,33,52,375,75,107,319,47,49,169,25,42,0,0,0,355,190,127,0,0,0,186245,9604,37087,722212,50719,67193,378380,193186,288937,479483,129399,149578,176803,53649,335266,0,0,0,345326,284802,222245,0,0,0,516.9649953632148,3.468908809891808
1658274050823,39.849003,0.5792079,0.375,0.42307693,0.3846154,0.6923077,0.61538464,1.0,0.08695652,1.0,58.300003,57.600002,56.9,57.600002,57.600002,57.9,56.9,59.300003,57.300003,59.600002,55.300003,54.600002,3956970,-1549073,1075200,1075200,1075200,1075200,1075200,1075200,652800,1401600,126,0,2,965,18,18,358,78,98,373,59,60,99,14,25,122,25,38,338,175,101,1,0,0,203869,0,4350,796901,21448,29016,340790,156355,281465,466742,148394,175482,68974,29635,90351,121915,54794,326559,319827,285963,173025,19,0,0,516.6005316045381,3.1446612641815235
1658274051930,39.9,0.4450262,0.13043478,0.04347826,1.0,0.26086956,0.08695652,0.92,0.041666668,1.0,58.600002,57.600002,56.9,57.600002,57.9,58.300003,56.600002,59.600002,57.300003,59.600002,55.300003,54.600002,3959695,-1563111,1075200,1075200,1075200,1075200,1075200,1075200,652800,1401600,115,8,38,752,45,69,306,60,96,363,61,55,40,6,23,0,0,1,476,190,111,1,0,0,163237,21692,201385,672654,60715,81393,295053,135658,353594,453799,164784,141982,42468,13984,518175,3594,0,1491,397699,286124,175034,31,0,0,59.99978481012658,0.31363291139240507
1658274052979,39.964,0.54347825,1.0,0.61904764,0.7083333,0.45833334,0.26086956,0.18181819,0.045454547,1.0,56.300003,55.600002,55.300003,54.9,54.9,54.9,54.600002,57.9,55.600002,57.9,53.300003,52.9,4032489,-559692,1075200,1075200,1075200,1075200,1075200,1075200,652800,1401600,340,14,25,587,12,28,148,24,41,180,20,69,168,30,81,41,4,17,179,59,84,0,0,0,484455,25308,132705,586499,26549,118147,128073,45604,167784,166502,62420,553803,202773,63556,539528,34160,5403,74570,123421,195936,526865,0,0,0,-1.0,-1.0
1658274053984,40.001003,0.7156398,0.6296296,0.5,0.9655172,0.5769231,1.0,0.6296296,0.46153846,1.0,55.300003,54.600002,53.9,54.300003,54.600002,54.600002,54.300003,56.9,54.600002,56.9,51.9,51.9,4035798,-458679,1075200,1075200,1075200,1075200,1075200,1075200,652800,1401600,134,0,0,320,16,49,45,5,10,141,22,68,131,28,75,212,36,94,41,70,96,0,0,0,170528,0,0,382790,41721,246381,37009,8557,76377,159583,51068,480874,146314,62901,564635,211968,86042,500923,33940,214281,649768,0,0,0,-1.0,-1.0
1658274055048,40.043003,0.5942029,0.96153843,0.29166666,0.36,0.37037036,0.5,1.0,0.1923077,1.0,54.9,54.600002,53.9,54.600002,54.9,54.600002,54.300003,56.300003,54.9,56.600002,51.9,51.600002,4042415,-540771,1075200,1075200,1075200,1075200,1075200,1075200,652800,1401600,131,0,12,325,31,73,82,5,12,307,46,124,24,0,12,206,9,64,158,71,103,3,0,1,200182,0,346293,286392,59814,454644,49260,1937,32146,270117,70326,455418,46517,0,216619,185093,24255,552393,120114,138372,638719,86,0,528,-1.0,-1.0
1658274056150,40.076,0.53608245,0.7083333,0.5217391,0.8076923,0.2,0.23076923,0.5416667,0.36,1.0,54.300003,54.300003,53.600002,54.300003,54.600002,54.9,54.300003,55.9,54.600002,56.600002,51.600002,51.300003,3996676,-1214600,1075200,1075200,1075200,1075200,1075200,1075200,652800,1401600,76,0,0,406,26,66,341,50,107,245,4,37,50,2,18,1,2,2,296,67,143,6,0,3,64615,0,0,331462,57053,451100,253955,111657,497261,138714,7368,731162,31684,1990,695514,1667,6518,7325,181158,148344,626279,2125,0,2452,879.437264847512,6.194337078651685
1658274057221,40.08,0.578125,1.0,0.625,0.13043478,1.0,0.3043478,0.08695652,0.4,1.0,55.9,55.600002,54.600002,55.300003,55.600002,55.600002,54.300003,57.300003,54.9,57.600002,53.300003,52.600002,3952882,-1583863,1075200,1075200,1075200,1075200,1075200,1075200,652800,1401600,244,4,13,685,8,20,341,59,68,235,43,91,110,14,41,100,9,27,466,60,129,2,0,1,330141,3793,121736,599156,10589,32301,298522,94275,185177,243885,57245,423492,108851,33380,297036,85272,13214,88755,388491,89641,260493,41,0,0,1049.9104544049458,6.371214837712519
1658274058295,40.099003,0.5294118,0.1923077,0.47826087,0.56,0.53846157,1.0,0.115384616,0.32,1.0,57.600002,56.600002,55.9,56.9,56.600002,56.300003,55.9,58.600002,56.9,58.600002,54.600002,53.9,3949574,-1672974,1075200,1075200,1075200,1075200,1075200,1075200,652800,1401600,413,19,16,729,12,21,375,75,94,104,13,18,339,50,84,80,9,28,357,77,144,3,0,0,432798,33592,17826,654504,15839,20370,348883,157508,294427,87914,14732,52370,298106,75639,193255,68751,15487,161457,318810,153513,284074,82,0,0,1054.4580129032258,5.904774193548387
1658274059325,40.137,0.6059113,0.26923078,0.5652174,0.84,0.30769232,0.84,0.5185185,0.6296296,1.0,57.9,57.600002,57.300003,57.300003,57.9,57.300003,56.600002,58.9,57.600002,59.300003,54.9,54.600002,3948600,-1709595,1075200,1075200,1075200,1075200,1075200,1075200,652800,1401600,581,28,40,839,8,19,290,34,58,211,34,57,46,11,9,211,26,63,330,81,135,4,0,0,501598,32994,108122,689664,9145,17610,238299,40823,241434,177327,39006,162817,43871,17339,16010,194567,46722,462819,333607,165889,274602,86,0,0,1031.5104200626959,6.095548589341693
1658274060362,40.171,0.635,0.45833334,0.68,0.6666667,0.5833333,0.96428573,0.25925925,0.44444445,1.0,57.9,57.9,57.9,57.600002,57.600002,57.9,57.300003,59.9,57.9,59.9,55.600002,54.600002,3959500,-1574708,1075200,1075200,1075200,1075200,1075200,1075200,652800,1401600,611,34,50,675,7,17,52,8,10,189,41,57,31,5,8,110,11,43,391,66,169,2,0,0,642900,43289,132309,597394,10002,15509,47291,8754,53295,159558,67448,567784,33017,9218,27126,116962,17584,583089,377911,119880,312461,45,0,0,1004.7254462934947,6.309567322239031
1658274061474,40.235,0.5485437,0.44,0.5769231,0.08,0.72,0.115384616,1.0,0.4074074,1.0,58.9,58.300003,57.9,58.600002,58.600002,58.300003,57.600002,60.300003,58.300003,60.600002,56.300003,55.600002,3957554,-1519166,1075200,1075200,1075200,1075200,1075200,1075200,652800,1401600,464,26,27,686,10,12,209,49,86,111,21,26,79,14,33,96,24,31,374,64,170,3,0,0,522834,55037,64963,582530,10570,13274,220204,111519,412847,98908,37836,115310,78870,19122,225585,76911,56725,155768,373067,116722,316613,65,0,0,1026.5502559241706,6.306830963665087
1658274062509,40.284,0.5780347,0.23809524,0.57894737,0.5,0.6666667,1.0,0.18181819,0.45454547,1.0,58.9,58.9,57.9,58.9,58.600002,58.9,57.9,60.600002,58.600002,60.9,56.600002,55.9,3951131,-1682130,1075200,1075200,1075200,1075200,1075200,1075200,652800,1401600,368,8,14,670,5,12,232,36,82,214,32,53,162,30,69,21,3,6,348,62,152,3,0,0,368312,15624,35014,604156,9412,16558,239573,58925,524843,200085,43468,180295,184934,48296,454090,25793,6509,83305,308977,123006,329494,89,0,0,1028.6122105263157,6.062662538699691
1658274063522,40.329002,0.54347825,1.0,0.61904764,0.7083333,0.0,0.4090909,0.2,0.39130434,1.0,59.9,59.300003,58.300003,59.300003,58.9,58.9,58.300003,60.9,58.9,60.9,56.9,55.9,3956191,-1551209,1075200,1075200,1075200,1075200,1075200,1075200,652800,1401600,471,28,54,708,8,16,217,32,54,105,17,40,37,4,17,100,19,45,391,83,108,1,0,0,469123,52237,167014,624939,5565,17200,204983,57317,482839,108025,16590,141802,48446,12661,329472,96554,31615,254285,350826,162502,227737,28,0,0,1027.0624294478528,5.839754601226994
1658274064586,40.401,0.54146343,0.15384616,0.6086956,0.2,0.2,0.92,0.9230769,0.37037036,1.0,60.300003,59.600002,58.300003,58.9,59.600002,58.9,58.300003,61.600002,59.300003,61.300003,56.9,56.300003,3952298,-1594544,1075200,1075200,1075200,1075200,1075200,1075200,652800,1401600,241,15,30,706,14,20,154,21,58,81,22,39,138,21,75,96,10,55,441,65,109,3,0,0,289349,25577,90019,618242,17266,25410,162713,31803,472705,92211,50527,218608,170203,32479,485314,92536,15529,318576,372299,122213,198862,68,0,0,1027.8717032457496,5.810497681607418
1658274065628,40.457,0.5352941,0.3809524,0.5263158,0.04761905,0.7826087,0.0952381,1.0,0.41666666,1.0,59.9,59.600002,59.600002,59.300003,59.600002,59.600002,58.9,61.600002,59.9,61.600002,57.300003,56.600002,3942761,-1537171,1075200,1075200,1075200,1075200,1075200,1075200,652800,1401600,493,12,22,803,9,17,240,41,53,131,29,60,16,1,3,68,17,36,439,73,116,2,0,0,520527,17862,59591,677252,9751,23977,238555,87389,280045,132214,69773,612199,11541,4086,24060,91804,30010,397539,385885,117539,221145,46,0,0,1026.5922476780186,6.006291021671826
1658274066639,40.499,0.55445546,0.04,0.5,0.42857143,0.92,0.88,0.29166666,0.32,1.0,60.300003,60.300003,59.300003,59.9,59.9,60.300003,58.9,61.9,59.9,62.300003,57.600002,56.9,3956191,-1562195,1075200,1075200,1075200,1075200,1075200,1075200,652800,1401600,398,32,40,728,9,11,347,55,65,114,26,39,153,30,62,52,6,12,286,67,151,4,0,0,371444,60981,100266,641387,7086,13134,301440,117158,294739,102438,59451,299705,158607,52618,322408,46445,16057,60870,293220,143964,344019,86,0,0,1034.3800680061822,5.984296754250386
1658274067681,40.552002,0.5247525,0.46153846,0.39130434,0.64,0.125,1.0,0.11111111,0.44444445,1.0,60.300003,60.600002,59.600002,60.300003,60.300003,60.300003,59.300003,62.300003,60.300003,62.300003,58.300003,56.9,3934392,-1694947,1075200,1075200,1075200,1075200,1075200,1075200,652800,1401600,330,14,31,757,6,20,611,67,40,3,2,1,68,7,28,137,20,69,310,51,189,1,0,0,465391,24797,112473,712473,5533,17623,511272,74361,45475,3115,2031,16822,82556,2857,308093,165678,29873,519596,344866,98088,364513,16,0,0,1029.8254637223974,5.834347003154574
1658274068721,40.608,0.53960395,0.08,0.39130434,1.0,0.15384616,0.12,1.0,0.52,1.0,60.600002,60.9,59.600002,60.600002,60.600002,60.300003,59.600002,61.9,60.600002,62.9,58.300003,57.600002,3936338,-1777345,1075200,1075200,1075200,1075200,1075200,1075200,652800,1401600,644,26,31,779,12,21,202,26,39,163,41,49,47,7,12,99,22,56,359,59,145,5,0,0,610147,28637,47656,753078,14864,18125,172408,51885,403108,163948,83225,153123,33898,10585,18486,96803,50833,490726,347117,121488,288043,114,0,0,1032.9154074074074,6.421925925925925
1658274069772,40.661003,0.52682924,0.64,0.46153846,0.5925926,0.083333336,0.07692308,1.0,0.33333334,1.0,60.600002,60.600002,60.300003,60.300003,60.600002,60.9,59.600002,62.9,60.600002,62.9,58.300003,57.600002,3955802,-1600648,1075200,1075200,1075200,1075200,1075200,1075200,652800,1401600,518,23,51,758,19,21,132,23,25,165,26,49,66,14,30,94,27,47,373,74,133,1,0,0,475705,40479,174243,673097,19423,25069,110199,34320,50747,152586,45769,539896,54932,37205,337066,103308,49439,172343,341084,146335,263007,22,0,0,1033.8822295081968,5.961232786885246
1658274070774,40.710003,0.5512195,0.33333334,0.5,0.88461536,0.08,1.0,0.18518518,0.4,1.0,61.300003,61.300003,60.600002,60.600002,60.600002,61.300003,59.9,62.9,60.9,63.300003,58.600002,57.600002,3954829,-1571961,1075200,1075200,1075200,1075200,1075200,1075200,652800,1401600,441,26,42,745,15,17,142,25,42,169,19,59,153,26,50,0,0,0,391,71,112,1,0,0,438816,27746,115599,681190,22506,28408,145386,49968,148011,151679,53589,496326,149337,59458,470626,0,0,0,359173,136579,255999,21,0,0,1026.1330539291218,6.056530046224961
1658274071850,40.767002,0.56796116,0.7307692,0.6086956,0.28,0.115384616,0.7037037,0.5925926,0.44,1.0,61.600002,61.600002,60.9,60.600002,61.300003,61.300003,60.300003,62.9,61.600002,63.300003,58.9,58.300003,3961057,-1585084,1075200,1075200,1075200,1075200,1075200,1075200,652800,1401600,608,41,70,722,13,28,209,34,44,292,63,91,51,7,11,50,14,31,389,66,166,4,0,0,556296,60931,129813,688263,15629,29167,161966,56415,195959,271186,114892,468476,47497,11620,90593,49654,34990,154560,372496,126254,308158,285,0,0,1029.01184,6.204406153846154
1658274072893,40.823,0.56647396,0.10526316,0.47619048,0.29166666,1.0,1.0,0.14285715,0.45454547,1.0,62.600002,61.9,61.300003,61.300003,61.600002,61.9,60.9,63.600002,62.300003,63.600002,59.300003,58.600002,3948600,-1660157,1075200,1075200,1075200,1075200,1075200,1075200,652800,1401600,596,14,19,715,6,13,249,36,67,163,38,69,62,12,14,126,36,52,297,58,143,0,0,0,493878,17172,23732,694420,6109,8851,213821,72283,457516,155487,81517,420334,55379,21837,26512,138611,79996,164708,321479,129070,294300,0,0,0,1029.1917781402935,6.460972267536705
1658274073923,40.872,0.5976331,0.26086956,0.5263158,0.33333334,1.0,0.8636364,0.3809524,0.45454547,1.0,61.9,61.9,60.9,61.9,62.300003,61.9,61.300003,63.9,61.9,63.9,59.600002,58.9,3944902,-1709595,1075200,1075200,1075200,1075200,1075200,1075200,652800,1401600,648,28,39,637,14,16,250,45,70,13,2,3,73,24,33,201,33,75,331,63,157,4,0,0,551101,35311,85621,586512,16751,24608,231649,73241,162826,11183,7302,9710,90550,45954,370392,207570,54544,451484,354370,129175,292609,83,0,0,1028.6592395672333,6.1044327666151466
1658274074941,40.925003,0.5858586,0.29166666,0.45833334,0.23076923,0.8333333,0.33333334,1.0,0.47826087,1.0,62.300003,62.300003,61.9,62.600002,62.600002,62.300003,61.300003,63.9,62.300003,63.9,59.9,58.600002,3943540,-1698914,1075200,1075200,1075200,1075200,1075200,1075200,652800,1401600,580,23,54,715,8,4,285,42,62,29,2,6,16,5,2,144,15,49,363,53,156,1,0,0,601512,46105,166396,584344,6158,6878,256814,84846,399665,24227,2068,124733,17394,5923,10480,147983,26444,425847,354651,121174,322918,25,0,0,1034.1803658914728,5.9978914728682176
1658274076019,40.978,0.4009662,0.08,1.0,0.0,1.0,0.11111111,0.03846154,0.0,1.0,62.9,62.9,61.9,62.9,62.600002,62.600002,61.9,64.3,63.300003,64.600006,59.9,59.300003,3930499,-1754151,1075200,1075200,1075200,1075200,1075200,1075200,652800,1401600,664,21,22,690,13,23,274,46,68,101,18,33,133,20,40,81,6,23,347,61,154,4,0,0,528405,35310,43034,712417,25121,22060,254987,84095,343321,104031,28967,119297,136609,30735,178095,54175,8178,327290,348281,111486,339040,91,0,0,294.3516993464052,1.5860392156862744
1658274077057,41.031002,0.49268293,0.125,0.8333333,0.24,0.42307693,0.23076923,1.0,0.074074075,1.0,59.9,60.300003,58.9,58.9,59.600002,60.300003,59.300003,62.300003,59.600002,62.300003,57.300003,56.9,4039885,-379028,1075200,1075200,1075200,1075200,1075200,1075200,652800,1401600,467,26,44,289,10,10,228,28,91,55,5,16,154,31,61,118,25,75,93,44,105,0,0,0,461636,65455,96938,223372,15220,17875,238803,56882,498382,56689,3238,99850,161375,90455,556740,148553,53402,570987,94128,77534,710880,0,0,0,-1.0,-1.0
1658274078122,41.072002,0.50282484,0.8333333,0.3181818,0.14285715,0.18181819,0.2857143,1.0,0.05,1.0,58.300003,57.9,57.300003,57.9,57.9,58.300003,57.600002,60.600002,58.300003,60.600002,55.600002,55.300003,4035408,-559997,1075200,1075200,1075200,1075200,1075200,1075200,652800,1401600,335,17,47,345,11,16,157,36,89,152,21,78,153,21,62,0,0,0,1,3,71,0,0,0,363444,43942,259829,450467,25967,56798,186732,98094,564083,166931,40968,549451,152182,31911,448450,0,0,0,2219,5601,925459,0,0,0,-1.0,-1.0
1658274079176,41.102,0.5539216,0.96,0.9259259,0.36,0.30769232,0.32,0.34615386,0.13043478,1.0,58.600002,58.600002,57.600002,58.300003,58.9,58.9,58.300003,59.300003,58.9,60.600002,54.9,54.9,4011273,-649109,1075200,1075200,1075200,1075200,1075200,1075200,652800,1401600,215,17,41,33,4,14,296,60,92,218,14,82,182,28,65,22,1,1,105,23,87,8,0,1,186980,43357,221377,36387,5021,327646,248327,135804,422704,184293,37173,624910,110384,73945,559981,14297,1278,278,73411,39937,799644,1856,0,492,-1.0,-1.0
1658274080258,41.106003,0.7900553,0.65217394,0.77272725,0.82608694,0.9130435,0.61904764,1.0,0.47619048,1.0,57.9,57.600002,56.9,57.600002,57.600002,57.9,57.300003,59.300003,57.600002,59.600002,54.600002,54.9,3983635,-1270447,1075200,1075200,1075200,1075200,1075200,1075200,652800,1401600,58,0,2,154,0,0,65,4,36,131,17,37,105,16,39,115,7,26,225,73,194,0,0,3,38373,0,517,48996,0,0,62525,5776,754090,95453,41285,749343,77823,31857,695934,62987,14083,749199,198297,187203,528306,0,0,917,884.00505400982,6.1322422258592475
1658274081307,41.11,0.715,0.65384614,0.5,0.8076923,0.8,0.52,1.0,0.39130434,1.0,58.9,58.9,58.300003,58.600002,58.300003,58.600002,57.600002,60.600002,58.300003,60.600002,56.600002,55.9,3956970,-1616212,1075200,1075200,1075200,1075200,1075200,1075200,652800,1401600,660,9,16,585,9,10,316,25,32,65,7,10,135,10,21,113,14,48,929,54,175,2,0,0,448352,11075,20605,266418,6978,12270,311576,52139,64668,31024,11655,20622,87575,10078,21063,99551,26652,264363,345251,84619,263932,56,0,0,1315.6342018348623,8.640733944954128
1658274082491,41.118004,0.6735751,0.6363636,0.47826087,0.72,0.45833334,0.68,1.0,0.32,1.0,60.300003,60.300003,59.600002,60.300003,59.9,59.9,59.600002,61.9,60.600002,61.9,57.9,56.9,3939258,-1817933,1075200,1075200,1075200,1075200,1075200,1075200,652800,1401600,569,11,19,920,21,53,208,21,26,159,23,50,119,18,30,3,1,2,815,60,162,0,0,0,462242,8229,19464,491494,24652,53946,301750,61464,67364,129615,32763,175865,85932,32773,136192,3476,855,15309,361145,88330,240226,0,0,0,1292.4379325842697,8.099852327447833
1658274083564,41.144,0.8243243,0.76,0.8148148,0.8333333,0.71428573,0.93333334,0.962963,0.5714286,1.0,60.9,60.600002,59.9,60.600002,59.9,60.300003,59.600002,62.600002,60.9,62.300003,58.300003,57.600002,3953077,-1619569,1075200,1075200,1075200,1075200,1075200,1075200,652800,1401600,593,9,16,972,17,31,186,22,25,142,22,34,178,21,30,0,0,0,1043,39,189,0,0,0,444287,11854,16224,500769,18524,33510,289987,46981,60962,120090,33106,171734,119604,34478,106484,0,0,0,405977,53698,290383,0,0,0,1289.2070755007703,9.19612942989214
1658274084722,41.185,0.7647059,0.75,0.7037037,0.88461536,0.84615386,0.625,0.96153843,0.3846154,1.0,61.600002,61.300003,60.600002,60.9,60.9,60.9,59.9,63.300003,60.9,62.9,58.9,57.9,3936144,-1597291,1075200,1075200,1075200,1075200,1075200,1075200,652800,1401600,436,3,4,662,8,20,64,11,11,189,36,41,32,2,6,44,6,14,1249,54,189,0,0,0,340596,4004,5168,337175,7062,20398,130275,27403,30463,165595,69832,88914,22836,4020,13694,41590,6930,37040,430865,72899,252199,0,0,0,1247.702168970814,8.82084178187404
1658274085852,41.235,0.74444443,0.71428573,0.59090906,0.82608694,1.0,0.4347826,1.0,0.39130434,1.0,61.600002,61.600002,60.600002,61.300003,60.9,61.300003,60.600002,63.300003,61.300003,63.600002,58.9,58.600002,3946070,-1606446,1075200,1075200,1075200,1075200,1075200,1075200,652800,1401600,393,8,8,561,13,22,86,7,10,14,6,11,106,11,18,40,4,7,1169,56,149,0,0,0,311529,8434,6336,299423,16931,31051,142029,24790,27309,14484,15587,39262,80001,10071,58454,20707,2385,12468,390487,55588,221209,0,0,0,1321.422925925926,7.993234567901234
1658274086930,41.280003,0.7019231,0.6086956,0.48,0.8518519,1.0,0.37037036,0.8148148,0.44444445,1.0,62.300003,62.300003,61.600002,61.9,61.600002,60.9,60.9,63.600002,61.300003,63.9,59.600002,58.600002,3948016,-1607667,1075200,1075200,1075200,1075200,1075200,1075200,652800,1401600,563,2,5,919,11,22,183,15,28,152,23,24,156,19,37,19,1,2,937,51,167,0,0,0,390108,2268,4459,456572,7788,27418,294818,37900,59419,142012,30585,63861,123713,18388,135461,10435,285,6725,377680,70629,276043,0,0,0,1302.9766892307691,9.039803076923077
1658274088074,41.34,0.75135136,0.6818182,0.625,0.8,0.73913044,0.6666667,1.0,0.47826087,1.0,62.9,62.600002,61.600002,62.300003,61.9,61.9,60.9,64.3,61.600002,64.3,59.9,58.9,3940231,-1941529,1075200,1075200,1075200,1075200,1075200,1075200,652800,1401600,455,9,12,703,17,32,100,7,11,22,3,4,68,9,19,162,15,33,991,75,162,0,0,0,397677,11073,12944,374982,22822,40165,161228,14629,22734,11480,4364,9176,64553,16072,116803,128595,24427,78298,382665,105820,225808,0,0,0,1360.5358024691357,8.477925925925925
1658274089139,41.4,0.7801047,0.73913044,0.77272725,1.0,1.0,0.33333334,1.0,0.41666666,1.0,63.300003,63.300003,62.600002,62.600002,62.600002,62.9,62.600002,64.600006,63.300003,64.600006,60.600002,59.9,3930499,-1733094,1075200,1075200,1075200,1075200,1075200,1075200,652800,1401600,550,5,6,999,11,17,170,16,22,52,12,11,226,45,61,7,0,2,957,43,152,0,0,0,403062,6133,5605,477485,11019,22059,263218,31160,46149,34431,20611,14974,165138,99593,192553,9979,0,16916,376109,49433,212153,0,0,0,1333.5525687789798,8.120037094281297
1658274090228,41.446003,0.85046726,0.7692308,0.7692308,0.96428573,0.8518519,0.89285713,1.0,0.52,1.0,62.9,62.9,62.300003,62.600002,62.600002,62.600002,61.9,64.600006,62.600002,64.600006,60.600002,59.9,3928358,-1780701,1075200,1075200,1075200,1075200,1075200,1075200,652800,1401600,533,9,13,603,14,30,94,18,17,196,37,55,70,7,22,0,1,0,1045,42,189,0,0,0,419003,8435,17416,324327,13540,39638,173207,60646,36023,160675,66568,156357,62870,5737,110531,0,448,0,438825,62798,259139,0,0,0,1314.676841781874,8.663840245775729
1658274091434,41.514004,0.87142855,0.84615386,0.7407407,0.96,0.89285713,0.84615386,1.0,0.7037037,1.0,63.600002,63.300003,62.600002,62.9,62.9,63.300003,62.300003,65.3,63.600002,65.600006,60.9,59.9,3936338,-1706849,1075200,1075200,1075200,1075200,1075200,1075200,652800,1401600,442,7,5,763,3,15,40,5,6,89,12,20,102,18,24,23,3,11,1295,67,151,0,0,0,374381,9176,7002,359725,3224,18070,76940,9111,20191,61606,11175,36151,85788,33190,65671,19157,5321,37473,411576,80108,183579,0,0,0,1396.766835443038,8.803443037974684
1658274092533,41.570004,0.9835391,1.0,1.0,1.0,1.0,0.9677419,1.0,0.9310345,1.0,63.9,63.9,63.300003,63.600002,63.9,63.9,62.9,65.600006,63.600002,65.600006,61.300003,60.600002,3937895,-1724244,1075200,1075200,1075200,1075200,1075200,1075200,652800,1401600,497,6,14,901,19,32,113,10,15,123,14,32,77,4,20,43,5,10,744,48,213,0,0,0,411174,8330,13429,435057,21392,38365,199334,37943,38325,91192,21225,261948,51130,4223,58287,29568,11178,15969,328942,52777,301343,0,0,0,1284.784246153846,7.453686153846154
1658274093687,41.665,0.9350649,0.9285714,0.96153843,1.0,1.0,0.8888889,1.0,0.6785714,1.0,64.600006,64.600006,63.9,63.9,64.3,64.3,63.300003,65.600006,63.600002,65.9,61.600002,60.600002,3924465,-1855470,1075200,1075200,1075200,1075200,1075200,1075200,652800,1401600,318,9,8,331,17,24,64,10,18,55,13,21,56,12,21,0,0,0,654,37,127,0,0,0,238399,12490,14317,182347,25843,37339,103533,33909,83028,56687,16716,71304,43968,19002,151930,0,0,0,287995,44477,201693,0,0,0,1190.2395589586522,8.401347626339968
1658274094861,41.717003,0.8333333,0.7307692,0.9230769,1.0,0.5,0.962963,0.9259259,0.5555556,1.0,63.9,63.9,62.9,63.600002,63.300003,63.300003,62.9,65.600006,63.600002,65.9,61.600002,60.600002,3935170,-1613770,1075200,1075200,1075200,1075200,1075200,1075200,652800,1401600,359,5,9,300,4,21,12,1,2,20,3,3,154,25,35,0,0,0,800,75,129,0,0,0,327073,6340,11128,157867,3450,21469,24054,2458,3611,13231,6096,2882,133421,40027,163336,0,0,0,319504,91124,212600,0,0,0,1226.6397064220182,7.072293577981651
1658274096177,41.778004,0.8486239,0.7777778,0.8148148,1.0,0.75,0.962963,0.89285713,0.5925926,1.0,63.9,63.9,62.9,63.300003,63.600002,63.600002,62.9,65.9,63.600002,65.9,61.600002,60.9,3928553,-1684571,1075200,1075200,1075200,1075200,1075200,1075200,652800,1401600,349,6,15,433,4,8,6,0,4,35,9,17,59,12,24,22,2,3,688,65,134,0,0,0,373848,8806,26476,233618,5999,18104,14127,0,29105,29325,35739,121314,45791,17613,118318,14856,3116,2739,305556,85163,184972,0,0,0,1208.750265648855,7.361123664122137
1658274097463,41.861004,0.75141245,0.61904764,0.7619048,0.82608694,0.6818182,1.0,0.6086956,0.5652174,1.0,64.600006,64.3,63.600002,63.600002,63.9,63.600002,63.300003,66.3,64.3,66.3,61.9,61.300003,3929721,-1805116,1075200,1075200,1075200,1075200,1075200,1075200,652800,1401600,319,3,2,348,6,8,0,0,0,36,10,15,21,0,1,114,19,23,473,93,151,0,0,0,299216,4760,1968,196812,6193,7961,0,0,0,31106,17520,27608,11274,0,382,92095,26866,49264,288600,115551,194863,0,0,0,1135.821229329173,7.954321372854913
1658274098566,41.913002,0.8125,0.7916667,0.6923077,0.88461536,0.6923077,1.0,0.88,0.5925926,1.0,64.600006,64.600006,63.9,64.3,64.3,64.3,63.300003,66.3,64.3,66.600006,62.300003,60.9,3932445,-1862794,1075200,1075200,1075200,1075200,1075200,1075200,652800,1401600,344,10,8,560,4,11,57,3,7,9,4,8,15,1,5,91,9,21,974,78,92,0,0,0,353527,15045,8637,303538,7472,11606,85365,2829,12232,7659,10733,53289,14099,3357,14344,63929,12816,104819,338024,102852,127741,0,0,0,1405.0720246533126,8.703950693374422
1658274099699,41.993004,0.5529954,0.23076923,0.23076923,0.2962963,1.0,0.2962963,1.0,0.30769232,1.0,65.600006,65.3,64.600006,64.9,64.9,64.9,63.9,66.9,64.9,66.600006,62.600002,61.600002,3904028,-1837769,1075200,1075200,1075200,1075200,1075200,1075200,652800,1401600,551,7,5,875,6,19,147,20,26,56,9,8,16,1,4,170,36,53,942,52,169,0,0,0,402888,5972,7429,436343,6699,16899,231155,60944,65487,49950,10491,15862,8134,2315,2523,155470,70154,180405,408552,71971,227449,0,0,0,1235.8933970149253,6.94075223880597
1658274100813,42.053,0.57377046,0.3,1.0,0.3478261,0.3043478,0.375,1.0,0.17391305,1.0,64.600006,64.600006,63.300003,64.3,63.9,63.600002,62.9,66.3,63.600002,66.600006,61.600002,60.9,4001931,-928040,1075200,1075200,1075200,1075200,1075200,1075200,652800,1401600,395,10,12,428,16,23,264,30,34,15,1,5,179,21,22,113,16,30,800,50,141,1,0,0,405678,14804,16374,314035,25088,48841,287716,65963,83469,10061,292,10837,140072,39639,39788,102134,24316,162303,250251,98267,354994,28,0,0,-1.0,-1.0
1658274101844,42.11,0.62441313,0.5,0.4814815,0.5185185,0.5555556,0.8518519,0.96153843,0.083333336,1.0,63.600002,64.3,63.300003,63.600002,63.9,64.600006,63.9,65.600006,64.3,65.9,60.600002,60.300003,4008549,-607300,1075200,1075200,1075200,1075200,1075200,1075200,652800,1401600,1461,4,9,437,0,0,549,11,27,454,0,0,641,6,11,87,0,19,923,0,25,29,0,0,543666,8842,33260,144390,0,0,440250,20323,110319,324425,0,0,314490,18620,158044,57707,0,165362,593064,0,181689,3179,0,0,-1.0,-1.0
