1658276093762,39.298,0.75581396,0.71428573,0.65,0.71428573,0.6666667,0.95454544,1.0,0.35,1.0,52.300003,52.600002,51.9,52.9,53.300003,53.300003,52.600002,53.300003,53.300003,54.600002,48.9,48.9,3898773,-1050720,1075200,1075200,1075200,1075200,1075200,1075200,652800,1401600,443203,8011,17627,474225,11381,23067,255309,18591,36167,246136,19385,36919,191997,13650,30171,187909,13136,27704,330343,33965,53626,146529,10222,29267,288213223,17604178,127570180,330694196,22200846,115541591,193114337,40030632,239378070,191819386,41431035,245113056,144766680,28951063,243681307,135791355,28637473,224261431,193477496,60356341,348577463,72535712,24777265,277864199,-1.0,-1.0
1658276094859,39.278004,0.92825115,1.0,1.0,1.0,0.96428573,1.0,1.0,0.4827586,1.0,51.600002,51.9,51.300003,52.300003,52.600002,52.300003,51.9,53.600002,51.9,53.9,49.300003,49.300003,3926801,-658874,1075200,1075200,1075200,1075200,1075200,1075200,652800,1401600,620,8,12,385,0,0,275,11,34,308,15,31,184,11,10,208,17,23,523,15,37,8,0,0,322432,19634,52087,152505,0,0,208650,22052,99674,183145,27147,93695,95345,21658,18648,166687,31406,94191,290128,32402,272561,195,0,0,-1.0,-1.0
1658276096012,39.251003,0.6267281,0.62068963,0.88461536,0.44444445,0.5555556,0.5769231,0.78571427,0.115384616,1.0,52.300003,52.300003,51.600002,52.600002,52.600002,52.600002,52.300003,53.9,52.600002,53.9,48.9,48.9,3950741,-538635,1075200,1075200,1075200,1075200,1075200,1075200,652800,1401600,522,0,0,105,0,0,334,8,11,428,0,1,235,7,14,92,0,0,1079,68,24,8,0,0,362061,0,0,87376,0,0,242790,13497,25268,227685,0,912,240605,5227,32664,32631,0,0,717191,103016,46632,3410,0,0,-1.0,-1.0
1658276097172,39.237003,0.55454546,0.4074074,0.96428573,0.35714287,0.9230769,0.39285713,0.35714287,0.16666667,1.0,52.300003,52.9,52.300003,52.9,52.9,53.600002,52.600002,53.300003,52.9,54.300003,48.9,48.9,3939063,-661621,1075200,1075200,1075200,1075200,1075200,1075200,652800,1401600,665,0,0,299,0,0,475,30,36,279,10,15,264,8,16,231,6,31,642,73,114,20,0,5,329321,0,0,201566,0,0,191610,58063,111826,112373,18564,34290,112536,11376,50727,110284,7824,129353,438095,126580,244480,8296,0,6751,-1.0,-1.0
1658276098405,39.214,0.625,0.6956522,0.6666667,0.92,0.5652174,0.48,0.6086956,0.045454547,0.95652175,52.300003,52.600002,52.300003,52.600002,53.300003,52.9,52.300003,53.9,52.600002,53.9,48.9,48.9,3926217,-818176,1075200,1075200,1075200,1075200,1075200,1075200,652800,1401600,654,0,0,35,0,0,356,33,38,356,22,37,262,19,29,318,31,56,552,88,100,3,0,0,400291,0,0,18077,0,0,208241,65321,160331,158443,52663,114569,106907,37081,97951,180419,59288,183319,333299,176566,350783,84,0,0,-1.0,-1.0
1658276099584,39.190002,0.69668245,0.48,0.9259259,0.53846157,0.6923077,0.7407407,0.9259259,0.2413793,1.0,50.600002,50.9,50.9,51.600002,51.600002,51.600002,50.9,53.300003,51.300003,53.300003,48.600002,48.300003,3958332,-401611,1075200,1075200,1075200,1075200,1075200,1075200,652800,1401600,679,0,0,576,0,0,278,15,22,283,32,31,355,37,43,120,13,20,521,109,110,37,2,5,442955,0,0,393969,0,0,140954,33300,77220,191018,55671,50394,247286,72113,145811,79970,26537,59222,362792,212881,300665,8619,3880,3619,-1.0,-1.0
1658276100721,39.176003,0.4949495,0.72,0.42307693,0.41666666,0.04347826,0.26923078,0.96153843,0.08,1.0,51.600002,51.300003,50.600002,51.300003,51.600002,51.9,51.600002,52.9,51.9,53.600002,48.600002,48.600002,3945291,-596313,1075200,1075200,1075200,1075200,1075200,1075200,652800,1401600,743,10,14,171,0,0,511,43,49,302,15,32,421,46,41,189,2,10,402,52,116,9,1,3,421980,22070,65253,121145,0,0,319236,84471,150983,149511,19578,186120,237682,80306,125916,88663,1178,49943,298222,131015,484432,1731,375,1304,-1.0,-1.0
1658276101821,39.153004,0.73239434,0.56,1.0,1.0,0.6296296,0.7692308,0.5416667,0.20833333,1.0,49.9,50.300003,49.9,50.600002,50.300003,50.600002,49.9,52.300003,50.300003,52.600002,47.9,47.9,3943540,-504150,1075200,1075200,1075200,1075200,1075200,1075200,652800,1401600,607,16,35,570,1,9,345,40,75,237,38,54,180,18,54,30,9,8,292,131,117,5,0,0,402720,49713,224917,398923,554,51227,196480,72732,350611,150919,74404,277242,131066,46244,464822,19635,18561,11609,240299,309419,414092,175,0,0,-1.0,-1.0
1658276102946,39.156002,0.41626793,0.07692308,1.0,1.0,0.03846154,0.11111111,0.14814815,0.0,1.0,50.300003,50.600002,50.300003,50.300003,50.600002,50.300003,49.9,52.600002,50.300003,52.600002,47.9,47.9,3959111,-334472,1075200,1075200,1075200,1075200,1075200,1075200,652800,1401600,465,26,37,84,14,33,168,3,5,282,19,44,163,17,38,255,8,26,359,96,95,73,0,3,334189,75490,276938,48403,39974,295068,85857,4137,7916,151256,42253,387381,105223,30069,372555,111658,13861,130667,272628,237829,356372,17686,0,2612,-1.0,-1.0
1658276104063,39.136,0.574359,0.23076923,1.0,0.2,1.0,0.20833333,0.9230769,0.12,1.0,49.300003,49.600002,49.300003,49.600002,49.9,49.600002,49.300003,51.600002,49.600002,51.600002,47.300003,47.300003,3956386,-434265,1075200,1075200,1075200,1075200,1075200,1075200,652800,1401600,292,15,54,97,5,7,0,0,0,142,17,63,174,31,95,68,16,37,162,99,127,0,0,0,238229,31663,467845,140091,12383,69451,0,0,0,124034,41209,809245,135847,86121,681947,88480,44950,732749,130511,272732,596840,0,0,0,-1.0,-1.0
1658276105151,39.129,0.54285717,0.31034482,0.21428572,0.9230769,1.0,0.44444445,0.5,0.13793103,1.0,49.300003,49.600002,48.9,49.600002,49.300003,49.300003,48.9,51.600002,49.600002,51.600002,47.300003,46.9,3916291,-815125,1075200,1075200,1075200,1075200,1075200,1075200,652800,1401600,533,40,58,115,0,0,257,56,82,210,23,47,142,38,57,336,47,66,144,158,93,6,0,4,450671,105821,175592,64522,0,0,203401,140040,441562,139900,39884,316293,100447,89830,308316,204066,90408,313077,121697,402559,394277,2678,0,2871,-1.0,-1.0
1658276106242,39.116,0.46829268,0.11111111,1.0,0.04,0.08,0.48,1.0,0.0,1.0,48.9,48.9,48.600002,49.300003,49.300003,48.9,48.600002,51.300003,49.300003,51.300003,46.9,46.9,3964755,-297546,1075200,1075200,1075200,1075200,1075200,1075200,652800,1401600,602,45,60,506,22,35,100,9,37,71,13,17,247,32,67,113,13,28,162,128,114,1,0,0,600480,83975,156921,555504,53294,205263,79706,15394,309030,47742,19369,108602,200409,63340,407690,107192,21618,249026,140119,320436,523587,37,0,0,-1.0,-1.0
1658276107341,39.102,0.7451923,0.6923077,0.72,0.5555556,0.64,0.96153843,0.8888889,0.53846157,1.0,48.600002,48.9,47.9,48.600002,49.300003,49.300003,48.600002,50.9,48.9,50.9,46.9,46.600002,3953077,-495605,1075200,1075200,1075200,1075200,1075200,1075200,652800,1401600,431,35,66,124,2,7,175,33,62,291,62,90,140,30,48,44,4,14,114,58,87,16,0,1,337501,101165,442078,68226,422,32537,118898,102535,588963,251604,147488,319555,113449,66441,389608,35386,9030,63523,83049,150857,703080,4399,0,537,66.9071801242236,1.002968944099379
1658276108416,39.092003,0.76884425,0.64,0.7083333,0.5833333,0.8,0.88,0.96153843,0.61538464,1.0,50.9,51.300003,50.300003,50.9,50.9,50.9,50.300003,52.600002,51.300003,52.9,48.9,48.600002,3872887,-1391907,1075200,1075200,1075200,1075200,1075200,1075200,652800,1401600,740,5,15,244,4,11,1021,16,31,720,12,30,105,10,12,549,22,42,589,106,118,1,0,0,287845,7958,45901,83499,3780,11729,372806,14667,75658,255618,12269,51590,37921,12889,50898,175323,14307,90468,316013,142093,171086,18,0,0,506.54429906542055,3.024897196261682
1658276109524,39.095,0.6995074,0.56,0.84615386,0.5769231,0.53846157,0.9259259,0.625,0.52,0.96428573,52.600002,52.9,52.300003,52.9,52.9,52.600002,51.9,54.300003,52.600002,54.300003,50.600002,49.9,3870746,-1587525,1075200,1075200,1075200,1075200,1075200,1075200,652800,1401600,1404,7,16,695,8,27,572,16,28,412,13,32,385,14,26,204,8,16,568,110,55,1,0,0,466477,4480,20986,277895,6528,34039,229696,16833,36567,166086,11721,49584,149399,25234,44491,75184,7447,33514,325703,119138,70061,25,0,0,518.4596904024768,3.4481238390092877
1658276110646,39.112003,0.73195875,0.5,1.0,0.75,0.45454547,0.5,1.0,0.52,1.0,53.9,53.9,53.600002,53.600002,53.600002,53.300003,52.600002,54.9,53.600002,55.300003,51.300003,50.600002,3864906,-1519776,1075200,1075200,1075200,1075200,1075200,1075200,652800,1401600,1246,5,15,410,2,19,797,7,33,600,24,42,481,6,18,169,1,19,588,107,49,2,0,1,411953,2982,11705,132900,3111,20111,307084,6781,44294,234681,22410,66902,135535,5402,18012,69194,366,45946,358663,123455,61483,1190,0,3803,534.0741772939347,3.2516080870917574
1658276111758,39.146004,0.9144144,0.7407407,0.9310345,0.96428573,1.0,1.0,1.0,0.6,1.0,54.300003,54.600002,53.600002,54.300003,54.300003,54.600002,53.9,55.600002,54.600002,56.300003,51.9,51.600002,3860624,-1576539,1075200,1075200,1075200,1075200,1075200,1075200,652800,1401600,1552,5,10,197,2,5,690,18,47,705,25,53,687,32,70,34,4,6,565,102,50,5,0,0,500492,5345,6751,83664,1256,5299,299325,17779,57996,279435,33023,91906,260398,39864,153766,15287,4330,24597,342933,119413,60310,341,0,0,536.3424099378882,3.1349565217391304
1658276112984,39.207,0.7126437,0.54545456,0.73913044,0.52380955,0.7,0.59090906,1.0,0.59090906,1.0,55.300003,55.300003,54.9,55.300003,55.300003,55.300003,54.600002,56.9,54.9,56.9,52.9,52.300003,3859457,-1614686,1075200,1075200,1075200,1075200,1075200,1075200,652800,1401600,1478,2,7,852,10,27,440,19,35,746,16,37,32,1,5,0,0,0,740,105,46,0,0,0,430304,1637,6534,270693,6293,26112,216483,19082,45928,256577,10834,50590,15528,1261,9717,0,0,0,423476,112881,53650,0,0,0,524.8186752411575,2.844604501607717
1658276114131,39.261,0.8101852,0.6785714,0.88461536,0.962963,0.5555556,1.0,0.85714287,0.46153846,1.0,55.9,56.300003,55.300003,55.9,55.9,55.600002,54.9,57.300003,55.9,57.300003,53.300003,52.600002,3862960,-1557618,1075200,1075200,1075200,1075200,1075200,1075200,652800,1401600,1401,1,11,661,1,10,657,22,32,341,16,33,377,22,53,2,0,1,630,93,35,0,0,0,441677,988,7055,202326,444,9632,258082,25713,48791,138292,17671,62802,154686,24321,85526,1249,0,385,368167,112815,48277,0,0,0,519.527602484472,2.838111801242236
1658276115259,39.325,0.68926555,0.52380955,0.73913044,0.36842105,0.9130435,1.0,0.45454547,0.47826087,1.0,55.9,55.9,54.9,55.600002,55.600002,55.600002,54.600002,57.600002,55.9,57.600002,53.300003,52.9,3867631,-1487122,1075200,1075200,1075200,1075200,1075200,1075200,652800,1401600,1376,3,13,1006,5,21,582,19,41,922,27,48,49,5,8,121,1,14,597,112,66,5,0,0,452856,4890,9588,296962,2956,18331,252412,28079,76484,345643,30428,75499,15850,8014,14946,44540,1224,41984,364656,114489,79607,323,0,0,516.3515023328149,2.905828926905132
1658276116319,39.369003,0.66,0.45833334,0.45833334,0.45454547,0.53846157,0.89285713,0.96153843,0.4347826,1.0,56.600002,56.600002,55.600002,56.300003,56.300003,56.300003,55.600002,58.300003,56.300003,58.300003,53.9,52.9,3855369,-1505738,1075200,1075200,1075200,1075200,1075200,1075200,652800,1401600,1558,5,13,572,2,6,973,17,57,460,19,42,320,18,37,193,10,22,532,99,52,1,0,0,487526,3308,10262,165238,2203,8102,349545,13739,95227,244259,27898,74267,133137,25739,76829,73554,9495,47807,349610,105922,56294,61,0,0,516.2985171339564,3.0761869158878503
1658276117379,39.440002,0.78061223,0.77272725,1.0,0.72,0.52380955,0.9230769,0.6666667,0.5769231,1.0,56.9,56.600002,56.300003,56.9,56.9,57.300003,56.300003,58.300003,57.300003,58.600002,54.300003,53.600002,3847194,-1593629,1075200,1075200,1075200,1075200,1075200,1075200,652800,1401600,1747,13,10,1027,16,32,846,25,42,685,34,65,302,13,22,7,0,3,530,95,71,1,0,0,569115,7167,9096,378484,12551,43711,324072,27225,64326,304400,39965,110809,110347,22974,49702,3042,0,6225,352019,107227,110344,17,0,0,517.7106542056075,2.897146417445483
1658276118558,39.511,0.6747573,0.52,0.6296296,0.7916667,0.7407407,0.5,0.72,0.41666666,1.0,57.9,57.600002,56.600002,56.9,57.300003,57.300003,56.600002,58.9,56.9,58.9,54.600002,54.300003,3841550,-1665955,1075200,1075200,1075200,1075200,1075200,1075200,652800,1401600,1147,4,11,511,4,12,537,2,13,760,14,35,119,3,9,312,11,18,694,123,48,0,0,0,341999,3267,8601,151419,2658,11416,164387,1895,14460,249970,16291,47835,36876,2889,29116,97417,9928,21494,414712,125692,52032,0,0,0,515.6137604976672,3.1400311041990667
1658276119636,39.565002,0.684466,0.5185185,0.962963,0.5185185,0.53846157,0.72,0.76,0.46153846,1.0,57.600002,57.600002,57.300003,57.600002,56.9,57.300003,56.600002,58.9,57.600002,59.300003,54.600002,54.300003,3849919,-1538697,1075200,1075200,1075200,1075200,1075200,1075200,652800,1401600,1584,6,22,865,18,30,700,19,43,557,21,54,208,18,27,242,12,30,618,104,50,1,0,0,510735,5426,18368,302566,21096,35120,298016,19376,72588,264400,26944,79815,87269,22964,59217,98213,10722,43327,386671,118314,58013,27,0,0,518.0989408099688,2.6772336448598133
1658276120731,39.622,0.6980198,0.56,0.65384614,0.52,0.8518519,0.84615386,0.65384614,0.5,1.0,57.9,58.300003,57.300003,57.600002,58.300003,57.9,57.300003,59.600002,58.300003,59.600002,55.300003,54.600002,3855369,-1628724,1075200,1075200,1075200,1075200,1075200,1075200,652800,1401600,1818,7,19,340,6,11,924,26,60,873,20,61,75,3,13,241,23,37,536,92,77,0,0,0,546268,6964,15249,123721,3912,21808,383228,21010,99411,346773,17187,109354,36782,1668,34099,124767,32386,66700,366439,113002,102071,0,0,0,518.0083856920684,2.7701150855365473
1658276121804,39.690002,0.7867299,0.7037037,0.84615386,0.6296296,0.9166667,0.88461536,0.8888889,0.46153846,1.0,57.9,57.9,57.600002,58.300003,57.9,57.9,57.300003,59.9,57.9,59.9,55.300003,54.9,3852060,-1643677,1075200,1075200,1075200,1075200,1075200,1075200,652800,1401600,1450,3,11,504,4,12,979,23,56,583,10,40,434,21,35,128,11,19,594,104,56,0,0,0,477550,4002,10613,174384,4435,16096,370933,32812,90510,219176,14013,73090,160224,24710,68593,58511,11650,37448,353517,121536,62588,0,0,0,515.5940321543409,2.926816720257235
1658276122881,39.754,0.75,0.52,0.72,0.84615386,0.6,0.92,0.84615386,0.5,1.0,58.600002,58.600002,57.600002,58.300003,58.300003,57.9,57.300003,59.9,58.300003,60.300003,55.9,55.300003,3859067,-1541749,1075200,1075200,1075200,1075200,1075200,1075200,652800,1401600,1446,4,9,516,1,9,988,19,39,452,12,51,193,16,35,15,6,6,646,79,53,0,0,0,451269,3870,8244,180799,584,11792,365749,19940,54735,193215,9404,91253,101931,23931,56675,5039,6917,13067,422445,81745,66473,0,0,0,515.7782892690514,2.94250699844479
1658276124009,39.829002,0.9144144,0.9230769,0.8888889,0.962963,0.96666664,1.0,1.0,0.55172414,1.0,59.300003,58.9,58.300003,58.9,58.9,58.9,57.9,60.300003,58.9,60.600002,56.300003,55.300003,3846221,-1643677,1075200,1075200,1075200,1075200,1075200,1075200,652800,1401600,1424,7,17,394,5,22,535,18,36,586,10,34,307,8,24,189,8,19,603,108,59,0,0,0,487289,7235,16854,148275,6834,24966,246412,16646,59640,228789,9565,57480,110549,5230,38258,68651,10879,38620,375042,103948,73162,0,0,0,520.9465629860031,2.8206780715396578
1658276125180,39.893,0.79262674,0.6296296,0.96428573,0.52,0.8518519,0.82758623,1.0,0.4814815,1.0,58.9,59.300003,58.600002,58.9,58.9,58.9,58.300003,60.9,58.9,60.600002,56.300003,55.9,3847389,-1606141,1075200,1075200,1075200,1075200,1075200,1075200,652800,1401600,657,1,3,203,0,1,747,6,7,58,0,3,297,5,22,75,5,9,606,102,33,0,0,0,184741,422,3393,54024,0,479,215104,2930,9768,18061,0,936,76191,4122,20858,31128,4333,9964,361154,107972,36077,0,0,0,516.7854592,2.7517952
1658276126229,39.937,0.6930693,0.5416667,0.8333333,0.44,0.56,0.96153843,0.72,0.4642857,1.0,59.300003,59.300003,58.600002,59.300003,58.9,58.9,58.300003,60.9,59.600002,60.9,56.600002,55.9,3852255,-1556092,1075200,1075200,1075200,1075200,1075200,1075200,652800,1401600,1559,7,12,291,6,15,910,24,48,495,19,40,404,13,34,0,0,0,633,97,48,0,0,0,467306,3986,13241,132157,6076,19417,420031,26999,76694,188975,20859,77994,156224,11161,55972,0,0,0,398686,99429,62398,0,0,0,516.1125623003195,2.825661341853035
1658276127286,40.001003,0.5319149,0.22727273,0.68,0.33333334,0.25,0.39130434,1.0,0.33333334,1.0,59.9,59.9,58.9,59.600002,59.600002,59.300003,58.600002,61.300003,58.9,61.600002,56.600002,55.9,3863349,-1509095,1075200,1075200,1075200,1075200,1075200,1075200,652800,1401600,1366,5,7,662,4,11,819,25,36,741,27,57,362,13,28,197,8,19,523,90,75,0,0,0,425334,3965,3441,216001,3915,7086,353895,22793,57424,286433,30226,100227,115824,14197,38799,86039,7266,33681,349437,114841,101219,0,0,0,414.3961306376361,2.406357698289269
1658276128323,40.061,0.41666666,0.08,0.04347826,0.9583333,0.083333336,1.0,0.083333336,0.0,1.0,58.300003,58.300003,57.300003,57.600002,57.9,58.300003,57.9,60.600002,58.600002,60.300003,55.600002,55.300003,3945097,-482178,1075200,1075200,1075200,1075200,1075200,1075200,652800,1401600,822,6,7,625,2,5,519,33,51,163,25,47,314,29,55,108,2,2,685,92,33,1,0,0,474332,9274,7667,294092,396,2809,264428,53649,141474,136975,40461,185369,156226,40788,175315,32758,1607,828,369253,139768,75539,21,0,0,-1.0,-1.0
1658276129363,40.129,0.44059405,0.041666668,1.0,0.08,0.041666668,1.0,0.26923078,0.11111111,1.0,55.600002,55.600002,55.300003,55.600002,56.300003,55.9,55.300003,58.600002,56.300003,58.300003,53.300003,53.300003,3947822,-348510,1075200,1075200,1075200,1075200,1075200,1075200,652800,1401600,442,12,43,199,26,45,104,12,56,254,32,74,50,4,17,175,39,69,129,89,104,0,0,0,495302,25995,373595,250180,76232,276379,107844,21864,464046,218031,65919,424373,60882,4965,82448,172139,84058,360845,108278,252375,542928,0,0,0,-1.0,-1.0
1658276130409,40.171,0.39673913,0.0,1.0,0.0,0.04347826,0.125,1.0,0.0,1.0,54.600002,54.600002,53.9,54.9,54.9,55.300003,54.600002,57.300003,55.300003,57.600002,52.600002,52.300003,3948600,-329895,1075200,1075200,1075200,1075200,1075200,1075200,652800,1401600,343,23,62,150,17,35,209,25,78,159,39,81,21,0,3,239,20,66,101,95,114,0,0,0,370248,30459,434611,85369,41750,172829,277625,50588,579963,214382,105661,397155,19724,0,22387,245439,43441,486603,86091,278940,647885,0,0,0,-1.0,-1.0
1658276131487,40.182003,0.86764705,0.7916667,0.7826087,0.7692308,0.88461536,1.0,1.0,0.7407407,1.0,53.600002,53.9,53.300003,53.600002,53.9,53.9,53.9,56.600002,54.300003,56.600002,51.600002,51.300003,3945681,-328064,1075200,1075200,1075200,1075200,1075200,1075200,652800,1401600,312,34,38,79,2,7,159,37,73,266,40,91,270,19,49,127,4,10,177,41,123,6,0,0,321760,92685,320178,29463,3283,5453,104370,120164,586570,190664,102659,523514,135358,46873,469033,41073,5313,44273,102350,82771,723958,938,0,0,152.18582892690512,2.1020342146189734
1658276132615,40.209003,0.96682465,1.0,1.0,0.9655172,0.96428573,0.96428573,1.0,0.8,1.0,56.600002,56.600002,56.300003,56.300003,56.600002,56.600002,55.9,57.9,56.600002,57.9,54.300003,53.9,3851476,-1639100,1075200,1075200,1075200,1075200,1075200,1075200,652800,1401600,687,7,7,722,3,8,663,19,27,400,12,20,516,14,27,4,0,1,735,73,96,9,0,0,253608,8512,16780,229434,2270,9595,290185,20583,60385,162527,16696,30639,179603,12836,50244,1375,0,429,291015,77606,173596,265,0,0,1050.1890093457944,7.288573208722742
1658276133787,40.224003,0.912037,0.8888889,0.962963,0.9285714,1.0,1.0,1.0,0.5,1.0,58.300003,58.600002,57.600002,57.9,57.600002,57.9,56.9,59.300003,57.9,59.600002,55.9,54.9,3852060,-1591492,1075200,1075200,1075200,1075200,1075200,1075200,652800,1401600,84,0,1,0,0,0,127,0,0,146,2,5,57,2,4,5,0,0,1152,48,36,0,0,0,25763,0,619,0,0,0,56717,0,0,33205,3311,5403,18538,966,2691,1143,0,0,300178,32246,38797,0,0,0,1111.7636770186336,6.1165714285714285
1658276134937,40.250004,0.9590909,1.0,1.0,1.0,1.0,0.89285713,0.96428573,0.8,1.0,58.9,59.300003,58.600002,59.300003,58.9,58.9,57.9,60.300003,58.9,60.600002,56.9,55.9,3838436,-1963807,1075200,1075200,1075200,1075200,1075200,1075200,652800,1401600,161,0,6,144,0,0,137,1,1,80,0,2,124,3,8,16,0,0,873,83,98,2,0,0,64382,0,4868,31069,0,0,100439,1013,1632,33141,0,4365,40206,8568,14579,3053,0,0,353566,84714,103981,428,0,0,984.2002356589147,5.833178294573643
1658276136063,40.303,0.943299,0.95652175,1.0,0.96153843,1.0,1.0,0.96,0.64,1.0,59.9,59.600002,58.9,59.300003,59.300003,58.9,58.300003,60.9,58.9,61.300003,57.300003,56.300003,3836879,-1768189,1075200,1075200,1075200,1075200,1075200,1075200,652800,1401600,370,2,5,92,1,2,214,0,4,19,0,1,312,1,11,50,1,6,1062,72,86,0,0,0,134553,2366,3055,23098,936,2389,148855,0,14733,5753,0,349,86382,1915,9903,19124,723,7301,324795,77620,97516,0,0,0,1002.5326283048212,5.371222395023328
1658276137143,40.359,0.9174757,0.9166667,0.962963,0.88461536,0.96153843,1.0,1.0,0.5416667,1.0,60.300003,60.300003,59.600002,59.600002,59.600002,59.600002,59.300003,61.600002,59.9,61.600002,57.600002,56.600002,3842912,-1675416,1075200,1075200,1075200,1075200,1075200,1075200,652800,1401600,365,0,2,227,0,3,152,2,3,267,2,2,29,1,4,61,2,0,573,94,79,0,0,0,99370,0,3065,46692,0,1127,102411,6994,6249,68009,750,3934,9412,342,4958,19818,1074,0,297000,102251,103978,0,0,0,976.6833146417445,5.338317757009346
1658276138434,40.435,0.8789474,0.9166667,1.0,0.95652175,0.8636364,1.0,0.92,0.36363637,1.0,60.300003,59.9,58.9,59.300003,59.600002,59.300003,58.9,61.600002,59.9,61.9,58.300003,57.300003,3839798,-1677247,1075200,1075200,1075200,1075200,1075200,1075200,652800,1401600,263,1,0,152,0,0,225,1,4,258,0,5,9,0,0,7,0,0,921,112,80,2,0,0,79574,712,0,33198,0,0,124374,415,4397,85305,0,8400,4867,0,0,579,0,0,372046,114164,84840,46,0,0,999.8196951788491,5.782146189735614
1658276139564,40.495003,0.94170403,1.0,1.0,1.0,1.0,1.0,1.0,0.5416667,1.0,60.9,61.300003,60.300003,60.600002,60.600002,60.600002,60.300003,62.600002,60.9,62.600002,58.300003,57.600002,3842134,-1716309,1075200,1075200,1075200,1075200,1075200,1075200,652800,1401600,248,1,3,0,0,0,196,1,2,327,1,4,1,0,1,110,1,5,980,66,122,0,0,0,77639,1031,2207,0,0,0,128948,441,1080,76596,901,2881,900,0,480,28340,340,8045,367795,76368,148742,0,0,0,1001.649766718507,5.6634027993779155
1658276140715,40.574,0.9342723,0.9655172,0.9259259,0.9230769,1.0,1.0,1.0,0.625,0.96153843,61.600002,61.600002,60.9,61.600002,61.300003,61.300003,60.300003,62.9,60.9,62.9,59.300003,58.300003,3807294,-2095338,1075200,1075200,1075200,1075200,1075200,1075200,652800,1401600,269,0,2,61,0,0,197,0,3,120,2,8,0,0,0,34,0,1,590,68,75,2,0,0,81800,0,1497,19279,0,0,108370,0,5344,48608,628,11047,0,0,0,8178,0,402,291923,64834,88416,109,0,0,995.0027329192546,6.212521739130435
1658276141802,40.631,0.9305556,0.96153843,1.0,0.9259259,0.962963,1.0,1.0,0.64,1.0,62.300003,62.300003,61.600002,62.300003,62.300003,62.300003,61.300003,63.600002,62.600002,64.9,59.300003,58.300003,3829482,-1828919,1075200,1075200,1075200,1075200,1075200,1075200,652800,1401600,71,1,0,321,0,3,228,0,2,45,0,1,65,0,4,0,0,1,993,60,70,53,2,12,28563,695,0,73163,0,2148,109953,0,5125,14480,0,574,19468,0,3252,0,0,442,313406,63510,78440,10597,2768,9956,1014.6720248833592,5.767066874027994
1658276142936,40.695004,0.9014778,0.92,0.96,0.96153843,0.9230769,1.0,0.96,0.5185185,1.0,62.300003,62.300003,61.600002,61.9,62.300003,61.9,60.9,63.600002,61.9,63.9,59.600002,58.600002,3835127,-1652222,1075200,1075200,1075200,1075200,1075200,1075200,652800,1401600,425,0,2,130,0,1,293,2,5,161,0,7,239,0,3,13,0,1,669,89,88,49,0,15,156331,0,2122,33880,0,505,151922,12193,15983,65793,0,6764,49643,0,2171,3557,0,1802,323608,81441,94841,14570,0,21744,980.4729731437599,5.695545023696682
1658276144025,40.774002,0.9310345,0.96,1.0,0.9583333,0.96153843,1.0,1.0,0.52,1.0,62.300003,62.600002,62.300003,62.600002,62.600002,61.9,61.600002,63.9,62.300003,63.9,59.9,58.9,3831818,-1826478,1075200,1075200,1075200,1075200,1075200,1075200,652800,1401600,116,1,1,45,0,0,136,0,0,147,0,5,0,0,1,49,5,9,1281,62,84,0,0,0,46290,962,416,11368,0,0,84990,0,0,42679,0,4155,0,0,423,21637,4764,8752,396267,72644,81425,0,0,0,1005.0733147286821,5.359826356589147
1658276145191,40.850002,0.9073171,0.95652175,0.96153843,0.8888889,0.88,1.0,1.0,0.56,1.0,62.300003,61.9,61.600002,62.300003,61.9,61.9,61.300003,64.3,62.300003,64.3,59.9,59.300003,3836100,-1692200,1075200,1075200,1075200,1075200,1075200,1075200,652800,1401600,246,1,1,95,0,5,230,0,2,99,1,4,28,0,2,37,0,1,901,79,91,0,0,0,69305,370,439,28259,0,8547,127677,0,4771,29717,387,4422,8808,0,2365,11650,0,412,331294,89866,106963,0,0,0,950.1556093023256,6.451497674418605
1658276146304,40.910004,0.9158416,0.88461536,1.0,1.0,1.0,1.0,0.9130435,0.45454547,1.0,62.9,62.9,62.300003,62.600002,62.600002,62.600002,61.300003,64.3,62.300003,64.3,60.300003,59.300003,3832986,-1687928,1075200,1075200,1075200,1075200,1075200,1075200,652800,1401600,110,2,2,95,0,2,257,1,3,187,1,11,0,0,0,78,4,8,1335,70,73,0,0,0,51818,3061,3720,17634,0,2961,117811,5208,9055,70133,439,13263,0,0,0,29759,3755,10047,351258,70534,82136,0,0,0,1032.0313540372672,5.478807453416149
1658276147422,40.982002,0.96666664,1.0,1.0,0.962963,1.0,0.96153843,1.0,0.8148148,0.96,63.300003,63.300003,62.600002,62.9,62.600002,62.600002,61.600002,64.600006,62.600002,64.600006,60.600002,59.600002,3832597,-1741334,1075200,1075200,1075200,1075200,1075200,1075200,652800,1401600,211,0,1,58,0,0,73,0,1,17,0,0,11,0,1,79,0,1,679,103,77,0,0,1,63455,0,327,16370,0,0,46760,0,479,7627,0,0,2603,0,557,19839,0,1492,323887,106703,85463,0,0,14,1035.5476904024767,5.532433436532508
1658276148589,41.061,0.9478673,0.96428573,0.96153843,1.0,1.0,1.0,1.0,0.6923077,1.0,63.9,64.3,63.600002,63.9,63.9,63.9,63.600002,65.600006,63.9,67.3,61.300003,60.600002,3822670,-1847535,1075200,1075200,1075200,1075200,1075200,1075200,652800,1401600,80,0,0,24,0,0,19,1,0,19,0,2,12,0,2,2,0,0,703,70,37,102,1,20,15139,0,0,8488,0,0,20020,434,0,13472,0,905,7221,0,3663,970,0,0,248225,77901,38192,15409,431,11816,1063.4994321372856,5.54408736349454
1658276149686,41.136,0.9395349,1.0,0.96153843,0.8965517,0.962963,1.0,1.0,0.64285713,1.0,63.9,64.3,63.600002,63.9,64.3,64.3,63.600002,65.600006,64.3,66.3,61.600002,60.600002,3830650,-1769105,1075200,1075200,1075200,1075200,1075200,1075200,652800,1401600,132,1,0,123,1,3,56,0,1,10,0,0,0,0,0,0,0,0,1004,104,40,48,2,3,37296,639,0,35201,397,3867,37006,0,546,5077,0,0,0,0,0,0,0,0,370590,88552,37345,6467,412,1627,1054.6022857142857,5.08327950310559
1658276150816,41.227,0.95564514,1.0,1.0,1.0,1.0,1.0,1.0,0.67741936,1.0,64.3,64.600006,63.600002,64.3,64.3,64.3,62.9,65.9,63.600002,65.9,61.300003,60.9,3837073,-1707459,1075200,1075200,1075200,1075200,1075200,1075200,652800,1401600,148,1,3,271,1,2,276,0,3,75,1,1,1,0,0,1,0,0,628,93,73,0,0,0,40936,1469,2931,85559,1154,1127,131162,0,1273,26454,2727,642,340,0,0,600,0,0,314356,104766,89274,0,0,0,1076.9701524105753,5.0858102643856915
1658276152001,41.291,0.47540984,1.0,0.13636364,0.13043478,0.09090909,0.20833333,1.0,0.18181819,1.0,64.9,64.600006,64.3,64.600006,64.600006,64.3,63.9,66.3,64.600006,66.3,61.9,60.9,3811576,-1940919,1075200,1075200,1075200,1075200,1075200,1075200,652800,1401600,0,0,0,76,0,1,119,0,2,42,0,2,5,0,1,30,0,3,674,110,49,0,0,0,0,0,0,18060,0,733,63658,0,8080,9607,0,1833,3435,0,420,6916,0,3847,323001,115871,62793,0,0,0,0.011838509316770185,0.0064720496894409936
1658276153034,41.348003,0.4888889,1.0,0.39130434,0.18181819,0.09090909,0.18181819,1.0,0.08695652,1.0,60.9,60.300003,59.9,60.300003,60.9,61.300003,60.600002,63.300003,60.9,63.9,58.300003,57.600002,3922908,-426025,1075200,1075200,1075200,1075200,1075200,1075200,652800,1401600,220,5,8,882,6,15,579,43,40,348,33,61,393,12,44,211,0,1,178,57,118,0,0,0,85395,7637,17991,411981,8622,76691,241201,87805,137871,171501,76942,208492,134336,26002,231721,34225,0,436,123113,158648,436608,0,0,0,6.479750778816198E-4,6.479750778816198E-4
1658276154061,41.385002,0.5971564,0.64,0.46153846,0.42857143,0.36,0.68,1.0,0.16,1.0,59.600002,58.600002,57.9,58.600002,59.300003,59.600002,58.600002,61.9,59.300003,62.300003,56.600002,56.300003,3931862,-480652,1075200,1075200,1075200,1075200,1075200,1075200,652800,1401600,28,11,9,347,37,74,311,56,83,173,20,71,207,32,70,47,3,7,137,48,149,0,0,0,25079,20127,57169,232938,90949,488418,238832,142882,417054,171098,49180,588678,167434,77343,453188,17500,4439,23488,139813,138720,692641,0,0,0,-1.0,-1.0
1658276155126,41.431004,0.7621359,0.8888889,0.72,0.625,0.8148148,0.9259259,0.7307692,0.33333334,1.0,58.600002,57.9,57.600002,57.9,58.300003,58.600002,58.300003,61.300003,58.600002,61.600002,55.9,55.600002,3904028,-777893,1075200,1075200,1075200,1075200,1075200,1075200,652800,1401600,171,10,29,394,30,48,195,28,67,238,53,83,140,14,48,9,2,3,151,65,102,2,0,0,213300,17854,287343,333727,64691,210249,135846,53130,399731,213026,116716,364661,106242,33645,331025,4958,3989,36147,106712,152270,602045,58,0,0,-1.0,-1.0
1658276156168,41.442,0.7761194,0.6956522,0.76,0.6086956,0.6,0.96,1.0,0.56,1.0,58.9,58.9,58.300003,58.9,59.300003,59.600002,58.600002,60.9,58.9,61.300003,55.9,55.600002,3872692,-1176758,1075200,1075200,1075200,1075200,1075200,1075200,652800,1401600,206,7,34,426,14,11,469,19,60,353,54,71,120,15,38,113,4,12,312,43,104,6,0,1,106212,15492,338027,201313,31259,29890,200039,39134,493162,224141,106525,338626,51186,38508,512882,48071,1867,31269,171237,83181,599644,1581,0,529,244.3271388455538,3.4470140405616223
1658276157209,41.45,0.9810427,0.96428573,1.0,1.0,1.0,1.0,1.0,0.88461536,1.0,60.300003,60.300003,59.600002,60.300003,60.600002,60.600002,59.600002,62.300003,60.9,62.300003,57.9,57.300003,3829677,-1807252,1075200,1075200,1075200,1075200,1075200,1075200,652800,1401600,894,3,6,1177,2,10,1320,16,42,1054,15,21,168,10,21,6,0,3,459,89,122,0,0,0,293981,2861,9089,411930,1165,8587,484309,11372,48943,447774,16770,38380,73246,7053,51434,2668,0,10825,327820,94132,144611,0,0,0,1298.690427244582,7.506030959752322
1658276158494,41.472,0.9398496,1.0,1.0,1.0,0.93939394,1.0,1.0,0.58064514,1.0,62.300003,62.300003,61.600002,61.9,61.9,61.9,61.300003,63.600002,61.9,64.3,59.300003,58.600002,3826758,-1752320,1075200,1075200,1075200,1075200,1075200,1075200,652800,1401600,183,0,1,126,0,0,83,2,6,84,2,5,0,0,0,12,0,1,649,52,80,0,0,0,49769,0,556,29568,0,0,29549,2599,9830,33922,1822,8849,0,0,0,5620,0,1335,252712,46246,83849,0,0,0,1545.7171010886468,6.1949611197511665
1658276160176,41.54,0.9579439,1.0,1.0,1.0,1.0,1.0,1.0,0.6923077,1.0,64.3,64.3,63.9,64.3,63.600002,63.9,62.9,65.3,63.9,65.600006,60.9,60.600002,3828120,-1958619,1075200,1075200,1075200,1075200,1075200,1075200,652800,1401600,62,0,0,84,0,1,2,1,0,143,1,3,34,0,0,0,0,0,791,51,75,1,1,0,9656,0,0,26987,0,1125,52,30,0,45412,374,4722,7524,0,0,0,0,0,280781,45384,77997,37,487,0,1916.5279253499223,8.271626749611197
1658276161370,41.597,0.9591837,1.0,0.9459459,1.0,0.9722222,1.0,1.0,0.7777778,1.0,65.3,65.600006,64.600006,65.3,64.9,65.3,64.3,66.600006,65.600006,66.600006,62.300003,61.600002,3810408,-1975404,1075200,1075200,1075200,1075200,1075200,1075200,652800,1401600,204,0,0,95,0,0,10,0,1,60,1,2,5,1,2,1,0,0,816,42,70,0,0,0,43444,0,0,35509,0,0,4906,0,3494,30299,702,1795,2791,440,1707,31,0,0,267307,34798,75978,0,0,0,1809.7616704730833,8.97921044045677
1658276162561,41.649002,0.94666666,0.9655172,0.96428573,1.0,0.96666664,1.0,1.0,0.64285713,1.0,66.3,66.3,65.3,65.9,65.9,65.3,64.3,66.9,65.3,67.3,62.9,61.600002,3819167,-1876527,1075200,1075200,1075200,1075200,1075200,1075200,652800,1401600,4,0,0,83,1,1,15,0,0,146,1,1,0,0,0,37,0,3,667,54,61,0,0,0,466,0,0,29475,374,440,1957,0,0,66622,399,320,0,0,0,8631,0,1385,272400,41851,57875,0,0,0,1748.9483862928348,8.17585046728972
1658276163683,41.706,0.96153843,1.0,1.0,1.0,1.0,0.96428573,1.0,0.7037037,1.0,66.9,66.9,65.9,66.600006,66.600006,66.3,65.600006,67.9,66.3,68.3,63.600002,62.600002,3803401,-2053834,1075200,1075200,1075200,1075200,1075200,1075200,652800,1401600,87,0,2,216,0,0,86,1,6,239,1,1,0,0,0,20,0,1,794,55,106,1,0,0,20745,0,3855,58181,0,0,30036,347,7657,67561,1507,1310,0,0,0,4877,0,329,305583,46226,109878,89,0,0,1703.9711900311527,6.670454828660436
1658276164805,41.744003,0.9677419,1.0,1.0,1.0,0.962963,1.0,1.0,0.7692308,1.0,66.9,66.600006,65.9,66.3,66.600006,66.3,65.600006,68.3,66.3,68.3,63.600002,62.600002,3816053,-2013856,1075200,1075200,1075200,1075200,1075200,1075200,652800,1401600,1,0,0,59,0,0,276,1,3,245,0,2,10,0,0,4,0,0,851,51,71,116,2,3,22,0,0,22785,0,0,59194,731,2035,58749,0,5034,3051,0,0,1208,0,0,316362,54036,70383,19320,687,1583,1737.5799626168225,7.532411214953271
1658276165939,41.815002,0.97115386,1.0,1.0,1.0,0.96153843,1.0,1.0,0.76,1.0,67.3,67.3,66.600006,66.9,67.3,66.9,65.9,68.600006,66.9,68.9,64.3,63.300003,3801260,-1973573,1075200,1075200,1075200,1075200,1075200,1075200,652800,1401600,3,0,0,95,0,0,39,0,2,46,0,0,34,1,3,0,0,0,992,83,96,0,0,1,750,0,0,26572,0,0,19760,0,5485,24111,0,0,17973,246,4041,0,0,0,339463,74125,117281,0,0,18,1793.5441826484018,8.134185692541857
1658276167073,41.868004,0.9758454,1.0,1.0,1.0,1.0,1.0,1.0,0.84,0.9259259,68.3,68.3,67.600006,67.9,67.600006,67.600006,66.600006,69.3,67.9,69.600006,64.600006,63.9,3808072,-2014466,1075200,1075200,1075200,1075200,1075200,1075200,652800,1401600,1,0,0,15,0,0,0,0,0,44,0,0,1,0,1,0,0,0,450,49,27,0,0,0,24,0,0,2987,0,0,0,0,0,16408,0,0,42,0,2095,0,0,0,181603,38858,29053,0,0,0,1669.226055727554,7.162600619195046
1658276168272,41.936,0.93301433,1.0,0.96153843,1.0,0.962963,1.0,1.0,0.52,1.0,69.3,68.9,67.9,68.600006,68.3,68.600006,67.600006,69.600006,68.3,70.3,65.3,64.3,3813717,-1971436,1075200,1075200,1075200,1075200,1075200,1075200,652800,1401600,0,0,0,63,0,0,73,0,2,7,0,0,1,2,0,0,0,0,820,55,59,413,1,8,0,0,0,15918,0,0,39251,0,2383,6150,0,0,1419,4785,0,0,0,0,280449,51723,65847,64749,414,4696,1726.548093023256,6.808806201550388
1658276169408,42.019,0.9186992,1.0,0.9375,0.96875,0.9354839,1.0,1.0,0.42857143,1.0,69.3,68.9,67.9,67.9,68.3,68.3,66.9,69.9,67.600006,70.3,65.600006,64.600006,3817220,-1957093,1075200,1075200,1075200,1075200,1075200,1075200,652800,1401600,0,0,0,155,0,1,194,0,4,325,0,7,53,0,3,0,0,0,1045,89,126,0,0,0,0,0,0,63620,0,589,46308,0,2192,118492,0,8582,12666,0,2797,0,0,0,419154,86057,144475,0,0,0,1602.5992210200927,6.929409582689336
1658276170611,42.095,0.8920188,1.0,0.8888889,0.92,0.92,1.0,1.0,0.4074074,1.0,68.9,68.9,68.3,68.600006,68.600006,68.600006,67.600006,70.3,67.9,70.600006,65.600006,64.600006,3815469,-1922913,1075200,1075200,1075200,1075200,1075200,1075200,652800,1401600,0,0,0,216,0,4,145,1,8,273,1,4,47,0,2,15,0,1,1344,90,97,2,0,0,0,0,0,67380,0,2574,46876,1832,6858,104935,1227,2750,13397,0,1086,4055,0,1866,485482,71942,95208,26,0,0,1550.5861183800623,5.886803738317757
1658276171722,42.196003,0.92718446,1.0,1.0,0.962963,1.0,1.0,0.92,0.6296296,0.9230769,69.3,69.3,68.3,68.600006,68.9,68.600006,67.3,70.600006,68.3,70.9,65.9,64.9,3809240,-1923829,1075200,1075200,1075200,1075200,1075200,1075200,652800,1401600,4,0,1,241,0,0,172,0,5,376,0,4,0,0,0,36,0,1,1167,64,127,3,0,0,2522,0,659,82604,0,0,42582,0,4906,121373,0,3130,0,0,0,7646,0,25,446129,48193,124261,57,0,0,1550.0620839813375,6.459471228615863
1658276172815,42.272003,0.8957346,1.0,0.96153843,0.84615386,0.962963,0.9259259,1.0,0.4814815,1.0,70.3,70.3,69.3,69.9,69.600006,69.600006,68.600006,70.9,69.600006,71.600006,66.9,65.9,3795616,-2162782,1075200,1075200,1075200,1075200,1075200,1075200,652800,1401600,1,0,0,34,0,0,161,0,2,97,0,1,2,0,0,55,0,0,688,59,46,132,3,12,1185,0,0,14624,0,0,28489,0,1635,37658,0,404,1814,0,0,16819,0,0,241882,37994,40545,20664,1257,10236,1550.8182464898596,6.403244929797192
1658276173896,42.343002,0.92753625,1.0,0.8888889,0.9130435,0.9583333,1.0,1.0,0.6666667,1.0,70.600006,70.600006,69.600006,70.3,69.9,69.9,68.600006,71.3,69.600006,71.9,66.9,65.9,3803596,-2021485,1075200,1075200,1075200,1075200,1075200,1075200,652800,1401600,6,0,0,302,1,1,335,0,8,335,1,3,136,2,5,121,1,5,862,95,128,3,0,0,2864,0,0,102587,1600,318,93226,0,4921,107201,1059,3346,29164,687,5086,29825,492,3815,371013,80542,124841,52,0,0,1551.7486853582554,6.852685358255451
1658276174977,42.393,0.9357798,1.0,0.96428573,1.0,0.9285714,1.0,1.0,0.5416667,1.0,70.600006,70.600006,69.600006,69.9,69.600006,69.9,69.3,71.600006,69.9,71.9,66.9,65.9,3813133,-1983949,1075200,1075200,1075200,1075200,1075200,1075200,652800,1401600,0,0,0,435,2,1,312,1,3,232,2,5,137,2,4,3,0,0,1019,70,134,5,0,0,0,0,0,138022,3436,660,77410,554,1902,101334,4133,8996,38529,2844,6690,174,0,0,395737,57405,135019,220,0,0,1552.9690077760497,6.617580093312597
1658276176174,42.472,0.7826087,0.46153846,0.61538464,1.0,1.0,0.9259259,0.8,0.36,1.0,70.9,70.600006,69.9,70.3,70.3,69.600006,68.9,71.9,69.9,71.9,67.600006,66.3,3800676,-1999513,1075200,1075200,1075200,1075200,1075200,1075200,652800,1401600,0,0,0,174,1,1,96,0,2,256,1,2,4,0,0,98,1,9,1288,71,125,0,0,0,0,0,0,49868,369,473,29370,0,2443,85297,549,1056,871,0,0,26223,553,9053,473796,63752,145824,0,0,0,0.01235130970724191,0.006422187981510016
1658276177277,42.528004,0.88837206,0.9285714,1.0,1.0,1.0,0.9230769,0.88,0.375,1.0,66.600006,66.9,66.600006,66.600006,66.600006,66.9,65.9,68.9,66.3,69.600006,63.600002,63.300003,3911230,-627747,1075200,1075200,1075200,1075200,1075200,1075200,652800,1401600,1063,1,4,1219,1,3,0,0,0,383,7,15,549,9,28,69,3,5,428,45,132,0,0,0,224971,499,17589,386602,2941,7770,0,0,0,98942,12203,20966,148319,9427,37207,34331,2177,12008,240875,85361,283271,0,0,0,-1.0,-1.0
