1658269928331,40.533,0.48087433,0.7916667,0.25,0.2857143,0.2173913,0.2173913,1.0,0.083333336,1.0,51.300003,51.9,51.300003,51.9,52.300003,52.9,52.300003,51.9,52.9,53.600002,48.300003,48.600002,3735667,-703735,1075200,1075200,1075200,1075200,1075200,1075200,652800,1401600,7108863,132555,436436,7703312,134628,450079,3949371,273733,627774,3832160,272109,642473,2987746,211615,570378,2812662,203479,557246,2972276,403020,816358,1985838,179968,548565,4841779176,279811521,4258907031,5119584404,280932635,4209858180,2719574000,566019725,6292040527,2602464379,560964209,6363159508,2064149221,439425774,6437925067,1975635368,426315828,6284761486,2185422171,785748768,7706910263,1098909497,454770554,6366867158,-1.0,-1.0
1658269929475,40.522003,0.42487046,1.0,0.5,0.04347826,0.0,0.04347826,0.6666667,0.083333336,1.0,49.600002,50.300003,49.9,50.300003,50.300003,50.300003,49.600002,51.9,50.300003,52.300003,47.300003,47.300003,3735278,-568542,1075200,1075200,1075200,1075200,1075200,1075200,652800,1401600,154,0,0,481,21,22,321,61,82,242,37,51,367,50,80,61,4,10,97,67,83,6,0,0,94319,0,0,449881,47936,102418,243524,110029,206621,167152,69013,180568,251751,122691,341851,33454,6267,18804,70811,174333,613658,118,0,0,-1.0,-1.0
1658269930509,40.499,0.6946108,0.5263158,0.72727275,0.52380955,0.55,1.0,0.8095238,0.36363637,1.0,49.300003,48.600002,48.300003,48.9,49.300003,49.300003,48.9,51.300003,49.600002,51.300003,46.9,46.9,3752017,-449524,1075200,1075200,1075200,1075200,1075200,1075200,652800,1401600,3,0,1,464,6,16,339,61,70,265,52,87,214,54,84,67,7,18,47,30,106,2,0,0,0,0,663,518709,14771,157384,294205,142412,368882,216946,111398,489523,210105,116933,462387,43203,12860,166074,58913,97428,621903,405,0,0,-1.0,-1.0
1658269931510,40.488003,0.90909094,1.0,0.95652175,0.95,0.95,0.85714287,1.0,0.55,1.0,49.600002,49.600002,49.600002,50.300003,50.9,50.300003,49.9,51.600002,50.600002,51.9,47.300003,47.300003,3743842,-632324,1075200,1075200,1075200,1075200,1075200,1075200,652800,1401600,561,0,0,424,12,27,536,21,42,300,48,70,7,0,0,217,11,46,191,8,34,6,0,0,211894,0,0,302023,52112,269613,229871,47152,404116,239799,128058,301012,2805,0,0,141905,32214,430996,169357,18417,575004,254,0,0,-1.0,-1.0
1658269932557,40.476,0.531401,0.84615386,0.24,0.32,0.3846154,0.8076923,0.5833333,0.07692308,1.0,50.9,51.300003,50.9,51.600002,51.9,51.600002,51.300003,52.600002,52.300003,52.9,47.9,47.9,3737225,-652161,1075200,1075200,1075200,1075200,1075200,1075200,652800,1401600,517,0,0,375,0,0,244,1,2,338,0,1,360,0,2,302,0,0,633,45,18,11,0,0,271900,0,0,245414,0,0,244167,502,983,344525,0,378,378946,0,2377,404245,0,0,704816,74986,22161,359,0,0,-1.0,-1.0
1658269933853,40.457,0.72727275,0.8888889,0.6296296,0.6666667,0.7407407,1.0,0.6296296,0.25925925,1.0,51.300003,51.600002,50.9,51.9,52.300003,52.300003,51.300003,52.300003,51.9,53.600002,47.600002,47.9,3710754,-931091,1075200,1075200,1075200,1075200,1075200,1075200,652800,1401600,391,0,0,715,0,0,432,27,36,328,36,50,238,20,38,48,9,17,856,87,92,4,0,2,88636,0,0,443020,0,0,236054,59191,121239,205552,74958,141864,139715,41184,147552,40519,19920,53105,414320,182208,248130,99,0,2506,-1.0,-1.0
1658269935092,40.431004,0.83902436,1.0,0.8,0.89285713,0.8148148,0.8518519,1.0,0.33333334,1.0,50.300003,50.300003,49.9,50.300003,50.9,50.9,50.300003,52.300003,50.9,52.300003,47.600002,47.600002,3735084,-684814,1075200,1075200,1075200,1075200,1075200,1075200,652800,1401600,196,0,0,393,0,0,359,43,52,211,25,45,31,4,6,245,27,52,588,119,78,7,0,0,75896,0,0,337704,0,0,219792,75699,140251,140458,39613,143241,23354,3323,19092,185278,42732,125626,346496,256761,236849,253,0,0,-1.0,-1.0
1658269936215,40.408,0.64851487,0.962963,0.45454547,0.7777778,0.84615386,0.52,0.5217391,0.0,1.0,51.300003,51.9,51.300003,51.600002,51.9,51.9,51.600002,53.300003,52.300003,53.300003,47.9,48.300003,3733916,-723572,1075200,1075200,1075200,1075200,1075200,1075200,652800,1401600,34,0,0,436,0,0,149,15,17,289,15,21,221,23,30,78,12,21,605,76,86,9,0,0,14841,0,0,222265,0,0,82015,24067,42192,146828,24831,53828,147374,29081,52532,62712,19510,51421,346516,162260,227962,1269,0,0,-1.0,-1.0
1658269937341,40.397003,0.625,0.6363636,1.0,0.375,0.9130435,0.52380955,0.47826087,0.05,1.0,50.300003,50.300003,50.300003,50.9,50.9,50.9,50.600002,52.300003,50.9,52.600002,47.9,47.600002,3743064,-496216,1075200,1075200,1075200,1075200,1075200,1075200,652800,1401600,258,0,0,183,3,3,299,33,37,254,23,31,238,25,46,143,15,21,612,114,79,0,0,0,87391,0,0,130561,2117,16782,179704,44435,55550,134639,32407,70031,146262,52538,149538,102118,29655,66118,350675,242298,243078,0,0,0,-1.0,-1.0
1658269938465,40.371002,0.8962264,1.0,1.0,0.9259259,1.0,0.8333333,0.88461536,0.53571427,1.0,50.600002,49.9,48.9,49.9,49.9,49.9,49.600002,51.9,50.300003,52.300003,47.600002,47.300003,3755910,-423584,1075200,1075200,1075200,1075200,1075200,1075200,652800,1401600,129,0,1,168,0,0,340,31,65,246,24,37,201,24,48,130,14,38,537,160,70,3,0,2,113870,0,606,98448,0,0,225694,45084,228833,152467,44861,134332,159218,53296,190182,98556,35249,163305,281279,376253,188817,72,0,1080,-1.0,-1.0
1658269939594,40.344,0.6345178,0.2,1.0,0.5217391,0.875,1.0,0.46153846,0.0,1.0,50.9,50.9,50.600002,50.9,50.9,51.300003,50.600002,52.300003,51.300003,52.600002,47.600002,47.600002,3745010,-506286,1075200,1075200,1075200,1075200,1075200,1075200,652800,1401600,142,11,16,149,5,17,115,20,45,94,4,7,285,9,19,201,14,31,417,173,53,59,0,0,79204,18122,63795,79510,12004,50992,90830,53857,206868,47037,2809,5254,127044,18544,137069,126583,43051,160383,360547,385856,124823,20547,0,0,-1.0,-1.0
1658269940708,40.31,0.574359,1.0,1.0,0.041666668,0.04,1.0,0.5,0.0,1.0,49.300003,49.600002,49.300003,49.600002,49.9,49.9,49.300003,51.600002,49.600002,51.600002,46.9,46.600002,3757272,-377197,1075200,1075200,1075200,1075200,1075200,1075200,652800,1401600,121,21,29,232,14,27,3,0,4,124,22,38,42,1,1,19,1,9,893,185,48,0,0,0,107528,70672,144918,206790,33821,153701,2732,0,113518,132134,81135,241695,62443,1049,2426,22105,5091,127104,313207,477265,185527,0,0,0,-1.0,-1.0
1658269941816,40.276,0.43258426,1.0,0.33333334,0.72727275,0.09090909,0.04761905,0.04761905,0.0,1.0,49.300003,48.600002,48.300003,48.9,49.600002,49.300003,48.9,51.300003,49.300003,51.300003,46.600002,46.600002,3750460,-427856,1075200,1075200,1075200,1075200,1075200,1075200,652800,1401600,62,0,0,315,9,9,247,78,67,240,60,89,96,6,15,115,15,27,254,150,90,7,0,1,49042,0,0,245663,18041,23045,217350,223904,274890,203932,134164,437451,76681,7808,29931,107445,25065,290669,197285,334952,373295,186,0,882,0.04064496124031008,0.3981147286821705
1658269942873,40.227,0.6098901,1.0,0.27272728,0.95454544,1.0,0.2857143,0.22727273,0.04347826,1.0,49.300003,48.9,48.9,48.9,48.9,48.600002,48.300003,51.300003,49.300003,51.300003,46.9,47.300003,3747735,-473938,1075200,1075200,1075200,1075200,1075200,1075200,652800,1401600,289,0,0,712,36,30,289,45,57,199,34,53,221,17,60,140,19,39,94,40,152,1,0,0,251103,0,0,465479,87687,121365,191983,75720,171565,124397,113334,385592,156902,19899,371149,91504,42293,293176,87670,116452,721891,28,0,0,0.9949395348837209,0.03456744186046511
1658269943913,40.201,0.93449783,1.0,1.0,1.0,1.0,1.0,1.0,0.44,1.0,49.9,49.9,49.9,49.9,49.600002,49.600002,49.300003,51.9,49.600002,51.9,47.9,47.600002,3718734,-1131287,1075200,1075200,1075200,1075200,1075200,1075200,652800,1401600,187,9,19,623,50,76,144,18,34,405,46,43,93,3,25,195,15,32,219,38,118,6,0,0,167580,13168,128944,403514,84266,254262,83987,34236,249580,212272,79349,161894,54866,2587,212552,147978,35568,186324,157956,98392,676127,172,0,0,48.01604938271605,0.496037037037037
1658269945071,40.175003,0.80861247,1.0,0.68,0.8214286,0.84615386,1.0,0.64285713,0.47826087,1.0,51.9,52.600002,51.600002,51.9,52.300003,51.9,51.300003,53.600002,51.9,53.600002,49.600002,49.300003,3669296,-1459351,1075200,1075200,1075200,1075200,1075200,1075200,652800,1401600,23,1,2,69,9,14,0,0,0,0,0,0,83,5,9,25,9,10,920,62,34,0,0,0,7706,483,1881,27397,12486,33338,0,0,0,0,0,0,23614,9711,51498,21327,19065,32804,435473,88929,65884,0,0,0,519.615057364341,0.3263503875968992
1658269946198,40.171,0.7794118,1.0,0.61538464,0.7826087,0.61538464,1.0,0.7692308,0.4347826,1.0,52.9,52.9,52.300003,52.9,52.9,52.600002,51.9,54.300003,52.600002,54.600002,50.600002,49.9,3662873,-1462708,1075200,1075200,1075200,1075200,1075200,1075200,652800,1401600,50,4,4,1109,1,21,420,14,26,419,18,30,77,3,3,165,9,23,727,87,24,1,0,0,24482,3396,4099,359854,770,25202,167329,15715,26516,178026,18638,43951,27167,1584,1218,70977,7397,36049,420050,98565,28490,29,0,0,518.2603591331269,0.32584520123839006
1658269947316,40.186,0.7980769,0.88461536,0.61538464,0.68,0.75,1.0,0.8888889,0.5,1.0,53.600002,53.600002,53.300003,53.600002,53.600002,53.600002,52.9,55.300003,53.300003,55.300003,51.300003,50.600002,3673578,-1422730,1075200,1075200,1075200,1075200,1075200,1075200,652800,1401600,144,2,2,986,0,14,341,7,20,499,11,31,105,6,6,213,6,17,1008,70,22,0,0,0,81854,2332,1503,352330,0,10567,132211,2817,22518,202329,10443,37555,59031,5832,12500,93644,3281,12284,428357,64575,30997,0,0,0,511.4885432098765,0.32869135802469135
1658269948450,40.205,0.9130435,1.0,0.92,0.95652175,1.0,1.0,0.96153843,0.4347826,1.0,54.300003,54.300003,53.300003,53.9,54.300003,54.300003,53.600002,55.9,53.9,56.300003,51.600002,51.300003,3678444,-1423951,1075200,1075200,1075200,1075200,1075200,1075200,652800,1401600,182,0,0,968,3,10,386,10,27,367,13,34,69,1,5,133,9,10,612,96,33,0,0,0,77917,0,0,320022,2966,10306,161832,12579,30166,164314,11125,33602,25030,0,7204,54091,13641,10004,374941,110360,39572,0,0,0,512.3305347758887,0.3272704791344667
1658269949599,40.258003,0.85507244,0.96153843,0.75,0.92,0.84615386,0.8518519,1.0,0.5,1.0,54.9,54.9,54.300003,54.300003,54.600002,54.9,54.600002,56.300003,55.300003,56.600002,52.600002,51.9,3668518,-1517945,1075200,1075200,1075200,1075200,1075200,1075200,652800,1401600,290,3,8,892,3,5,265,5,16,417,15,33,51,0,0,23,1,4,620,106,28,0,0,0,151801,1219,7184,311678,2001,3395,102928,2442,16399,166887,12152,31481,10582,0,0,9834,518,3102,388094,125707,36591,0,0,0,513.2078873239436,0.328112676056338
1658269950741,40.314003,0.7804878,0.8214286,0.5555556,0.9259259,0.8888889,0.76,0.8333333,0.36363637,1.0,55.300003,54.9,54.600002,55.300003,55.300003,54.9,54.600002,56.9,54.9,56.600002,52.600002,51.9,3674746,-1469117,1075200,1075200,1075200,1075200,1075200,1075200,652800,1401600,94,0,3,1058,1,13,317,8,26,225,5,16,212,14,32,156,12,21,692,96,21,0,0,0,35907,0,2090,352578,317,11070,124878,8360,36037,95512,5776,16747,96193,10800,46983,70262,9108,24717,445901,110093,30291,0,0,0,515.0007138461539,0.31552
1658269951930,40.397003,0.7830189,0.6923077,0.5769231,0.88461536,0.76,0.88461536,1.0,0.39130434,1.0,55.9,55.300003,55.300003,55.300003,55.600002,55.600002,54.600002,57.300003,55.600002,57.300003,53.300003,52.600002,3673189,-1448670,1075200,1075200,1075200,1075200,1075200,1075200,652800,1401600,178,3,8,1180,4,8,256,13,23,287,10,29,129,11,21,93,9,13,704,92,31,0,0,0,97506,2347,7110,392148,2634,7711,97082,10155,31681,138596,4990,36393,75241,7682,34750,50493,10154,16198,408704,103524,45926,0,0,0,513.8843782945736,0.3302201550387597
1658269953049,40.454002,0.82211536,1.0,0.65384614,0.75,0.84,1.0,0.8076923,0.5555556,1.0,55.9,56.300003,55.600002,55.9,55.9,55.9,55.300003,57.600002,55.9,57.600002,53.300003,52.9,3651584,-1712952,1075200,1075200,1075200,1075200,1075200,1075200,652800,1401600,509,5,27,1121,3,10,196,7,14,468,12,24,55,7,9,1,0,0,646,98,27,0,0,0,222886,5237,21249,371791,3715,9527,78015,4979,23226,181742,11683,25384,21805,11690,14904,986,0,0,371794,102950,36595,0,0,0,514.6359876160991,0.31489783281733746
1658269954191,40.544003,0.83980584,1.0,0.625,0.8076923,0.7777778,0.88461536,1.0,0.6296296,1.0,56.300003,56.300003,55.600002,56.300003,56.300003,56.300003,55.600002,57.9,56.300003,57.9,53.9,52.9,3668323,-1526185,1075200,1075200,1075200,1075200,1075200,1075200,652800,1401600,208,5,12,1140,2,5,616,24,38,365,7,26,109,3,9,159,5,12,670,90,31,0,0,0,115343,4138,9905,370092,1017,3242,228051,24343,53715,147987,4486,36578,37970,2906,8341,62411,6240,13860,410864,96703,37861,0,0,0,512.3305477707006,0.3225987261146497
1658269955316,40.597,0.82857144,1.0,0.65384614,0.7307692,0.65384614,1.0,1.0,0.5925926,1.0,56.9,56.600002,55.9,56.300003,56.300003,56.600002,55.9,58.300003,56.300003,58.300003,54.300003,53.600002,3657813,-1582642,1075200,1075200,1075200,1075200,1075200,1075200,652800,1401600,68,0,0,1046,2,7,422,15,36,335,8,15,339,12,27,22,1,2,661,84,35,0,0,0,27559,0,0,344880,1221,5208,169913,17481,39304,118543,8793,22010,130551,8673,37149,8447,1192,868,403226,99444,42235,0,0,0,511.1446037735849,0.3257358490566038
1658269956440,40.691,0.8031915,0.875,0.72727275,0.6956522,0.8695652,0.7826087,1.0,0.45454547,1.0,56.9,56.9,56.600002,56.9,56.600002,56.600002,55.9,58.600002,56.600002,58.600002,54.300003,53.600002,3666377,-1488343,1075200,1075200,1075200,1075200,1075200,1075200,652800,1401600,146,2,2,1193,2,9,472,17,40,442,8,21,92,3,12,0,0,0,632,86,21,0,0,0,48542,1007,3183,365798,883,6677,189090,13255,43285,177943,10109,23561,45696,886,15369,0,0,0,384050,96933,32857,0,0,0,516.790074074074,0.34088888888888885
1658269957597,40.755,0.8557692,1.0,0.7307692,0.84,0.6086956,0.9583333,1.0,0.7037037,1.0,56.9,56.9,56.300003,56.600002,56.600002,56.600002,56.300003,58.9,57.300003,58.9,54.300003,53.9,3662484,-1512147,1075200,1075200,1075200,1075200,1075200,1075200,652800,1401600,537,5,14,1074,6,5,303,5,17,282,5,24,175,7,13,0,0,0,667,91,22,0,0,0,200260,1748,10436,354654,5624,4134,101499,5395,18799,114120,3820,27573,69017,5214,16942,0,0,0,399328,112196,29730,0,0,0,516.7688888888889,0.3331851851851852
1658269958711,40.816,0.9073171,0.962963,0.9166667,0.96153843,0.96153843,0.96153843,0.96,0.5555556,1.0,57.600002,57.600002,56.9,57.300003,57.600002,57.300003,56.600002,59.300003,57.300003,58.9,54.9,53.9,3659564,-1523438,1075200,1075200,1075200,1075200,1075200,1075200,652800,1401600,20,0,2,1251,6,11,626,8,38,635,12,41,67,2,4,3,0,0,615,113,25,0,0,0,8486,0,3816,381109,4855,10859,239157,5031,39407,251471,16583,42067,24135,3577,6074,2389,0,0,380903,143646,33833,0,0,0,513.1967306501548,0.32133746130030955
1658269959921,40.884003,0.8097561,0.76,0.8076923,0.8888889,0.7916667,1.0,0.7692308,0.4347826,1.0,57.9,57.9,57.300003,57.9,57.9,57.9,56.9,59.600002,58.300003,59.600002,55.300003,54.600002,3663457,-1481934,1075200,1075200,1075200,1075200,1075200,1075200,652800,1401600,20,0,1,493,0,0,243,4,10,537,4,26,18,0,1,54,5,7,749,112,15,0,0,0,6960,0,414,148344,0,0,79265,4184,8578,169245,2798,27240,3340,0,555,19713,4628,9145,448572,132005,18930,0,0,0,514.355278890601,0.3051093990755008
1658269961101,40.944,0.8135593,0.95238096,0.6666667,0.8095238,0.6666667,0.8695652,1.0,0.52380955,1.0,58.600002,58.300003,57.300003,58.300003,57.9,57.9,56.9,59.600002,57.9,59.9,55.600002,54.9,3659564,-1528626,1075200,1075200,1075200,1075200,1075200,1075200,652800,1401600,185,2,6,307,0,3,186,1,13,179,3,7,26,1,3,127,5,14,742,82,24,0,0,0,64691,3410,7137,113602,0,2505,66118,686,10229,78898,1638,7516,16346,1872,896,53669,3698,21016,413079,85425,28183,0,0,0,515.1198268933539,0.32598454404945904
1658269962185,41.004,0.7777778,0.6086956,0.7916667,0.73913044,0.95652175,0.6956522,1.0,0.36363637,1.0,58.9,58.9,57.9,58.600002,58.600002,58.600002,58.300003,60.600002,58.9,60.300003,55.9,55.300003,3647886,-1607361,1075200,1075200,1075200,1075200,1075200,1075200,652800,1401600,204,1,2,897,4,10,396,12,28,598,16,32,190,6,16,261,13,27,532,106,22,0,0,0,88796,230,2783,307888,3714,6323,154992,8559,34351,230574,18764,39686,70363,6375,20558,107243,11454,38150,340504,121896,26340,0,0,0,513.3804582043343,0.32777708978328174
1658269963307,41.072002,0.88349515,0.962963,0.9230769,0.88461536,0.8076923,1.0,0.84,0.65384614,1.0,58.600002,58.600002,57.9,58.300003,58.300003,58.300003,57.9,60.300003,58.600002,60.300003,55.9,55.600002,3661705,-1557618,1075200,1075200,1075200,1075200,1075200,1075200,652800,1401600,404,14,36,1005,6,15,416,22,47,316,14,19,363,14,40,62,4,11,655,100,29,0,0,0,184522,13394,35224,328290,3574,10755,188709,20004,56683,146413,16731,23507,150386,15328,48394,32041,3583,12658,421004,125001,37898,0,0,0,516.7922469135802,0.3248395061728395
1658269964451,41.136,0.6080402,0.48,0.56,0.7083333,0.45833334,0.6,1.0,0.03846154,1.0,59.300003,58.9,58.300003,59.300003,59.300003,58.600002,57.9,60.600002,58.9,60.600002,56.300003,55.600002,3657813,-1524354,1075200,1075200,1075200,1075200,1075200,1075200,652800,1401600,247,1,6,734,3,3,417,15,38,460,13,27,127,5,10,243,13,18,661,93,20,0,0,0,104477,1430,8093,228990,2779,2011,186998,11018,30192,185001,13569,36845,49962,4491,10361,94260,18652,28123,375956,107461,25219,0,0,0,0.038142414860681116,0.017931888544891642
1658269965603,41.193,0.6425121,0.84615386,0.6666667,0.64,0.52,0.8076923,0.53846157,0.07692308,1.0,57.600002,57.300003,57.300003,57.300003,57.600002,57.600002,57.300003,59.300003,57.600002,59.600002,54.300003,54.300003,3731969,-632324,1075200,1075200,1075200,1075200,1075200,1075200,652800,1401600,411,19,19,372,10,22,314,38,44,380,39,54,180,34,57,65,3,8,288,81,127,0,0,0,325919,35937,40051,305779,27407,54142,211874,67345,127398,258162,85072,135764,135096,71668,219191,28587,750,14220,208463,207929,486359,0,0,0,-1.0,-1.0
1658269966722,41.242,0.57843137,0.4814815,0.29166666,0.5,1.0,0.6956522,0.52,0.07692308,1.0,55.9,55.600002,55.300003,55.9,55.9,55.600002,55.300003,58.300003,55.9,57.9,52.9,52.600002,3726909,-835266,1075200,1075200,1075200,1075200,1075200,1075200,652800,1401600,92,4,7,231,33,49,198,30,56,224,41,67,131,31,48,77,10,26,189,152,116,0,0,0,54755,5336,27204,242077,79513,194800,206748,49760,176497,180351,79803,259599,146831,66685,238558,71367,16137,140064,169771,384843,407722,0,0,0,-1.0,-1.0
1658269967795,41.268,0.8672986,0.8518519,0.88461536,0.96428573,1.0,0.89285713,0.84615386,0.4347826,1.0,54.9,54.9,54.300003,55.9,55.600002,55.300003,54.9,57.600002,55.300003,57.600002,52.600002,52.600002,3746178,-448913,1075200,1075200,1075200,1075200,1075200,1075200,652800,1401600,230,22,38,272,22,34,163,36,50,115,10,24,115,6,20,152,11,25,208,122,103,2,0,0,224050,28332,86133,219736,33577,118941,114981,78954,160274,76412,22704,57359,50871,5523,83699,82271,24457,71340,168373,323027,388710,727,0,0,0.004701538461538461,0.006621538461538461
1658269968900,41.31,0.8894231,1.0,0.9230769,0.9166667,0.78571427,0.84615386,1.0,0.625,1.0,56.9,56.600002,56.300003,56.300003,56.600002,56.600002,56.300003,57.9,56.9,58.600002,53.9,53.600002,3657034,-1634522,1075200,1075200,1075200,1075200,1075200,1075200,652800,1401600,532,12,22,310,5,10,38,0,1,187,12,33,57,1,6,208,17,32,826,113,60,0,0,0,231700,16224,59924,178614,7984,41421,22634,0,2485,132929,22553,103532,23922,430,11545,168364,38495,114549,390607,219392,133768,0,0,0,322.3677046153846,1.21088
1658269970004,41.31,0.9537037,1.0,0.9655172,1.0,1.0,1.0,0.96428573,0.6666667,1.0,57.600002,57.600002,56.600002,56.9,57.300003,57.600002,56.600002,59.300003,57.600002,59.300003,54.9,54.600002,3664820,-1424561,1075200,1075200,1075200,1075200,1075200,1075200,652800,1401600,20,1,1,516,3,3,329,17,26,777,9,18,200,8,21,172,10,27,471,102,54,0,0,0,9912,405,1179,190631,2310,2617,150763,19306,30599,262425,6698,24258,83106,14031,25516,79680,14283,34559,267961,102826,65481,0,0,0,1406.3127069767443,0.9690790697674418
1658269971182,41.333,0.89855075,0.9230769,0.9285714,0.88461536,0.8888889,1.0,1.0,0.5416667,1.0,58.9,58.300003,58.300003,58.600002,58.600002,58.300003,57.600002,60.300003,58.600002,60.300003,55.9,55.300003,3646913,-1578980,1075200,1075200,1075200,1075200,1075200,1075200,652800,1401600,0,0,0,167,0,2,92,0,5,271,0,0,25,0,3,102,5,11,643,71,35,0,0,0,0,0,0,49764,0,1361,26941,0,3421,74030,0,0,8115,0,2196,30913,4822,19035,304438,66316,35117,0,0,0,862.888457496136,0.5718330757341575
1658269972334,41.367,0.91219515,0.88,0.92,0.875,0.92,1.0,1.0,0.6666667,1.0,59.600002,59.300003,58.300003,58.9,58.9,58.9,57.9,60.600002,58.9,60.9,56.600002,55.600002,3657423,-1561585,1075200,1075200,1075200,1075200,1075200,1075200,652800,1401600,34,2,4,404,2,3,247,2,14,479,1,7,52,1,7,63,0,7,719,75,42,1,0,0,14187,692,1754,116718,1406,2169,83716,3440,11948,145788,346,6779,18141,281,10193,21097,427,6220,344970,72185,43020,34,0,0,867.5663379844962,0.5942449612403101
1658269973463,41.408,0.89400923,0.8,0.9230769,0.9259259,0.8888889,0.9285714,1.0,0.5833333,1.0,59.9,59.9,59.300003,59.600002,59.9,59.9,59.300003,61.300003,59.9,61.300003,56.9,56.300003,3650806,-1698914,1075200,1075200,1075200,1075200,1075200,1075200,652800,1401600,158,0,4,742,0,5,194,3,10,289,2,9,146,5,10,151,1,9,547,94,21,0,0,0,44245,0,2186,213030,0,5921,68875,1345,7375,109623,1077,9664,47219,3609,9770,44999,0,11428,289430,94267,24686,0,0,0,857.6203504531723,0.49894864048338367
1658269974650,41.457,0.940367,1.0,0.962963,0.96428573,1.0,1.0,1.0,0.5925926,1.0,60.300003,60.600002,59.600002,59.9,60.300003,60.300003,58.9,61.600002,59.9,61.9,57.600002,56.9,3648275,-1727601,1075200,1075200,1075200,1075200,1075200,1075200,652800,1401600,319,0,4,386,0,1,201,1,8,248,1,11,65,3,6,3,1,0,612,108,30,1,0,0,79251,0,3259,108222,0,1756,57347,1105,8327,83090,1024,9062,21952,1139,5988,438,449,0,318032,100051,33611,28,0,0,885.4406913580248,0.5572345679012346
1658269975832,41.510002,0.8963964,0.8888889,0.8148148,0.9259259,0.88461536,1.0,1.0,0.6333333,1.0,61.300003,61.300003,60.600002,60.9,61.300003,60.9,60.9,62.300003,61.600002,62.600002,58.300003,57.300003,3652752,-1688538,1075200,1075200,1075200,1075200,1075200,1075200,652800,1401600,9,0,0,513,0,3,253,3,10,241,1,6,204,9,18,0,0,0,604,76,38,0,0,0,6810,0,0,138359,0,1132,77363,2089,10160,79623,376,3543,81458,2443,22690,0,0,0,303290,77906,40423,0,0,0,899.5101919504643,0.5531640866873065
1658269976997,41.566,0.7832512,1.0,0.5652174,0.8076923,0.6296296,0.7916667,1.0,0.5185185,1.0,61.300003,60.9,60.600002,60.9,61.300003,60.9,59.9,62.600002,61.300003,62.600002,57.9,57.300003,3642242,-1776429,1075200,1075200,1075200,1075200,1075200,1075200,652800,1401600,172,4,13,519,0,4,291,4,8,514,3,8,163,5,13,1,0,1,594,95,36,0,0,0,67231,1724,11893,145962,0,2218,88718,1734,9237,170187,2725,8729,58841,6461,8509,17,0,28,313278,103348,35612,0,0,0,931.3765274725275,0.5753469387755101
1658269978109,41.619003,0.8148148,0.84615386,0.6956522,0.8333333,0.75,0.8333333,1.0,0.5416667,1.0,60.9,60.9,60.600002,60.600002,60.600002,60.600002,59.9,62.600002,60.600002,62.9,58.300003,57.300003,3649638,-1665345,1075200,1075200,1075200,1075200,1075200,1075200,652800,1401600,206,2,3,778,3,14,443,7,16,417,4,10,179,11,20,26,0,5,614,92,32,3,0,0,54829,1869,4723,291164,2055,10420,161584,5991,16805,167932,5713,8475,75324,16297,26245,9559,0,2492,300991,96059,37250,115,0,0,974.4039133126935,0.6227120743034056
1658269979161,41.668003,0.7941176,0.96153843,0.7083333,0.75,0.8076923,0.84615386,0.7692308,0.5,1.0,61.600002,61.300003,60.300003,61.300003,60.9,61.300003,60.300003,62.9,61.300003,63.300003,58.600002,57.600002,3643020,-1722718,1075200,1075200,1075200,1075200,1075200,1075200,652800,1401600,561,2,13,1118,4,20,520,8,22,629,10,19,189,10,21,54,1,5,665,88,33,0,0,0,192128,2711,12399,410052,5456,17118,175465,11233,20953,258819,13534,26464,90814,5204,34514,23006,248,10542,325183,69980,35080,0,0,0,1021.7493333333332,0.6101333333333334
1658269980272,41.729,0.83928573,0.7777778,0.9259259,0.9354839,0.7777778,0.96428573,0.8,0.4827586,1.0,61.600002,61.9,60.9,61.600002,61.300003,61.600002,60.9,63.300003,61.600002,63.300003,58.9,58.300003,3641852,-1720582,1075200,1075200,1075200,1075200,1075200,1075200,652800,1401600,622,4,12,939,1,6,390,13,30,483,7,18,209,4,14,160,5,13,542,107,66,0,0,0,211553,3388,12909,365892,1259,6098,148093,13028,29666,211554,8115,16319,75690,622,16968,53817,5170,22682,296445,95421,67796,0,0,0,1056.5693023255812,0.5282232558139535
1658269981427,41.785004,0.9014778,1.0,0.82608694,0.962963,0.84615386,0.96428573,1.0,0.5416667,1.0,61.600002,61.300003,60.600002,60.9,61.300003,60.9,60.600002,63.300003,61.600002,63.300003,58.9,57.9,3640879,-1617737,1075200,1075200,1075200,1075200,1075200,1075200,652800,1401600,290,6,9,395,3,5,166,0,4,430,2,8,181,3,3,125,6,17,652,90,81,0,0,0,77761,6162,9025,156830,5061,5556,58593,0,7011,202592,1423,10127,47524,3006,4296,44179,8844,45372,354640,96512,82122,0,0,0,1099.255541401274,0.5246369426751591
1658269982562,41.861004,0.88372093,1.0,0.7916667,0.96153843,0.8148148,1.0,0.9230769,0.56,1.0,62.600002,62.600002,61.9,62.600002,62.300003,61.600002,61.300003,63.600002,61.9,63.9,59.600002,58.600002,3633872,-1699525,1075200,1075200,1075200,1075200,1075200,1075200,652800,1401600,0,0,0,344,2,1,189,0,6,294,2,5,93,3,2,27,1,0,781,112,43,0,0,0,0,0,0,105602,1626,478,50429,0,5548,95148,3389,3828,25679,3071,2701,8929,576,0,386511,116121,50448,0,0,0,1223.096763076923,0.74112
1658269983704,41.932003,0.8480392,1.0,0.7777778,0.875,0.8333333,1.0,1.0,0.28,1.0,62.600002,62.9,61.9,61.9,62.300003,62.600002,61.9,63.9,62.9,64.3,59.9,59.300003,3625308,-1784669,1075200,1075200,1075200,1075200,1075200,1075200,652800,1401600,23,1,1,370,2,3,109,0,5,404,4,7,4,0,2,147,7,11,685,92,72,0,0,0,5249,495,537,138501,1406,3901,30169,0,3190,138650,2679,7783,4744,0,1791,48750,6573,13314,363002,86622,82494,0,0,0,1313.648223255814,0.6443162790697674
1658269984841,41.978,0.85365856,0.88461536,0.8076923,0.92,0.8333333,0.88,1.0,0.5714286,1.0,62.9,62.9,61.9,62.300003,62.600002,62.300003,61.600002,64.600006,62.600002,64.600006,59.9,59.300003,3646329,-1663209,1075200,1075200,1075200,1075200,1075200,1075200,652800,1401600,48,0,0,478,1,5,621,6,13,454,2,6,33,8,8,66,2,4,648,93,102,0,0,0,13199,0,0,207859,2465,3782,168965,4734,13964,214040,2368,7689,30379,8796,16092,18096,959,3169,379193,97987,125455,0,0,0,1260.7078637770899,0.6903281733746129
1658269985930,42.057003,0.8443396,1.0,0.7692308,0.9259259,0.75,0.962963,0.8,0.5,1.0,63.300003,62.9,62.300003,62.9,62.9,62.300003,61.600002,64.9,62.300003,64.600006,59.9,59.600002,3634651,-1948243,1075200,1075200,1075200,1075200,1075200,1075200,652800,1401600,175,0,9,607,1,6,428,5,13,432,5,13,161,1,9,175,1,4,607,73,117,0,0,0,49687,0,16220,229912,0,6898,131026,4679,11952,193025,6059,15155,37724,562,12443,40822,1522,5039,340320,75179,139944,0,0,0,1150.0131938461536,0.64512
1658269987071,42.106003,0.87323946,0.9259259,0.8076923,1.0,0.85714287,1.0,0.96428573,0.375,1.0,63.600002,63.300003,62.600002,63.300003,63.300003,62.9,62.300003,64.600006,62.600002,65.3,60.600002,59.600002,3650611,-1692811,1075200,1075200,1075200,1075200,1075200,1075200,652800,1401600,123,0,7,762,1,1,311,1,10,392,6,15,93,2,2,213,2,12,704,99,75,0,0,0,36656,0,5990,274508,474,2692,85831,1352,12466,193195,5818,16472,27815,1631,8102,50851,673,21860,362495,120940,95733,0,0,0,1165.588839506173,0.6073086419753086
1658269988242,42.170002,0.8229665,0.76,0.5833333,1.0,0.88461536,1.0,0.78571427,0.5185185,1.0,62.9,62.9,62.300003,62.9,62.9,62.9,62.300003,64.9,62.600002,64.9,60.600002,59.9,3643215,-1710206,1075200,1075200,1075200,1075200,1075200,1075200,652800,1401600,263,3,5,684,2,5,260,3,11,406,4,7,0,0,0,54,1,2,652,96,112,0,0,0,82270,2973,3373,249148,1461,3926,63841,2575,11586,169824,4432,11449,0,0,0,17001,1658,6482,365203,104030,143644,0,0,0,679.7256738461539,0.30647384615384615
1658269989394,42.242,0.44270834,0.12,1.0,0.16666667,0.083333336,1.0,0.16666667,0.0,1.0,61.9,62.300003,61.600002,61.9,61.9,61.9,61.300003,64.3,61.9,64.600006,58.600002,58.600002,3730023,-534058,1075200,1075200,1075200,1075200,1075200,1075200,652800,1401600,415,1,4,977,6,15,63,0,0,505,3,16,2,0,0,176,7,19,595,89,74,0,0,0,116471,652,8924,300732,4975,22374,16599,0,0,132563,1012,25795,268,0,0,67415,8163,64169,323929,116490,132940,0,0,0,-1.0,-1.0
1658269990535,42.294003,0.50246304,0.20833333,1.0,0.88,0.2,0.23076923,0.26923078,0.2,1.0,59.9,59.9,59.600002,60.300003,60.600002,60.300003,59.600002,62.300003,60.300003,62.300003,57.300003,56.9,3731191,-477905,1075200,1075200,1075200,1075200,1075200,1075200,652800,1401600,278,23,58,466,5,31,161,12,65,279,34,72,0,0,0,48,2,21,162,121,138,0,0,0,190960,73466,430431,197585,13873,310038,115594,24641,456846,193573,64865,496946,0,0,0,39607,2644,174004,161662,259525,505667,0,0,0,-1.0,-1.0
1658269991588,42.328003,0.415,0.04,1.0,0.04,0.08,1.0,0.08,0.0,1.0,59.600002,58.9,58.300003,58.9,59.300003,59.9,59.300003,61.600002,59.9,61.9,56.300003,56.300003,3713284,-754395,1075200,1075200,1075200,1075200,1075200,1075200,652800,1401600,223,25,51,26,0,0,181,14,67,310,54,85,194,19,44,176,14,45,215,77,125,4,0,0,261818,68333,380357,21781,0,0,145527,34925,474901,222363,147521,436859,131680,39720,375259,112055,36659,319070,160107,180934,560703,121,0,0,-1.0,-1.0
1658269992746,42.351,0.70408165,0.9230769,0.56,0.5,0.5652174,0.47826087,1.0,0.5,1.0,58.600002,58.600002,57.9,58.300003,58.9,58.9,58.600002,60.300003,58.9,60.9,55.600002,55.300003,3666377,-1364441,1075200,1075200,1075200,1075200,1075200,1075200,652800,1401600,338,43,63,0,0,0,105,32,62,224,49,66,36,0,2,124,36,69,261,41,115,0,0,0,317828,151582,361757,0,0,0,73323,109729,639538,160659,130784,535830,9537,0,5367,109404,76195,599893,161044,83394,732437,0,0,0,155.5669660743134,2.0410468497576737
1658269993791,42.355003,0.9178744,0.96153843,0.88461536,0.8076923,1.0,0.96153843,1.0,0.72,1.0,59.300003,59.600002,58.9,59.9,59.9,59.9,59.300003,61.600002,59.9,61.600002,57.300003,56.300003,3652168,-1603089,1075200,1075200,1075200,1075200,1075200,1075200,652800,1401600,627,6,17,869,10,16,802,28,42,724,41,70,400,15,40,227,9,16,461,77,88,24,0,0,272589,6200,11412,352636,8167,29176,361745,35067,90072,287720,54823,151464,157329,12490,91772,106607,5535,22674,279435,101661,155688,3062,0,0,924.3280618238022,0.5523091190108191
1658269994891,42.381,0.89099526,0.9259259,1.0,0.84615386,1.0,0.84,0.92,0.53846157,1.0,61.300003,61.300003,60.600002,60.9,60.600002,60.600002,59.600002,62.600002,60.600002,62.600002,58.300003,57.600002,3628228,-1788941,1075200,1075200,1075200,1075200,1075200,1075200,652800,1401600,676,7,14,787,12,11,677,9,22,109,4,6,307,18,29,24,4,8,540,59,60,0,0,0,250415,6867,17835,263612,17993,18000,262418,8036,39980,22396,3673,6549,116807,13218,52363,16596,3470,21929,279090,63215,71181,0,0,0,2035.197965891473,0.948737984496124
1658269996057,42.415,0.8965517,0.84,0.96153843,0.84,1.0,1.0,0.8,0.7037037,1.0,62.600002,62.600002,61.600002,62.300003,62.300003,62.300003,61.600002,63.600002,62.300003,63.600002,59.9,58.9,3622778,-1909791,1075200,1075200,1075200,1075200,1075200,1075200,652800,1401600,486,0,1,1,0,0,507,1,8,0,0,0,319,3,4,243,8,8,700,63,129,0,0,0,144553,0,1545,101,0,0,153848,800,7439,0,0,0,97033,2626,2390,56814,9875,13754,349058,64550,134909,0,0,0,1478.0869349845202,0.7692383900928792
1658269997180,42.468002,0.87906975,0.76,0.962963,0.75,1.0,1.0,0.962963,0.6296296,0.9285714,62.9,62.9,61.9,62.300003,62.300003,62.600002,61.600002,64.600006,62.300003,64.3,59.9,59.300003,3632121,-1738587,1075200,1075200,1075200,1075200,1075200,1075200,652800,1401600,1015,8,12,389,3,8,539,8,17,17,1,2,8,0,1,40,6,8,598,84,41,0,0,0,331822,8348,15914,125931,2965,9707,220759,9690,19493,4311,1408,5503,3882,0,1417,21381,6726,16714,311289,93756,50534,0,0,0,1302.3891190108193,0.637823802163833
1658269998329,42.513,0.8376963,0.6818182,0.8695652,0.875,1.0,1.0,0.7692308,0.5,1.0,63.300003,63.300003,62.600002,62.9,62.9,63.300003,62.300003,64.9,63.300003,65.3,60.600002,59.9,3641852,-1705323,1075200,1075200,1075200,1075200,1075200,1075200,652800,1401600,421,1,3,278,5,9,606,1,14,2,0,0,19,2,2,26,0,1,704,49,68,108,1,14,145431,1079,2595,70954,3614,6689,167549,1556,13859,720,0,0,7773,63,4626,4162,0,1979,363543,52868,76910,22269,579,12420,1316.86912788906,0.6506009244992296
1658269999461,42.574,0.8483412,0.6923077,0.7407407,0.88,1.0,1.0,1.0,0.4814815,1.0,63.600002,63.9,62.600002,63.600002,63.300003,63.600002,62.300003,65.3,63.300003,65.3,60.600002,59.9,3634651,-1913453,1075200,1075200,1075200,1075200,1075200,1075200,652800,1401600,677,4,3,649,0,8,283,5,6,0,0,0,2,0,0,145,6,13,651,74,68,1,0,0,221901,3409,2987,150233,0,6896,97734,5390,4539,0,0,0,166,0,0,47461,11799,9097,379636,87430,81505,13,0,0,1337.4247689922481,0.7133271317829457
1658270000581,42.638,0.87317073,0.7692308,1.0,0.6363636,1.0,1.0,0.84615386,0.5833333,1.0,64.3,64.3,62.9,63.9,63.9,63.9,63.300003,65.600006,63.9,65.9,61.300003,60.300003,3625892,-1853333,1075200,1075200,1075200,1075200,1075200,1075200,652800,1401600,1032,5,7,380,4,7,383,2,8,1,0,1,0,0,0,384,11,23,592,89,67,0,0,0,335675,8890,5391,132159,7300,7771,172676,1173,9859,20,0,667,0,0,0,111277,19871,42121,346391,98926,80776,0,0,0,1359.7262716049383,0.7639506172839505
1658270001769,42.702003,0.90865386,0.8076923,0.96428573,0.9259259,1.0,0.88461536,1.0,0.7307692,1.0,64.3,64.3,63.9,64.3,64.3,63.9,62.600002,65.600006,63.300003,65.600006,61.300003,60.600002,3624140,-1862489,1075200,1075200,1075200,1075200,1075200,1075200,652800,1401600,903,1,17,80,0,2,619,10,22,0,0,0,37,1,5,109,4,17,604,83,61,0,0,0,315072,456,20765,22215,0,1963,243692,11116,29500,0,0,0,12190,219,9919,41789,1431,39012,333162,85724,78101,0,0,0,1367.1243010752687,0.7687373271889401
1658270002907,42.747,0.87700534,0.9130435,0.8181818,0.9583333,1.0,0.92,0.90909094,0.45833334,1.0,64.9,65.3,64.3,64.9,64.9,64.600006,63.9,66.3,64.600006,66.600006,61.9,61.300003,3629201,-1750184,1075200,1075200,1075200,1075200,1075200,1075200,652800,1401600,555,1,1,177,0,0,312,0,6,0,0,0,160,2,4,73,1,1,636,67,39,2,0,0,177285,829,967,45594,0,0,95544,0,6275,0,0,0,47433,1320,6354,19709,412,474,308149,63786,50240,26,0,0,1437.1583605546994,0.7191864406779661
1658270004031,42.807003,0.9375,1.0,1.0,1.0,1.0,0.9285714,1.0,0.52,1.0,64.9,65.3,64.3,64.9,64.600006,64.9,63.9,66.600006,64.9,66.9,62.300003,61.300003,3634845,-1754456,1075200,1075200,1075200,1075200,1075200,1075200,652800,1401600,913,3,5,443,3,8,620,1,8,0,0,0,294,2,5,120,1,6,551,80,80,0,0,0,303298,2692,5205,92394,4613,7964,199168,868,7708,0,0,0,73646,1459,6561,26704,2270,7613,315306,89223,98625,0,0,0,1483.0786850998463,0.6901382488479263
1658270005205,42.856003,0.8693182,0.88,1.0,0.77272725,0.7826087,1.0,1.0,0.47619048,1.0,65.9,65.9,65.600006,65.600006,65.600006,65.3,64.3,67.3,64.9,67.3,62.9,62.300003,3595529,-2151795,1075200,1075200,1075200,1075200,1075200,1075200,652800,1401600,397,3,3,13,0,0,376,2,7,0,0,0,342,7,15,154,2,5,702,61,41,0,0,0,135734,6159,6072,3956,0,0,111667,1299,7340,0,0,0,89463,14978,27290,32500,1505,6394,365665,61151,47799,0,0,0,1575.419828298887,0.8286931637519873
1658270006255,42.917004,0.8910891,0.8076923,1.0,0.7916667,1.0,1.0,0.88461536,0.6086956,1.0,66.3,65.9,65.3,65.9,65.600006,65.600006,64.600006,67.3,65.9,67.3,62.9,61.9,3631147,-1885072,1075200,1075200,1075200,1075200,1075200,1075200,652800,1401600,783,5,8,449,6,9,613,12,22,166,3,4,123,4,11,41,1,3,567,66,75,0,0,0,278686,5046,8955,132951,5904,9899,233922,21055,24143,46948,5040,3457,31928,4046,18612,10033,615,1885,310659,75161,90900,0,0,0,1654.6093601236475,0.8712210200927356
1658270007352,42.951,0.907767,0.96153843,1.0,0.8888889,1.0,1.0,0.88461536,0.47826087,1.0,66.3,66.3,65.600006,65.9,65.9,65.600006,64.9,67.600006,65.600006,67.600006,63.300003,62.300003,3629006,-1789246,1075200,1075200,1075200,1075200,1075200,1075200,652800,1401600,484,3,4,0,0,0,415,4,15,572,7,11,54,0,3,131,5,5,628,80,83,0,0,0,160552,5527,4276,0,0,0,143665,1845,14267,140783,5155,19153,11323,0,4109,41722,4005,6652,344571,94549,93073,0,0,0,1724.2670788253477,0.7406986089644513
1658270008549,43.011,0.94495416,0.96428573,1.0,1.0,1.0,1.0,1.0,0.68,0.962963,66.3,66.3,65.600006,65.600006,65.600006,65.600006,64.9,67.9,65.9,67.9,63.600002,62.600002,3633288,-1790162,1075200,1075200,1075200,1075200,1075200,1075200,652800,1401600,416,1,2,37,0,0,506,3,4,0,0,0,0,0,1,452,2,15,715,96,32,0,0,0,139481,692,2058,14930,0,0,165107,2074,4978,0,0,0,0,0,316,124233,1673,10791,379169,91360,38610,0,0,0,1837.7292760736195,0.8090306748466257
1658270009717,43.06,0.8423913,0.6363636,1.0,0.7083333,1.0,0.95652175,0.90909094,0.47619048,1.0,67.600006,67.9,66.9,67.600006,67.600006,67.3,66.600006,69.3,66.9,69.3,64.3,63.300003,3620832,-1970521,1075200,1075200,1075200,1075200,1075200,1075200,652800,1401600,508,0,0,225,0,2,566,0,6,41,0,1,98,4,7,9,0,1,700,92,63,37,1,6,161887,0,0,62277,0,1378,156631,0,6360,6952,0,391,28000,1275,6171,1010,0,35,306389,85818,71827,10956,450,2549,515.1914424635332,0.35578606158833065
1658270010757,43.120003,0.8955224,0.7083333,1.0,0.84,1.0,0.96,1.0,0.6086956,1.0,66.3,66.3,65.3,65.9,66.3,65.9,64.9,67.9,65.600006,68.3,62.9,62.600002,3649638,-1494752,1075200,1075200,1075200,1075200,1075200,1075200,652800,1401600,956,14,21,22,1,2,441,14,26,270,4,11,28,0,1,226,9,22,667,72,47,0,0,0,359861,16939,28648,12288,1291,2467,185271,22380,66129,74239,5077,27431,5792,0,6251,96021,13898,47159,390857,114628,86390,0,0,0,515.1622132921175,0.31005873261205563
1658270011856,43.188004,0.96135265,0.96,1.0,1.0,1.0,1.0,1.0,0.72,1.0,65.600006,65.3,64.600006,65.3,65.3,65.600006,64.9,67.3,65.600006,67.9,62.300003,61.9,3653920,-1371766,1075200,1075200,1075200,1075200,1075200,1075200,652800,1401600,1275,4,7,370,2,5,568,15,23,0,0,0,164,5,11,101,3,2,572,60,55,0,0,0,348119,4186,9637,91557,3723,7381,255027,24981,41966,0,0,0,38041,5900,17840,25920,1525,4720,333811,91259,94064,0,0,0,513.6894959349594,0.3632910569105691
1658270012988,43.241,0.7346939,0.5833333,0.92,0.625,0.64,0.6956522,1.0,0.36,1.0,64.9,65.3,64.3,64.9,64.9,64.9,64.600006,66.9,65.3,67.3,61.9,61.600002,3649833,-1446229,1075200,1075200,1075200,1075200,1075200,1075200,652800,1401600,712,3,10,248,0,1,572,19,27,0,0,0,104,7,16,175,5,24,581,77,17,0,0,0,196342,1631,17306,51752,0,32,239086,22002,42966,0,0,0,36288,14458,53920,49720,3899,35623,366753,83894,23470,0,0,0,79.49841025641025,0.03215384615384615
1658270014039,43.283,0.9142857,1.0,1.0,0.9230769,1.0,1.0,0.96428573,0.4,1.0,64.600006,64.9,63.9,64.600006,64.9,65.3,64.600006,66.3,65.600006,66.9,60.9,60.9,3705693,-809326,1075200,1075200,1075200,1075200,1075200,1075200,652800,1401600,1331,5,5,217,0,2,449,31,59,446,31,59,350,28,57,0,0,0,925,72,39,4,0,0,600266,6005,10559,39743,0,1055,269863,49309,223044,290971,62092,205446,202546,58746,261106,0,0,0,337821,148883,153322,76,0,0,-1.0,-1.0
