1658271164004,38.686,0.94210523,1.0,1.0,1.0,1.0,1.0,1.0,0.52380955,1.0,50.600002,50.9,50.300003,51.300003,51.300003,51.9,50.9,51.300003,51.9,52.9,47.300003,46.9,3696351,-864563,1075200,1075200,1075200,1075200,1075200,1075200,652800,1401600,8041095,144011,472006,8691300,143685,481049,4424041,300905,689257,4286253,299110,704479,3336791,231751,623249,3152379,223218,609894,3312045,442714,903593,2224830,201360,612481,5376158985,304329786,4497357269,5679277420,300241108,4468682341,3032288922,623013257,6754431146,2907496501,617225324,6830937301,2310956095,481639693,6903344601,2217444816,468064006,6747722452,2459991199,862398381,8334539907,1248970955,507645898,6851473255,0.1850091185410334,0.05056534954407295
1658271165307,38.659,0.9151786,1.0,1.0,1.0,1.0,1.0,1.0,0.35714287,1.0,50.600002,50.9,50.300003,50.9,51.300003,51.300003,50.300003,51.600002,50.9,53.300003,47.600002,47.300003,3667155,-991211,1075200,1075200,1075200,1075200,1075200,1075200,652800,1401600,0,0,0,1,0,0,0,0,0,0,0,0,0,0,0,6,1,2,619,74,30,0,0,0,0,0,0,143,0,0,0,0,0,0,0,0,0,0,0,4286,1613,3550,375065,112347,57741,0,0,0,0.005652312599681021,0.0040191387559808615
1658271166751,38.653004,0.9285714,1.0,1.0,1.0,1.0,0.9655172,1.0,0.4642857,1.0,51.300003,51.600002,50.600002,51.600002,52.300003,52.300003,51.9,52.300003,52.600002,53.300003,47.600002,47.600002,3696156,-934754,1075200,1075200,1075200,1075200,1075200,1075200,652800,1401600,0,0,0,26,0,0,146,1,0,9,0,3,17,0,1,0,0,0,1123,82,31,0,0,0,0,0,0,14588,0,0,103857,3457,0,4321,0,2318,5740,0,829,0,0,0,660635,148654,79543,0,0,0,-1.0,-1.0
1658271168225,38.636,0.8304348,0.6896552,1.0,1.0,1.0,0.71428573,1.0,0.18518518,1.0,50.300003,50.9,50.9,51.600002,51.300003,51.9,50.9,51.9,51.600002,53.600002,47.600002,47.300003,3720875,-558777,1075200,1075200,1075200,1075200,1075200,1075200,652800,1401600,150,0,0,11,0,0,4,2,1,36,6,10,87,11,10,0,0,0,928,135,64,0,0,0,117925,0,0,1931,0,0,1349,6671,1905,33440,5644,22832,58659,17732,18725,0,0,0,446992,217502,118705,0,0,0,-1.0,-1.0
1658271169502,38.639,0.7881773,1.0,1.0,1.0,0.625,0.5769231,1.0,0.12,1.0,51.600002,52.300003,51.600002,52.300003,52.9,52.9,51.9,52.300003,52.600002,53.9,47.9,47.600002,3707250,-707703,1075200,1075200,1075200,1075200,1075200,1075200,652800,1401600,252,0,0,0,0,0,0,0,0,0,0,0,119,15,18,0,0,0,1002,139,47,0,0,0,147620,0,0,0,0,0,0,0,0,0,0,0,78557,34196,42476,0,0,0,555941,205007,104181,0,0,0,-1.0,-1.0
1658271170916,38.639,0.7991266,0.76666665,1.0,0.5714286,0.86206895,0.85714287,1.0,0.16,1.0,51.300003,51.9,51.600002,51.9,52.600002,52.600002,51.9,52.600002,52.9,53.600002,47.9,47.9,3662289,-1277161,1075200,1075200,1075200,1075200,1075200,1075200,652800,1401600,98,0,0,26,0,0,23,2,6,82,14,15,205,13,23,0,0,0,885,129,52,1,0,0,39515,0,0,11350,0,0,14927,1923,13087,56243,22220,38771,118773,19537,61304,0,0,0,434277,238640,135478,17,0,0,-1.0,-1.0
1658271172122,38.632,0.6849315,0.12,1.0,1.0,1.0,0.25,1.0,0.0,1.0,49.9,50.300003,49.600002,50.600002,50.300003,50.600002,49.9,51.9,50.300003,52.300003,46.9,47.300003,3687008,-727234,1075200,1075200,1075200,1075200,1075200,1075200,652800,1401600,80,0,0,5,0,0,205,43,53,61,7,15,49,12,10,0,0,0,589,143,88,0,0,0,71146,0,0,7048,0,0,135290,105771,237952,39674,12643,70984,34840,18277,15782,0,0,0,297634,320995,255880,0,0,0,-1.0,-1.0
1658271173307,38.636,0.7425743,1.0,1.0,0.48,1.0,0.4,1.0,0.0,1.0,50.600002,50.9,50.300003,50.9,51.600002,51.600002,50.9,51.300003,51.300003,52.600002,47.300003,47.300003,3689928,-921631,1075200,1075200,1075200,1075200,1075200,1075200,652800,1401600,170,12,37,0,0,0,156,24,25,84,9,19,56,22,39,0,0,0,258,119,114,1,0,0,201466,35493,251586,0,0,0,88271,50484,87525,52102,15968,39365,49288,72929,380179,0,0,0,183887,285603,442411,25,0,0,-1.0,-1.0
1658271174463,38.636,0.8677249,1.0,1.0,0.7826087,0.9583333,0.84,1.0,0.3181818,1.0,50.300003,50.300003,49.300003,50.300003,50.300003,50.600002,49.600002,51.600002,50.300003,52.9,46.9,46.9,3715425,-502319,1075200,1075200,1075200,1075200,1075200,1075200,652800,1401600,1,0,0,1,0,0,152,33,62,1,0,0,208,30,51,0,0,0,307,181,105,0,0,0,291,0,0,319,0,0,143532,84349,363030,360,0,0,145211,71099,295142,0,0,0,255142,397513,304502,0,0,0,-1.0,-1.0
1658271175609,38.642002,0.91481483,0.9705882,1.0,0.93939394,0.875,0.9722222,1.0,0.5483871,1.0,49.9,50.300003,49.300003,50.300003,50.300003,50.600002,50.300003,51.9,50.300003,51.9,47.300003,46.9,3718929,-578308,1075200,1075200,1075200,1075200,1075200,1075200,652800,1401600,21,0,0,0,0,0,356,57,70,8,0,0,237,46,68,0,0,0,238,198,97,2,0,0,13183,0,0,0,0,0,275726,115809,334630,3776,0,0,172150,98678,316969,0,0,0,215585,416960,258259,53,0,0,-1.0,-1.0
1658271176793,38.646004,0.708134,1.0,1.0,1.0,0.20833333,0.23076923,1.0,0.1923077,1.0,49.9,50.300003,49.600002,49.600002,49.9,50.300003,49.300003,51.600002,49.9,51.600002,46.9,46.600002,3725352,-469360,1075200,1075200,1075200,1075200,1075200,1075200,652800,1401600,131,17,34,0,0,0,41,4,3,113,11,6,41,2,5,24,6,9,244,172,81,0,0,0,107189,42039,193934,0,0,0,22069,432,0,108213,24685,10294,27529,2573,14056,13338,15865,82143,175506,409197,257281,0,0,0,-1.0,-1.0
1658271177921,38.649002,0.9245283,1.0,1.0,1.0,1.0,1.0,1.0,0.36842105,1.0,48.9,48.9,48.600002,48.600002,48.9,49.300003,48.600002,50.9,48.9,50.9,45.9,45.9,3733721,-375061,1075200,1075200,1075200,1075200,1075200,1075200,652800,1401600,71,3,5,234,3,6,69,6,10,185,38,62,133,13,24,9,1,2,249,147,114,3,0,0,74910,4420,19446,203391,9546,34124,38813,7751,16507,173674,92098,384575,87238,39096,172433,4842,750,3877,166758,352727,379464,80,0,0,-1.0,-1.0
1658271179321,38.663002,0.9422383,1.0,1.0,1.0,1.0,1.0,1.0,0.5,1.0,49.600002,49.9,49.600002,50.300003,50.600002,50.600002,50.300003,50.9,50.600002,52.600002,47.600002,47.300003,3627839,-1734925,1075200,1075200,1075200,1075200,1075200,1075200,652800,1401600,0,0,0,16,0,0,0,0,0,76,17,41,11,1,11,0,0,0,1196,132,86,0,0,0,0,0,0,5298,0,0,0,0,0,54015,42758,322944,14954,400,329017,0,0,0,653262,223027,211879,0,0,0,194.29394152046783,2.806923976608187
1658271180982,38.68,0.990991,1.0,1.0,1.0,1.0,1.0,1.0,0.96428573,1.0,51.9,51.9,51.300003,51.9,52.300003,51.9,51.300003,53.300003,52.300003,54.600002,49.600002,48.9,3631926,-1571656,1075200,1075200,1075200,1075200,1075200,1075200,652800,1401600,0,0,0,0,0,0,0,0,0,0,0,0,0,0,0,0,0,0,989,177,49,0,0,0,0,0,0,0,0,0,0,0,0,0,0,0,0,0,0,0,0,0,604800,189668,58789,0,0,0,492.0910769230769,3.570067692307692
1658271182258,38.703003,0.92016804,1.0,1.0,1.0,1.0,1.0,1.0,0.3448276,1.0,53.300003,53.300003,52.600002,53.300003,53.300003,53.300003,52.9,54.600002,53.9,55.9,50.600002,49.9,3645161,-1589356,1075200,1075200,1075200,1075200,1075200,1075200,652800,1401600,0,0,0,0,0,0,0,0,0,0,0,0,0,0,0,0,0,0,417,49,8,0,0,0,0,0,0,0,0,0,0,0,0,0,0,0,0,0,0,0,0,0,130185,46865,7135,0,0,0,438.3090552147239,2.1700613496932513
1658271183786,38.788002,0.9095238,1.0,1.0,1.0,1.0,1.0,1.0,0.20833333,1.0,54.300003,54.300003,53.600002,54.300003,53.9,53.9,52.9,55.600002,53.9,56.600002,51.9,51.300003,3631342,-1618043,1075200,1075200,1075200,1075200,1075200,1075200,652800,1401600,31,0,1,25,0,0,0,0,0,0,0,0,0,0,0,1,0,0,894,106,76,0,0,0,10236,0,2504,4244,0,0,0,0,0,0,0,0,0,0,0,37,0,0,493043,118486,90190,0,0,0,481.6255507692307,2.8743384615384615
1658271185172,38.859,0.9166667,1.0,1.0,1.0,1.0,1.0,1.0,0.3448276,1.0,54.600002,54.600002,53.9,54.600002,54.300003,54.9,53.9,55.600002,54.9,57.300003,51.9,51.300003,3638738,-1593629,1075200,1075200,1075200,1075200,1075200,1075200,652800,1401600,56,1,2,20,0,1,22,0,0,0,0,0,6,0,2,0,0,0,932,154,104,0,0,0,12722,632,1985,6101,0,393,38368,0,0,0,0,0,2541,0,2363,0,0,0,558789,156126,126336,0,0,0,506.7597292307692,2.754313846153846
1658271186424,38.936,0.9170306,1.0,1.0,1.0,1.0,1.0,0.9655172,0.35714287,1.0,55.300003,55.300003,54.9,55.300003,55.300003,55.300003,54.300003,56.300003,54.9,57.600002,52.600002,51.9,3632704,-1587525,1075200,1075200,1075200,1075200,1075200,1075200,652800,1401600,58,1,0,24,0,2,45,0,1,0,0,0,2,1,1,9,0,1,758,168,72,0,0,0,25403,615,0,4357,0,793,28058,0,6030,0,0,0,1253,848,2117,2746,0,727,539629,203386,103629,0,0,0,572.4828018433179,4.286771121351767
1658271187695,39.004,0.9066667,1.0,0.96428573,1.0,1.0,1.0,1.0,0.23076923,1.0,55.600002,55.600002,54.9,55.600002,55.600002,55.600002,54.600002,56.9,55.600002,58.300003,52.9,52.300003,3637960,-1620484,1075200,1075200,1075200,1075200,1075200,1075200,652800,1401600,2,0,1,33,0,1,6,0,0,0,0,0,2,0,0,10,0,1,820,187,97,0,0,0,1629,0,586,7855,0,1175,1960,0,0,0,0,0,806,0,0,3646,0,1493,559933,201620,114503,0,0,0,518.7959081163859,3.476728943338438
1658271188969,39.099003,0.924812,1.0,1.0,0.9705882,0.9714286,1.0,1.0,0.37931034,1.0,56.9,56.9,56.300003,56.600002,56.9,56.600002,55.600002,57.9,56.300003,58.9,53.600002,52.9,3626671,-1649171,1075200,1075200,1075200,1075200,1075200,1075200,652800,1401600,0,0,0,4,1,2,16,0,0,17,2,4,1,0,0,6,0,1,712,141,57,0,0,0,0,0,0,3527,705,1036,4524,0,0,14528,1464,7316,628,0,0,4110,0,1673,452963,149772,82724,0,0,0,644.7771640866873,4.515913312693498
1658271190176,39.190002,0.9326923,1.0,1.0,0.9583333,1.0,1.0,1.0,0.5,1.0,57.9,57.9,56.9,57.600002,57.600002,57.600002,56.300003,58.600002,57.300003,59.9,54.300003,53.600002,3615771,-1729432,1075200,1075200,1075200,1075200,1075200,1075200,652800,1401600,3,0,0,0,0,0,54,0,2,1,1,1,8,0,0,14,0,0,726,147,50,0,0,0,2635,0,0,0,0,0,25358,0,7522,1253,921,2948,3481,0,0,3145,0,0,476503,158196,64824,0,0,0,737.4921975308641,5.554962962962962
1658271191394,39.281002,0.9174312,1.0,1.0,0.9655172,1.0,1.0,1.0,0.30769232,1.0,58.600002,58.600002,57.600002,58.300003,58.300003,58.300003,57.300003,58.9,58.300003,60.600002,55.300003,53.9,3612657,-1842652,1075200,1075200,1075200,1075200,1075200,1075200,652800,1401600,5,0,0,9,0,1,70,0,0,1,0,0,2,0,0,50,1,4,805,169,92,0,0,0,415,0,0,3210,0,2930,37556,0,0,24,0,0,1032,0,0,9809,918,6157,613985,190642,113496,0,0,0,658.1484086687307,3.8771021671826627
1658271192927,39.399002,0.9051724,1.0,1.0,1.0,1.0,1.0,1.0,0.1923077,1.0,58.600002,58.600002,57.9,58.9,58.600002,58.600002,57.9,59.600002,58.600002,61.300003,55.600002,54.9,3615966,-1736451,1075200,1075200,1075200,1075200,1075200,1075200,652800,1401600,25,0,0,23,0,0,34,0,0,0,0,0,0,0,0,0,1,0,724,147,69,0,0,0,8220,0,0,5475,0,0,13246,0,0,0,0,0,0,0,0,0,460,0,503427,179945,102913,0,0,0,512.3409723076923,3.151753846153846
1658271194249,39.487003,0.9151786,0.96428573,1.0,1.0,1.0,1.0,1.0,0.33333334,1.0,58.600002,58.600002,57.9,58.300003,58.600002,58.600002,57.600002,60.300003,57.9,59.9,55.600002,55.300003,3608375,-1806336,1075200,1075200,1075200,1075200,1075200,1075200,652800,1401600,38,0,0,57,0,3,70,0,2,2,0,0,0,0,0,0,0,0,707,134,55,121,0,3,7295,0,0,14156,0,2714,30997,0,9126,899,0,0,0,0,0,0,0,0,498443,138067,73949,17683,0,1521,516.7064767801858,3.1426873065015477
1658271195460,39.582,0.9198113,1.0,1.0,1.0,1.0,1.0,1.0,0.36,1.0,58.9,59.300003,58.600002,58.9,58.9,58.600002,57.600002,60.300003,58.300003,61.600002,55.9,55.300003,3622778,-1658326,1075200,1075200,1075200,1075200,1075200,1075200,652800,1401600,64,0,0,0,0,0,0,0,0,0,0,0,2,0,0,0,0,0,654,152,68,0,0,0,6840,0,0,0,0,0,0,0,0,0,0,0,1402,0,0,0,0,0,436280,188552,90355,0,0,0,510.9561041347626,3.397929555895865
1658271196715,39.673,0.9136364,1.0,0.962963,0.9655172,1.0,1.0,1.0,0.29166666,1.0,59.300003,59.300003,58.300003,58.9,59.300003,59.300003,58.300003,60.9,59.300003,61.9,56.300003,55.300003,3623946,-1713563,1075200,1075200,1075200,1075200,1075200,1075200,652800,1401600,30,0,2,31,0,1,5,0,0,19,1,4,2,0,0,0,0,0,716,146,61,0,0,0,14553,0,1089,8875,0,450,3768,0,0,9650,525,4527,662,0,0,0,0,0,460654,159889,88285,0,0,0,512.8979111791731,3.2209739663093417
1658271197927,39.764004,0.9338843,1.0,1.0,1.0,1.0,1.0,1.0,0.48387095,1.0,59.9,59.9,59.300003,59.600002,59.9,59.600002,59.300003,60.600002,59.9,62.600002,56.9,56.600002,3630758,-1847535,1075200,1075200,1075200,1075200,1075200,1075200,652800,1401600,0,0,0,25,0,0,32,0,1,2,0,0,0,0,0,1,0,0,630,125,58,0,0,0,0,0,0,12724,0,0,13975,0,461,328,0,0,0,0,0,59,0,0,420577,143417,77849,0,0,0,512.6147758887171,3.4230108191653783
1658271199206,39.866,0.9339207,1.0,1.0,1.0,1.0,0.96666664,1.0,0.44,1.0,60.300003,60.300003,59.600002,60.300003,59.9,60.300003,59.300003,61.300003,59.9,62.9,56.9,55.9,3632315,-1549378,1075200,1075200,1075200,1075200,1075200,1075200,652800,1401600,16,1,2,0,0,0,16,0,1,0,0,0,0,0,0,0,0,0,855,130,58,0,0,0,10432,1731,1139,0,0,0,23537,0,2119,0,0,0,0,0,0,0,0,0,505913,151803,79186,0,0,0,0.012900459418070444,0.006382848392036754
1658271200454,39.943,0.6580311,1.0,1.0,1.0,0.083333336,0.08695652,1.0,0.041666668,1.0,58.600002,58.9,58.300003,58.9,58.9,59.300003,57.9,60.300003,58.600002,61.600002,54.9,54.300003,3712311,-871887,1075200,1075200,1075200,1075200,1075200,1075200,652800,1401600,0,0,0,3,0,0,38,0,1,0,0,0,63,1,1,0,1,1,361,113,68,0,0,0,0,0,0,1458,0,0,5874,0,768,0,0,0,10756,435,852,0,698,863,201849,222997,154857,0,0,0,-1.0,-1.0
1658271201499,40.012,0.8333333,1.0,1.0,1.0,0.7692308,0.84,1.0,0.0,1.0,57.600002,57.600002,56.600002,56.600002,56.9,57.600002,56.600002,58.600002,56.9,59.9,53.600002,53.300003,3715036,-469665,1075200,1075200,1075200,1075200,1075200,1075200,652800,1401600,0,0,0,0,0,0,89,8,33,126,27,40,117,23,54,0,0,0,211,159,125,0,0,0,0,0,0,0,0,0,50879,28325,198107,114959,61546,228105,118533,57124,317590,0,0,0,192796,345362,372645,0,0,0,-1.0,-1.0
1658271202576,40.046,0.9537037,1.0,1.0,1.0,1.0,1.0,1.0,0.61538464,1.0,56.9,57.300003,56.600002,56.9,57.300003,57.300003,56.600002,58.300003,56.9,59.600002,52.9,52.9,3716398,-463562,1075200,1075200,1075200,1075200,1075200,1075200,652800,1401600,0,0,0,0,0,0,37,5,7,45,4,9,142,19,29,0,0,0,274,168,96,0,0,0,0,0,0,0,0,0,25503,2564,18164,35162,11667,32917,91455,60632,162784,0,0,0,234938,402198,243048,0,0,0,142.23901081916537,1.963808346213292
1658271203727,40.092003,0.96,1.0,1.0,1.0,1.0,1.0,1.0,0.6923077,1.0,58.600002,58.600002,57.9,58.9,58.9,58.9,57.9,59.300003,59.300003,60.9,55.600002,54.600002,3618496,-1898194,1075200,1075200,1075200,1075200,1075200,1075200,652800,1401600,0,0,0,0,0,0,7,0,1,8,1,1,21,0,1,47,0,2,891,80,35,0,0,0,0,0,0,0,0,0,2294,0,732,7330,1585,2800,6935,0,715,19596,0,413,407610,74332,34788,0,0,0,1020.7771262135923,4.268621359223301
1658271205204,40.159,0.94222224,1.0,1.0,1.0,1.0,1.0,1.0,0.53846157,1.0,60.300003,60.300003,59.600002,60.300003,60.300003,60.300003,59.300003,60.9,60.300003,62.600002,56.9,56.300003,3616744,-1939698,1075200,1075200,1075200,1075200,1075200,1075200,652800,1401600,0,0,0,0,0,0,0,0,0,3,0,0,12,0,1,1,0,0,605,113,59,0,0,0,0,0,0,0,0,0,0,0,0,954,0,0,3436,0,919,863,0,0,341480,110875,60708,0,0,0,925.300923076923,5.342129230769231
1658271206320,40.216003,0.9497717,1.0,1.0,1.0,1.0,0.96428573,1.0,0.5925926,1.0,61.300003,61.300003,60.600002,61.300003,60.9,60.9,59.9,61.600002,60.600002,63.300003,57.600002,57.300003,3571978,-2025147,1075200,1075200,1075200,1075200,1075200,1075200,652800,1401600,1,0,0,0,0,0,0,0,0,26,0,3,0,0,0,35,1,1,512,101,45,0,0,0,1260,0,0,0,0,0,0,0,0,11994,0,3817,0,0,0,9110,608,825,329208,114519,56546,0,0,0,848.3992961876833,4.985759530791788
1658271207559,40.299004,0.97547686,1.0,1.0,1.0,1.0,1.0,1.0,0.8181818,1.0,61.9,61.9,60.9,61.600002,61.600002,61.600002,60.600002,62.600002,61.9,63.9,58.600002,57.600002,3595918,-1942445,1075200,1075200,1075200,1075200,1075200,1075200,652800,1401600,29,2,1,90,0,2,14,0,0,2,0,0,7,0,0,1,0,0,501,105,46,0,0,0,7265,693,1300,14474,0,1327,3548,0,0,31,0,0,2238,0,0,34,0,0,328246,113057,60922,0,0,0,924.9069799072643,5.655839258114375
1658271208911,40.401,0.94214875,1.0,0.96666664,1.0,1.0,1.0,1.0,0.58064514,1.0,62.600002,62.600002,62.300003,62.600002,62.600002,62.600002,61.300003,63.300003,61.9,64.9,59.300003,58.600002,3570031,-1990357,1075200,1075200,1075200,1075200,1075200,1075200,652800,1401600,0,0,0,36,0,1,0,0,0,0,0,0,0,0,0,0,0,0,555,84,43,0,0,0,0,0,0,5868,0,413,0,0,0,0,0,0,0,0,0,0,0,0,343590,87791,64825,0,0,0,925.221535660091,5.178949924127466
1658271210186,40.503002,0.94545454,1.0,1.0,1.0,1.0,1.0,1.0,0.5769231,1.0,63.600002,63.300003,62.300003,63.300003,63.300003,62.9,61.9,63.9,63.300003,65.600006,59.600002,58.9,3597281,-1958619,1075200,1075200,1075200,1075200,1075200,1075200,652800,1401600,0,0,0,50,0,0,0,0,0,0,0,0,76,0,1,0,0,0,517,118,46,0,0,0,0,0,0,13129,0,0,0,0,0,0,0,0,8055,0,384,0,0,0,327052,140736,64788,0,0,0,930.6870646153845,5.26144
1658271211316,40.582,0.9551569,0.96428573,1.0,1.0,0.96153843,1.0,1.0,0.6666667,1.0,63.600002,63.600002,62.9,63.600002,63.600002,63.300003,61.9,64.3,62.9,65.9,59.9,59.300003,3585797,-1975404,1075200,1075200,1075200,1075200,1075200,1075200,652800,1401600,2,0,0,0,0,0,26,0,2,14,0,0,44,1,0,0,0,0,507,97,61,0,0,0,1062,0,0,0,0,0,9460,0,873,6943,0,0,6745,448,0,0,0,0,315464,113751,76174,0,0,0,938.7824785276073,4.731239263803681
1658271212535,40.672,0.95348835,1.0,1.0,1.0,1.0,1.0,1.0,0.61538464,1.0,64.3,63.9,63.300003,64.3,63.9,63.9,62.9,64.9,64.600006,66.3,60.300003,59.600002,3586381,-2115785,1075200,1075200,1075200,1075200,1075200,1075200,652800,1401600,27,0,0,0,0,0,0,0,0,76,0,1,1,0,0,0,0,0,469,91,56,0,0,0,7133,0,0,0,0,0,0,0,0,20277,0,29,23,0,0,0,0,0,327720,104841,76398,0,0,0,1001.87136,5.661292307692307
1658271213744,40.748,0.93457943,1.0,1.0,1.0,1.0,1.0,1.0,0.44,1.0,64.600006,64.9,63.9,64.600006,64.600006,64.600006,63.600002,65.3,64.3,66.600006,60.9,60.300003,3591636,-2061463,1075200,1075200,1075200,1075200,1075200,1075200,652800,1401600,0,0,0,30,0,0,2,0,0,2,0,0,0,0,0,1,0,0,532,105,33,0,0,0,0,0,0,3446,0,0,1775,0,0,2005,0,0,0,0,0,136,0,0,299529,94754,39181,0,0,0,900.1023703703704,4.48483950617284
1658271214900,40.854,0.94630873,1.0,1.0,1.0,1.0,1.0,1.0,0.5833333,1.0,64.600006,64.9,63.9,64.3,64.600006,64.3,63.300003,65.600006,63.9,67.3,60.600002,59.9,3602341,-1950379,1075200,1075200,1075200,1075200,1075200,1075200,652800,1401600,17,0,0,44,0,3,2,0,0,1,0,0,0,0,0,42,0,1,519,139,64,0,0,0,5986,0,0,10762,0,2760,64,0,0,351,0,0,0,0,0,11579,0,800,338567,143120,83771,0,0,0,901.3822051282052,4.436461538461538
1658271216147,40.952003,0.9402985,1.0,1.0,1.0,0.96153843,1.0,1.0,0.5416667,1.0,65.3,64.9,64.3,64.9,64.9,64.600006,63.9,65.9,64.9,67.3,61.300003,60.600002,3593193,-2001039,1075200,1075200,1075200,1075200,1075200,1075200,652800,1401600,21,0,1,0,0,0,0,0,0,9,0,0,17,2,2,31,0,1,621,126,43,0,0,0,8171,0,434,0,0,0,0,0,0,5158,0,0,12689,1122,1255,5946,0,1804,370110,131014,54770,0,0,0,941.3573953488371,5.250778294573643
1658271217225,41.02,0.945,1.0,1.0,1.0,1.0,1.0,0.96153843,0.56,1.0,65.3,65.600006,64.600006,65.3,65.600006,65.3,64.3,65.9,64.9,67.600006,61.600002,60.600002,3598643,-1956788,1075200,1075200,1075200,1075200,1075200,1075200,652800,1401600,0,0,0,54,0,2,0,0,0,27,0,0,1,0,0,5,0,2,508,85,41,0,0,0,0,0,0,16400,0,1181,0,0,0,16141,0,0,32,0,0,1351,0,2159,311505,98675,58334,0,0,0,915.5099569230769,4.712910769230769
1658271218353,41.106003,0.9409283,1.0,0.9655172,1.0,1.0,1.0,1.0,0.53333336,1.0,65.600006,65.9,65.3,65.3,65.600006,65.3,64.3,66.3,65.3,67.9,62.300003,60.9,3602730,-1954652,1075200,1075200,1075200,1075200,1075200,1075200,652800,1401600,0,0,0,6,0,0,1,0,0,28,1,0,0,0,0,65,1,3,487,99,36,0,0,0,0,0,0,2847,0,0,31,0,0,6749,1288,0,0,0,0,14988,379,2836,306621,115317,50200,0,0,0,946.0481948249619,5.603604261796042
1658271219758,41.219,0.9324324,1.0,1.0,1.0,1.0,1.0,1.0,0.46153846,1.0,65.9,65.9,65.3,65.9,66.3,65.9,64.9,66.9,65.9,68.3,62.600002,61.9,3598059,-1982118,1075200,1075200,1075200,1075200,1075200,1075200,652800,1401600,1,0,0,40,0,0,7,0,0,8,0,0,2,0,0,2,0,1,577,125,55,0,0,0,89,0,0,9080,0,0,3342,0,0,5301,0,0,445,0,0,1883,0,1493,344314,132490,70005,0,0,0,928.1888346213292,4.2012982998454405
1658271220910,41.317,0.9336283,1.0,1.0,1.0,0.96666664,1.0,1.0,0.44444445,1.0,66.3,66.3,65.3,65.9,65.9,66.3,64.9,66.9,65.600006,68.600006,62.300003,61.600002,3603898,-1994019,1075200,1075200,1075200,1075200,1075200,1075200,652800,1401600,3,0,0,24,1,0,10,0,1,36,0,0,0,0,0,0,0,0,542,108,65,0,0,0,1361,0,0,7336,667,0,3601,0,614,3998,0,0,0,0,0,0,0,0,373010,115546,83816,0,0,0,955.5734316436251,4.858592933947773
1658271222100,41.423,0.9574468,1.0,1.0,1.0,1.0,1.0,1.0,0.65,1.0,66.600006,66.600006,65.600006,66.3,66.3,66.3,65.3,67.3,65.9,68.9,62.600002,61.9,3597086,-1943971,1075200,1075200,1075200,1075200,1075200,1075200,652800,1401600,10,0,0,5,0,1,21,0,2,56,0,0,0,0,0,0,0,0,558,115,50,0,0,0,3805,0,0,1733,0,562,6766,0,736,17731,0,0,0,0,0,0,0,0,351873,119444,58391,0,0,0,937.5949948717948,4.750482051282051
1658271223533,41.514004,0.75,0.7586207,0.96666664,0.8965517,0.43333334,1.0,0.7586207,0.14814815,1.0,66.3,65.9,65.600006,66.3,66.3,66.3,65.600006,67.3,66.600006,69.3,62.300003,61.600002,3673384,-858154,1075200,1075200,1075200,1075200,1075200,1075200,652800,1401600,0,0,0,25,0,1,8,0,0,60,0,2,0,0,0,0,0,0,641,93,52,0,0,0,0,0,0,9283,0,849,772,0,0,22404,0,1027,0,0,0,0,0,0,392709,98832,69538,0,0,0,0.003513097072419106,0.0012819722650231123
1658271224648,41.589,0.5418719,1.0,0.0,1.0,0.07692308,1.0,0.18518518,0.07692308,1.0,62.9,63.300003,62.9,63.600002,63.9,63.600002,62.600002,65.3,63.300003,66.9,59.600002,58.9,3705888,-466003,1075200,1075200,1075200,1075200,1075200,1075200,652800,1401600,54,6,13,54,0,3,47,10,14,142,10,16,4,0,1,57,3,9,324,117,90,0,0,0,37615,9578,61473,8749,0,6062,29227,15472,54025,55249,16225,100324,1007,0,491,32382,3349,63510,239571,253466,227172,0,0,0,-1.0,-1.0
1658271225695,41.634003,0.5801887,0.4814815,0.64,0.12,1.0,0.34615386,1.0,0.071428575,1.0,61.600002,60.9,60.9,61.300003,61.9,61.600002,60.9,63.600002,61.600002,64.9,58.300003,57.9,3709586,-566711,1075200,1075200,1075200,1075200,1075200,1075200,652800,1401600,24,6,8,183,16,50,132,23,56,182,19,73,0,0,0,84,6,33,171,114,142,0,0,0,19684,10023,18894,187876,36769,420986,106076,57586,322127,148678,48239,461255,0,0,0,69398,21443,264173,165484,284585,499076,0,0,0,-1.0,-1.0
1658271226756,41.672,0.87623763,0.8333333,0.84,0.8,0.96,1.0,1.0,0.625,1.0,59.600002,59.9,58.9,59.9,59.9,60.300003,59.300003,62.300003,59.9,62.600002,56.9,56.9,3711727,-411987,1075200,1075200,1075200,1075200,1075200,1075200,652800,1401600,158,25,29,396,26,41,306,55,75,0,0,0,34,5,16,127,31,42,184,41,57,2,0,0,120042,65402,88171,325413,46934,114874,210991,148610,389742,0,0,0,30387,15656,148536,103157,78670,186863,115720,68369,704103,46,0,0,20.872382126348228,0.4319630200308166
1658271227919,41.714,0.9423077,1.0,0.88,1.0,1.0,0.9259259,1.0,0.76,1.0,62.300003,62.300003,61.600002,61.9,62.600002,62.300003,61.9,63.300003,62.9,64.9,59.300003,58.600002,3609348,-1958619,1075200,1075200,1075200,1075200,1075200,1075200,652800,1401600,457,18,14,744,12,22,317,9,26,120,7,13,22,3,5,160,7,22,439,70,87,1,0,0,179306,38247,21771,239062,25389,79817,133671,7253,32409,57009,5621,20566,12531,3579,113248,60514,8746,30653,272648,74753,260959,32,0,0,993.8447176287051,5.922446177847114
1658271229131,41.759003,0.9423077,0.92,0.9230769,1.0,1.0,1.0,1.0,0.68,1.0,63.9,64.3,63.300003,63.9,63.9,63.9,62.9,64.600006,64.3,66.600006,60.600002,59.600002,3585992,-2098390,1075200,1075200,1075200,1075200,1075200,1075200,652800,1401600,379,2,2,551,0,7,5,0,0,39,3,8,513,3,15,0,0,0,435,61,52,0,0,0,92632,3148,1174,143860,0,5711,4984,0,0,17833,2269,5756,112404,3734,15398,0,0,0,213595,66668,57953,0,0,0,1791.0678024691358,7.781432098765432
1658271230325,41.808002,0.9142857,0.8888889,0.8076923,1.0,1.0,1.0,1.0,0.61538464,1.0,65.600006,65.600006,64.9,65.3,65.600006,65.3,64.600006,66.3,65.3,67.600006,62.300003,61.300003,3574313,-2143251,1075200,1075200,1075200,1075200,1075200,1075200,652800,1401600,202,0,1,193,2,2,115,0,6,0,0,0,17,0,2,2,2,1,456,49,39,0,0,0,41373,0,389,42518,1165,1437,20443,0,2774,0,0,0,3924,0,817,768,575,1673,230667,36259,40023,0,0,0,1351.1934320987655,6.598814814814815
1658271231429,41.861004,0.9855769,1.0,0.96428573,1.0,1.0,1.0,1.0,0.89285713,1.0,66.3,66.3,65.600006,65.9,65.9,65.9,64.9,66.600006,65.600006,68.600006,62.600002,61.9,3598448,-2004395,1075200,1075200,1075200,1075200,1075200,1075200,652800,1401600,438,3,5,514,0,2,0,0,0,10,0,0,3,0,0,385,0,8,486,79,62,0,0,0,103735,2171,2806,115390,0,1423,0,0,0,1538,0,0,123,0,0,81278,0,7915,293115,80401,86215,0,0,0,1326.049873651772,7.206557781201849
1658271232557,41.917004,0.9583333,1.0,0.96153843,1.0,1.0,1.0,1.0,0.7692308,0.962963,66.600006,66.600006,65.600006,66.3,66.600006,66.600006,64.9,67.3,65.9,68.9,62.9,62.300003,3585992,-1997071,1075200,1075200,1075200,1075200,1075200,1075200,652800,1401600,298,3,2,259,0,1,0,0,0,3,0,1,0,0,0,15,0,2,504,59,54,0,0,0,69872,868,785,71078,0,648,0,0,0,976,0,420,0,0,0,5952,0,3006,314047,71875,74593,0,0,0,1332.011311627907,6.733345736434108
1658271233676,41.981003,0.9423077,0.88,1.0,1.0,1.0,1.0,1.0,0.65384614,1.0,67.3,67.3,66.600006,66.9,67.3,66.600006,65.600006,68.3,66.9,68.600006,63.600002,62.9,3581320,-2135621,1075200,1075200,1075200,1075200,1075200,1075200,652800,1401600,111,1,1,350,0,2,2,0,0,6,0,0,0,0,0,27,0,1,554,66,34,109,0,6,20119,1058,531,68197,0,6841,2057,0,0,2483,0,0,0,0,0,3374,0,3157,301831,67765,53901,20539,0,4484,1333.8347160493827,6.170320987654321
1658271234810,42.027,0.85365856,0.8333333,0.8214286,1.0,0.64,0.96428573,0.96153843,0.5555556,1.0,67.3,66.9,66.600006,66.9,66.600006,66.600006,65.600006,68.600006,66.3,68.9,63.9,62.9,3568085,-2133485,1075200,1075200,1075200,1075200,1075200,1075200,652800,1401600,508,2,2,49,0,1,4,0,0,57,0,3,2,0,1,16,0,0,463,90,45,0,0,0,140983,1793,1010,19801,0,2690,2278,0,0,12234,0,2645,1042,0,1108,4841,0,0,267077,98300,55687,10,0,0,1359.709503900156,6.922333853354134
1658271235904,42.091003,0.86283183,0.86206895,0.85714287,0.96428573,0.9285714,1.0,0.8214286,0.5,1.0,67.9,67.600006,66.9,67.600006,67.600006,67.3,66.3,68.9,67.3,69.3,64.3,63.300003,3579179,-2109071,1075200,1075200,1075200,1075200,1075200,1075200,652800,1401600,530,3,6,1044,5,15,18,0,1,692,5,29,9,1,1,136,2,10,533,65,94,18,0,2,214767,2134,5069,293010,5716,14766,2633,0,1279,203878,4533,33509,2511,1349,1453,34467,2347,5666,312466,72869,120710,2581,0,1020,1378.4670664605874,6.685972179289026
1658271237004,42.159,0.92788464,0.92,0.8,1.0,0.962963,1.0,0.96153843,0.75,1.0,67.9,67.3,66.600006,67.3,67.3,66.9,66.3,69.3,67.3,69.3,64.600006,63.600002,3551346,-2203981,1075200,1075200,1075200,1075200,1075200,1075200,652800,1401600,317,2,1,829,4,4,324,3,11,120,3,6,128,1,9,135,6,11,807,87,94,1,0,0,112726,1872,1222,234077,1667,3835,62464,1815,11812,63343,3102,17803,46627,1719,7363,40881,8741,27307,415231,94821,114391,42,0,0,1423.2364869029277,6.935272727272727
1658271238182,42.223003,0.91219515,0.9259259,0.8076923,1.0,0.92,0.96,1.0,0.7407407,0.92,68.600006,67.9,67.3,67.9,67.600006,67.600006,66.9,69.600006,67.600006,69.600006,65.3,63.9,3581320,-2087403,1075200,1075200,1075200,1075200,1075200,1075200,652800,1401600,512,2,3,872,2,6,69,5,3,293,3,12,82,2,2,14,0,2,628,55,149,5,1,1,170878,2491,3501,253052,1967,6504,26949,1753,6082,108673,5320,10639,20624,829,2451,6631,0,1886,316421,58475,173246,273,617,14,1432.3578765432098,7.275851851851852
1658271239316,42.283,0.84390247,0.8076923,0.6818182,1.0,0.9230769,0.9230769,0.9166667,0.41666666,1.0,68.9,68.600006,67.9,67.9,68.3,68.3,67.600006,69.9,68.3,70.3,65.600006,64.3,3571394,-2206117,1075200,1075200,1075200,1075200,1075200,1075200,652800,1401600,275,3,3,589,0,5,224,3,7,462,3,10,34,1,6,0,0,0,533,60,145,167,3,10,87672,1962,2714,165540,0,6106,56861,1177,8234,142676,1685,10160,13756,300,7977,0,0,0,328595,81143,230420,32082,1743,8599,1435.9183925811435,6.549564142194745
1658271240455,42.351,0.8786408,1.0,0.88461536,0.7916667,1.0,0.84,1.0,0.53846157,1.0,69.3,68.9,68.3,68.600006,68.600006,68.600006,67.9,70.600006,68.600006,70.9,65.600006,64.3,3578985,-2117311,1075200,1075200,1075200,1075200,1075200,1075200,652800,1401600,515,1,4,833,2,9,122,3,2,179,4,7,130,3,4,107,3,6,606,90,163,70,0,11,159747,1937,4181,256474,1248,12181,26560,756,1641,70766,1944,12884,34876,2545,2815,26328,3176,10685,330369,109447,200786,16991,0,12195,1453.6104369230768,7.524873846153846
1658271241611,42.442,0.8719212,0.875,0.82608694,1.0,0.8695652,0.84,1.0,0.56,1.0,69.3,69.3,68.600006,68.9,69.3,69.3,68.600006,70.600006,69.3,72.600006,65.600006,64.9,3545118,-2272340,1075200,1075200,1075200,1075200,1075200,1075200,652800,1401600,206,2,3,591,0,7,695,1,15,115,0,4,453,2,8,0,0,0,676,48,113,127,0,1,72261,1297,1991,166922,0,8085,141695,384,14439,37396,0,16096,80921,800,8929,0,0,0,366025,57642,157024,7444,0,1105,1518.0117037037037,7.958074074074074
1658271242691,42.506,0.875,0.89285713,0.9230769,0.9259259,0.88461536,1.0,1.0,0.3846154,1.0,70.3,69.9,69.3,69.600006,69.9,69.9,68.3,70.9,68.9,71.600006,66.3,65.3,3567112,-2164308,1075200,1075200,1075200,1075200,1075200,1075200,652800,1401600,328,0,0,722,0,7,0,0,0,495,3,5,265,4,5,5,0,2,591,56,121,53,0,2,109728,0,0,178151,0,9112,0,0,0,147075,1304,9124,65457,2741,5177,746,0,59,320998,56835,153150,9113,0,1536,1467.8534736842105,6.755467492260062
1658271243779,42.577003,0.9302326,1.0,1.0,1.0,0.8518519,0.96428573,0.96428573,0.71428573,1.0,70.3,69.9,69.3,69.9,69.9,69.9,68.600006,71.3,69.600006,71.9,66.600006,65.600006,3547843,-2218934,1075200,1075200,1075200,1075200,1075200,1075200,652800,1401600,246,0,4,638,1,5,269,1,1,286,2,9,138,0,3,0,0,0,601,72,111,0,0,0,76462,0,2343,174786,725,4953,63948,509,386,96652,1073,5409,45668,0,5728,0,0,0,316566,89988,156487,0,0,0,1438.8231056661562,6.622529862174579
1658271244937,42.645,0.84236455,0.8518519,0.6818182,1.0,0.92,0.88461536,0.8695652,0.53846157,1.0,70.600006,70.600006,69.9,69.9,70.3,70.3,69.600006,71.9,70.3,72.3,66.9,66.3,3582877,-2191163,1075200,1075200,1075200,1075200,1075200,1075200,652800,1401600,104,1,1,516,1,2,117,0,1,693,4,13,228,1,6,90,1,4,505,81,72,0,0,0,44093,878,450,171223,1097,2518,23033,1078,258,211931,2647,15842,48069,1269,4714,19492,1288,2950,284539,75763,97182,0,0,0,1482.3672569659443,7.158390092879257
1658271246034,42.706,0.9073171,0.92,0.88,1.0,0.96153843,0.92,1.0,0.5416667,1.0,70.9,70.600006,70.3,70.600006,70.600006,70.600006,69.3,72.3,70.3,72.600006,67.3,66.3,3549011,-2142945,1075200,1075200,1075200,1075200,1075200,1075200,652800,1401600,443,5,11,1229,2,11,141,3,5,227,5,9,17,3,5,138,4,8,629,64,97,17,2,8,156564,2940,8926,306008,3103,13005,31763,3034,7816,73503,9350,19431,9521,6638,12587,40628,3466,10830,342274,60884,134522,3957,3079,2821,1512.0690942812982,7.7731808346213285
1658271247178,42.777,0.92070484,0.8965517,0.85714287,1.0,0.9655172,1.0,0.9655172,0.64285713,1.0,71.600006,71.600006,70.600006,71.3,70.9,71.3,70.3,72.3,70.9,72.9,67.9,66.9,3564776,-2152711,1075200,1075200,1075200,1075200,1075200,1075200,652800,1401600,468,0,1,817,4,4,19,1,2,454,5,5,84,1,3,11,0,3,642,82,112,5,0,0,155939,0,656,219051,4062,3633,4115,28,772,123311,3836,7589,22377,30,9391,1964,0,1297,330983,99487,148699,147,0,0,184.79403369065847,0.8689127105666156
1658271248517,42.875004,0.75641024,0.6296296,0.93333334,0.6296296,0.8965517,0.60714287,1.0,0.25,1.0,69.600006,69.9,69.600006,70.3,70.600006,70.600006,69.600006,70.600006,69.9,72.3,65.600006,65.3,3630369,-1521302,1075200,1075200,1075200,1075200,1075200,1075200,652800,1401600,388,4,6,706,9,18,121,6,12,281,9,19,234,5,4,57,0,2,593,58,75,0,0,0,107824,7746,13818,264728,10792,28554,66981,8006,35497,94226,12281,61004,68977,8828,9933,10926,0,2189,344162,94504,156842,0,0,0,-1.0,-1.0
