1658258955241,34.093002,0.6329114,0.3,0.95454544,0.45,0.6666667,0.3529412,0.95238096,0.2,1.0,45.9,46.300003,45.600002,46.600002,46.600002,46.9,46.300003,46.300003,47.300003,47.600002,42.600002,42.9,3935560,-1292420,1075200,1075200,1075200,1075200,1075200,1075200,652800,1401600,813866,22903,66771,833483,28825,78381,402428,42987,94054,369650,39317,92643,297737,27663,79943,281277,27055,78232,343838,53867,105246,234474,18790,63254,736579446,45310144,791908491,756342628,56755697,760557947,336260249,92690624,1148178127,303554518,85309370,1171681139,235597889,61497500,1185559960,226858422,59386861,1157832882,241421944,113857555,1374895526,109277062,49318735,1168918596,-1.0,-1.0
1658258956230,34.125,0.39784947,0.17391305,0.7826087,0.28,0.33333334,0.27272728,0.3043478,0.0,1.0,45.300003,45.9,44.9,45.600002,46.300003,46.600002,45.9,47.300003,46.300003,47.600002,42.9,42.9,3980521,-662537,1075200,1075200,1075200,1075200,1075200,1075200,652800,1401600,570,0,0,211,0,0,395,4,12,233,1,0,372,7,14,113,8,13,544,12,30,40,2,1,296998,0,0,87355,0,0,221817,6438,8646,158446,369,0,234524,7514,35120,65804,10168,15650,388402,24372,133020,6393,3159,433,0.009137190082644629,0.023563636363636363
1658258957300,34.167,0.5217391,0.34615386,0.39285713,0.4,0.46153846,0.5,1.0,0.15384616,1.0,44.9,45.300003,44.300003,45.300003,45.9,45.600002,45.300003,46.600002,45.600002,47.300003,42.600002,42.600002,3991810,-625915,1075200,1075200,1075200,1075200,1075200,1075200,652800,1401600,587,0,0,187,0,0,222,12,25,231,14,28,312,11,23,236,5,26,836,58,72,23,0,4,336404,0,0,115514,0,0,123571,31854,115124,172211,18562,88675,169693,22911,93120,147495,5694,129860,428858,103324,190253,3953,0,3861,-1.0,-1.0
1658258958510,34.208,0.68095237,0.6818182,0.8076923,0.5714286,0.8148148,0.60714287,0.61538464,0.34615386,1.0,44.600002,44.600002,43.9,44.300003,44.300003,44.300003,44.300003,46.600002,44.600002,46.600002,41.9,41.9,4009911,-728149,1075200,1075200,1075200,1075200,1075200,1075200,652800,1401600,771,0,0,386,0,0,502,32,85,367,37,71,318,36,60,310,29,47,423,52,100,14,0,0,610276,0,0,328738,0,0,343307,47462,266449,258541,68674,243441,244755,59418,159474,209945,47145,132610,244325,123364,549326,339,0,0,-1.0,-1.0
1658258959589,34.246002,0.4300518,0.2,0.6,0.13043478,0.20833333,0.25,1.0,0.08,1.0,45.300003,45.9,45.300003,45.9,45.9,45.9,45.600002,45.9,45.9,47.300003,42.600002,42.600002,3981105,-668640,1075200,1075200,1075200,1075200,1075200,1075200,652800,1401600,883,0,0,293,0,0,446,22,45,458,39,55,531,17,26,459,18,47,787,41,77,39,0,2,468460,0,0,263126,0,0,276904,54481,184587,260997,64353,157677,249956,39966,85597,274939,24218,165689,370061,74977,362175,3932,0,2530,-1.0,-1.0
1658258960624,34.278,0.5776699,0.48,0.5,0.88,0.375,0.51724136,0.65384614,0.1923077,0.962963,44.600002,44.9,44.300003,45.300003,45.600002,45.300003,44.600002,46.600002,45.300003,46.9,42.300003,42.300003,3999984,-470581,1075200,1075200,1075200,1075200,1075200,1075200,652800,1401600,853,0,0,325,0,0,498,46,79,570,45,71,238,22,56,238,6,14,726,44,118,26,1,1,572396,0,0,322328,0,0,337338,67623,207375,334294,68977,230522,213457,35524,282383,129385,3140,43310,348218,93745,412027,5530,1224,564,-1.0,-1.0
1658258961725,34.303,0.28712872,0.0,1.0,0.03846154,0.08,0.18518518,0.03846154,0.03846154,1.0,44.300003,44.9,43.600002,44.9,44.9,44.9,44.600002,45.9,44.9,46.300003,42.300003,41.9,3945681,-1137696,1075200,1075200,1075200,1075200,1075200,1075200,652800,1401600,686,1,10,353,12,20,288,18,52,397,19,64,384,45,57,135,2,12,354,26,102,90,4,4,523816,341,52992,502644,32264,109059,197056,36938,265685,246569,37617,465770,264290,111837,306958,100948,5301,215733,241224,69007,613821,10719,7668,16145,-1.0,-1.0
1658258962788,34.329002,0.4827586,0.10526316,1.0,1.0,0.22727273,0.2173913,0.26086956,0.045454547,1.0,43.600002,43.9,42.600002,43.300003,43.600002,43.600002,43.300003,45.600002,43.600002,45.600002,41.9,41.600002,4009132,-377502,1075200,1075200,1075200,1075200,1075200,1075200,652800,1401600,575,20,36,271,1,1,277,42,64,299,53,86,174,16,58,300,14,55,153,26,150,3,0,2,506965,58989,171533,369287,962,1628,181194,95130,433847,240648,151372,443989,159144,29608,502770,145992,29041,423222,120534,83115,794578,72,0,971,-1.0,-1.0
1658258963849,34.354,0.27918783,0.0,0.0,0.0,0.04,1.0,0.12,0.0,1.0,44.300003,44.600002,43.600002,44.300003,43.9,43.9,43.600002,45.9,44.300003,46.300003,41.600002,41.600002,4006797,-402527,1075200,1075200,1075200,1075200,1075200,1075200,652800,1401600,597,12,28,162,0,0,211,7,31,325,28,62,326,24,53,346,19,30,324,30,117,61,0,3,446278,29080,141612,97682,0,0,141892,6845,229082,254305,56763,302038,247634,55983,318046,201254,47948,275300,255552,78378,550755,13480,0,2551,-1.0,-1.0
1658258964943,34.370003,0.28229666,0.03846154,0.0,0.04,1.0,0.0,0.11111111,0.0,1.0,43.300003,42.9,43.300003,42.9,42.9,43.300003,43.300003,45.300003,43.600002,45.600002,41.600002,41.600002,4011663,-339966,1075200,1075200,1075200,1075200,1075200,1075200,652800,1401600,510,28,68,168,0,12,108,19,49,143,37,74,33,3,6,123,34,74,60,67,81,2,0,1,599626,52248,255090,363448,0,355100,145923,30694,726555,186752,84011,684441,25283,4836,8263,139243,77546,605010,51620,181760,782925,2226,0,4135,-1.0,-1.0
1658258965997,34.411003,0.36458334,0.2173913,0.13043478,1.0,0.2,0.16666667,0.16666667,0.04,1.0,42.600002,42.600002,42.300003,43.300003,42.9,42.600002,42.600002,44.9,42.9,44.9,41.300003,40.9,4011663,-336914,1075200,1075200,1075200,1075200,1075200,1075200,652800,1401600,376,21,56,347,5,34,221,44,99,72,15,30,162,36,72,134,27,60,108,55,150,2,0,3,490402,64440,320229,501370,13691,439867,253224,98156,586600,70475,23286,123791,176989,65678,577389,145125,48123,590586,92111,142657,701329,61,0,1274,-1.0,-1.0
1658258967047,34.427002,0.46919432,0.1923077,0.5,0.42307693,0.26923078,0.84615386,0.3846154,0.07692308,1.0,43.300003,43.300003,42.9,42.9,42.9,42.9,42.600002,45.300003,43.300003,45.300003,41.300003,40.9,4012052,-341491,1075200,1075200,1075200,1075200,1075200,1075200,652800,1401600,467,27,46,288,15,31,193,23,44,178,36,62,147,9,35,228,43,75,49,33,86,2,0,1,461829,49629,181612,365122,35313,181736,135378,29346,107585,173475,75356,333529,122640,9972,471117,193112,79622,397835,64600,97712,833890,53,0,441,-1.0,-1.0
1658258968206,34.45,0.46829268,0.2,0.5769231,0.36,0.46153846,0.22222222,0.6923077,0.2962963,1.0,42.600002,42.9,42.300003,42.9,43.300003,43.300003,42.9,45.300003,43.600002,45.300003,41.300003,40.9,4018280,-309143,1075200,1075200,1075200,1075200,1075200,1075200,652800,1401600,401,18,42,65,4,12,139,9,24,276,15,29,168,10,19,101,14,24,367,135,90,11,0,4,322759,36808,133573,142109,3310,118536,74249,18431,217596,99308,24615,257279,66010,19349,109976,73365,25397,240266,253335,263225,329552,4820,0,3824,0.008919254658385093,0.01581366459627329
1658258969308,34.485,0.3559322,0.1904762,0.27272728,0.26086956,0.2857143,0.6086956,0.13636364,0.08695652,1.0,43.300003,43.600002,42.600002,43.300003,43.300003,43.600002,42.9,45.300003,43.600002,45.600002,42.600002,42.300003,3940620,-1324769,1075200,1075200,1075200,1075200,1075200,1075200,652800,1401600,585,22,32,523,12,23,450,30,73,688,32,53,99,17,38,125,31,33,298,60,126,18,0,4,624379,48561,88708,542099,20675,66748,331989,40867,300218,455629,54227,237410,79599,38899,209448,112158,69275,102738,177830,149554,561479,3553,0,3822,124.32774958813839,0.8484481054365733
1658258970316,34.494003,0.33846155,0.08,0.17391305,0.16,0.041666668,0.083333336,1.0,0.12,1.0,44.9,44.300003,43.600002,44.300003,43.9,43.9,43.300003,46.300003,43.9,46.300003,42.600002,42.600002,3943540,-1284180,1075200,1075200,1075200,1075200,1075200,1075200,652800,1401600,516,50,70,623,51,68,481,43,59,354,54,80,206,36,71,88,17,33,13,14,92,1,0,0,461720,76272,187206,562244,69473,117526,505358,81829,170193,309521,86887,161980,198065,59410,353078,96294,40353,230019,20565,39586,868247,23,0,0,220.5561806451613,0.3287741935483871
1658258971353,34.526,0.4198895,0.2173913,0.3043478,0.18181819,0.3478261,1.0,0.20833333,0.09090909,1.0,44.9,44.600002,44.300003,44.300003,44.600002,44.9,44.300003,46.600002,44.600002,46.600002,42.9,42.600002,3940815,-1147461,1075200,1075200,1075200,1075200,1075200,1075200,652800,1401600,462,59,92,550,60,75,562,92,52,238,63,85,103,19,43,47,10,27,159,110,181,2,0,0,521180,120755,250080,567239,109109,121345,549289,176637,119025,282003,134523,335840,109965,38924,506062,71577,28146,164399,203050,203779,588045,66,0,0,201.76955520995332,0.31442612752721616
1658258972420,34.58,0.41791046,0.04347826,0.2857143,0.16,0.44,0.7307692,0.6,0.0,1.0,45.300003,45.300003,44.9,45.600002,45.600002,45.300003,44.600002,47.300003,44.9,47.300003,43.600002,42.9,3944513,-1155701,1075200,1075200,1075200,1075200,1075200,1075200,652800,1401600,563,38,73,553,36,57,394,80,97,342,56,95,62,9,25,87,23,28,186,132,127,0,0,0,646975,60776,188224,613935,67415,133819,431125,163421,271583,348649,111292,378294,72665,18879,380692,72735,50366,168018,177002,278430,469191,0,0,0,226.67048211508555,0.3991788491446345
1658258973481,34.637,0.32402235,0.0,0.14285715,0.0952381,0.13043478,0.08695652,1.0,0.045454547,1.0,45.9,45.600002,45.300003,45.9,45.9,45.9,45.300003,47.9,45.600002,47.600002,44.300003,43.600002,3928553,-1275940,1075200,1075200,1075200,1075200,1075200,1075200,652800,1401600,806,49,64,605,54,76,407,69,94,231,36,41,120,19,50,80,15,46,42,69,128,0,0,0,669763,75839,134017,646429,100683,156370,435948,128750,250210,209201,49656,129531,135869,31810,395966,109209,20706,573747,54905,211881,709976,0,0,0,250.38362323390896,0.3324081632653061
1658258974513,34.710003,0.32850242,0.07692308,0.25,0.18518518,1.0,0.03846154,0.07692308,0.11111111,1.0,46.300003,46.600002,44.9,45.600002,45.9,46.300003,45.300003,47.9,46.300003,48.300003,44.300003,43.600002,3933419,-1239930,1075200,1075200,1075200,1075200,1075200,1075200,652800,1401600,479,19,43,626,26,51,407,73,87,282,47,98,76,14,41,41,7,19,327,201,81,2,0,0,576308,45906,196184,662924,50002,115104,452852,135107,272013,286090,95702,397633,82255,39813,598191,51876,15317,135119,301985,389617,177454,128,0,0,281.2690300157978,0.3299083728278041
1658258975553,34.793003,0.32843137,0.04,0.1923077,0.15384616,0.07692308,0.15384616,1.0,0.0,1.0,46.300003,46.300003,45.600002,46.300003,45.9,46.300003,45.300003,48.300003,46.300003,48.300003,44.600002,44.300003,3938674,-1203919,1075200,1075200,1075200,1075200,1075200,1075200,652800,1401600,360,29,55,572,53,80,352,90,92,27,5,16,80,21,51,111,14,40,342,180,102,1,0,0,490124,79464,263923,686980,90005,168084,411027,197722,310451,28426,12941,74138,91845,37341,750429,120344,19089,687583,300740,346653,250880,23,0,0,305.6273990306947,0.32325686591276254
1658258976580,34.873,0.31791908,0.0,0.15,0.0952381,0.0952381,1.0,0.04761905,0.0,1.0,46.600002,46.300003,45.9,46.300003,46.600002,47.300003,45.9,48.600002,46.9,48.600002,44.600002,44.600002,3940815,-1210328,1075200,1075200,1075200,1075200,1075200,1075200,652800,1401600,455,31,60,652,52,82,299,88,97,237,63,73,76,10,24,36,5,20,297,202,122,0,0,0,532548,72789,273489,692227,99463,164705,382639,195652,311233,262490,129602,332790,69726,26888,616626,29235,2318,332901,328518,315579,226381,0,0,0,329.85215584415585,0.35589610389610393
1658258977632,34.958,0.33333334,0.045454547,0.15,0.13636364,0.3478261,0.77272725,0.04761905,0.045454547,1.0,47.300003,46.600002,46.300003,46.600002,47.300003,46.600002,46.300003,48.9,46.9,48.9,45.300003,44.9,3931862,-1183472,1075200,1075200,1075200,1075200,1075200,1075200,652800,1401600,492,35,67,629,47,69,302,96,99,277,72,130,56,14,34,67,5,17,341,197,133,2,0,0,616199,89532,250534,684465,100584,159091,385430,201201,313151,318955,160973,483252,68841,33354,433907,42295,5210,412892,351702,356242,244882,55,0,0,362.8644230171073,0.3674774494556765
1658258978681,35.050003,0.3448276,0.18181819,0.2,0.3181818,0.6956522,0.04761905,0.09090909,0.05,1.0,47.300003,47.300003,46.600002,47.600002,47.300003,46.600002,46.300003,49.300003,46.600002,49.300003,45.600002,44.9,3940426,-1184693,1075200,1075200,1075200,1075200,1075200,1075200,652800,1401600,520,34,59,683,55,54,300,101,92,359,62,105,91,22,40,81,13,33,221,135,133,0,0,0,543350,72901,184351,691274,91481,92806,379303,246383,242249,330239,121212,351506,92142,52127,327380,77742,30702,400993,230284,304630,365996,0,0,0,386.7898724727838,0.36230171073094863
1658258979689,35.132,0.3257143,0.09090909,0.2173913,0.0952381,0.045454547,1.0,0.13043478,0.0,1.0,48.300003,47.600002,46.9,46.9,47.300003,47.600002,46.9,49.600002,47.9,49.600002,45.9,45.300003,3932445,-1325074,1075200,1075200,1075200,1075200,1075200,1075200,652800,1401600,446,34,58,651,40,54,358,67,81,312,44,107,218,42,50,163,23,38,183,119,138,1,0,0,540625,79455,220348,688206,69302,89848,385288,129023,237386,342115,75753,322410,202025,68238,380124,146052,47245,258923,193567,269363,393434,22,0,0,441.6498940809969,0.416
1658258980692,35.219,0.33870968,0.04347826,0.32,0.13636364,0.125,0.125,1.0,0.041666668,1.0,47.600002,47.600002,46.9,47.600002,47.9,47.300003,46.600002,49.9,47.600002,49.600002,45.600002,44.9,3932640,-1188965,1075200,1075200,1075200,1075200,1075200,1075200,652800,1401600,645,36,67,700,51,64,299,76,125,257,81,126,5,0,3,85,21,34,202,122,162,0,0,0,656506,68585,188858,717342,86198,113353,370402,157356,393176,293917,203539,467537,4117,0,17869,82925,47715,634342,233694,270123,453568,0,0,0,562.4896197836167,0.46422256568778975
1658258981751,35.311,0.40677965,0.13636364,0.33333334,0.5833333,0.18181819,0.72727275,0.2173913,0.13636364,1.0,47.9,47.600002,47.300003,47.600002,47.9,47.9,47.300003,50.300003,47.9,50.300003,46.600002,45.9,3938674,-1211243,1075200,1075200,1075200,1075200,1075200,1075200,652800,1401600,453,45,73,732,44,61,390,93,107,302,72,121,124,23,52,6,1,3,253,153,114,0,0,0,602757,78009,262269,739381,75160,91376,451125,210469,255676,314333,156434,491748,135036,50974,585663,5282,262,10646,245011,316005,338108,0,0,0,393.05938940809966,0.2870529595015576
1658258982752,35.399002,0.3596059,0.15384616,0.30769232,0.36,0.08,0.3846154,0.5769231,0.07692308,1.0,48.300003,48.300003,47.600002,47.9,48.600002,48.300003,47.600002,50.600002,48.300003,50.300003,46.600002,45.9,3917848,-1436768,1075200,1075200,1075200,1075200,1075200,1075200,652800,1401600,600,37,56,817,34,42,392,71,85,247,80,104,108,25,38,69,12,33,79,93,124,1,0,0,636405,87553,149488,748865,44177,59350,406156,138857,211778,270458,178921,440074,111594,47136,212398,77989,28144,399593,94364,238552,524291,29,0,0,307.2789266770671,0.23882683307332292
1658258983793,35.49,0.3546798,0.125,0.08695652,0.35714287,0.11111111,0.115384616,1.0,0.04,1.0,48.300003,47.9,46.9,47.9,47.9,48.300003,47.300003,50.300003,47.9,50.300003,46.300003,45.9,3928747,-1180115,1075200,1075200,1075200,1075200,1075200,1075200,652800,1401600,465,63,82,647,63,75,253,83,109,252,99,121,32,6,15,43,7,26,92,68,143,1,0,0,530040,141901,306221,652321,100656,135870,352778,192990,347473,295158,258650,429752,35478,15469,146130,54456,18257,641821,107079,169194,725107,28,0,0,309.9585984496124,0.23347596899224807
1658258984851,35.571003,0.5533981,0.5185185,0.3846154,0.52,0.64,0.33333334,0.9259259,0.11111111,1.0,48.300003,48.300003,47.600002,47.600002,48.600002,48.600002,47.600002,50.600002,47.9,50.600002,46.600002,46.300003,3917458,-1409607,1075200,1075200,1075200,1075200,1075200,1075200,652800,1401600,472,50,74,710,57,79,466,70,107,188,87,110,95,13,46,52,10,12,144,123,137,2,0,0,523810,84323,199091,708418,97108,142875,477283,125594,233553,232823,200098,509851,115023,23964,746115,53752,15546,45124,175135,273130,482546,57,0,0,315.9395612903226,0.25094193548387095
1658258985867,35.655003,0.3956044,0.33333334,0.5,0.4090909,0.3181818,0.13636364,0.17391305,0.22727273,1.0,48.9,48.600002,47.9,48.300003,48.9,48.600002,47.600002,50.600002,48.300003,50.600002,46.600002,46.600002,3927774,-1166382,1075200,1075200,1075200,1075200,1075200,1075200,652800,1401600,471,41,64,465,24,32,301,86,76,263,54,83,143,16,40,113,30,53,156,122,136,0,0,0,487483,96001,175129,432040,29178,56137,354351,174709,238760,230817,118387,327640,94511,39444,525892,122565,62924,399744,171418,302798,398575,0,0,0,312.4103859649123,0.24084210526315789
1658258986870,35.74,0.31862745,0.04,0.16,0.2,0.18518518,0.115384616,0.84,0.04,1.0,49.300003,48.9,48.300003,48.600002,48.9,49.300003,48.600002,51.300003,48.600002,50.9,47.300003,46.600002,3922714,-1288758,1075200,1075200,1075200,1075200,1075200,1075200,652800,1401600,528,22,30,645,27,45,375,83,78,305,56,102,122,22,39,97,14,57,147,152,108,2,0,0,636515,43625,151451,655531,47446,82832,392661,175257,204585,330196,103703,377601,125424,42826,115331,111104,24626,669230,164938,355987,332018,45,0,0,309.9097639751553,0.22737888198757764
1658258987911,35.814003,0.3627451,0.23076923,0.1923077,0.15384616,0.083333336,0.15384616,0.8076923,0.24,1.0,48.9,48.9,48.300003,48.300003,48.600002,48.300003,47.9,50.9,48.600002,50.9,46.9,46.300003,3932445,-1228333,1075200,1075200,1075200,1075200,1075200,1075200,652800,1401600,338,41,88,412,42,60,202,68,80,278,83,96,52,15,28,109,24,42,138,171,137,1,0,0,479743,87699,383084,418286,86679,98663,250518,157007,306754,305478,178661,348254,59298,43993,779833,125646,47303,543040,177417,385085,406038,29,0,0,305.1094828660436,0.23327102803738317
1658258988956,35.889,0.2712766,0.0,0.04,0.125,0.6666667,0.2173913,0.08695652,0.0,1.0,49.300003,48.9,48.300003,48.600002,48.9,49.300003,48.600002,51.300003,49.300003,51.600002,47.300003,46.9,3914733,-1169434,1075200,1075200,1075200,1075200,1075200,1075200,652800,1401600,615,19,34,711,10,21,389,80,85,321,62,77,153,33,59,96,17,35,279,166,100,2,0,0,659584,31529,89450,673611,12008,50079,430799,155991,186893,326606,113495,240154,143307,61246,448041,123043,37008,390207,266789,315203,273725,45,0,0,50.75251090342679,0.0569221183800623
1658258989997,35.976,0.2712766,0.0,0.0,0.0,1.0,0.12,0.0,0.0,1.0,47.600002,47.9,47.300003,47.9,47.9,47.600002,47.300003,49.9,47.9,49.9,45.9,45.600002,4007575,-263061,1075200,1075200,1075200,1075200,1075200,1075200,652800,1401600,461,42,63,327,17,40,222,43,96,111,38,63,48,4,27,105,17,72,210,64,116,0,0,0,570963,129706,220795,575099,36987,373608,206197,89516,602418,144755,88605,343308,70085,7011,456215,105043,30515,612985,165256,186165,553544,0,0,0,-1.0,-1.0
1658258991002,36.037003,0.2631579,1.0,0.045454547,0.0,0.0,0.13043478,0.0,0.04761905,1.0,47.300003,46.9,46.300003,47.300003,46.9,46.9,46.9,49.600002,47.300003,49.600002,44.9,45.300003,3963782,-754700,1075200,1075200,1075200,1075200,1075200,1075200,652800,1401600,399,31,60,380,26,65,154,24,77,0,0,0,182,20,75,183,26,65,7,19,108,0,0,0,455275,69641,307039,502139,73733,357129,197385,61712,644622,0,0,0,174645,32893,628966,181244,62510,601854,7710,74421,839957,0,0,0,-1.0,-1.0
1658258992024,36.091003,0.42028984,0.12,0.25,0.26923078,0.15384616,0.42307693,0.76,0.30769232,1.0,47.300003,46.600002,45.9,46.600002,46.600002,46.9,46.300003,49.600002,46.9,49.300003,45.300003,44.9,3988890,-365295,1075200,1075200,1075200,1075200,1075200,1075200,652800,1401600,408,12,27,184,18,27,120,19,41,175,36,78,112,29,68,196,15,36,142,47,151,6,0,0,372593,23696,102392,274806,43884,309610,99098,38212,412052,159320,89285,532031,109205,60963,483762,98539,32086,435209,108020,106659,642212,211,0,0,0.008,0.014957095709570958
1658258993042,36.122,0.42131978,0.04347826,0.33333334,0.28,0.16666667,0.84615386,0.375,0.23076923,1.0,47.600002,47.300003,46.9,47.300003,47.9,47.600002,47.300003,49.9,47.600002,49.9,45.9,45.600002,3925828,-1433411,1075200,1075200,1075200,1075200,1075200,1075200,652800,1401600,576,8,17,511,9,17,489,34,37,293,35,61,133,26,59,74,6,17,170,60,157,8,0,0,393749,14094,63093,383111,16608,392381,333818,54035,457323,232305,62318,543452,125838,48519,393222,50584,11094,411693,132550,142735,565237,214,0,0,537.7522105263158,0.5699473684210526
1658258994048,36.155003,0.43119267,0.07692308,0.25925925,0.22222222,0.08,0.42307693,1.0,0.2,1.0,48.300003,47.9,47.600002,47.600002,48.300003,48.300003,47.600002,50.300003,48.300003,49.9,46.600002,45.9,3921157,-1245118,1075200,1075200,1075200,1075200,1075200,1075200,652800,1401600,503,19,50,760,29,46,544,62,65,633,66,95,84,13,12,236,58,71,131,78,176,0,0,0,627684,51322,176560,714893,36633,85941,553816,112064,127092,534502,99238,195027,69439,14516,44691,236356,100754,360285,151759,173115,546170,0,0,0,586.6331925465839,0.4243975155279503
1658258995123,36.210003,0.44387755,0.08,0.24,0.2,0.2,0.65384614,1.0,0.16666667,1.0,48.9,48.600002,47.9,48.600002,48.600002,49.300003,48.600002,50.9,48.9,50.9,46.9,46.600002,3929331,-1267395,1075200,1075200,1075200,1075200,1075200,1075200,652800,1401600,526,34,64,808,58,57,603,98,67,542,86,118,92,24,43,0,0,0,335,118,158,0,0,0,604633,68473,310927,763713,99959,98272,579835,186428,146002,552713,141453,245105,88039,60535,452185,0,0,0,260637,265712,399524,0,0,0,572.8262764227642,0.44102764227642277
1658258996155,36.257,0.3546798,0.11111111,0.23076923,0.1923077,0.24,0.88,0.07692308,0.12,1.0,49.300003,48.9,48.300003,48.600002,48.9,49.300003,48.600002,51.300003,49.300003,51.600002,47.300003,46.600002,3897800,-1484070,1075200,1075200,1075200,1075200,1075200,1075200,652800,1401600,392,26,50,733,45,58,396,83,107,258,91,119,51,9,30,48,12,32,578,133,83,0,0,0,577765,50866,281616,743939,69385,104657,476497,163570,250875,320836,205993,336237,49497,16458,323025,54075,30579,226485,456817,201165,156568,0,0,0,577.18431630972,0.4276507413509061
1658258997165,36.321003,0.34634146,0.0,0.1923077,0.22222222,0.08,0.07692308,1.0,0.14814815,1.0,49.600002,49.300003,48.9,49.600002,49.600002,49.300003,48.600002,51.600002,49.300003,51.600002,48.300003,47.300003,3927385,-1266480,1075200,1075200,1075200,1075200,1075200,1075200,652800,1401600,418,29,62,734,44,48,362,94,87,185,90,92,54,15,36,78,9,36,539,161,117,0,0,0,617922,63705,216432,754238,70452,84434,413530,198276,198068,232627,236292,296061,74336,40455,477367,83771,14987,329400,405784,253751,181113,0,0,0,587.9107185069984,0.4030606531881804
1658258998211,36.372,0.34313726,0.03846154,0.16666667,0.2,0.115384616,0.07692308,1.0,0.083333336,1.0,49.600002,49.600002,49.300003,49.600002,49.300003,49.300003,48.600002,52.300003,49.300003,51.600002,47.9,47.600002,3919989,-1245423,1075200,1075200,1075200,1075200,1075200,1075200,652800,1401600,407,27,63,636,47,67,362,78,100,260,76,98,103,20,46,26,1,9,540,150,90,0,0,0,500401,64380,253660,710012,89115,115462,454714,152946,221823,328385,160726,309034,111374,45420,434678,21665,553,247596,446406,243889,171009,0,0,0,593.2752149532711,0.4455576323987539
1658258999274,36.456,0.3834197,0.125,0.28,0.18181819,0.2,0.125,1.0,0.083333336,1.0,49.9,49.600002,48.9,49.9,49.9,49.600002,49.300003,51.9,49.600002,51.9,47.9,47.600002,3921935,-1265259,1075200,1075200,1075200,1075200,1075200,1075200,652800,1401600,360,27,56,702,45,79,374,100,99,166,81,105,109,11,40,44,7,29,479,163,112,0,0,0,586946,72138,291156,757312,68663,141370,466224,208665,194664,227427,214248,309705,98647,29435,686241,48673,11146,214178,392245,274666,219214,0,0,0,602.6934828660436,0.434791277258567
1658259000308,36.517002,0.33816424,0.03846154,0.1923077,0.1923077,0.08,0.07692308,1.0,0.115384616,1.0,50.600002,50.600002,49.9,50.600002,49.9,49.9,49.9,52.300003,50.600002,52.300003,48.600002,47.9,3909284,-1449280,1075200,1075200,1075200,1075200,1075200,1075200,652800,1401600,531,30,51,721,32,55,442,79,95,309,83,126,95,14,49,20,0,1,439,174,103,0,0,0,651691,81882,213233,776570,48686,105106,501199,133026,217935,368185,183016,329657,115554,24984,683229,17004,0,377,359315,280611,203619,0,0,0,625.7725984251969,0.46120314960629916
1658259001366,36.585003,0.33333334,0.04,0.20833333,0.2173913,0.04,1.0,0.04,0.04,1.0,50.300003,50.300003,49.600002,49.9,50.300003,50.300003,49.600002,52.600002,50.300003,52.600002,48.9,47.9,3926217,-1318360,1075200,1075200,1075200,1075200,1075200,1075200,652800,1401600,294,27,63,608,52,82,289,91,85,262,71,123,61,8,34,96,36,56,435,157,114,0,0,0,382725,69342,249300,707627,83725,163921,361685,198827,205782,306329,163025,400555,55508,27523,605497,107230,79195,397943,389144,288043,244429,0,0,0,660.6255531587057,0.4570231124807396
1658259002429,36.662003,0.39655173,0.13043478,0.2,0.15789473,0.14285715,1.0,0.18181819,0.26086956,1.0,50.600002,50.600002,49.9,50.300003,50.300003,50.300003,49.600002,52.600002,50.600002,52.300003,48.9,47.9,3921935,-1286316,1075200,1075200,1075200,1075200,1075200,1075200,652800,1401600,595,41,74,849,38,51,435,76,70,308,95,124,79,19,22,98,19,41,270,133,112,0,0,0,670905,75680,201965,806082,51179,71844,484804,140316,131465,352820,228398,368978,94900,31194,99915,94564,44659,537194,247231,333275,337925,0,0,0,713.2905838509316,0.4773664596273292
1658259003460,36.723003,0.33663365,0.041666668,0.17391305,0.16,0.07692308,0.11111111,1.0,0.04,1.0,51.300003,50.600002,50.300003,50.9,50.600002,50.9,50.600002,52.9,50.9,52.9,48.9,48.600002,3918432,-1381531,1075200,1075200,1075200,1075200,1075200,1075200,652800,1401600,793,26,35,863,16,27,502,92,67,315,79,97,73,8,18,149,31,69,215,127,105,0,0,0,689289,47900,78007,812232,19323,44128,480734,163935,127975,345041,179803,249700,65349,8044,99464,148608,69486,583002,207678,319511,292467,0,0,0,768.9353246753246,0.4923116883116883
1658259004475,36.781002,0.39766082,0.1,0.5,0.3478261,0.14285715,0.6086956,0.17391305,0.25,1.0,50.9,50.9,49.9,50.600002,50.9,50.600002,50.300003,53.300003,50.600002,52.9,49.300003,48.600002,3924076,-1203919,1075200,1075200,1075200,1075200,1075200,1075200,652800,1401600,489,64,65,739,62,77,270,93,109,270,90,102,54,2,29,135,29,48,127,122,143,0,0,0,467438,99417,100782,697156,81883,106435,370381,225720,265101,306303,222159,294391,59596,2904,791718,149255,55168,124238,137978,364842,455603,0,0,0,620.8733063763608,0.3998258164852255
1658259005488,36.862003,0.32512316,0.24,0.3043478,0.33333334,0.4814815,0.115384616,0.041666668,0.0,1.0,51.600002,50.9,50.9,50.9,51.600002,51.300003,50.600002,53.300003,50.9,53.600002,49.600002,49.300003,3908310,-1418152,1075200,1075200,1075200,1075200,1075200,1075200,652800,1401600,486,7,19,852,14,14,470,78,83,365,89,102,71,11,24,122,25,60,201,133,96,0,0,0,632103,14030,157523,721550,21563,24272,500051,128029,148635,385409,190001,267812,73827,12899,117637,144426,56057,590359,196976,335399,289123,0,0,0,620.4417293934681,0.3991788491446345
1658259006541,36.923,0.38693467,0.083333336,0.26923078,0.28,0.16666667,0.84,0.115384616,0.33333334,1.0,51.300003,50.9,50.300003,50.600002,50.9,51.300003,50.300003,53.300003,51.300003,53.300003,49.600002,48.9,3917458,-1333008,1075200,1075200,1075200,1075200,1075200,1075200,652800,1401600,331,33,79,780,46,66,377,77,79,371,87,82,132,29,55,25,2,21,161,138,123,0,0,0,414074,74181,309171,684627,64009,107517,418903,158303,191521,409296,183456,238172,167332,57726,506698,30378,6676,550590,164787,419465,398403,0,0,0,619.0884380032205,0.4568631239935588
1658259007571,36.99,0.32967034,0.0,0.14285715,0.17391305,0.125,0.08695652,1.0,0.04761905,1.0,51.600002,51.300003,50.600002,51.300003,51.600002,51.300003,50.9,53.600002,51.600002,53.600002,49.600002,49.300003,3907143,-1369629,1075200,1075200,1075200,1075200,1075200,1075200,652800,1401600,463,4,22,844,12,17,327,83,103,469,62,93,53,10,27,162,27,65,572,147,63,0,0,0,696845,7868,152449,804748,12429,20083,358692,176710,262927,444279,98166,169319,41357,20995,398057,165487,48928,552685,478029,208373,109769,0,0,0,623.8925891472868,0.4766263565891473
1658259008595,37.078003,0.4,0.18181819,0.23809524,0.3,0.14285715,0.18181819,0.77272725,0.36363637,1.0,51.600002,51.600002,50.300003,50.9,51.300003,51.600002,50.9,53.600002,51.300003,53.600002,49.9,49.300003,3912203,-1365662,1075200,1075200,1075200,1075200,1075200,1075200,652800,1401600,430,57,85,564,65,94,266,99,120,242,79,103,44,10,27,18,5,11,476,129,126,1,0,0,464891,108499,167203,632558,106221,166110,342261,242968,306746,283238,177772,371287,42534,32136,770615,15983,16219,297140,427386,244590,227817,17,0,0,621.4017662337662,0.48690909090909096
1658259009636,37.129,0.33854166,0.0,0.20833333,0.09090909,0.08695652,0.083333336,1.0,0.16666667,1.0,52.300003,51.600002,50.9,51.300003,51.300003,50.9,50.9,53.9,51.600002,53.9,49.9,49.300003,3912203,-1345826,1075200,1075200,1075200,1075200,1075200,1075200,652800,1401600,476,8,19,800,30,35,339,85,101,249,77,121,80,20,51,118,22,43,572,129,110,0,0,0,604070,26914,80377,815105,51918,59477,370042,174474,267385,265636,199545,406140,83725,48984,535550,92802,58493,371882,468702,169453,155442,0,0,0,619.0026666666666,0.4951446540880503
1658259010657,37.2,0.34574467,0.04347826,0.13636364,0.13043478,0.125,0.08695652,1.0,0.08695652,1.0,51.9,51.9,51.300003,51.600002,51.9,51.9,51.300003,53.9,52.300003,53.9,49.9,49.300003,3913760,-1325074,1075200,1075200,1075200,1075200,1075200,1075200,652800,1401600,240,21,51,623,67,89,304,87,125,218,82,124,74,6,33,44,3,12,538,136,113,0,0,0,389124,60945,419087,663151,109677,161469,356001,220495,329661,286654,196254,369415,65613,19872,797351,33811,6441,129180,452840,185910,209566,0,0,0,620.0729719626167,0.480797507788162
1658259011679,37.264,0.5435898,0.5217391,0.5,0.39130434,0.65217394,0.375,0.45833334,0.29166666,1.0,52.300003,51.9,51.300003,51.600002,51.9,52.300003,51.600002,53.9,52.300003,54.300003,50.600002,49.600002,3905975,-1448365,1075200,1075200,1075200,1075200,1075200,1075200,652800,1401600,397,33,57,680,49,60,309,87,130,231,112,92,98,13,42,17,1,12,454,135,117,0,0,0,552902,83732,303124,713276,79637,81025,394715,185613,318173,277955,281066,300603,76933,29523,711066,18553,862,87276,394083,235980,213653,0,0,0,623.4858102643857,0.45805287713841364
1658259012716,37.338,0.3583815,0.0952381,0.04761905,0.0952381,0.0952381,1.0,0.14285715,0.23809524,1.0,52.600002,52.300003,51.600002,51.600002,51.9,52.300003,51.300003,54.300003,52.300003,54.300003,50.300003,49.9,3921740,-1310120,1075200,1075200,1075200,1075200,1075200,1075200,652800,1401600,492,10,24,733,35,41,328,93,115,468,85,73,131,25,43,88,12,23,638,119,94,0,0,0,585078,24538,191073,718626,62227,70483,359213,228956,251697,460036,145788,163280,120858,50633,532886,71302,17926,157869,457617,189877,174951,0,0,0,18.35074025974026,0.027584415584415583
1658259013724,37.406002,0.40932643,0.08695652,0.12,0.52,0.045454547,1.0,0.42307693,0.0,1.0,50.9,50.600002,50.300003,50.600002,50.9,51.300003,50.600002,53.600002,51.300003,53.600002,48.9,49.300003,3946459,-795288,1075200,1075200,1075200,1075200,1075200,1075200,652800,1401600,555,19,36,399,14,40,289,47,105,268,76,112,0,0,0,148,25,72,191,50,98,0,0,0,673295,35789,190504,728924,13786,180841,256487,90183,535760,293602,151570,427018,0,0,0,177513,57803,535687,169410,181920,429122,0,0,0,-1.0,-1.0
1658259014717,37.453003,0.5222222,0.39130434,0.39130434,0.41666666,0.3478261,0.95652175,0.4347826,0.2857143,1.0,49.600002,49.300003,48.9,49.600002,50.600002,49.9,49.9,52.300003,50.300003,52.600002,47.9,47.9,3984803,-351257,1075200,1075200,1075200,1075200,1075200,1075200,652800,1401600,353,41,90,158,12,27,140,36,95,267,37,118,0,0,0,118,7,55,15,30,102,0,0,0,374025,89044,457358,271598,31383,574983,170617,66342,569512,233667,57306,611981,0,0,0,114180,23175,602026,25286,115346,808760,0,0,0,-1.0,-1.0
1658259015753,37.497,0.50980395,0.3478261,1.0,0.35714287,0.33333334,0.46153846,0.42307693,0.1923077,1.0,50.300003,49.9,49.600002,49.9,50.600002,50.600002,49.9,52.600002,50.600002,52.600002,47.9,47.600002,3953466,-786743,1075200,1075200,1075200,1075200,1075200,1075200,652800,1401600,324,15,49,242,22,67,163,16,73,163,19,65,106,2,9,138,5,45,129,81,155,9,0,1,281833,36356,525916,294502,40102,546879,136515,30350,682460,141536,36306,688404,47207,1324,12997,98232,2563,644828,102445,184378,602452,1744,0,913,-1.0,-1.0
1658259016832,37.531002,0.38636363,0.15789473,0.2857143,0.17391305,0.13636364,0.13636364,1.0,0.28,1.0,49.9,50.300003,49.600002,49.9,50.300003,50.600002,49.9,51.600002,50.300003,51.9,47.9,47.600002,3926801,-1170960,1075200,1075200,1075200,1075200,1075200,1075200,652800,1401600,378,24,69,143,0,0,233,15,33,172,16,53,57,1,13,155,5,22,183,31,155,6,0,0,364569,75930,421793,85481,0,0,109864,27876,759713,124916,28329,737242,28094,3255,751756,65184,13854,732385,147487,61549,734376,596,0,0,195.61996879875196,2.118702028081123
1658259017838,37.544003,0.34408602,0.39130434,0.3043478,0.17391305,0.5652174,0.04347826,0.045454547,0.125,1.0,50.600002,50.300003,49.600002,49.9,50.600002,50.9,49.9,52.600002,50.600002,52.600002,48.9,47.9,3926801,-1264344,1075200,1075200,1075200,1075200,1075200,1075200,652800,1401600,881,25,20,670,28,46,363,57,96,360,73,102,131,24,76,3,0,3,152,64,204,5,0,0,682186,41434,53741,710474,55056,92559,349654,107909,378635,346292,140513,393639,161512,45994,574016,5600,0,20433,161059,114828,590730,95,0,0,805.5439470198676,0.7011390728476822
1658259018853,37.565002,0.33707866,0.09090909,0.1904762,0.0952381,0.95652175,0.0,0.04761905,0.045454547,1.0,51.300003,50.9,50.9,50.600002,50.600002,50.9,50.600002,53.300003,51.300003,53.300003,49.300003,48.9,3905391,-1417542,1075200,1075200,1075200,1075200,1075200,1075200,652800,1401600,475,31,55,710,33,44,369,50,82,146,29,60,165,12,66,187,19,81,203,110,235,4,0,0,474392,47211,165944,686572,49530,64389,338131,85955,300526,156024,47265,348242,171173,25440,567405,188988,34569,617506,226256,197863,473443,105,0,0,536.121361426256,0.4604991896272285
1658259019898,37.602,0.37373737,0.16666667,0.22727273,0.125,0.15384616,0.92,0.16,0.2,1.0,51.9,51.600002,51.300003,51.300003,50.9,51.300003,50.9,53.600002,51.300003,53.600002,49.9,49.300003,3901498,-1299439,1075200,1075200,1075200,1075200,1075200,1075200,652800,1401600,493,37,41,735,35,45,410,72,76,149,38,66,324,65,86,137,26,70,153,122,227,7,0,0,591596,74757,166002,774388,61188,79587,374847,124268,177714,151927,78181,281627,366797,117843,329305,153713,58142,584278,182107,247197,488392,196,0,0,569.1317950413223,0.4992
1658259020931,37.656002,0.4852941,0.125,0.44,0.1923077,0.22222222,0.75,0.96,0.23076923,1.0,51.9,51.9,50.9,51.9,51.9,51.600002,50.9,53.9,51.600002,53.9,49.9,49.300003,3920183,-1290589,1075200,1075200,1075200,1075200,1075200,1075200,652800,1401600,623,32,52,753,23,27,262,63,122,184,33,51,68,15,28,181,42,66,174,117,205,3,0,0,687148,60258,126501,747217,29125,40037,308330,126563,427010,216095,53158,261794,70606,19796,410630,195688,87719,509981,197650,251591,450657,94,0,0,598.5557333333334,0.48843410852713176
1658259021975,37.706,0.36158192,0.2173913,0.2,0.17391305,0.6363636,0.13636364,0.36363637,0.14285715,1.0,52.300003,52.300003,51.9,52.300003,52.300003,52.600002,51.9,54.600002,52.9,54.300003,50.600002,49.9,3902471,-1422120,1075200,1075200,1075200,1075200,1075200,1075200,652800,1401600,541,41,66,724,26,27,267,47,111,227,42,79,68,9,10,42,9,22,195,131,178,1,0,0,628098,83171,216853,678937,46482,50022,271629,92876,500541,247212,86140,602611,57688,19416,11782,48723,20219,581913,190589,282818,456051,27,0,0,626.0415796178345,0.4954904458598726
1658259022971,37.757,0.3283582,0.04,0.29166666,0.083333336,1.0,0.041666668,0.0,0.115384616,1.0,52.300003,52.600002,51.9,52.600002,52.300003,51.9,51.9,54.300003,52.9,54.300003,50.300003,49.9,3919599,-1289063,1075200,1075200,1075200,1075200,1075200,1075200,652800,1401600,699,46,38,662,43,57,264,65,118,211,55,65,74,17,35,135,17,27,167,123,162,2,0,0,675273,72955,72210,707239,86253,84441,321574,156956,412074,269037,103369,305915,81400,41970,716268,123011,21109,94738,185207,298056,398765,44,0,0,648.8952440944881,0.4867527559055118
1658259023985,37.811,0.38693467,0.36,0.32,0.1923077,0.3478261,0.14814815,0.53846157,0.26923078,1.0,52.600002,52.600002,51.9,52.300003,52.300003,52.300003,51.600002,54.600002,52.600002,54.300003,50.300003,49.9,3918042,-1322632,1075200,1075200,1075200,1075200,1075200,1075200,652800,1401600,508,10,22,745,21,32,491,78,86,78,24,38,104,21,54,99,18,45,155,138,164,15,0,3,593874,12046,138653,757522,35411,50310,494271,142001,203141,85907,57902,341845,116894,37954,706553,105136,30337,555507,152929,323058,444921,4509,0,2464,678.6997763975155,0.4638012422360248
1658259025031,37.872,0.32352942,0.04,0.2,0.04,0.0,0.11111111,1.0,0.15384616,1.0,53.300003,52.9,51.9,52.600002,52.9,53.300003,52.9,54.9,52.9,54.9,51.300003,50.600002,3877558,-1523438,1075200,1075200,1075200,1075200,1075200,1075200,652800,1401600,472,31,54,743,25,35,287,61,105,102,19,47,130,22,43,62,21,38,178,149,162,2,0,1,530965,75575,247829,707562,31330,52168,290423,133196,448583,105589,41017,290005,116793,48881,597670,73375,52162,614095,170875,344014,396829,52,0,580,781.8805911330049,0.562863711001642
1658259026034,37.923,0.33701658,0.09090909,0.22727273,0.1904762,0.7826087,0.08695652,0.13043478,0.13043478,1.0,53.300003,52.9,52.300003,52.9,52.9,53.600002,52.600002,55.300003,53.300003,55.300003,51.300003,50.300003,3903639,-1346436,1075200,1075200,1075200,1075200,1075200,1075200,652800,1401600,540,24,63,725,34,52,295,66,127,119,24,68,101,23,58,0,0,0,583,188,90,0,1,0,649833,47517,208069,774754,49009,80808,343371,136684,453858,132893,59935,782914,106277,46056,693457,0,0,0,428090,239484,142686,0,340,0,921.6662892690513,0.6527900466562986
1658259027056,37.980003,0.3942857,0.33333334,0.2631579,0.5,0.27272728,0.05,0.3043478,0.2857143,1.0,53.9,53.9,52.9,53.600002,53.300003,53.600002,52.9,55.300003,53.600002,55.600002,51.9,50.9,3890988,-1513978,1075200,1075200,1075200,1075200,1075200,1075200,652800,1401600,546,27,41,795,33,44,390,80,121,90,13,42,85,15,45,76,13,38,529,184,121,1,0,2,615421,40073,83490,762930,51304,66176,357968,173008,343196,100881,30916,420707,88406,30212,649820,101189,32032,462061,378490,273502,192162,24,0,885,1069.345159055118,0.6931149606299213
1658259028068,38.055,0.42708334,0.20833333,0.33333334,0.36,0.16666667,0.65217394,0.26086956,0.3478261,1.0,54.600002,54.300003,53.600002,53.9,53.600002,53.600002,53.300003,55.9,53.600002,55.9,52.300003,51.300003,3899163,-1451111,1075200,1075200,1075200,1075200,1075200,1075200,652800,1401600,580,48,54,799,36,50,513,75,93,126,20,31,139,24,51,135,9,34,403,165,146,4,0,3,581733,84763,159156,789042,50057,50005,487056,123113,161285,107922,29849,77980,143268,38258,763628,95270,14927,681032,323685,276177,264826,90,0,1355,1246.89690851735,0.7729463722397477
1658259029076,38.105003,0.35502958,0.05,0.4,0.1904762,0.95238096,0.0,0.04761905,0.13636364,1.0,54.600002,54.600002,53.600002,53.9,53.9,54.300003,53.600002,56.300003,54.300003,56.300003,52.300003,51.9,3893518,-1443787,1075200,1075200,1075200,1075200,1075200,1075200,652800,1401600,553,32,46,865,19,25,399,63,99,114,27,58,66,13,32,70,19,45,273,149,183,3,1,3,548337,70334,145129,711072,19475,29344,398728,110487,202523,118890,50554,729777,58311,27351,314685,63946,45159,669571,285877,268161,320435,66,277,1213,1404.83125,0.94445
1658259030104,38.163002,0.41538462,0.125,0.3181818,0.16666667,0.12,0.5769231,0.5416667,0.44444445,1.0,55.300003,55.300003,53.9,53.9,53.9,53.9,53.600002,56.600002,54.300003,56.9,52.600002,51.9,3902861,-1542664,1075200,1075200,1075200,1075200,1075200,1075200,652800,1401600,420,34,41,912,8,10,456,77,115,143,40,83,121,25,60,52,3,15,394,193,152,2,0,3,559503,83536,188735,721778,12560,13153,466322,137986,242532,168343,86896,394652,128328,41883,719758,44184,7928,326006,299478,298798,270826,43,0,1261,1577.961128038898,0.9351572123176661
1658259031156,38.230003,0.40686274,0.08,0.29166666,0.16,0.46153846,0.6923077,0.18518518,0.375,1.0,55.600002,55.300003,54.9,55.300003,54.600002,54.600002,53.9,57.300003,54.9,57.300003,53.300003,52.600002,3890793,-1506653,1075200,1075200,1075200,1075200,1075200,1075200,652800,1401600,464,19,29,955,13,40,530,85,125,136,35,61,53,7,35,70,8,24,737,183,104,2,0,0,539747,45107,237156,850215,14731,45127,579236,150636,229572,147850,80758,223478,63561,13592,762179,71999,11652,630380,494361,206937,130601,46,0,0,1415.1571927512357,0.79499176276771
1658259032185,38.281002,0.36871508,0.13043478,0.23809524,0.09090909,0.125,1.0,0.0952381,0.33333334,1.0,55.600002,55.300003,54.300003,54.9,55.300003,55.300003,54.300003,57.300003,54.600002,57.300003,53.300003,52.9,3903834,-1366272,1075200,1075200,1075200,1075200,1075200,1075200,652800,1401600,493,45,60,868,26,33,371,84,156,57,7,28,40,9,36,102,16,31,613,143,147,1,1,2,590335,113139,209157,784600,32908,36029,417745,173873,341743,78381,19237,651381,49436,22116,589247,82081,40351,275387,438179,182278,215097,6,366,839,1071.1804223602485,0.6356273291925465
1658259033233,38.345,0.37198067,0.31034482,0.33333334,0.115384616,0.88461536,0.04,0.115384616,0.26923078,1.0,55.600002,55.300003,54.300003,55.300003,54.9,55.300003,53.9,57.300003,54.9,57.300003,53.300003,52.600002,3898384,-1459046,1075200,1075200,1075200,1075200,1075200,1075200,652800,1401600,497,21,55,860,20,36,439,115,119,134,22,63,37,15,16,98,19,49,535,130,158,2,0,2,660852,53578,191543,837855,28306,42975,464029,231980,252379,124826,39589,722317,38666,33170,132139,114950,37132,726348,426629,173117,251742,44,0,1542,1094.7541366459627,0.6614658385093168
1658259034265,38.403004,0.36585367,0.17857143,0.34615386,0.115384616,1.0,0.08,0.04,0.16,1.0,55.600002,55.300003,54.9,54.9,54.9,54.9,53.9,57.300003,54.600002,57.300003,53.300003,52.9,3885343,-1590882,1075200,1075200,1075200,1075200,1075200,1075200,652800,1401600,471,19,39,862,28,48,303,74,122,81,20,25,134,31,59,74,18,53,589,106,159,2,0,2,587796,45900,128003,803143,37178,56448,303198,159520,264951,92980,33906,245573,159770,80296,677841,77936,42394,721951,435175,162800,206602,71,0,463,1100.55706446281,0.6264066115702479
1658259035307,38.47,0.35784313,0.30769232,0.29166666,0.12,0.0,0.30769232,0.61538464,0.115384616,1.0,55.9,55.300003,54.600002,55.300003,55.600002,55.600002,54.600002,57.600002,55.300003,57.600002,53.600002,52.600002,3896632,-1396790,1075200,1075200,1075200,1075200,1075200,1075200,652800,1401600,615,39,50,909,31,24,338,82,106,95,19,34,131,25,63,242,59,93,290,105,196,3,0,2,625852,105786,178478,806145,42308,34040,345241,189162,226495,72497,34413,197974,140586,43447,697355,232760,131488,454745,282001,195141,412384,64,0,845,1094.1021806853582,0.5980809968847351
1658259036328,38.517002,0.3468208,0.14285715,0.04761905,0.18181819,0.13636364,1.0,0.0952381,0.18181819,1.0,55.9,55.600002,54.600002,54.600002,54.9,55.600002,54.600002,57.600002,54.9,57.600002,53.600002,52.9,3893323,-1351014,1075200,1075200,1075200,1075200,1075200,1075200,652800,1401600,575,30,62,830,30,45,441,100,125,119,26,57,97,17,47,76,16,33,240,103,213,7,0,8,549776,74239,243869,744436,39484,64345,466465,179843,240921,132330,42946,403730,101945,33784,592716,83118,29332,477955,238136,207852,433708,160,0,3456,929.3380330033003,0.5617557755775577
1658259037336,38.578003,0.28,0.0,0.0,0.04347826,0.13043478,1.0,0.09090909,0.0,1.0,54.9,54.600002,53.9,54.600002,54.9,54.9,54.300003,57.600002,54.9,57.300003,52.9,52.300003,3983635,-354309,1075200,1075200,1075200,1075200,1075200,1075200,652800,1401600,677,18,24,796,23,26,425,49,63,211,36,66,30,7,8,142,22,55,475,93,124,2,0,1,699648,34838,67057,782099,27536,45233,361454,81658,236078,208528,91088,568890,24573,20982,86948,114551,39385,592506,344612,147378,317607,46,0,395,-1.0,-1.0
1658259038358,38.636,0.30555555,0.09090909,0.0,0.0,1.0,0.045454547,0.09090909,0.125,1.0,52.600002,52.9,52.300003,52.9,53.300003,53.600002,52.9,55.600002,53.300003,55.600002,50.9,50.9,3989863,-285644,1075200,1075200,1075200,1075200,1075200,1075200,652800,1401600,504,19,54,342,6,28,166,41,104,304,90,100,0,0,0,153,39,86,6,8,96,0,0,0,693231,33402,210568,618643,15619,298197,209280,95672,639227,321112,184692,406346,0,0,0,173713,75781,576893,9565,42654,829988,0,0,0,-1.0,-1.0
1658259039410,38.676003,0.2784091,0.0,1.0,0.0,0.0,0.0,0.09090909,0.045454547,1.0,52.300003,52.300003,51.600002,52.300003,51.9,51.9,51.600002,54.600002,52.300003,54.9,50.300003,49.9,3990253,-278320,1075200,1075200,1075200,1075200,1075200,1075200,652800,1401600,512,37,97,201,19,61,274,50,119,122,25,46,88,2,58,80,3,44,4,5,80,0,0,0,418214,72971,497263,258368,47376,691225,260211,118435,574435,100539,44054,160095,106637,7219,556094,83829,11151,677285,5695,17314,984736,0,0,0,-1.0,-1.0
1658259040424,38.703003,0.3693182,0.17391305,0.3181818,0.18181819,0.0952381,0.13636364,0.95238096,0.13636364,1.0,51.600002,51.300003,50.600002,51.300003,51.9,51.9,51.300003,53.9,51.9,54.300003,49.300003,49.300003,3989669,-327453,1075200,1075200,1075200,1075200,1075200,1075200,652800,1401600,411,24,67,131,5,17,297,44,93,120,32,70,246,17,55,198,19,55,95,10,65,5,0,1,402538,35301,314533,106347,13875,239025,227166,94508,509228,102101,82353,369126,134209,43444,587895,147542,43347,539839,55520,28840,653704,156,0,538,0.9549174917491748,0.04085808580858086
1658259041419,38.724003,0.37634408,0.26086956,0.33333334,0.24,0.6956522,0.25,0.16,0.125,1.0,52.300003,52.300003,51.600002,51.9,52.600002,52.600002,51.9,54.600002,52.600002,54.600002,50.600002,50.300003,3893713,-1370545,1075200,1075200,1075200,1075200,1075200,1075200,652800,1401600,558,18,19,648,32,47,496,46,78,212,16,64,186,33,60,68,8,11,179,43,127,22,1,8,406670,28461,40636,483485,69002,170903,343232,75117,372888,163498,19739,661463,155544,58065,442774,52879,9628,280842,141400,98127,764486,9217,426,5842,959.9352024922118,0.6829657320872274
1658259042419,38.737003,0.35869566,0.09090909,0.27272728,0.24,0.16666667,0.95652175,0.16,0.09090909,1.0,53.9,53.600002,52.600002,53.300003,53.9,53.600002,52.300003,55.600002,53.600002,55.600002,52.300003,51.300003,3895854,-1549378,1075200,1075200,1075200,1075200,1075200,1075200,652800,1401600,629,35,49,838,21,19,467,75,108,187,34,73,110,21,48,273,59,90,201,104,218,1,1,1,651440,55364,126114,767091,23610,23842,445564,110397,193797,198990,62334,401099,130722,38514,265668,298643,105040,391167,215010,197323,434498,114,274,464,1408.9669283489095,0.9434018691588785
1658259043426,38.754,0.37931034,0.04347826,0.3181818,0.16,0.22222222,0.08,0.96153843,0.12,0.96153843,54.300003,54.600002,53.600002,54.300003,53.9,53.9,53.300003,56.300003,53.600002,56.300003,52.300003,51.9,3905780,-1415101,1075200,1075200,1075200,1075200,1075200,1075200,652800,1401600,545,20,35,851,19,31,570,87,124,270,63,110,73,12,43,129,23,47,344,153,177,3,2,1,597379,39779,99138,767970,26083,43016,552560,130068,197026,291171,109262,389796,96396,21271,414223,132774,43745,384512,313449,237643,295758,69,581,425,1074.4594878444086,0.6762528363047001
1658259044445,38.805,0.35323384,0.16,0.29166666,0.08,0.6666667,0.4,0.074074075,0.125,1.0,54.600002,54.600002,53.600002,53.9,54.300003,54.300003,53.600002,56.9,54.300003,56.600002,52.600002,51.9,3905586,-1383973,1075200,1075200,1075200,1075200,1075200,1075200,652800,1401600,519,36,62,747,28,42,745,86,105,97,17,34,128,19,59,92,18,46,352,149,162,0,0,3,603399,76908,230374,727946,42925,43049,622645,106786,122202,92192,42679,229349,134527,44682,571756,99396,31815,362952,312168,257591,297064,0,0,1348,1083.4460977198696,0.7100456026058632
1658259045444,38.838,0.35858586,0.083333336,0.34615386,0.08695652,0.45833334,0.08,0.6086956,0.16666667,1.0,55.9,54.9,54.300003,54.300003,54.300003,54.300003,53.300003,56.600002,54.300003,56.9,52.9,52.300003,3897605,-1409913,1075200,1075200,1075200,1075200,1075200,1075200,652800,1401600,573,25,40,780,27,32,473,83,124,150,45,61,83,11,39,96,25,40,408,142,158,4,2,1,670028,37423,112735,727394,38074,33704,453233,129267,201301,191938,86592,319049,71157,19093,663922,83333,61945,476694,339255,213094,266007,126,642,424,1092.9377749196142,0.6915498392282958
1658259046498,38.896004,0.3432836,0.115384616,0.29166666,0.04,0.074074075,0.041666668,1.0,0.1923077,1.0,55.9,55.300003,54.300003,54.600002,54.600002,54.300003,53.9,57.300003,54.9,57.600002,53.300003,52.600002,3897411,-1387330,1075200,1075200,1075200,1075200,1075200,1075200,652800,1401600,558,30,47,797,32,56,444,85,108,173,36,60,83,14,38,49,9,27,663,163,133,4,1,2,620638,68755,141594,835087,44343,63029,438352,140028,163508,208732,71258,521141,87709,26695,469149,57688,13757,420272,461131,205820,180618,105,360,878,1097.1314885245902,0.7196852459016393
1658259047499,38.940002,0.34042552,0.083333336,0.1904762,0.08695652,0.041666668,1.0,0.083333336,0.17391305,1.0,55.600002,55.600002,54.600002,54.9,55.600002,55.600002,54.9,57.9,55.600002,57.600002,53.600002,52.9,3905391,-1410218,1075200,1075200,1075200,1075200,1075200,1075200,652800,1401600,473,15,39,748,30,44,299,79,109,98,11,45,80,15,44,49,13,33,558,161,109,2,0,0,584607,28866,122533,775994,42566,47962,334190,161291,175203,86850,23534,700110,91134,33925,685362,58711,39203,408452,436974,207899,125735,42,0,0,1116.1737784711388,0.70804368174727
1658259048506,38.987003,0.3497537,0.5,0.29166666,0.65384614,0.11111111,0.041666668,0.03846154,0.08695652,1.0,55.600002,55.600002,54.9,55.600002,55.9,55.600002,54.600002,57.600002,55.600002,57.600002,53.9,53.300003,3904807,-1385193,1075200,1075200,1075200,1075200,1075200,1075200,652800,1401600,476,36,62,800,29,36,379,115,141,115,30,50,56,10,40,90,10,28,518,174,132,3,0,0,591817,91453,175915,772153,37524,33754,443179,237620,245959,121606,60335,479749,73215,16640,447643,60286,17342,553139,394659,215283,209884,70,0,0,1123.8107127158555,0.7196734693877551
1658259049513,39.051003,0.33990148,0.5416667,0.28,0.08,0.03846154,0.5,0.07692308,0.23076923,1.0,56.600002,55.9,54.9,54.9,55.300003,55.300003,54.600002,57.9,55.600002,57.9,53.600002,53.300003,3903055,-1347962,1075200,1075200,1075200,1075200,1075200,1075200,652800,1401600,453,28,44,770,39,58,370,92,132,118,30,61,28,8,17,105,16,46,618,175,114,6,0,0,499870,63524,162977,775845,59355,63761,444139,143163,188766,127152,77776,730261,26862,27138,242073,112349,31182,740953,447954,213813,147490,145,0,0,1152.2236303630364,0.7283432343234323
1658259050555,39.085003,0.34,0.041666668,0.34615386,0.083333336,0.6923077,0.34615386,0.07692308,0.12,1.0,56.300003,56.300003,55.300003,55.600002,56.300003,55.600002,54.9,57.9,56.300003,58.300003,54.600002,53.9,3880088,-1630250,1075200,1075200,1075200,1075200,1075200,1075200,652800,1401600,444,25,47,777,29,45,364,110,163,108,18,41,91,18,53,77,11,40,671,154,105,2,0,0,504320,46715,184754,819056,44443,45158,429929,212770,264961,104336,32552,676452,96361,41281,373151,73558,28564,670674,485201,190670,130861,47,0,0,1199.5806896551724,0.7268045977011494
1658259051594,39.132,0.3497537,0.04,0.25,0.16,0.115384616,0.08,0.92,0.125,1.0,57.300003,56.600002,55.600002,55.300003,55.600002,55.600002,54.9,58.600002,55.9,58.600002,54.300003,53.600002,3899746,-1430665,1075200,1075200,1075200,1075200,1075200,1075200,652800,1401600,477,17,59,808,26,39,539,106,131,91,24,54,20,5,9,76,14,45,502,155,172,4,0,0,582776,43076,228123,747999,35787,43945,539516,178994,205732,108289,46606,565131,21259,11955,181588,102608,29330,722405,382133,232255,268824,87,0,0,1253.7835954323,0.7634584013050572
1658259052634,39.187,0.36363637,0.29166666,0.2857143,0.45454547,0.41666666,0.125,0.125,0.13043478,1.0,56.600002,56.300003,55.600002,55.600002,56.300003,56.300003,55.600002,58.600002,56.300003,58.600002,54.300003,53.9,3890015,-1434632,1075200,1075200,1075200,1075200,1075200,1075200,652800,1401600,479,22,43,856,25,31,539,108,137,40,8,23,122,16,53,102,23,56,542,178,153,3,0,0,579809,46395,147484,836491,33923,30506,521468,198274,211905,46952,18418,354396,124578,33561,801784,113160,39362,413637,414186,232923,213130,74,0,0,1322.3018296529967,0.7829905362776025
1658259053637,39.241,0.374269,0.09090909,0.36842105,0.1,0.04761905,0.13043478,1.0,0.18181819,1.0,57.300003,57.300003,56.300003,56.9,57.300003,57.300003,56.600002,59.300003,56.9,58.9,54.9,54.300003,3875806,-1647950,1075200,1075200,1075200,1075200,1075200,1075200,652800,1401600,630,18,42,804,18,30,400,72,81,228,31,73,125,20,64,98,12,42,399,167,146,6,0,0,636990,37062,157574,758882,24126,37170,374741,122866,120746,221833,50838,733182,144960,31284,622306,106354,21793,236170,320955,237226,246320,993,0,0,1388.6984434108526,0.864893023255814
1658259054667,39.285004,0.3756906,0.13043478,0.3809524,0.1,0.04347826,0.13043478,0.95652175,0.17391305,1.0,57.9,57.600002,56.600002,56.600002,56.9,57.600002,56.9,59.300003,57.600002,59.600002,55.600002,54.9,3880672,-1540833,1075200,1075200,1075200,1075200,1075200,1075200,652800,1401600,633,26,40,827,12,23,381,71,95,143,25,67,114,24,55,24,3,18,295,139,181,4,0,0,663071,47847,121285,705673,11870,32461,367051,113387,151515,162451,47200,690479,114555,56478,668914,26652,6937,354668,262737,250392,338349,141,0,0,1477.1816181229772,0.8925825242718447
1658259055664,39.325,0.3611111,0.2173913,0.4090909,0.23809524,0.82608694,0.125,0.0,0.09090909,1.0,57.600002,57.9,57.300003,56.9,57.300003,57.300003,56.9,59.600002,57.600002,59.600002,55.600002,54.9,3876779,-1595460,1075200,1075200,1075200,1075200,1075200,1075200,652800,1401600,546,24,58,872,10,15,526,76,111,157,21,66,110,19,44,32,3,8,307,168,149,4,0,0,644700,60318,174837,720710,11871,12297,497107,134349,168882,137241,43298,725144,115322,37927,699666,27479,3732,36415,280934,272071,270868,95,0,0,1587.7698899676375,0.9006601941747573
1658259056701,39.383003,0.36,0.04347826,0.36,0.08,0.16,0.08,1.0,0.16,1.0,58.300003,57.9,57.300003,57.9,57.300003,57.600002,56.600002,59.9,56.9,59.9,55.600002,54.600002,3870356,-1741334,1075200,1075200,1075200,1075200,1075200,1075200,652800,1401600,456,35,56,795,22,22,543,81,105,163,29,49,63,11,31,37,12,39,363,154,211,9,0,0,488869,69080,173394,698296,26729,20363,489870,129269,167356,169335,45753,193701,62586,25286,548493,46412,37130,751481,348101,252332,348305,247,0,0,1663.4730561056106,0.9478019801980199
1658259057721,39.420002,0.3809524,0.2857143,0.23809524,0.16,0.7916667,0.12,0.08695652,0.29166666,1.0,58.600002,58.300003,57.300003,57.600002,57.9,58.300003,57.300003,60.300003,57.9,60.300003,55.9,55.600002,3876779,-1557313,1075200,1075200,1075200,1075200,1075200,1075200,652800,1401600,457,35,51,745,28,44,311,88,137,295,74,98,88,8,44,44,4,10,701,147,140,3,0,0,527256,79422,164283,727995,40054,52802,363776,183031,246017,327080,146818,305018,87583,19154,642123,38514,4449,50949,417883,166208,172369,65,0,0,1188.2795338582678,0.7363527559055117
1658259058760,39.47,0.32,0.041666668,0.25,0.04,0.37037036,0.68,0.07692308,0.12,1.0,58.300003,58.600002,57.600002,57.9,57.9,58.600002,58.300003,60.300003,58.9,60.600002,56.600002,55.600002,3883397,-1509095,1075200,1075200,1075200,1075200,1075200,1075200,652800,1401600,656,22,29,836,17,34,319,107,125,207,31,55,157,22,64,94,30,56,634,182,87,12,0,0,705800,43842,67559,863139,23921,35068,354269,220426,200617,202898,52032,205762,164001,40353,664984,111063,57777,557637,410029,227887,117616,286,0,0,1192.2049192546585,0.7441490683229813
1658259059783,39.528004,0.35784313,0.23076923,0.32,0.041666668,0.0,0.14285715,0.96153843,0.115384616,1.0,58.300003,58.300003,57.300003,57.9,57.600002,57.600002,56.600002,60.300003,57.600002,60.300003,55.9,54.9,3902277,-1428834,1075200,1075200,1075200,1075200,1075200,1075200,652800,1401600,411,36,76,657,56,86,294,124,176,236,37,59,23,0,8,41,5,35,672,144,152,1,0,0,513735,70943,324735,732285,89874,105445,390261,274661,294433,255341,68491,443329,22795,1406,170357,44259,15057,813857,501144,189448,206221,22,0,0,1206.4273291925465,0.7680496894409938
1658259060859,39.582,0.31428573,0.09090909,0.0,1.0,0.13043478,0.04761905,0.0952381,0.0952381,1.0,58.9,58.9,58.300003,57.9,58.600002,58.300003,57.300003,60.600002,58.300003,60.600002,56.300003,55.600002,3864517,-1774598,1075200,1075200,1075200,1075200,1075200,1075200,652800,1401600,817,32,47,747,36,48,351,90,130,131,31,51,122,16,52,90,6,22,712,160,130,2,0,0,704772,48489,74906,773408,55695,49991,367509,186490,218537,136439,72871,639193,103957,28578,728177,51569,10200,135617,450335,186656,212341,54,0,0,396.4004327868853,0.24405245901639344
1658259061870,39.622,0.5,0.32,0.6923077,0.30769232,0.4,0.72,0.4090909,0.125,1.0,57.300003,57.600002,56.300003,56.9,56.9,56.9,56.600002,59.600002,57.600002,59.600002,54.9,54.600002,3977407,-431518,1075200,1075200,1075200,1075200,1075200,1075200,652800,1401600,767,2,12,523,3,8,268,42,73,142,27,50,233,46,94,138,24,79,313,78,95,1,0,0,823110,1303,46543,808861,7018,48374,227125,63502,250586,162544,63801,245268,241083,102774,490618,152089,45458,602569,201632,164781,373264,29,0,0,-1.0,-1.0
