1661110039613,28.438002,0.108571425,0.09090909,0.045454547,0.17391305,0.13636364,0.17391305,0.0952381,0.045454547,0.14285715,38.300003,38.300003,37.9,38.600002,39.300003,39.300003,38.600002,38.600002,39.300003,39.9,35.9,36.300003,3763695,-641479,1075200,1075200,1075200,1075200,1075200,1075200,652800,1401600,802657,19540,83132,818229,20699,82730,406780,34607,77134,412979,35242,79198,306762,23179,70652,298279,23183,71199,616541,40778,86923,303730,38968,85273,682719871,41030482,1759304455,686359901,41318590,1739462212,465683340,71171745,1951622901,465636993,72842974,1954373352,364247024,49635873,1984989331,361366640,48977110,1972815798,294040585,99615663,2201529519,209652450,78735738,2159501172,-1.0,-1.0
1661110040601,28.453001,0.48447204,0.3888889,0.47368422,0.3888889,0.5652174,0.52380955,0.47368422,0.2857143,0.71428573,37.300003,37.600002,37.300003,37.600002,37.600002,37.300003,37.300003,38.300003,37.600002,38.9,35.300003,35.300003,3745983,-781860,1075200,1075200,1075200,1075200,1075200,1075200,652800,1401600,878,0,0,626,0,0,269,31,64,418,43,76,378,25,74,375,53,85,293,14,75,160,7,61,731529,0,0,801792,0,0,272689,64355,430776,271426,95533,335593,335655,42237,390162,306137,123034,287624,227056,36928,578795,82996,19386,420326,-1.0,-1.0
1661110041651,28.45,0.23474178,0.16,0.07692308,0.1923077,0.21428572,0.41379312,0.5555556,0.0,0.25,38.300003,38.9,38.300003,39.300003,39.300003,39.300003,38.600002,38.9,39.300003,39.9,36.300003,36.600002,3774984,-563965,1075200,1075200,1075200,1075200,1075200,1075200,652800,1401600,1041,0,0,1018,0,0,621,2,2,573,4,6,441,1,7,344,0,3,560,12,34,480,1,9,667802,0,0,699809,0,0,621962,8303,6342,629503,7313,14153,523509,4551,12944,504507,0,5556,757793,31693,83098,571184,3769,13862,0.015752845528455284,0.052409756097560975
1661110042814,28.462002,0.25,0.32142857,0.26666668,0.32142857,0.2857143,0.32142857,0.37037036,0.071428575,0.17857143,38.9,38.9,38.600002,39.300003,39.600002,39.300003,38.9,39.300003,39.600002,40.300003,36.300003,36.600002,3704720,-1392212,1075200,1075200,1075200,1075200,1075200,1075200,652800,1401600,1195,0,0,780,0,0,645,26,35,565,18,31,471,13,29,35,3,10,933,47,95,481,48,43,549750,0,0,554794,0,0,382716,48317,81597,322994,33381,113791,245119,20048,106428,21190,1155,106012,521868,73659,274752,223141,90820,94759,0.048012539184952976,0.05937304075235109
1661110043976,28.479002,0.17435898,0.16666667,0.125,0.13636364,0.25925925,0.375,0.20833333,0.07692308,0.125,37.300003,37.300003,36.600002,37.300003,37.600002,37.300003,36.9,37.300003,37.300003,37.9,35.9,35.9,3792307,-276184,1075200,1075200,1075200,1075200,1075200,1075200,652800,1401600,1171,0,0,859,0,0,508,32,69,458,29,79,451,22,42,448,21,40,473,46,120,389,58,123,739913,0,0,776773,0,0,314932,72133,326750,318999,67764,339035,282646,47988,243611,228748,52778,253915,320878,98401,552940,254164,162006,380957,-1.0,-1.0
1661110045081,28.494001,0.28350514,0.26086956,0.2173913,0.1904762,0.29166666,0.52,0.20833333,0.18518518,0.36,36.9,36.600002,36.300003,36.600002,36.9,36.9,36.9,36.9,36.9,37.9,35.9,35.600002,3793864,-588989,1075200,1075200,1075200,1075200,1075200,1075200,652800,1401600,892,20,35,774,16,23,562,24,80,546,15,40,353,16,24,179,8,31,429,18,83,295,24,61,549459,41648,89577,615205,70810,89138,306883,51051,370883,241453,24016,452056,182005,32691,81287,138226,22854,393265,317964,37698,599541,213576,45266,495969,-1.0,-1.0
1661110046141,28.512001,0.33333334,0.3846154,0.375,0.3478261,0.23809524,0.45833334,0.3043478,0.08695652,0.47826087,36.9,37.300003,36.9,37.300003,37.300003,37.600002,36.9,36.9,37.300003,37.300003,35.9,35.600002,3793864,-235595,1075200,1075200,1075200,1075200,1075200,1075200,652800,1401600,1032,0,0,845,0,0,483,37,70,462,42,71,378,13,49,381,30,62,386,32,135,309,38,93,722039,0,4939,759389,4320,10856,287310,94446,298825,271955,101276,313924,234631,21989,307836,295257,67646,307881,258283,81753,549975,181487,104095,380432,-1.0,-1.0
1661110047210,28.533,0.29081634,0.24,0.25,0.24,0.20833333,0.25,0.33333334,0.25,0.5769231,36.9,36.9,36.600002,37.300003,37.300003,37.300003,36.9,36.9,37.300003,37.300003,35.600002,35.600002,3779850,-441284,1075200,1075200,1075200,1075200,1075200,1075200,652800,1401600,922,6,23,905,10,18,466,18,72,649,43,71,618,28,72,284,21,47,367,35,133,150,33,82,710737,11749,71183,676454,26259,84279,281813,22173,395129,401486,86597,324143,359349,60031,313361,249262,31781,350966,235782,60900,648306,115408,88663,419651,-1.0,-1.0
1661110048308,28.542002,0.04347826,0.083333336,0.0,0.08695652,0.0,0.04761905,0.08695652,0.041666668,0.04347826,37.600002,37.600002,37.600002,37.600002,38.300003,38.300003,37.9,38.300003,38.600002,39.600002,36.300003,36.300003,3771091,-846558,1075200,1075200,1075200,1075200,1075200,1075200,652800,1401600,382,4,43,490,2,23,267,3,18,407,17,51,227,6,18,204,0,13,173,13,32,233,3,34,345741,4993,551313,339984,4523,563330,189875,3883,712272,241969,60242,598650,161705,9579,673906,139352,1288,636998,193511,29721,751199,102270,6583,725710,-1.0,-1.0
1661110049378,28.569002,0.15254237,0.17391305,0.04761905,0.14285715,0.13636364,0.09090909,0.20833333,0.14285715,0.27272728,35.600002,35.300003,34.9,35.600002,35.300003,35.300003,34.9,35.300003,35.300003,35.600002,34.9,34.600002,3806321,-166015,1075200,1075200,1075200,1075200,1075200,1075200,652800,1401600,479,21,56,341,6,40,208,31,89,103,20,57,102,20,71,54,4,30,21,9,46,46,11,47,488065,38358,410134,474802,9292,451905,185991,52334,704117,99985,53145,782953,124330,55337,712809,70625,8910,761090,10915,29326,896987,9424,23680,946632,0.01585502471169687,0.03173640856672159
1661110050387,28.584002,0.17553191,0.16666667,0.045454547,0.17391305,0.16666667,0.375,0.2173913,0.08695652,0.16,35.9,35.9,35.600002,35.9,36.300003,36.300003,35.9,35.600002,36.300003,35.9,35.300003,35.300003,3793280,-312805,1075200,1075200,1075200,1075200,1075200,1075200,652800,1401600,604,25,50,511,8,24,469,75,133,222,32,77,170,40,66,96,19,54,55,27,88,81,37,102,711386,51257,140748,654216,11898,276077,436645,135668,294407,225246,75625,446331,184744,81525,579166,108470,48428,595576,76377,93266,773743,74002,81685,703243,-1.0,-1.0
1661110051433,28.601002,0.31794873,0.26923078,0.25,0.17391305,0.32,0.39130434,0.30769232,0.2173913,0.5833333,35.9,35.600002,35.600002,35.9,35.600002,35.9,35.9,35.9,36.300003,36.300003,34.600002,34.9,3785689,-340576,1075200,1075200,1075200,1075200,1075200,1075200,652800,1401600,475,39,75,456,32,45,190,36,79,185,41,81,131,20,49,186,3,42,24,14,65,84,42,95,581448,79588,240770,509555,97223,282985,172061,78356,613484,192537,103440,581200,94273,51819,506935,120541,5107,446279,41206,53288,954620,89059,102706,838081,-1.0,-1.0
1661110052480,28.622002,0.44298247,0.4827586,0.2962963,0.32142857,0.37931034,0.6,0.9,0.21428572,0.32142857,35.300003,35.300003,34.600002,34.9,35.600002,35.300003,34.9,35.300003,35.300003,35.300003,34.600002,34.600002,3802039,-191650,1075200,1075200,1075200,1075200,1075200,1075200,652800,1401600,376,11,55,344,12,28,155,18,42,165,22,57,78,8,33,149,26,50,117,13,35,88,24,61,429295,20193,452798,417886,35796,463817,121264,31979,753688,122987,70712,674142,77821,17937,647315,101188,59292,697242,66453,24683,836387,62839,34477,689330,-1.0,-1.0
1661110053606,28.649002,0.10614525,0.17391305,0.14285715,0.04347826,0.17391305,0.09090909,0.125,0.13043478,0.04347826,35.9,35.9,35.600002,36.300003,36.600002,36.600002,35.9,35.9,36.300003,36.600002,35.300003,35.300003,3710365,-1267395,1075200,1075200,1075200,1075200,1075200,1075200,652800,1401600,639,29,73,755,40,55,320,38,59,247,28,79,154,4,32,68,12,43,157,82,81,239,26,104,468083,52123,383470,475301,98440,364266,266506,96826,621395,268015,58920,655192,101441,5418,419081,86353,25368,493389,133717,162559,785092,170838,47032,815156,332.92245544554453,1.070891089108911
1661110054627,28.670002,0.09248555,0.15,0.09090909,0.0,0.0952381,0.04761905,0.0952381,0.09090909,0.045454547,36.9,36.600002,36.300003,36.300003,36.300003,35.9,35.9,35.9,36.300003,36.300003,36.300003,35.600002,3721070,-1038819,1075200,1075200,1075200,1075200,1075200,1075200,652800,1401600,729,54,86,715,64,93,180,40,90,354,87,83,210,40,78,138,27,78,130,90,122,156,77,154,691451,69522,131545,591450,93851,195665,190371,84859,638686,407129,196264,267066,231606,75646,425511,140114,63241,661562,170606,253457,511147,175030,172056,587067,304.0508450244699,0.29045350734094616
1661110055654,28.7,0.16753927,0.14285715,0.17391305,0.16666667,0.16666667,0.16666667,0.26923078,0.045454547,0.041666668,37.300003,37.300003,36.600002,36.600002,36.600002,36.600002,36.300003,36.600002,36.300003,36.600002,36.600002,36.300003,3719513,-1098023,1075200,1075200,1075200,1075200,1075200,1075200,652800,1401600,920,60,70,654,73,88,173,28,95,367,109,63,242,44,94,128,12,77,103,70,126,105,46,148,701444,75582,123629,617468,137358,174119,173470,69574,721062,408038,240154,253003,260804,85521,587030,145781,26951,656594,138731,215438,623324,145077,182221,647468,314.62221395348837,0.30055193798449614
1661110056702,28.750002,0.2010582,0.18181819,0.20833333,0.18181819,0.26086956,0.25,0.20833333,0.20833333,0.04347826,37.9,37.600002,36.9,37.600002,36.9,36.9,36.600002,36.9,36.9,37.300003,37.300003,36.9,3694794,-1055603,1075200,1075200,1075200,1075200,1075200,1075200,652800,1401600,701,68,115,683,80,115,206,64,110,392,87,87,271,86,110,175,35,71,90,76,115,77,47,147,688213,85329,198834,598500,127719,237493,231209,134596,530871,433244,170550,319897,314457,155786,338404,184936,73066,650881,138122,219106,650594,113356,131452,776847,323.468905785124,0.31492231404958676
1661110057733,28.804,0.17619048,0.15384616,0.15384616,0.03846154,0.3448276,0.37037036,0.15384616,0.12,0.07692308,38.300003,38.300003,37.600002,37.9,37.600002,37.600002,37.300003,37.600002,37.600002,37.600002,37.600002,37.300003,3717372,-1051941,1075200,1075200,1075200,1075200,1075200,1075200,652800,1401600,773,46,65,810,69,70,206,59,88,341,80,66,80,12,55,211,58,95,106,81,124,140,64,137,711893,61660,89838,671269,98746,119665,204291,142332,495862,368029,167431,228896,96444,31033,644036,199907,124203,502821,170663,235615,514154,142396,153941,665423,316.26803715170274,0.2717523219814241
1661110058805,28.881,0.1127451,0.23076923,0.125,0.115384616,0.15384616,0.0,0.08,0.115384616,0.04,38.600002,37.9,37.600002,37.9,37.600002,37.9,37.300003,37.9,37.600002,38.300003,37.600002,36.9,3710559,-1101380,1075200,1075200,1075200,1075200,1075200,1075200,652800,1401600,950,22,39,1050,35,37,241,70,88,347,79,76,114,23,59,246,39,60,169,101,116,135,67,153,847932,33070,60566,828377,53300,44497,290904,152362,509798,358811,197749,296064,134983,40647,419697,218914,57963,503063,214451,259294,480365,161305,168642,690381,307.8414304635762,0.26860927152317876
1661110059835,28.965002,0.083333336,0.125,0.15384616,0.04,0.12,0.07692308,0.03846154,0.04,0.03846154,38.9,38.600002,38.300003,38.600002,38.9,38.300003,37.9,38.300003,38.300003,38.600002,38.300003,37.600002,3709586,-1206055,1075200,1075200,1075200,1075200,1075200,1075200,652800,1401600,905,31,51,989,57,64,310,94,102,233,77,89,103,17,64,90,18,47,151,76,123,139,60,144,756737,42331,82095,754599,72903,95357,317360,216360,441433,324230,189696,408570,131080,24443,705464,106708,50111,641605,147980,220284,611835,183044,147623,702730,311.0496051364366,0.3431781701444623
1661110060923,29.03,0.08900524,0.125,0.13043478,0.0,0.08695652,0.08695652,0.083333336,0.041666668,0.041666668,39.300003,38.9,38.600002,38.300003,38.600002,38.300003,37.9,38.300003,38.600002,38.600002,38.600002,37.9,3699270,-1219483,1075200,1075200,1075200,1075200,1075200,1075200,652800,1401600,938,43,62,848,53,85,342,69,113,285,91,75,289,13,40,175,19,53,177,78,155,126,78,140,786611,40507,86608,669615,89239,182092,362262,128328,459078,374767,192911,318806,289627,17494,377595,168375,30446,437378,201564,212211,507278,169560,178176,644229,309.61783850931675,0.2364223602484472
1661110061956,29.11,0.098958336,0.08695652,0.08695652,0.083333336,0.20833333,0.12,0.08695652,0.041666668,0.07692308,39.300003,38.9,38.600002,38.600002,38.9,38.300003,37.9,38.600002,38.300003,38.600002,38.600002,38.300003,3713090,-1106263,1075200,1075200,1075200,1075200,1075200,1075200,652800,1401600,886,34,57,895,34,51,380,82,129,247,117,68,278,41,90,141,29,75,118,68,131,109,64,135,826240,39421,82810,814891,55994,75030,412807,162714,350814,324910,272775,302992,293623,65977,524363,129844,72455,652430,162098,218277,572184,139639,165957,676620,312.00840456769987,0.23209135399673736
1661110062962,29.179,0.083798885,0.13043478,0.09090909,0.09090909,0.0952381,0.0,0.13043478,0.125,0.0,39.300003,39.300003,38.300003,38.9,38.600002,38.600002,38.300003,38.600002,38.300003,38.600002,38.300003,38.300003,3711532,-1130982,1075200,1075200,1075200,1075200,1075200,1075200,652800,1401600,876,51,59,749,46,80,259,55,107,363,99,73,149,29,74,154,27,62,84,56,136,99,56,122,718669,86145,94752,692845,83425,132620,297877,91626,528571,409052,196311,257704,182790,51354,662205,175496,60537,571854,121210,164717,643965,123067,143170,719875,310.76931472868216,0.24186046511627907
1661110063989,29.265001,0.07462686,0.12,0.041666668,0.074074075,0.16,0.07692308,0.115384616,0.04,0.03846154,39.600002,39.300003,38.9,38.9,38.9,38.600002,38.9,38.9,39.300003,39.600002,38.9,38.600002,3700049,-1168213,1075200,1075200,1075200,1075200,1075200,1075200,652800,1401600,931,31,56,907,39,74,418,77,121,498,88,66,175,23,47,101,12,51,104,71,127,168,60,132,796471,27093,110018,739748,54710,126166,464155,118393,301509,478357,189244,223476,156654,40351,558098,120750,24847,654245,135947,214828,590348,203054,138668,627122,308.10681550387596,0.2644341085271318
1661110065046,29.340002,0.08092485,0.14285715,0.17391305,0.0,0.1,0.045454547,0.09090909,0.04761905,0.045454547,39.9,39.600002,38.600002,39.300003,38.9,38.600002,38.600002,38.9,38.9,39.300003,39.300003,38.600002,3703358,-1292725,1075200,1075200,1075200,1075200,1075200,1075200,652800,1401600,915,36,57,951,42,45,247,47,78,461,83,76,248,55,77,104,13,55,94,39,144,137,54,127,816093,40609,102276,790620,67162,90939,262588,98451,599786,550038,150901,192922,227926,115130,602713,116454,31489,697048,125219,120998,722323,184696,142200,677036,311.25094736842107,0.25384210526315787
1661110066087,29.420002,0.08938547,0.09090909,0.20833333,0.08695652,0.13636364,0.09090909,0.04347826,0.125,0.04347826,39.600002,39.9,39.300003,39.300003,39.300003,38.9,38.9,39.600002,38.9,39.600002,39.300003,38.9,3704526,-1061707,1075200,1075200,1075200,1075200,1075200,1075200,652800,1401600,842,55,69,1036,47,70,165,40,94,353,113,67,214,38,82,128,26,59,104,70,137,86,48,126,743668,91356,108687,726916,69119,115605,186037,105331,696595,410119,253513,256513,231100,53797,629049,146407,60117,638713,139357,218063,622981,114972,138751,728861,313.62244549763034,0.2582748815165877
1661110067106,29.494001,0.20918368,0.045454547,0.12,0.16,0.15384616,0.115384616,1.0,0.04,0.07692308,40.300003,39.9,39.600002,39.9,40.300003,39.9,39.600002,39.9,39.9,40.600002,39.600002,39.300003,3694404,-1207886,1075200,1075200,1075200,1075200,1075200,1075200,652800,1401600,745,33,63,1000,36,54,311,77,103,340,93,88,170,28,63,126,16,69,78,53,132,144,82,139,736026,53547,147877,789303,37266,71620,346726,164178,366097,420151,194102,273475,174331,59268,614711,135469,22804,701884,109433,159395,643521,215252,175422,586232,308.46006230529593,0.25271028037383175
1661110068152,29.566002,0.18085106,0.0952381,0.125,0.0,0.125,0.6086956,0.375,0.04347826,0.04347826,40.600002,39.9,39.600002,39.9,40.300003,39.9,39.600002,40.300003,39.600002,40.300003,39.600002,39.300003,3695378,-1161805,1075200,1075200,1075200,1075200,1075200,1075200,652800,1401600,698,59,66,826,66,88,395,78,82,245,99,81,87,18,55,107,24,39,118,41,140,289,137,136,724937,107093,116104,722171,109202,145406,434615,127201,186807,338767,220234,347845,97763,44807,691199,106468,36417,184730,173820,125134,711052,292313,291316,407976,310.8935155279503,0.248695652173913
1661110069221,29.643002,0.12637363,0.13043478,0.09090909,0.13043478,0.0952381,0.16666667,0.04761905,0.13043478,0.125,40.9,40.600002,39.9,40.300003,40.300003,39.600002,39.600002,40.300003,39.9,40.300003,39.9,39.300003,3707250,-1113892,1075200,1075200,1075200,1075200,1075200,1075200,652800,1401600,777,54,81,842,47,81,122,37,83,346,62,83,82,11,22,102,12,35,214,65,154,393,200,112,737431,86174,120551,730565,61215,145161,157030,96982,626033,404327,123225,283104,76501,17686,128279,101157,23828,342356,275976,139120,523221,354111,336653,260121,310.8165457364341,0.24444031007751935
1661110070236,29.723001,0.073529415,0.12,0.08,0.03846154,0.18518518,0.0,0.115384616,0.11111111,0.0,41.300003,41.300003,40.600002,40.9,40.9,40.9,40.300003,40.600002,40.300003,40.600002,40.300003,39.9,3697908,-1239624,1075200,1075200,1075200,1075200,1075200,1075200,652800,1401600,822,18,28,969,23,38,372,78,101,377,87,78,111,25,74,305,63,71,108,61,132,135,93,144,832151,25005,59213,840606,29023,56831,381662,131989,351807,424890,178855,238797,149139,47260,659178,345288,105585,400966,152171,185052,566090,153357,206647,591893,311.87526853377267,0.2611136738056013
1661110071242,29.78,0.11219512,0.12,0.16,0.08,0.32142857,0.115384616,0.07692308,0.03846154,0.074074075,40.600002,40.600002,39.9,40.300003,39.9,39.9,39.600002,39.9,39.9,40.300003,39.9,39.300003,3707640,-1025391,1075200,1075200,1075200,1075200,1075200,1075200,652800,1401600,560,55,86,832,60,90,219,65,99,315,96,73,107,17,56,121,22,48,93,58,123,93,55,113,617424,93557,200450,657215,88627,145416,261678,162742,561124,423897,195201,261617,106571,48617,749432,132661,59429,627024,129492,179055,649027,120020,141836,701042,308.22971803278693,0.24209836065573773
1661110072245,29.854002,0.16842106,0.13636364,0.13636364,0.08695652,0.26086956,0.125,0.28,0.083333336,0.16,40.9,40.600002,40.300003,40.300003,39.9,40.300003,39.600002,39.9,40.300003,40.300003,39.9,39.9,3708418,-1061402,1075200,1075200,1075200,1075200,1075200,1075200,652800,1401600,670,54,69,921,51,68,381,87,90,313,73,68,175,24,87,110,12,78,95,68,131,70,54,118,673419,111857,155247,707991,79520,105230,409324,172360,304847,415975,147285,285247,187017,51512,669628,154905,17592,654495,123777,191585,634493,92318,163189,688595,311.39333977455715,0.241829307568438
1661110073261,29.926,0.08252427,0.0,0.115384616,0.07692308,0.115384616,0.08695652,0.12,0.03846154,0.03846154,41.600002,41.300003,41.300003,41.300003,41.300003,41.600002,40.600002,40.9,41.300003,41.600002,40.9,40.300003,3680196,-1303406,1075200,1075200,1075200,1075200,1075200,1075200,652800,1401600,842,24,43,1065,31,38,393,70,90,351,93,79,191,33,87,115,23,64,103,62,154,172,87,145,717457,42240,104914,763741,46718,62882,389362,142004,352591,386203,205401,243593,203391,59924,523564,130610,46054,609989,146600,178655,600522,161729,184209,606594,104.38531147540984,0.09400655737704917
1661110074309,29.994001,0.11707317,0.28,0.115384616,0.14814815,0.115384616,0.115384616,0.16,0.0,0.04,39.600002,39.9,39.300003,39.600002,39.600002,39.600002,39.300003,39.600002,39.600002,39.9,38.9,38.9,3794642,-167846,1075200,1075200,1075200,1075200,1075200,1075200,652800,1401600,616,16,25,673,33,69,225,50,92,225,50,90,138,19,65,176,28,80,44,15,85,63,31,108,716036,18220,221440,628142,72843,245460,238847,128184,580500,266272,124165,552742,163904,46869,611980,203108,52978,701063,68692,37366,576241,69944,90075,810536,-1.0,-1.0
1661110075328,30.064001,0.1,0.0,0.15384616,0.08,0.07692308,0.083333336,0.1923077,0.115384616,0.12,39.300003,39.300003,38.9,38.9,38.9,39.300003,38.9,39.300003,39.300003,39.300003,38.600002,37.9,3782964,-338745,1075200,1075200,1075200,1075200,1075200,1075200,652800,1401600,314,10,49,573,28,53,139,45,80,209,53,111,135,33,74,159,28,69,25,7,69,30,30,103,588354,14717,283399,623022,43931,236848,152708,91178,599090,236547,123072,571588,148503,75758,660657,145252,69039,598188,41652,18910,1183174,28887,78168,816952,-1.0,-1.0
1661110076335,30.112001,0.014354067,0.0,0.074074075,0.0,0.0,0.04,0.0,0.0,0.0,39.300003,39.600002,38.9,39.600002,39.9,39.9,39.600002,40.600002,40.300003,41.9,38.300003,38.300003,3759997,-625000,1075200,1075200,1075200,1075200,1075200,1075200,652800,1401600,255,8,68,363,11,70,199,21,87,143,35,93,92,12,58,141,11,55,66,10,81,44,4,36,306758,16199,590197,328262,17051,546190,139008,54879,707405,137988,81920,686748,63984,25147,769827,81380,9105,763191,42691,9807,847550,26194,6798,834813,-1.0,-1.0
1661110077435,30.137001,0.147929,0.1,0.10526316,0.17391305,0.3181818,0.17391305,0.0952381,0.09090909,0.0952381,38.9,39.300003,38.9,38.9,39.300003,39.300003,38.9,38.9,38.9,39.9,38.300003,37.9,3720486,-1154480,1075200,1075200,1075200,1075200,1075200,1075200,652800,1401600,235,3,14,490,11,48,250,6,57,212,6,67,49,6,32,82,11,38,196,20,50,130,19,69,335495,2796,589335,394666,22372,521686,136216,2054,809380,137021,7321,766648,38095,12964,774350,60550,21914,754784,108896,50444,876695,94068,42261,864981,408.4622545454546,1.6499834710743801
1661110078427,30.159002,0.088541664,0.08695652,0.09090909,0.0,0.28,0.04347826,0.04347826,0.04,0.0,39.9,39.9,39.300003,39.600002,39.600002,39.300003,38.9,39.300003,38.9,39.600002,39.600002,38.9,3701995,-1329041,1075200,1075200,1075200,1075200,1075200,1075200,652800,1401600,849,25,24,1096,22,21,329,71,99,474,56,33,243,44,83,273,50,90,107,99,161,264,44,137,750084,40439,29020,758318,35164,26573,295196,164813,371049,549891,113759,88246,233756,75276,426621,268188,117298,430196,110235,243402,540894,120990,88843,598009,707.0955324675325,0.4241038961038961
1661110079469,30.185001,0.10795455,0.1904762,0.0952381,0.0,0.1904762,0.0952381,0.045454547,0.0,0.0,40.600002,40.300003,39.600002,40.300003,39.9,39.600002,38.9,39.600002,39.600002,39.9,39.600002,39.600002,3697324,-1276246,1075200,1075200,1075200,1075200,1075200,1075200,652800,1401600,798,97,77,963,58,95,307,66,112,508,70,16,165,39,81,258,50,88,58,85,160,40,12,101,713606,132068,99474,746184,45796,126101,343636,140766,478249,657444,136773,26116,209055,73102,574357,231732,100063,617872,72360,282622,653693,45379,34211,926850,618.1289657422512,0.3881761827079935
1661110080482,30.213001,0.15789473,0.15,0.2,0.13043478,0.2857143,0.17391305,0.0952381,0.13636364,0.13636364,41.300003,40.600002,40.300003,40.600002,40.300003,39.9,39.600002,39.9,39.9,40.300003,40.600002,39.9,3692458,-1267090,1075200,1075200,1075200,1075200,1075200,1075200,652800,1401600,857,37,41,1092,31,48,337,58,98,532,68,24,143,18,59,320,70,100,76,64,155,50,24,118,757841,43115,52141,780992,39722,69990,331890,106131,462020,649645,113660,37538,118716,29796,622079,326682,142393,402076,108067,213445,627021,74202,66110,795008,621.1273805601318,0.3933838550247117
1661110081513,30.267002,0.2364532,0.15384616,0.16,0.08,0.30769232,0.5416667,0.52,0.041666668,0.04,41.300003,40.9,40.600002,40.9,40.9,40.600002,40.300003,40.600002,40.600002,40.9,40.600002,40.300003,3690512,-1183777,1075200,1075200,1075200,1075200,1075200,1075200,652800,1401600,1035,17,21,1147,18,28,363,66,79,516,61,28,129,23,48,200,36,88,85,93,152,48,44,110,813256,20692,30742,817728,23642,42483,389450,115398,405021,622191,118532,59296,129762,53890,594116,226573,65994,609873,109682,291968,549496,54461,153666,736250,617.167254658385,0.3920993788819876
1661110082577,30.325,0.10795455,0.13636364,0.18181819,0.08695652,0.22727273,0.09090909,0.04761905,0.05,0.083333336,41.9,42.300003,41.300003,41.600002,42.300003,41.600002,41.300003,41.300003,41.600002,41.9,41.300003,40.600002,3692069,-1358948,1075200,1075200,1075200,1075200,1075200,1075200,652800,1401600,931,65,72,1123,53,65,213,54,109,594,82,14,50,13,21,115,19,54,100,66,149,144,26,82,814688,75270,89524,812721,47868,92310,260839,115755,612448,700841,141693,31051,44098,22025,604359,93546,49897,606718,146364,239514,622454,130086,51380,880904,612.8213333333334,0.3787967479674797
1661110083584,30.385002,0.13736264,0.13636364,0.0952381,0.13043478,0.27272728,0.16666667,0.13043478,0.0,0.09090909,41.9,41.9,41.300003,41.600002,41.300003,41.300003,40.9,41.300003,41.300003,41.300003,41.300003,40.600002,3683115,-1274109,1075200,1075200,1075200,1075200,1075200,1075200,652800,1401600,809,47,53,1012,40,52,224,48,92,517,75,30,93,20,41,148,53,65,58,76,137,142,51,90,732260,77403,70020,740313,47873,66058,247944,91150,555493,605406,129064,46112,94432,48763,592985,182997,129935,471554,64490,257554,577454,115226,86118,724282,618.4112132231405,0.4070611570247934
1661110084625,30.436,0.123595506,0.13636364,0.18181819,0.0,0.27272728,0.13043478,0.04761905,0.08695652,0.08695652,42.300003,41.9,41.600002,41.600002,41.300003,40.9,40.600002,41.300003,40.9,41.300003,41.300003,40.9,3694794,-1147766,1075200,1075200,1075200,1075200,1075200,1075200,652800,1401600,956,35,45,1110,26,43,418,90,100,577,70,19,116,12,56,193,43,85,76,89,158,30,53,81,812656,61797,59425,819746,22990,58997,432186,146355,342407,652320,133614,30434,105966,24046,724550,197229,100520,569443,106202,250121,623934,30762,146476,777816,619.2295504885993,0.3909315960912052
1661110085628,30.500002,0.12,0.14285715,0.17391305,0.08695652,0.23809524,0.09090909,0.04761905,0.13636364,0.04347826,42.600002,42.300003,41.600002,41.9,41.600002,41.600002,41.300003,41.9,41.9,41.9,41.600002,41.300003,3687787,-1349488,1075200,1075200,1075200,1075200,1075200,1075200,652800,1401600,854,59,70,1056,38,67,288,66,83,523,76,27,120,23,60,276,63,88,70,75,144,21,35,69,770985,74086,77713,733806,42932,95790,297322,104748,477083,644695,131589,43861,144417,48411,706927,289414,127624,451830,89337,245815,594344,27009,98630,859308,621.3127868852459,0.3832655737704918
1661110086631,30.560001,0.11,0.12,0.08695652,0.04,0.24,0.083333336,0.125,0.04,0.07692308,42.600002,42.300003,41.9,42.300003,42.300003,42.300003,41.600002,41.9,42.300003,42.300003,41.9,41.600002,3694988,-1351014,1075200,1075200,1075200,1075200,1075200,1075200,652800,1401600,915,42,48,1067,45,48,236,47,78,552,68,28,102,8,61,158,57,74,30,57,133,47,26,89,770670,59001,60789,767471,50184,64799,238699,69699,556595,621817,125278,52985,125447,28101,681953,156132,156033,567926,45035,189053,686701,52662,75817,849599,619.7806016528926,0.38918347107438017
1661110087670,30.630001,0.13483146,0.2173913,0.14285715,0.045454547,0.23809524,0.045454547,0.13043478,0.16666667,0.08695652,42.600002,42.300003,41.9,42.300003,41.600002,41.600002,41.300003,41.9,41.300003,41.9,41.9,41.300003,3704720,-1098328,1075200,1075200,1075200,1075200,1075200,1075200,652800,1401600,990,42,34,1147,35,56,192,60,93,560,82,21,285,53,84,95,13,55,67,66,147,71,40,103,815128,48082,41164,797705,29889,65293,208541,159915,550058,653124,148689,30491,262164,77958,430999,94566,37090,698643,92487,218436,633163,78405,87500,820029,621.532344370861,0.38087417218543046
1661110088677,30.694002,0.16091955,0.15789473,0.1,0.26086956,0.2857143,0.0952381,0.17391305,0.13043478,0.04761905,42.9,42.9,42.300003,42.600002,42.300003,42.600002,41.600002,42.600002,42.300003,42.600002,42.300003,42.300003,3697324,-1236878,1075200,1075200,1075200,1075200,1075200,1075200,652800,1401600,856,54,64,1021,50,75,284,79,96,494,86,17,176,51,78,63,6,45,57,83,138,49,31,75,740704,80229,82015,721336,56323,100765,326675,146743,372889,627797,168511,26442,170333,130995,623339,52369,27016,764167,80378,289146,566329,49898,94424,821379,619.7783801652893,0.3781818181818182
1661110089703,30.757002,0.26130652,0.26923078,0.30769232,0.375,0.36,0.13043478,0.12,0.15384616,0.4,43.300003,43.600002,42.600002,42.600002,42.600002,42.600002,42.300003,42.600002,42.9,42.9,42.600002,42.300003,3670075,-1329957,1075200,1075200,1075200,1075200,1075200,1075200,652800,1401600,900,53,50,938,53,72,339,72,84,605,65,19,169,18,68,86,16,55,61,68,155,35,23,90,748682,76821,66452,741262,87666,100097,400390,113485,357811,675834,117373,28837,155294,36358,716363,101922,37125,720241,81071,215057,666149,34879,62148,872492,617.0965403624382,0.38927182866556836
1661110090704,30.811,0.30813953,0.2,0.1904762,0.2631579,0.3478261,0.95652175,0.2173913,0.18181819,0.0952381,43.9,43.600002,42.600002,42.9,42.600002,42.9,42.600002,42.9,43.300003,42.9,42.600002,42.300003,3675914,-1377259,1075200,1075200,1075200,1075200,1075200,1075200,652800,1401600,1021,31,24,1090,25,33,300,51,78,582,62,26,353,57,97,191,19,66,146,95,133,48,45,98,801456,48886,29314,781909,34346,48589,258098,89066,480244,629980,102900,44398,304013,95095,456373,161087,39588,600816,147262,267624,460303,33428,122144,726616,623.3770031347963,0.3886144200626959
1661110091706,30.875002,0.22413793,0.27272728,0.27272728,0.0952381,0.3,0.3181818,0.33333334,0.18181819,0.08695652,43.9,43.9,43.300003,43.9,43.600002,43.600002,42.9,43.300003,43.300003,43.600002,42.9,42.600002,3653141,-1500855,1075200,1075200,1075200,1075200,1075200,1075200,652800,1401600,925,57,51,963,53,70,175,43,89,561,71,30,20,2,37,81,19,57,138,101,128,56,25,81,757258,62681,64422,727411,73588,83593,182572,90165,606140,620177,134942,52620,19744,4064,614524,94635,47685,680206,128810,252378,514178,55456,75126,833695,618.9923601286174,0.40061736334405146
1661110092747,30.935001,0.10945274,0.16,0.15384616,0.04347826,0.25,0.23076923,0.0,0.11111111,0.0,43.9,43.600002,43.300003,43.600002,43.600002,42.9,42.600002,43.300003,43.300003,43.600002,43.300003,42.600002,3662289,-1494446,1075200,1075200,1075200,1075200,1075200,1075200,652800,1401600,885,52,65,970,49,56,188,33,70,558,75,17,47,6,35,175,21,64,156,105,135,52,30,84,762532,58172,68067,754238,60420,80993,188753,80609,673187,638069,147847,33135,55392,13988,489236,157055,32237,688495,164357,251510,479911,47694,63443,849935,618.7315643564357,0.37961716171617166
1661110093787,31.002,0.25668448,0.25,0.25,0.17391305,0.4090909,0.45454547,0.13636364,0.34615386,0.083333336,43.600002,43.300003,42.9,43.300003,42.9,42.600002,42.300003,42.9,42.600002,42.9,42.9,42.300003,3678250,-1443482,1075200,1075200,1075200,1075200,1075200,1075200,652800,1401600,971,42,40,975,40,59,451,99,118,574,62,20,95,16,48,194,30,85,42,83,149,42,35,90,812857,49143,49004,792340,55886,97027,429406,148535,321278,707818,97996,34248,94309,44382,675851,195069,61123,691160,70488,280710,598320,38007,108094,852392,623.8788608837971,0.38468085106382977
1661110094841,31.066002,0.23157895,0.27272728,0.25,0.20833333,0.36363637,0.24,0.29166666,0.12,0.12,43.9,43.300003,42.9,43.300003,43.300003,42.600002,42.600002,42.9,42.600002,43.300003,42.9,42.300003,3691290,-1319581,1075200,1075200,1075200,1075200,1075200,1075200,652800,1401600,763,46,55,853,57,87,326,52,89,517,59,13,71,11,45,270,33,80,38,65,148,34,26,83,759966,70009,68907,708253,87558,135389,342449,76164,528323,643882,116653,26369,68270,28269,704916,256456,55386,652730,54242,241383,678600,45002,71524,962691,621.928397515528,0.3901614906832298
1661110095903,31.129002,0.1826923,0.22222222,0.26923078,0.08,0.3846154,0.2962963,0.12,0.07692308,0.037037037,43.9,43.9,42.9,43.600002,43.600002,43.300003,42.600002,42.9,42.9,43.300003,43.300003,42.9,3680585,-1203919,1075200,1075200,1075200,1075200,1075200,1075200,652800,1401600,746,45,49,963,49,57,311,65,109,519,60,17,131,25,66,117,25,71,58,67,159,42,42,87,751168,61164,57382,744239,59199,75331,316001,125869,484593,632908,122793,23459,157143,55603,657515,129180,66344,613172,81392,228238,683383,32771,142165,823673,621.3838614173229,0.3943811023622047
1661110096969,31.196001,0.0974359,0.0,0.045454547,0.125,0.04347826,0.22222222,0.115384616,0.115384616,0.041666668,43.9,43.600002,43.300003,43.600002,42.9,43.300003,42.9,42.9,42.9,43.300003,43.300003,42.600002,3688565,-1188355,1075200,1075200,1075200,1075200,1075200,1075200,652800,1401600,783,38,50,975,38,65,384,76,114,489,56,22,130,20,58,177,54,82,71,95,157,30,47,87,779105,60110,59112,761794,60222,100769,399386,140039,368155,624425,103589,42667,147845,28202,719708,210220,145132,475342,97087,296963,559025,34155,134818,843498,616.9802491803279,0.43373114754098363
1661110097978,31.244001,0.11235955,0.0,0.0952381,0.13043478,0.13043478,0.13636364,0.17391305,0.0,0.22727273,43.9,43.600002,42.9,43.300003,43.300003,43.300003,42.9,43.600002,43.300003,44.600002,42.600002,42.600002,3759997,-975037,1075200,1075200,1075200,1075200,1075200,1075200,652800,1401600,691,36,45,1002,37,56,277,44,70,479,59,47,129,8,71,131,7,41,250,56,131,106,34,118,717082,46061,69754,707879,49404,67237,278946,67097,522778,521376,106999,166991,139105,14468,663363,116708,15828,623729,239622,156684,514926,121893,66804,713888,-1.0,-1.0
1661110098978,31.298002,0.038674034,0.04347826,0.04347826,0.045454547,0.04347826,0.0,0.09090909,0.041666668,0.0,42.300003,42.300003,41.600002,42.300003,42.600002,42.300003,41.600002,41.9,42.300003,42.300003,41.300003,41.300003,3789387,-575561,1075200,1075200,1075200,1075200,1075200,1075200,652800,1401600,332,2,21,567,3,33,147,41,98,136,33,90,130,39,83,92,19,65,9,14,68,29,50,112,637138,3311,300769,636798,4264,270657,173168,99616,644166,142686,71913,698852,132881,114109,613628,107796,45527,665670,15153,66105,885749,37264,127297,718867,-1.0,-1.0
1661110099982,31.342001,0.12562814,0.041666668,0.125,0.1923077,0.20833333,0.2,0.125,0.03846154,0.115384616,41.300003,41.300003,40.9,40.9,40.9,40.9,40.600002,40.9,40.9,41.300003,40.300003,39.9,3793864,-176696,1075200,1075200,1075200,1075200,1075200,1075200,652800,1401600,181,3,61,294,12,96,128,20,113,92,21,87,57,8,67,101,17,55,12,3,77,12,3,34,220289,4509,687916,301400,22115,591359,126849,34712,747296,81629,46535,801459,71998,31924,804732,67604,44026,701715,9911,10774,955746,11773,2296,912437,-1.0,-1.0
1661110101017,31.371002,0.18781726,0.08695652,0.13043478,0.2,0.16,0.18518518,0.1923077,0.125,0.36,41.300003,40.9,40.300003,40.9,40.9,40.9,40.300003,40.9,40.9,41.600002,39.9,39.9,3793669,-147705,1075200,1075200,1075200,1075200,1075200,1075200,652800,1401600,309,19,59,531,22,61,190,35,95,216,35,77,189,20,63,248,23,80,171,13,59,91,17,82,411007,43008,427428,454175,50859,351031,152171,77250,621546,159395,83731,587275,113494,43117,651316,145402,49245,625124,82261,41121,791514,74526,59338,724147,0.00419543973941368,0.007009771986970685
1661110102016,31.377,0.13095239,0.2631579,0.1904762,0.23809524,0.09090909,0.0952381,0.08695652,0.13043478,0.0952381,41.300003,41.300003,40.600002,41.300003,41.300003,40.9,40.600002,40.9,40.9,40.9,40.600002,39.9,3710170,-1154785,1075200,1075200,1075200,1075200,1075200,1075200,652800,1401600,490,3,19,658,3,42,366,29,80,257,31,50,170,24,43,132,15,45,132,54,60,223,35,92,437801,4899,412456,445021,4612,391738,247867,48145,521894,202242,58874,558532,128008,47378,599345,84035,26135,607023,138527,154814,611029,137665,50446,664928,399.6346666666667,1.4995032679738562
1661110103020,31.393002,0.23267327,0.32,0.30769232,0.36,0.15384616,0.16,0.125,0.22222222,0.25,42.9,42.600002,41.9,42.300003,41.600002,41.9,41.300003,42.300003,41.9,42.600002,41.600002,41.300003,3680974,-1400452,1075200,1075200,1075200,1075200,1075200,1075200,652800,1401600,694,37,45,1032,38,48,413,66,62,275,63,107,184,44,69,243,25,97,190,126,125,229,79,178,733093,46166,47926,702801,62963,64248,486290,141058,175591,286250,145063,454295,191888,76798,547406,220720,33685,640978,204319,316928,403211,241848,167889,473549,1456.0025128205127,1.0293333333333334
1661110104020,31.419,0.17837837,0.22727273,0.32,0.22727273,0.13043478,0.13043478,0.13043478,0.13636364,0.08695652,43.9,43.300003,42.9,43.300003,43.300003,43.300003,42.300003,42.9,42.9,43.300003,42.9,42.600002,3665987,-1391907,1075200,1075200,1075200,1075200,1075200,1075200,652800,1401600,1054,26,48,1150,31,61,517,53,69,201,35,95,300,60,110,325,82,109,204,137,160,413,66,190,778795,28463,52497,774910,27553,66228,553842,90047,125440,223891,63712,600233,314814,112556,450092,336578,171124,274345,251894,288582,398436,408733,125369,342183,959.9340621118013,0.6175403726708074
1661110105032,31.438002,0.19318181,0.22727273,0.32,0.3181818,0.04761905,0.13636364,0.13043478,0.1904762,0.13636364,44.300003,43.9,43.300003,43.300003,43.600002,43.300003,42.9,43.300003,43.300003,43.600002,43.300003,42.600002,3679807,-1308289,1075200,1075200,1075200,1075200,1075200,1075200,652800,1401600,979,39,42,1014,35,69,569,57,57,228,60,104,262,51,86,138,35,66,204,131,142,281,118,162,780666,44203,38591,731677,35101,73737,596712,95232,97904,234510,125887,476939,275614,111443,429535,152160,86156,592327,211853,290105,369961,263538,283624,383841,933.7954945397815,0.572405616224649
1661110106070,31.479002,0.32795697,0.2173913,0.17391305,0.14285715,0.045454547,0.5652174,1.0,0.125,0.2173913,44.300003,44.300003,43.600002,43.600002,43.600002,43.300003,42.600002,43.300003,43.600002,43.9,43.600002,43.300003,3689928,-1305848,1075200,1075200,1075200,1075200,1075200,1075200,652800,1401600,1063,36,38,973,47,68,556,59,46,170,50,88,241,45,76,277,68,112,152,115,152,234,136,161,818064,41006,33885,745767,74191,91631,602313,111193,76477,189415,101128,642984,230568,102207,522686,317124,121651,509661,183175,310342,439878,227508,328302,412745,932.64995,0.6357
1661110107081,31.533,0.19125684,0.26086956,0.34615386,0.22727273,0.04761905,0.045454547,0.17391305,0.13043478,0.26923078,45.300003,44.9,44.300003,44.300003,44.300003,44.600002,43.9,44.600002,43.9,44.9,43.9,43.600002,3685646,-1351929,1075200,1075200,1075200,1075200,1075200,1075200,652800,1401600,878,41,59,1014,42,46,409,92,103,165,41,74,107,20,48,145,47,45,148,112,170,593,108,103,780520,55360,63452,796258,59368,55181,469922,179470,186139,145262,94877,664641,125378,35534,332363,144940,93613,153524,182629,304169,441454,478122,185631,199724,930.4734677685951,0.5982148760330579
1661110108109,31.578001,0.17977528,0.26086956,0.26086956,0.23809524,0.08695652,0.045454547,0.16666667,0.14285715,0.1,44.9,44.9,44.600002,44.300003,43.9,43.9,43.600002,43.9,43.9,44.600002,43.9,43.300003,3694015,-1296998,1075200,1075200,1075200,1075200,1075200,1075200,652800,1401600,981,51,64,1050,38,50,535,76,66,154,34,73,185,49,90,254,50,78,114,124,172,303,137,144,790437,79752,67170,758607,53036,71693,569518,151046,112958,162879,65316,709326,156552,157668,598943,291509,79030,507257,137014,331454,509716,278704,313133,358433,929.5612297520661,0.5700231404958678
1661110109151,31.635002,0.16129032,0.22727273,0.20833333,0.3181818,0.09090909,0.045454547,0.0,0.08695652,0.13043478,45.300003,44.600002,44.300003,44.300003,44.300003,43.9,43.300003,43.9,43.9,44.600002,44.300003,43.9,3676887,-1287842,1075200,1075200,1075200,1075200,1075200,1075200,652800,1401600,945,51,56,998,36,59,601,45,45,266,83,105,209,40,91,133,18,49,64,137,172,302,139,137,784514,69550,55904,744564,68095,77992,650277,70131,80826,290288,178048,441069,207577,95338,634738,113510,31488,703321,97703,355536,484167,259224,333675,363925,926.2198479338844,0.6071537190082645
1661110110156,31.683,0.16842106,0.25,0.20833333,0.25,0.2,0.13043478,0.083333336,0.125,0.125,45.300003,45.300003,44.300003,44.600002,44.600002,44.300003,43.600002,44.600002,43.9,45.300003,44.300003,43.9,3670659,-1409302,1075200,1075200,1075200,1075200,1075200,1075200,652800,1401600,950,45,58,972,38,60,492,55,66,331,81,97,112,12,70,147,26,68,76,110,177,399,134,118,784179,58399,55663,721206,56717,79424,577937,86208,124379,371149,134197,340447,132536,25213,668703,117537,69997,750515,102491,301021,514655,352874,295726,289103,930.0859317073171,0.580370731707317
1661110111192,31.743002,0.14358975,0.13043478,0.13636364,0.26086956,0.115384616,0.041666668,0.12,0.04347826,0.15384616,45.9,45.600002,45.300003,44.9,44.9,44.600002,44.300003,45.300003,44.600002,45.600002,44.600002,44.300003,3681169,-1307373,1075200,1075200,1075200,1075200,1075200,1075200,652800,1401600,978,31,50,977,48,77,496,63,75,333,74,116,110,24,55,134,36,73,140,109,175,352,129,128,769760,38251,41388,716160,71510,101288,534629,115105,124773,353728,136866,445486,112737,67509,675497,113617,86399,611951,180094,297712,456119,337112,282256,284570,927.9617161716171,0.6047788778877888
1661110112231,31.800001,0.12169312,0.13043478,0.13636364,0.22727273,0.04347826,0.045454547,0.045454547,0.083333336,0.12,45.600002,45.600002,44.9,44.600002,44.9,44.600002,43.9,44.9,44.9,45.300003,44.9,44.300003,3674746,-1312867,1075200,1075200,1075200,1075200,1075200,1075200,652800,1401600,998,50,55,1069,49,63,568,71,58,329,69,105,235,48,83,157,27,70,148,130,185,398,126,105,832883,62430,56832,754481,56831,71189,616570,133983,97284,326725,126613,501240,231069,95424,498538,164705,63697,714208,163078,324022,502801,371243,302542,265199,928.9085884297521,0.6312198347107438
1661110113277,31.864002,0.11386139,0.16,0.2,0.33333334,0.115384616,0.115384616,0.0,0.10714286,0.04,45.9,45.300003,44.9,44.9,44.9,44.600002,43.9,45.300003,44.600002,45.600002,44.600002,44.300003,3670269,-1281434,1075200,1075200,1075200,1075200,1075200,1075200,652800,1401600,986,48,62,952,46,63,554,60,70,281,79,126,146,26,56,309,67,109,146,104,185,380,153,106,814202,70866,68962,766897,60035,80719,605270,119432,116928,307237,187383,447536,136470,63893,638386,329566,129402,489931,200582,268254,520385,365729,315539,268855,929.2084852255055,0.5893872472783825
1661110114312,31.915,0.10650887,0.1904762,0.14285715,0.2,0.045454547,0.09090909,0.045454547,0.09090909,0.04761905,45.9,46.300003,45.300003,45.600002,45.300003,44.600002,44.300003,45.300003,44.9,45.600002,44.9,44.300003,3688565,-1283265,1075200,1075200,1075200,1075200,1075200,1075200,652800,1401600,979,54,66,1054,43,58,504,51,46,346,69,122,169,25,56,298,72,114,87,117,180,387,153,125,838351,56956,69737,747602,61238,74654,588549,102372,88751,370696,105079,450260,153492,65056,627343,318684,130757,444859,114098,322755,503309,331368,328736,303793,928.2079492063492,0.6088126984126985
1661110115363,31.972002,0.19186047,0.1904762,0.18181819,0.33333334,0.13636364,0.0952381,0.47619048,0.04761905,0.045454547,46.300003,46.300003,45.600002,45.600002,45.300003,45.300003,44.9,45.600002,45.300003,45.9,45.300003,44.9,3677666,-1392823,1075200,1075200,1075200,1075200,1075200,1075200,652800,1401600,1048,51,47,1174,34,43,540,66,58,358,55,99,110,15,58,301,48,108,64,120,190,367,138,125,827979,62817,46654,786726,30656,66337,610292,129757,89849,331978,92787,519129,117806,36452,683522,292920,87575,571886,94194,307519,545447,302899,312477,336082,935.5150326797385,0.6375947712418301
1661110116395,32.029003,0.14130434,0.18181819,0.3478261,0.22727273,0.08695652,0.0,0.13043478,0.08695652,0.04347826,46.600002,46.300003,45.600002,45.600002,45.600002,44.9,44.600002,45.300003,44.9,45.300003,45.600002,44.9,3681364,-1267090,1075200,1075200,1075200,1075200,1075200,1075200,652800,1401600,995,61,45,980,44,72,589,57,43,357,74,133,99,19,50,123,24,46,67,129,178,267,129,149,788226,76164,58641,737452,60877,95730,606776,110295,65741,385575,154500,370555,110808,57646,665036,101110,35649,252534,91640,344504,517675,254726,322540,396499,930.5859047619048,0.6253206349206349
1661110117419,32.102,0.118644066,0.15,0.17391305,0.36,0.09090909,0.08695652,0.04761905,0.045454547,0.08695652,46.9,46.9,45.600002,45.9,45.600002,45.600002,44.9,45.9,45.300003,45.9,45.9,44.9,3674941,-1436768,1075200,1075200,1075200,1075200,1075200,1075200,652800,1401600,865,36,43,973,37,46,483,49,60,331,51,75,105,18,67,138,24,51,231,122,158,366,103,142,678645,48187,49456,633999,44283,54693,521785,92624,106197,309670,73976,439114,114091,35509,531719,133609,51252,518984,187773,276523,441514,331458,225237,336181,927.587120661157,0.5858380165289256
1661110118444,32.157,0.09950249,0.16,0.2,0.30769232,0.0,0.04,0.07692308,0.03846154,0.03846154,46.600002,46.600002,46.300003,46.300003,45.9,45.9,45.9,46.9,46.300003,47.600002,45.9,45.600002,3672800,-1361390,1075200,1075200,1075200,1075200,1075200,1075200,652800,1401600,1053,21,26,1131,30,50,589,59,51,301,55,110,285,41,86,110,13,61,113,103,176,322,123,147,825585,23114,24872,780073,38862,61812,631395,110809,76708,328015,84113,460383,221793,93881,631525,112799,23632,721290,124527,276042,516584,271697,292767,357516,930.1282825040129,0.5809309791332263
1661110119448,32.207,0.13636364,0.18181819,0.14285715,0.36363637,0.09090909,0.0952381,0.0,0.0,0.09090909,46.9,46.300003,45.600002,45.9,45.600002,45.600002,44.9,45.9,45.300003,46.300003,45.9,44.9,3682921,-1360779,1075200,1075200,1075200,1075200,1075200,1075200,652800,1401600,938,53,48,973,54,74,600,39,44,177,49,88,320,85,91,88,17,66,52,131,163,146,145,151,765341,57435,58105,730990,68739,82841,651213,76156,67081,164400,101063,622161,384290,159142,366708,91886,53242,713949,70917,384489,511850,147169,360461,436477,929.719960591133,0.612729064039409
1661110120465,32.268,0.10837439,0.1923077,0.16,0.28,0.0,0.115384616,0.07692308,0.03846154,0.04,47.300003,46.600002,46.300003,46.300003,45.9,46.300003,45.9,46.9,45.9,46.9,46.300003,45.600002,3669296,-1426392,1075200,1075200,1075200,1075200,1075200,1075200,652800,1401600,1079,31,39,1141,28,43,605,59,45,211,59,94,283,57,79,330,59,93,103,110,174,287,124,148,852000,30818,39974,812844,35079,54055,636829,88093,72786,205989,156853,550215,272919,106027,482676,311510,94730,441279,120301,285039,555353,265605,270666,369752,930.44555,0.6071
1661110121492,32.319,0.052910052,0.0,0.083333336,0.041666668,0.04347826,0.08,0.12,0.083333336,0.041666668,47.300003,46.600002,45.9,46.300003,45.9,45.600002,45.300003,46.300003,45.600002,46.300003,45.9,45.600002,3679028,-1244812,1075200,1075200,1075200,1075200,1075200,1075200,652800,1401600,888,61,74,970,53,77,562,48,40,102,40,75,363,69,113,197,28,74,65,115,167,197,144,145,759504,80837,81683,710502,65646,94580,647924,85567,62872,120877,102628,690350,365019,110676,400141,199513,51084,597793,76172,349327,555469,207127,354460,391010,521.927776683087,0.35921182266009855
1661110122553,32.379,0.034146342,0.0,0.04,0.0,0.03846154,0.03846154,0.115384616,0.0,0.03846154,45.300003,44.9,44.9,44.9,44.9,44.600002,44.600002,44.9,44.9,44.9,44.300003,43.9,3791334,-121765,1075200,1075200,1075200,1075200,1075200,1075200,652800,1401600,576,7,19,898,7,24,350,51,82,254,39,93,403,37,72,177,24,73,125,64,84,210,90,133,713982,25546,181124,726745,18439,167016,343219,119175,458072,254467,73104,574974,366578,60802,458527,198043,46580,567917,127834,125350,654765,166897,193547,608806,-1.0,-1.0
1661110123604,32.433002,0.057971016,0.03846154,0.03846154,0.03846154,0.0,0.04,0.125,0.03846154,0.0,44.300003,43.9,43.600002,44.300003,44.300003,43.9,43.300003,43.9,43.9,43.9,43.300003,42.9,3757272,-718384,1075200,1075200,1075200,1075200,1075200,1075200,652800,1401600,316,20,41,468,15,50,204,29,93,184,47,98,134,35,81,97,15,48,20,16,71,39,23,115,567224,52608,350121,537200,34808,336491,188636,44952,709169,150148,120096,681183,108797,90541,676297,97930,39295,719184,25638,70006,921729,39411,57689,787839,-1.0,-1.0
1661110124624,32.465,0.01923077,0.0,0.0,0.0,0.0,0.07692308,0.0,0.0,0.0,43.600002,43.300003,42.600002,43.300003,43.300003,43.600002,43.300003,44.600002,44.300003,45.300003,42.600002,42.300003,3769924,-375061,1075200,1075200,1075200,1075200,1075200,1075200,652800,1401600,113,5,46,216,11,74,93,26,78,149,25,74,119,21,65,59,16,52,40,9,81,7,3,27,212805,11048,751776,257881,29519,634939,81694,69748,779568,101420,58132,768312,94504,56688,770549,45724,37965,758929,28219,24272,879084,8111,3606,947351,-1.0,-1.0
1661110125651,32.475002,0.17714286,0.22727273,0.15,0.04761905,0.23809524,0.13636364,0.1904762,0.32,0.16666667,42.300003,42.300003,41.9,42.300003,42.300003,41.9,41.600002,41.9,42.300003,42.300003,41.300003,41.600002,3769729,-530701,1075200,1075200,1075200,1075200,1075200,1075200,652800,1401600,170,12,30,355,9,44,164,19,72,178,28,50,69,9,36,118,14,45,86,5,50,44,21,57,361680,14780,544421,378330,20525,513679,117734,30908,750431,128255,66326,704914,52242,13838,744201,96180,32509,747083,55628,5051,920683,41814,43371,836089,331.202091503268,1.424091503267974
1661110126664,32.487003,0.14534883,0.36363637,0.1,0.0952381,0.18181819,0.0952381,0.04761905,0.04761905,0.14285715,44.600002,44.300003,43.600002,43.600002,43.9,43.9,43.600002,44.300003,43.600002,45.300003,43.9,43.300003,3672800,-1376648,1075200,1075200,1075200,1075200,1075200,1075200,652800,1401600,962,23,25,1188,9,31,409,48,99,644,67,62,369,53,84,378,56,88,182,77,154,362,78,161,777044,33317,41453,722096,7720,46030,323139,82489,401229,492539,116808,122582,312568,103774,316745,302761,119296,249369,150346,184556,550248,270366,152268,369975,1261.3069067524116,0.9597427652733119
1661110127713,32.503002,0.12643678,0.27272728,0.1904762,0.0,0.13636364,0.04761905,0.13636364,0.09090909,0.13636364,45.600002,45.300003,44.300003,44.9,44.600002,44.300003,43.9,44.9,44.600002,45.600002,44.9,44.300003,3665793,-1474915,1075200,1075200,1075200,1075200,1075200,1075200,652800,1401600,972,34,59,1093,51,85,328,69,112,479,91,103,209,31,93,240,39,94,167,62,190,406,110,165,763354,28447,67137,735281,67259,90795,331180,110679,454312,515128,172365,182948,243727,52953,555779,239638,78265,587588,214305,130744,612727,398351,183285,338782,1618.6114378029079,1.1592891760904684
1661110128718,32.525,0.13407822,0.18181819,0.2173913,0.13043478,0.18181819,0.13043478,0.08695652,0.045454547,0.16666667,46.300003,45.9,45.300003,45.300003,45.300003,45.300003,44.9,45.600002,45.300003,46.300003,45.300003,44.9,3665014,-1390687,1075200,1075200,1075200,1075200,1075200,1075200,652800,1401600,1102,37,39,1168,43,61,272,54,99,446,98,111,196,29,88,334,71,110,213,89,201,499,76,163,768906,35602,40814,703130,57682,70244,249873,125746,515438,478642,179180,181854,189423,60576,598622,352231,138938,395064,240480,204141,447130,430644,135478,289106,1234.725696594427,0.8648421052631579
1661110129715,32.557003,0.17613636,0.3043478,0.1904762,0.13636364,0.2173913,0.09090909,0.0952381,0.26086956,0.18181819,47.300003,46.300003,45.600002,45.9,45.9,45.9,45.300003,46.300003,45.9,46.9,45.9,45.300003,3672410,-1463318,1075200,1075200,1075200,1075200,1075200,1075200,652800,1401600,975,59,51,1056,43,58,252,54,100,489,78,105,195,41,69,212,43,70,123,127,181,530,82,104,722663,69031,51264,689669,53916,59006,278604,86609,456893,472144,157538,168484,212292,80664,488928,197956,84037,514113,141267,304078,458798,518648,150066,180702,1236.3913083197392,0.8937553017944535
1661110130730,32.595,0.12169312,0.29166666,0.16666667,0.083333336,0.20833333,0.04347826,0.083333336,0.04347826,0.04347826,47.600002,47.300003,46.600002,46.9,46.9,46.9,46.300003,46.9,46.600002,47.600002,46.600002,45.9,3664430,-1564942,1075200,1075200,1075200,1075200,1075200,1075200,652800,1401600,1172,22,20,1383,15,16,340,80,95,534,83,112,212,39,83,257,50,91,187,123,192,620,75,137,865778,28692,23086,886386,19464,22974,336109,134282,445268,559848,145841,181600,225498,78782,563695,280076,74169,426190,226038,271058,433207,532221,146119,239894,1228.907023923445,0.9282041467304626
1661110131778,32.63,0.14736842,0.3043478,0.29166666,0.041666668,0.25,0.08,0.04,0.083333336,0.125,47.600002,47.300003,46.300003,46.600002,46.600002,45.9,45.9,46.9,46.300003,47.600002,46.600002,45.600002,3661121,-1629945,1075200,1075200,1075200,1075200,1075200,1075200,652800,1401600,886,57,82,937,69,100,121,32,80,391,97,129,106,24,36,106,20,51,329,161,139,521,80,113,698462,76159,72366,672256,85137,99652,116604,75404,687603,457436,198844,197114,121775,53541,343300,131834,37689,445618,278339,310801,293876,478874,156975,227605,1239.2836770186336,0.9056397515527951
1661110132805,32.678,0.22285715,0.27272728,0.2857143,0.18181819,0.23809524,0.17391305,0.0952381,0.25,0.33333334,47.9,47.600002,46.600002,46.9,46.600002,46.600002,46.300003,47.300003,46.9,47.600002,46.600002,46.300003,3662095,-1435853,1075200,1075200,1075200,1075200,1075200,1075200,652800,1401600,992,47,54,1146,34,54,222,49,90,568,78,97,102,13,63,199,33,84,210,156,153,469,96,136,780945,66430,63481,786214,34376,60501,234838,95000,577223,534890,149938,144173,123774,35201,704554,206011,52251,661894,224758,346170,375891,445024,194793,270938,1238.4619097978227,0.861113530326594
1661110133840,32.739002,0.11666667,0.18181819,0.14285715,0.0,0.17391305,0.045454547,0.0952381,0.045454547,0.13043478,48.600002,47.9,47.300003,47.600002,47.300003,47.300003,46.9,47.9,47.300003,48.300003,47.300003,46.600002,3675719,-1444703,1075200,1075200,1075200,1075200,1075200,1075200,652800,1401600,886,16,18,1142,16,26,279,67,95,536,69,92,282,62,94,189,38,79,194,123,194,466,85,111,784157,19827,23802,735799,20628,35671,273486,132582,403047,522814,119587,136238,283236,147335,434735,192390,98422,507324,203913,273382,418287,402424,160783,224422,1238.9973509060956,0.8738056013179571
1661110134876,32.786003,0.17098446,0.3043478,0.26086956,0.083333336,0.16666667,0.125,0.12,0.083333336,0.16,48.600002,47.9,47.600002,47.600002,47.9,47.9,46.9,47.9,47.300003,48.300003,47.300003,46.600002,3653336,-1576844,1075200,1075200,1075200,1075200,1075200,1075200,652800,1401600,850,66,60,980,58,92,201,61,98,441,88,109,185,16,79,292,74,92,131,125,198,438,107,115,733424,77524,61116,696218,71976,99208,225249,115516,543567,519317,166683,183414,161310,42893,699446,297217,154246,428958,156825,309770,478631,428525,220190,245924,1235.040715654952,0.8971246006389776
1661110135917,32.834003,0.17679559,0.2173913,0.18181819,0.09090909,0.26086956,0.17391305,0.125,0.22727273,0.13043478,49.300003,48.9,47.9,48.300003,47.9,47.600002,46.9,48.600002,48.300003,49.300003,47.9,47.300003,3656450,-1559144,1075200,1075200,1075200,1075200,1075200,1075200,652800,1401600,985,51,57,1182,37,56,229,37,74,496,92,112,256,41,94,142,25,55,182,125,205,485,94,108,754599,65760,66203,744387,41266,62708,202222,81560,612672,512147,171505,184328,276001,49223,507288,130832,45643,577562,237235,282820,442090,482956,185271,210135,1247.000837359098,0.8963091787439614
1661110136957,32.878002,0.17613636,0.23809524,0.23809524,0.04761905,0.23809524,0.13636364,0.0,0.18181819,0.17391305,49.300003,48.600002,48.300003,48.300003,47.9,47.600002,46.9,48.300003,47.300003,48.600002,47.9,47.300003,3660343,-1390992,1075200,1075200,1075200,1075200,1075200,1075200,652800,1401600,1132,23,39,1258,28,35,279,61,103,414,98,123,213,44,83,222,45,105,187,111,179,527,109,138,813680,30888,41043,828429,31753,39087,267829,110693,507415,487579,189955,185586,229672,71354,544806,217738,122970,593456,217827,258951,408912,466801,195268,262763,1239.0921922480618,0.8461891472868217
1661110137995,32.929,0.14117648,0.27272728,0.2,0.08695652,0.18181819,0.09090909,0.0,0.13043478,0.14285715,49.300003,48.9,48.300003,48.300003,48.600002,48.600002,47.9,48.9,48.600002,49.300003,48.300003,47.300003,3666377,-1534119,1075200,1075200,1075200,1075200,1075200,1075200,652800,1401600,957,47,58,1047,53,73,259,44,85,467,91,112,116,19,80,287,76,105,152,130,180,469,109,128,770153,58667,53221,744919,74564,79748,257830,66156,579835,520377,165560,181708,132207,59501,681452,311387,143338,482118,183356,266761,458414,450057,208487,268177,1233.581654036244,0.936171334431631
1661110139034,32.974003,0.29347825,0.26086956,0.27272728,0.20833333,0.2173913,0.2173913,0.75,0.27272728,0.25925925,49.300003,48.9,48.600002,47.9,48.300003,47.9,47.300003,48.9,48.300003,49.300003,48.300003,47.300003,3661316,-1543580,1075200,1075200,1075200,1075200,1075200,1075200,652800,1401600,1033,48,52,1234,37,55,305,52,109,440,104,131,184,23,54,349,78,103,157,128,191,562,84,103,789649,73872,55194,791207,41534,73904,274645,90321,521570,491418,203286,222283,159653,56098,655852,359282,156803,385996,200603,306387,472751,557747,161860,173392,1241.4314898911352,0.9238693623639191
1661110140048,33.041,0.13294798,0.23809524,0.18181819,0.09090909,0.14285715,0.14285715,0.04761905,0.05,0.20833333,49.9,50.300003,49.600002,49.600002,49.600002,48.9,48.9,49.300003,49.600002,49.9,48.600002,48.300003,3653531,-1506653,1075200,1075200,1075200,1075200,1075200,1075200,652800,1401600,892,41,45,1050,50,57,347,58,97,349,80,125,102,11,50,92,19,65,149,128,176,569,78,96,731952,53651,48928,696622,63026,69784,342238,96393,435430,424344,148618,201237,99585,24155,691952,104199,50786,571561,186755,268480,418472,537417,158434,191374,1232.9608421052633,0.8949473684210527
1661110141076,33.098003,0.18604651,0.23809524,0.1904762,0.14285715,0.1904762,0.14285715,0.17391305,0.17391305,0.3478261,49.9,49.600002,49.300003,49.300003,48.600002,48.600002,48.300003,49.300003,48.300003,49.300003,48.9,47.9,3671632,-1504517,1075200,1075200,1075200,1075200,1075200,1075200,652800,1401600,1118,38,45,1153,40,60,301,39,100,349,101,114,198,36,67,190,30,76,331,120,155,515,88,123,800044,40062,55034,777364,53225,62158,304710,69470,373740,424655,201782,201749,212719,78038,557076,183916,67445,460136,268169,232608,308915,463712,183635,260580,1240.3279503105591,0.8953043478260869
1661110142086,33.142002,0.13297872,0.20833333,0.13636364,0.083333336,0.20833333,0.125,0.16,0.083333336,0.08695652,49.9,49.9,49.600002,49.600002,49.300003,48.9,48.600002,49.600002,48.9,49.600002,48.600002,48.300003,3661900,-1617737,1075200,1075200,1075200,1075200,1075200,1075200,652800,1401600,977,46,54,1152,47,70,447,85,112,443,86,101,105,20,64,235,46,88,85,142,191,444,104,98,776275,58175,56250,734820,55492,76427,453140,132991,289502,474012,175812,138482,121882,42764,692921,226881,96814,566193,108002,312841,537028,464051,207114,189399,1239.8794248366012,0.9124183006535947
1661110143083,33.187,0.18994413,0.26086956,0.23809524,0.0952381,0.22727273,0.09090909,0.13636364,0.09090909,0.33333334,50.300003,49.9,49.300003,49.300003,49.300003,48.9,48.600002,49.600002,49.300003,50.300003,48.9,47.9,3665403,-1478577,1075200,1075200,1075200,1075200,1075200,1075200,652800,1401600,1025,43,35,1168,36,53,414,60,101,418,80,110,262,38,76,230,37,72,168,135,183,529,79,92,781694,58245,34726,766445,51845,51621,424271,105348,325104,451047,166695,189753,280055,79756,515829,238785,70030,517195,216374,293568,421891,495165,158828,196334,1240.7088104575164,0.8557908496732026
1661110144124,33.244003,0.2311828,0.33333334,0.3043478,0.09090909,0.29166666,0.1923077,0.20833333,0.2,0.3181818,50.300003,49.9,49.300003,49.600002,49.300003,49.300003,48.600002,49.600002,48.9,49.9,48.9,48.600002,3665014,-1558533,1075200,1075200,1075200,1075200,1075200,1075200,652800,1401600,979,60,63,1124,40,45,347,58,97,409,81,107,399,59,110,130,27,81,176,133,185,398,105,140,804584,86595,65392,739897,49193,50048,359639,106817,458385,481462,152413,186396,410380,100288,376908,140263,62934,670340,202341,310237,454970,414418,213210,278680,1240.6961836065573,0.889232786885246
1661110145173,33.301003,0.10169491,0.2173913,0.22727273,0.09090909,0.13043478,0.0,0.04761905,0.045454547,0.045454547,50.300003,49.9,49.300003,49.300003,48.9,48.9,48.600002,49.9,49.300003,50.300003,49.300003,48.300003,3674746,-1486512,1075200,1075200,1075200,1075200,1075200,1075200,652800,1401600,838,55,71,1034,49,78,397,76,104,411,89,100,227,65,101,90,23,71,130,153,197,498,97,108,753658,69529,82676,721246,79436,98111,369552,150838,391504,453651,196104,189341,275653,149336,416882,109172,76685,667858,175982,349567,482083,472684,194015,232936,1225.6367349593497,0.8651447154471544
1661110146164,33.349003,0.08947369,0.041666668,0.16,0.16,0.04347826,0.08695652,0.15384616,0.115384616,0.08695652,49.9,49.300003,48.600002,48.9,48.600002,48.300003,48.300003,48.9,48.600002,48.9,48.600002,47.9,3717955,-821838,1075200,1075200,1075200,1075200,1075200,1075200,652800,1401600,673,29,34,963,28,42,237,42,92,386,64,85,246,43,93,157,20,36,202,68,145,458,61,127,608529,45378,94016,656676,36485,55626,227248,88709,460051,414231,118036,230598,258167,91278,423636,145920,37135,453295,199594,137548,448329,367251,112458,318989,-1.0,-1.0
1661110147169,33.397003,0.028708134,0.0,0.0,0.0,0.0,0.11111111,0.074074075,0.03846154,0.0,47.600002,47.300003,46.9,47.300003,47.300003,47.300003,47.300003,47.9,47.300003,48.300003,46.9,46.300003,3758635,-800781,1075200,1075200,1075200,1075200,1075200,1075200,652800,1401600,470,5,29,580,11,32,184,31,83,162,38,85,130,27,89,211,19,94,28,3,78,64,37,145,676577,5482,255088,649291,18807,243074,176725,66708,619746,217453,79241,623407,168033,64953,606156,210127,38015,648021,58172,13669,885085,86468,83863,692714,-1.0,-1.0
1661110148224,33.441,0.3298969,0.39130434,0.36,0.32,0.4,0.3478261,0.44,0.16,0.17391305,46.300003,45.9,45.300003,46.300003,46.300003,46.300003,45.600002,45.9,45.9,46.300003,45.300003,44.9,3770507,-256653,1075200,1075200,1075200,1075200,1075200,1075200,652800,1401600,166,7,52,257,10,74,87,25,75,113,24,102,124,11,73,108,8,68,5,1,46,30,19,83,265378,13691,711440,282185,26311,656689,96574,60444,808613,116230,66250,783410,102077,29173,738859,79470,9128,754963,4167,3211,1021914,31284,50713,915466,-1.0,-1.0
1661110149239,33.464,0.4057971,0.29166666,0.36,0.4,0.375,0.5555556,0.5769231,0.31034482,0.3846154,45.300003,45.300003,44.9,45.600002,45.300003,45.300003,45.300003,45.600002,45.300003,45.600002,44.300003,44.300003,3782575,-140380,1075200,1075200,1075200,1075200,1075200,1075200,652800,1401600,271,6,36,462,8,40,189,27,68,160,33,77,198,19,73,255,34,85,111,14,91,94,22,65,370097,17136,454268,405225,9711,432914,137109,54082,665427,143529,66903,612580,131923,31374,602611,171699,65501,588371,66006,37577,775487,74466,56600,700325,-1.0,-1.0
1661110150266,33.47,0.13218391,0.26086956,0.23809524,0.13636364,0.09090909,0.04761905,0.0,0.22727273,0.13636364,45.9,45.9,45.300003,45.600002,45.9,45.9,45.600002,47.300003,45.600002,48.600002,44.600002,44.600002,3714257,-931702,1075200,1075200,1075200,1075200,1075200,1075200,652800,1401600,429,3,17,608,3,42,184,19,66,241,18,44,147,5,42,213,15,75,267,17,71,190,38,45,362414,3332,503638,365242,5024,484982,132838,31748,660139,156816,36586,656973,71918,2677,634549,123407,26991,609811,167668,28127,731698,121388,64665,643146,1492.6900281690139,1.852694835680751
1661110151279,33.483,0.20114942,0.2857143,0.2173913,0.0952381,0.09090909,0.20833333,0.1,0.39130434,0.26086956,47.9,47.600002,46.600002,46.9,46.9,46.9,46.600002,46.9,47.600002,47.600002,46.9,46.300003,3668518,-1491700,1075200,1075200,1075200,1075200,1075200,1075200,652800,1401600,1021,28,54,1311,31,49,356,82,111,335,73,115,200,29,75,273,62,120,377,45,206,484,117,154,845331,37036,54098,825797,37100,45794,363985,144376,365646,315047,126432,476882,207700,49396,580055,288328,113361,478284,406488,91744,393071,404120,192146,253830,1696.583210526316,1.1002105263157895
1661110152301,33.492,0.22285715,0.3181818,0.29166666,0.0952381,0.14285715,0.2173913,0.17391305,0.35,0.1904762,48.600002,48.600002,47.9,47.9,47.9,47.600002,47.600002,48.300003,47.9,48.600002,47.9,47.300003,3656645,-1612244,1075200,1075200,1075200,1075200,1075200,1075200,652800,1401600,1058,21,24,1171,37,66,364,78,119,269,45,89,194,36,97,289,66,106,350,59,199,577,82,181,785353,22102,25790,778149,53762,73205,362363,129465,372842,271542,101262,507662,222315,73915,601474,304495,136282,355057,361437,96454,350430,453894,119460,277078,1544.9746086956523,1.0316521739130435
1661110153303,33.511,0.1182266,0.29166666,0.1923077,0.0,0.07692308,0.07692308,0.08,0.2,0.115384616,49.300003,48.9,48.300003,48.600002,48.600002,48.300003,48.300003,48.600002,48.9,49.300003,48.300003,47.600002,3661511,-1604005,1075200,1075200,1075200,1075200,1075200,1075200,652800,1401600,999,31,49,1151,22,51,316,49,89,319,65,107,152,33,76,212,31,90,346,69,177,623,58,202,776132,35415,54657,744800,18254,48033,267351,89810,509869,301586,118665,358575,178769,83827,560167,211811,66200,594966,337528,125938,319851,450151,82424,331100,1464.9470942148762,0.9007603305785123
1661110154329,33.556,0.4450262,0.29166666,0.20833333,0.13636364,0.16666667,0.96153843,1.0,0.3478261,0.33333334,49.600002,49.600002,48.600002,48.600002,48.9,48.300003,47.9,48.9,48.9,48.9,48.600002,47.9,3655282,-1502381,1075200,1075200,1075200,1075200,1075200,1075200,652800,1401600,1078,21,39,1145,49,62,359,60,106,336,77,111,137,13,60,287,44,95,351,83,184,502,108,144,806342,20577,36827,791127,76124,71482,342912,110799,452649,316773,158245,417785,135767,22761,667176,265989,82456,534837,378679,164371,333805,442351,176200,255590,1379.6416099843993,0.9242059282371294
1661110155334,33.585003,0.18343195,0.27272728,0.22727273,0.14285715,0.13636364,0.1,0.14285715,0.15,0.3181818,50.300003,50.300003,49.300003,49.600002,49.600002,49.600002,48.9,49.9,49.9,50.600002,48.9,48.300003,3658202,-1544800,1075200,1075200,1075200,1075200,1075200,1075200,652800,1401600,965,29,46,1072,45,70,291,70,102,311,66,107,46,7,23,47,16,48,360,77,158,524,104,148,774077,38441,38940,762200,70616,81851,304813,137533,447625,331077,117426,426862,51801,17048,418832,54363,55339,417624,371943,146982,302623,401827,184532,262046,1256.5438955954323,0.8133637846655791
1661110156339,33.632,0.12643678,0.33333334,0.14285715,0.0,0.0952381,0.08695652,0.045454547,0.18181819,0.13636364,50.300003,49.9,48.9,49.300003,49.600002,49.300003,48.9,49.600002,49.300003,49.9,48.9,48.300003,3655477,-1437073,1075200,1075200,1075200,1075200,1075200,1075200,652800,1401600,958,38,40,1172,33,54,147,36,88,245,57,110,100,7,47,224,43,78,305,102,162,587,93,117,772898,48647,43320,758552,31025,61796,154701,98973,677457,261632,122062,523573,102588,6284,697333,221691,69511,560209,309370,204454,326276,500853,154526,200933,1240.3935845410629,0.8038647342995169
1661110157380,33.68,0.29545453,0.33333334,0.33333334,0.3043478,0.22727273,0.33333334,0.25,0.3181818,0.3043478,50.300003,49.9,48.9,48.9,49.300003,48.9,48.600002,49.600002,48.9,49.9,48.9,47.9,3660927,-1412354,1075200,1075200,1075200,1075200,1075200,1075200,652800,1401600,944,36,54,1189,39,56,218,63,93,281,63,100,117,9,62,342,72,120,325,91,160,533,98,137,804877,50253,51939,803328,51983,60676,242035,152347,576929,310613,98658,493467,138927,7038,722051,336079,143054,426386,387599,187409,308912,467639,188575,254844,1250.428862745098,0.7946143790849673
1661110158423,33.74,0.21,0.28,0.24,0.12,0.08695652,0.083333336,0.25,0.29166666,0.28,50.9,50.300003,49.600002,49.600002,49.600002,49.600002,48.9,49.9,49.600002,50.300003,49.600002,48.600002,3650416,-1559449,1075200,1075200,1075200,1075200,1075200,1075200,652800,1401600,948,32,43,1119,30,57,238,49,81,373,60,98,276,40,63,117,24,56,360,67,156,534,92,152,788082,35783,47336,745686,34450,68027,241230,76207,539887,326840,88132,415449,237695,74323,554565,128508,56465,639136,397986,139208,320898,443405,175691,285038,1269.0264495114006,0.8211596091205212
1661110159425,33.779003,0.19,0.32,0.1923077,0.15384616,0.12,0.12,0.18518518,0.3846154,0.12,50.9,50.600002,49.600002,49.9,49.600002,49.300003,48.9,49.9,49.600002,50.600002,49.600002,48.9,3676303,-1468506,1075200,1075200,1075200,1075200,1075200,1075200,652800,1401600,870,39,45,1018,40,63,237,42,76,462,85,90,435,73,116,104,24,64,304,90,152,546,77,127,808776,63966,41515,758230,54558,83066,220053,99489,528088,461998,126380,202264,411900,123445,323592,126887,83683,615304,335110,184467,290954,446240,165161,239746,1286.0485641025641,0.832
1661110160427,33.823,0.1590909,0.3043478,0.1904762,0.08695652,0.045454547,0.14285715,0.09090909,0.29166666,0.18181819,50.9,50.600002,49.9,50.300003,50.300003,50.300003,49.600002,50.300003,49.9,50.600002,49.9,49.300003,3659175,-1508790,1075200,1075200,1075200,1075200,1075200,1075200,652800,1401600,951,20,23,1046,36,62,152,39,71,437,77,112,256,49,75,112,24,88,270,97,147,485,103,143,738228,25643,26453,768224,44546,79823,158549,98512,638136,396905,126638,360764,253996,95064,493554,139390,64422,637724,311541,198503,310516,417420,191754,294863,1308.25499669967,0.8306270627062706
1661110161450,33.868,0.16504854,0.20833333,0.16,0.07692308,0.15384616,0.15384616,0.04,0.31034482,0.12,50.600002,50.600002,49.9,49.9,49.9,49.600002,49.600002,50.300003,49.9,50.600002,49.9,48.9,3667155,-1475220,1075200,1075200,1075200,1075200,1075200,1075200,652800,1401600,974,25,47,1047,43,64,186,41,107,325,74,106,190,44,94,242,35,54,311,96,150,433,104,167,764955,25195,49972,761356,55173,80630,186932,95055,655892,308207,127009,472704,180120,89750,600176,212519,64493,592080,352411,188843,297728,404211,191431,306296,1319.216446633826,0.84976026272578
1661110162458,33.931,0.18134715,0.2173913,0.2173913,0.12,0.04347826,0.12,0.125,0.36,0.09090909,50.9,50.9,50.300003,50.300003,50.300003,49.9,48.9,50.600002,49.600002,50.9,49.9,49.300003,3657229,-1540833,1075200,1075200,1075200,1075200,1075200,1075200,652800,1401600,978,31,38,1032,43,69,350,79,107,415,84,98,163,44,70,142,28,79,290,77,176,469,101,149,818036,37647,44024,795538,60209,81119,337473,121417,434810,418760,155388,289940,156738,104784,613530,161606,65881,645078,322945,164017,348001,425280,179536,305966,1346.3718481012659,0.8761012658227849
1661110163464,33.985,0.37438422,0.35714287,0.24,0.22222222,0.7777778,0.41666666,0.65384614,0.25925925,0.125,51.600002,51.300003,50.300003,50.9,50.300003,50.300003,49.600002,50.600002,49.9,50.9,50.300003,49.300003,3663846,-1500855,1075200,1075200,1075200,1075200,1075200,1075200,652800,1401600,968,46,41,1124,42,59,239,71,105,368,68,96,397,84,102,131,28,59,335,82,144,453,100,147,822737,62509,39497,767741,57477,74457,242399,139677,538844,353539,113852,406995,379530,128038,302592,133658,52687,623977,380616,148257,309226,435713,184785,268951,1343.9775947281714,0.874490939044481
1661110164466,34.02,0.18539326,0.26086956,0.1904762,0.13636364,0.05,0.16666667,0.0952381,0.25,0.28,51.600002,51.300003,50.9,51.300003,51.300003,50.9,50.300003,50.9,50.600002,51.9,50.300003,49.600002,3658786,-1601563,1075200,1075200,1075200,1075200,1075200,1075200,652800,1401600,1025,41,35,1036,39,56,249,66,110,293,51,75,220,55,63,109,25,54,232,88,176,528,82,142,756498,50527,38883,720162,49778,68423,286190,136503,450003,253618,86023,209710,247862,110289,317101,111436,58967,479481,266135,198884,367452,469863,144334,249315,1381.358082101806,0.8845977011494254
1661110165497,34.077003,0.21468927,0.1904762,0.18181819,0.09090909,0.18181819,0.0952381,0.27272728,0.3478261,0.23809524,51.9,51.300003,50.600002,50.600002,50.600002,50.300003,50.300003,51.300003,50.600002,51.600002,50.600002,49.9,3668128,-1486207,1075200,1075200,1075200,1075200,1075200,1075200,652800,1401600,1048,39,50,1096,34,58,286,72,107,320,59,94,130,31,60,136,16,47,296,86,157,530,105,137,822368,53802,54755,752432,44487,61640,315453,147773,374654,282455,126996,513226,171314,74510,635019,140408,28129,715856,340923,174840,307651,444814,224935,228817,1398.0325808580858,0.9205544554455446
1661110166504,34.119003,0.2020202,0.26086956,0.28,0.2,0.083333336,0.12,0.2,0.28,0.24,51.9,51.600002,50.600002,50.9,50.600002,50.300003,50.300003,51.300003,50.9,51.300003,50.600002,49.9,3652168,-1527405,1075200,1075200,1075200,1075200,1075200,1075200,652800,1401600,1014,35,45,1144,35,58,190,57,110,368,68,99,85,21,50,205,42,77,360,77,170,438,117,148,806215,40531,53301,762025,47764,71302,233357,115461,526559,361939,105928,393164,108194,47636,694791,206658,82269,610714,373973,153409,312854,377111,218643,277525,1420.0462608695652,0.9101614906832297
1661110167508,34.170002,0.17708333,0.33333334,0.26086956,0.08,0.16,0.083333336,0.125,0.32,0.09090909,51.9,51.9,50.9,50.9,50.600002,50.9,50.300003,50.9,50.9,51.300003,50.9,49.9,3659759,-1504822,1075200,1075200,1075200,1075200,1075200,1075200,652800,1401600,993,37,56,1125,39,58,319,76,112,365,81,113,97,22,59,259,54,90,317,93,166,513,113,138,808804,49810,61380,727446,51322,66035,363953,121489,399393,371144,132859,378256,115067,52717,685377,277691,141687,428740,333175,175168,338279,447265,187310,221803,1430.5113260530422,0.9092293291731669
1661110168511,34.227,0.1744186,0.36363637,0.23809524,0.13636364,0.045454547,0.045454547,0.0952381,0.27272728,0.22727273,52.600002,51.9,50.9,51.300003,51.300003,50.9,50.600002,51.300003,50.9,52.300003,50.9,50.300003,3647497,-1596375,1075200,1075200,1075200,1075200,1075200,1075200,652800,1401600,998,40,54,1017,48,70,237,68,106,276,62,112,274,49,93,257,58,93,257,92,170,548,83,154,781287,52472,59354,710353,69953,89107,253181,152796,501955,295227,122279,418621,257518,88692,543266,268663,100764,417621,289017,176661,344696,492785,139640,239454,1466.1403157894738,0.988
1661110169541,34.281002,0.084745765,0.05,0.13043478,0.045454547,0.125,0.045454547,0.13043478,0.13636364,0.045454547,52.600002,51.9,51.300003,51.300003,51.300003,50.9,50.600002,51.9,51.300003,51.9,51.300003,50.300003,3654115,-1535645,1075200,1075200,1075200,1075200,1075200,1075200,652800,1401600,1029,33,48,1257,35,52,350,50,87,199,51,94,195,29,64,207,50,79,319,80,189,552,99,157,782644,45693,49582,769546,34949,57650,271903,78528,554474,230014,96457,532110,171710,67356,645625,241616,98005,463505,354717,153943,353390,462612,168152,256217,1521.4243265306122,0.9730612244897958
1661110170578,34.332,0.15,0.045454547,0.0952381,0.17391305,0.13043478,0.13043478,0.17391305,0.36363637,0.16,51.600002,50.9,50.600002,50.300003,50.300003,50.600002,49.9,50.9,50.600002,51.300003,50.300003,49.9,3764279,-218811,1075200,1075200,1075200,1075200,1075200,1075200,652800,1401600,973,24,40,964,36,54,334,62,98,271,41,77,371,57,94,102,13,52,231,65,164,497,84,139,769831,40066,52360,674789,47626,118918,301027,129155,435118,232307,93621,546082,337343,106605,423890,130492,27613,613774,228174,132662,447804,345044,167164,379082,-1.0,-1.0
1661110171595,34.370003,0.02247191,0.0,0.0,0.04347826,0.0,0.045454547,0.0,0.08695652,0.0,48.9,48.600002,48.300003,48.600002,48.300003,48.600002,48.300003,48.9,48.600002,49.300003,47.9,47.600002,3780823,-171203,1075200,1075200,1075200,1075200,1075200,1075200,652800,1401600,338,7,28,497,10,41,153,50,87,138,38,91,127,38,80,94,12,57,14,4,88,40,68,81,644413,18479,252577,647748,21831,237458,194984,158317,566757,159238,107673,643530,139949,104282,656146,103418,33957,696192,30960,16702,814466,51096,177558,725048,-1.0,-1.0
1661110172606,34.408,0.014778325,0.07692308,0.03846154,0.0,0.0,0.0,0.08,0.0,0.07692308,47.300003,47.300003,46.9,47.300003,46.9,46.9,46.600002,47.300003,47.300003,47.600002,46.600002,46.600002,3780045,-210266,1075200,1075200,1075200,1075200,1075200,1075200,652800,1401600,142,11,64,220,16,70,102,21,92,105,19,90,67,6,44,69,11,71,1,0,65,17,4,26,228555,30555,731239,255598,37635,639973,113347,31184,767328,86059,50889,818935,65092,17328,840416,65963,26865,757265,72,0,910271,7065,6871,986865,-1.0,-1.0
1661110173615,34.421,0.1904762,0.14285715,0.15,0.23809524,0.1904762,0.2173913,0.1,0.14285715,0.39130434,46.600002,46.600002,46.300003,46.300003,46.600002,46.300003,45.9,46.300003,46.300003,46.600002,45.9,45.600002,3770702,-406799,1075200,1075200,1075200,1075200,1075200,1075200,652800,1401600,282,4,48,367,10,58,141,27,82,157,18,91,187,12,50,114,9,45,145,11,57,76,15,58,344000,8566,477783,359981,29138,461069,118539,51366,696896,106621,33913,715707,87655,28267,731986,68898,11853,664834,65227,25087,849342,47351,39278,719980,0.007207920792079207,0.013095709570957096
1661110174615,34.437,0.15428571,0.18181819,0.1904762,0.3043478,0.15,0.04761905,0.09090909,0.08695652,0.08695652,47.300003,47.300003,46.9,46.9,47.300003,46.9,46.600002,46.600002,46.600002,46.9,46.9,45.9,3701217,-1085205,1075200,1075200,1075200,1075200,1075200,1075200,652800,1401600,547,7,15,710,8,26,344,37,46,339,29,58,194,14,51,235,16,65,268,29,81,240,28,99,428694,11038,412407,428456,10065,333655,255033,79392,489138,270028,67056,455300,113351,27578,587210,192908,12579,586209,170412,57979,669178,121853,61362,640804,615.5829576547231,1.192442996742671
1661110175660,34.446003,0.2215909,0.3478261,0.3181818,0.2857143,0.2173913,0.13636364,0.04761905,0.26086956,0.13636364,48.300003,47.9,47.9,47.9,47.600002,47.600002,46.600002,46.9,47.300003,47.600002,47.600002,46.600002,3694988,-1301270,1075200,1075200,1075200,1075200,1075200,1075200,652800,1401600,777,48,56,1162,35,53,484,65,47,417,82,109,431,84,102,224,44,90,67,85,161,96,86,178,769489,75307,88869,773827,34922,68609,581441,124886,123580,413863,154065,294184,432867,172586,269735,244603,86383,546808,83415,258390,613112,119381,212813,669392,1232.2691390728476,0.9752582781456953
1661110176668,34.453003,0.21319798,0.3043478,0.2173913,0.36,0.16,0.125,0.12,0.16,0.1923077,49.600002,49.600002,49.300003,48.9,48.9,48.300003,47.9,48.600002,48.300003,48.9,48.600002,47.9,3662095,-1600037,1075200,1075200,1075200,1075200,1075200,1075200,652800,1401600,891,22,29,1123,28,43,560,49,55,350,68,102,207,44,91,330,57,86,223,77,191,301,97,205,726649,20866,36615,704551,36276,51900,578029,79293,101267,376271,122071,338389,213033,94377,518253,279964,112421,458871,262141,169615,423837,285480,176417,446081,1808.0361091492778,1.2760449438202246
1661110177676,34.478,0.21717171,0.32,0.2173913,0.3846154,0.13043478,0.2,0.125,0.125,0.15384616,50.9,50.600002,49.600002,49.9,49.300003,49.300003,48.600002,49.300003,48.9,49.600002,49.600002,48.600002,3650027,-1633301,1075200,1075200,1075200,1075200,1075200,1075200,652800,1401600,1071,18,28,1167,43,70,543,59,67,367,69,103,286,50,102,365,58,107,285,91,239,409,108,212,761941,28050,32444,744476,52231,70519,529740,96992,117669,397799,110106,339196,313979,76383,489968,338274,81937,327749,327685,148981,436956,359266,163256,356025,1439.80705107084,1.022523887973641
1661110178680,34.516003,0.42857143,0.26923078,0.26923078,0.26923078,0.18518518,0.6296296,1.0,0.4074074,0.31034482,50.600002,50.600002,50.300003,49.9,49.9,49.600002,49.300003,49.600002,49.300003,49.9,49.600002,48.600002,3670659,-1468812,1075200,1075200,1075200,1075200,1075200,1075200,652800,1401600,993,21,33,1183,19,48,441,53,72,376,75,98,214,43,94,314,64,110,219,96,191,311,109,217,761770,18980,37320,752172,19735,60069,481963,89072,141935,388184,137287,316594,188825,82987,511554,330675,108414,370782,252392,202729,394414,289541,208710,418623,1297.392795031056,0.8991801242236025
1661110179731,34.558002,0.1764706,0.27272728,0.3809524,0.31578946,0.1,0.04761905,0.0952381,0.0952381,0.04761905,51.300003,50.9,50.600002,50.600002,50.300003,50.600002,49.9,50.9,50.600002,51.300003,50.300003,48.9,3654504,-1495667,1075200,1075200,1075200,1075200,1075200,1075200,652800,1401600,968,36,48,1132,32,49,485,68,81,322,64,101,122,23,53,1,8,28,458,89,193,409,131,182,776004,43114,55187,751474,35476,65527,505735,124421,127747,342976,140276,418349,126027,44193,302826,9574,31528,265441,361162,130352,307542,316605,219066,306219,1311.6136609642301,1.0150917573872473
1661110180735,34.593002,0.2,0.23809524,0.15,0.3478261,0.0952381,0.15,0.13636364,0.2173913,0.0952381,50.9,50.9,50.300003,50.600002,49.9,49.9,49.300003,50.300003,49.600002,50.600002,49.9,49.300003,3656450,-1465760,1075200,1075200,1075200,1075200,1075200,1075200,652800,1401600,868,32,48,1080,27,46,442,71,71,399,67,106,329,65,118,133,13,67,304,95,191,366,123,196,743902,41268,47208,712141,29635,44480,526437,128690,86872,396371,118411,325866,353096,118452,380883,99228,28919,689651,292935,173846,359113,311250,222460,334351,1332.39699009901,0.9006468646864686
1661110181766,34.625,0.1773399,0.25,0.23076923,0.32,0.083333336,0.125,0.115384616,0.115384616,0.07692308,51.300003,51.300003,50.600002,50.600002,50.300003,49.9,49.300003,50.300003,49.600002,50.9,50.300003,49.600002,3666377,-1418152,1075200,1075200,1075200,1075200,1075200,1075200,652800,1401600,1032,31,40,1113,42,69,495,60,73,456,68,110,401,60,90,200,39,81,228,103,216,386,117,190,808169,36455,37002,766217,50549,78552,527872,113986,99454,448971,119727,342065,338261,108071,376478,219935,65942,513667,253542,205352,437306,361515,211687,373552,1356.1051353135315,0.9548778877887789
1661110182799,34.669003,0.17877094,0.2857143,0.1904762,0.375,0.17391305,0.09090909,0.0952381,0.045454547,0.08695652,51.600002,51.600002,50.9,50.600002,50.600002,50.300003,49.600002,50.600002,50.300003,50.9,50.600002,49.9,3655088,-1678468,1075200,1075200,1075200,1075200,1075200,1075200,652800,1401600,1086,25,37,1148,38,64,458,67,90,303,65,113,453,87,85,185,37,91,284,98,223,429,107,180,803146,26674,34630,753754,48499,76914,534164,103242,140497,348605,157831,368477,449571,101099,237606,191364,80265,620712,307237,179730,423546,402445,185982,336242,1437.5803600654665,1.0083404255319148
1661110183836,34.717003,0.19767442,0.33333334,0.36363637,0.35,0.14285715,0.0952381,0.04761905,0.09090909,0.09090909,51.9,51.600002,50.9,50.9,50.9,50.300003,50.300003,50.9,50.600002,51.600002,50.9,49.9,3655477,-1464234,1075200,1075200,1075200,1075200,1075200,1075200,652800,1401600,1025,25,35,1176,38,63,515,62,88,425,73,108,162,34,69,409,61,122,261,103,222,356,106,205,761458,28599,37939,772349,47776,65103,560464,95365,123083,435687,126674,318386,189388,87558,588496,373395,99752,420789,274559,198142,438730,363119,189191,377318,1524.4173528455283,1.1357138211382114
1661110184855,34.764,0.26903552,0.4,0.41666666,0.41666666,0.33333334,0.23076923,0.16666667,0.041666668,0.15384616,51.9,51.9,51.300003,51.300003,50.9,50.9,50.300003,51.600002,50.9,52.600002,50.9,50.300003,3657423,-1509705,1075200,1075200,1075200,1075200,1075200,1075200,652800,1401600,989,16,25,1216,26,44,523,55,81,464,81,97,260,40,86,234,38,93,278,102,218,364,109,217,750434,19696,25466,800957,24038,47780,552607,91356,104647,496312,156471,224982,256795,59894,469959,215073,85001,536324,305838,175853,416166,329814,197063,371957,1636.333117355372,1.1008528925619836
1661110185896,34.796,0.45588234,0.42307693,0.33333334,0.4642857,0.32,0.64,0.5769231,0.32,0.5,52.600002,52.600002,51.600002,51.600002,51.300003,50.9,50.600002,51.300003,50.600002,51.600002,51.300003,50.300003,3658202,-1481934,1075200,1075200,1075200,1075200,1075200,1075200,652800,1401600,981,29,44,1192,28,52,554,57,58,403,77,91,146,19,74,409,55,101,298,89,246,329,121,211,747152,28658,48483,718678,32753,51365,563857,89837,84610,415012,163319,228054,150361,48663,622300,351615,84071,390994,321138,170794,449111,323882,195849,402545,1732.3339563862926,1.0989657320872273
1661110186923,34.841003,0.23243243,0.3181818,0.26086956,0.5416667,0.26086956,0.2173913,0.08695652,0.083333336,0.04347826,53.600002,53.300003,52.600002,52.9,52.9,52.300003,51.600002,52.9,52.300003,53.600002,51.9,51.300003,3655477,-1579285,1075200,1075200,1075200,1075200,1075200,1075200,652800,1401600,1162,14,24,1237,22,47,631,49,70,567,39,55,276,31,71,332,52,89,638,78,162,548,80,94,805855,10625,28625,725773,21693,48129,636705,73313,94145,465637,54558,108144,267754,66214,321675,332452,86187,301465,416327,117030,232857,306049,116813,135710,1844.8384,1.2131096774193548
1661110187920,34.885002,0.2712766,0.3043478,0.23809524,0.3478261,0.32,0.61538464,0.083333336,0.16666667,0.083333336,53.600002,53.300003,52.9,52.9,52.600002,52.300003,51.9,52.600002,52.300003,52.9,52.600002,51.600002,3645356,-1657410,1075200,1075200,1075200,1075200,1075200,1075200,652800,1401600,928,9,30,1213,20,37,484,41,52,489,58,82,146,33,49,218,37,81,444,82,224,478,219,131,737122,9418,30201,773087,25680,45540,489197,67144,71579,516362,99469,165058,143727,55570,291856,190936,87071,507413,339368,116413,360031,348777,299292,192633,1862.7118947368422,1.2582631578947368
1661110188917,34.927002,0.20744681,0.3043478,0.26086956,0.375,0.29166666,0.12,0.13043478,0.1923077,0.12,53.600002,53.300003,52.600002,52.600002,52.600002,51.9,51.600002,52.600002,52.300003,52.9,51.9,51.600002,3643020,-1824036,1075200,1075200,1075200,1075200,1075200,1075200,652800,1401600,890,15,30,1030,25,60,538,32,58,394,45,72,125,24,41,78,8,43,357,85,244,389,196,157,676034,10018,31598,628191,27129,68886,536924,45686,68670,400897,68332,145664,114128,58825,379204,70679,15056,447951,321084,133683,395668,320222,298461,228869,1877.379332231405,1.2486876033057852
1661110189924,34.962,0.18947369,0.375,0.18181819,0.3043478,0.28,0.083333336,0.08695652,0.16,0.083333336,53.9,53.600002,52.9,53.300003,52.9,52.9,52.300003,53.300003,52.600002,53.9,52.600002,51.9,3637376,-1695252,1075200,1075200,1075200,1075200,1075200,1075200,652800,1401600,1099,11,26,1211,23,46,678,34,54,560,60,96,265,42,95,305,49,81,293,83,245,394,151,171,732613,8950,29018,723926,31074,42019,627271,46722,58731,535517,97340,157900,260377,70352,452140,278038,94551,385776,308365,144774,416833,324601,215530,295143,1855.0182171799029,1.3491345218800648
1661110190941,35.017002,0.28,0.31578946,0.25,0.4090909,0.2857143,0.13636364,0.6363636,0.04761905,0.0,54.300003,53.600002,52.9,52.9,52.9,52.300003,51.600002,53.300003,52.600002,53.600002,52.600002,51.600002,3650806,-1574402,1075200,1075200,1075200,1075200,1075200,1075200,652800,1401600,1152,21,43,1255,40,63,582,46,66,500,77,110,227,50,91,348,55,100,270,89,222,375,90,233,823060,17934,47100,758534,40416,66761,595445,72434,94942,543005,133493,189766,229037,102332,476510,331692,76196,338203,308896,174562,414441,374917,166216,408374,1875.4562112211222,1.2493729372937294
1661110191987,35.064003,0.20108695,0.375,0.26086956,0.3478261,0.26086956,0.16,0.08695652,0.13636364,0.04347826,53.9,53.600002,52.9,52.9,52.600002,52.300003,51.600002,52.9,51.9,52.9,52.600002,51.9,3653336,-1548768,1075200,1075200,1075200,1075200,1075200,1075200,652800,1401600,1241,20,37,1251,34,51,634,40,75,582,67,76,238,35,72,165,19,79,230,107,227,301,111,235,801557,19620,33362,739952,35583,51729,628184,53256,96752,554831,118811,142789,210313,75600,482775,143623,42086,585920,266926,190194,457845,300082,202629,419411,1878.5715789473684,1.2685263157894737
1661110192992,35.115,0.33173078,0.36,0.34615386,0.4814815,0.26923078,0.5185185,0.36,0.22222222,0.14814815,54.600002,54.300003,53.600002,53.300003,53.300003,52.9,52.9,53.300003,53.600002,53.9,53.300003,52.600002,3630953,-1778870,1075200,1075200,1075200,1075200,1075200,1075200,652800,1401600,1205,11,26,1297,20,35,584,37,71,522,65,92,217,38,63,389,44,103,223,86,196,425,109,234,753119,10144,26087,748880,18832,28687,578648,47729,90856,526670,94730,173030,209814,89142,462245,309353,74423,403504,248923,150062,376399,381048,152527,376147,1860.571361563518,1.08742671009772
1661110193995,35.165,0.10526316,0.0,0.0952381,0.0952381,0.13636364,0.13636364,0.17391305,0.0,0.18181819,54.600002,54.300003,53.600002,53.600002,53.300003,53.300003,52.600002,53.9,52.9,53.9,53.300003,51.9,3640879,-1609498,1075200,1075200,1075200,1075200,1075200,1075200,652800,1401600,1047,12,35,1061,22,51,482,33,51,456,38,59,235,40,59,199,29,62,399,150,147,344,88,207,699420,13184,36052,642574,23936,49673,515798,50136,61936,448380,62053,130269,204726,91491,267538,171647,59654,449480,322020,225455,285087,285717,165963,409748,1161.4771184210526,0.6793289473684211
1661110195038,35.223003,0.15544042,0.13043478,0.04761905,0.16666667,0.16,0.24,0.2,0.18518518,0.125,51.9,51.9,51.600002,51.600002,51.300003,50.9,50.9,51.9,51.300003,51.9,50.9,50.300003,3721848,-629883,1075200,1075200,1075200,1075200,1075200,1075200,652800,1401600,734,16,13,934,10,33,371,30,67,427,36,82,341,31,73,250,32,72,169,101,97,207,72,158,723711,28756,121371,703960,23249,115261,331578,62685,410414,334843,73175,423318,272950,49181,422582,218119,80145,518730,138959,214332,551629,168913,141068,535027,-1.0,-1.0
