1661101282491,28.694002,0.12727273,0.0952381,0.15,0.18181819,0.14285715,0.14285715,0.1,0.09090909,0.2,35.9,35.9,35.600002,36.300003,36.600002,36.600002,36.300003,36.600002,36.9,37.9,33.600002,33.9,3932251,-558472,1075200,1075200,1075200,1075200,1075200,1075200,652800,1401600,511349,11224,32876,498655,12532,39669,246653,23315,52794,253235,24752,54792,236415,22578,54261,241910,23488,53819,252334,23323,70703,150339,14582,57465,395766391,25253966,515856465,395042208,28791883,492398814,195136981,49800033,705322507,199330899,53036592,703750758,185883815,47101967,706269079,188523250,49461348,696191649,157164041,49077173,825982505,89628242,38184873,869738074,-1.0,-1.0
1661101283477,28.697,0.119760476,0.0952381,0.05263158,0.14285715,0.05,0.13636364,0.13636364,0.15,0.18181819,34.300003,34.300003,33.9,34.300003,33.9,33.600002,33.600002,34.300003,33.9,34.600002,33.300003,32.9,3966702,-206909,1075200,1075200,1075200,1075200,1075200,1075200,652800,1401600,517,0,0,795,0,2,421,68,76,242,20,62,294,28,80,164,26,52,93,20,63,99,8,70,688765,0,0,729635,0,3290,368835,160178,244031,202498,40954,451537,272918,52428,435035,139370,64147,406434,106058,59353,680367,42770,20294,546102,-1.0,-1.0
1661101284485,28.709002,0.056603774,0.0,0.0952381,0.0952381,0.0,0.0952381,0.14285715,0.0,0.05,33.300003,33.300003,32.9,33.300003,33.300003,33.300003,32.9,33.300003,33.300003,33.600002,32.600002,32.600002,3967675,-184936,1075200,1075200,1075200,1075200,1075200,1075200,652800,1401600,292,8,47,436,12,43,168,32,76,210,30,65,185,30,63,167,29,54,8,6,33,54,10,66,446652,18818,406861,442752,20668,363693,175680,97233,594076,183799,51947,605437,113261,74909,670670,128149,62967,687943,43251,3463,882225,71500,25658,762637,-1.0,-1.0
1661101285482,28.721,0.1875,0.21052632,0.2,0.1904762,0.25,0.15789473,0.23809524,0.17391305,0.15789473,33.300003,33.300003,32.9,33.600002,33.600002,33.300003,32.9,33.300003,33.300003,33.600002,32.600002,32.9,3961252,-318908,1075200,1075200,1075200,1075200,1075200,1075200,652800,1401600,421,0,12,699,2,19,149,33,80,184,53,82,209,31,89,155,31,82,17,6,36,20,7,67,728934,0,183611,729898,5811,146497,171460,82018,650826,235212,136979,519707,170720,68776,633892,184852,69417,644273,22190,31068,909363,23006,15061,861418,-1.0,-1.0
1661101286476,28.732002,0.15263158,0.125,0.17391305,0.04761905,0.08695652,0.2,0.20833333,0.0,0.24,34.600002,34.600002,33.9,34.600002,34.600002,34.9,34.9,34.9,34.9,34.9,33.300003,33.600002,3952104,-428161,1075200,1075200,1075200,1075200,1075200,1075200,652800,1401600,942,0,5,838,4,15,613,3,9,469,6,23,719,0,12,440,3,16,272,1,9,359,0,10,544109,0,270080,564688,4995,256324,479448,5655,347805,497364,9045,321402,486379,0,356914,499429,1748,336472,536565,0,372574,394984,0,367944,-1.0,-1.0
1661101287515,28.738,0.16080402,0.12,0.16,0.15384616,0.125,0.1923077,0.08695652,0.12,0.29166666,33.9,34.300003,33.600002,33.9,33.9,33.9,33.9,33.600002,34.300003,34.300003,33.600002,33.300003,3916096,-589600,1075200,1075200,1075200,1075200,1075200,1075200,652800,1401600,1028,0,1,992,0,1,697,49,77,636,57,71,410,36,64,594,30,51,477,3,89,366,8,99,770181,0,4130,804277,0,567,480115,80907,244854,414211,113324,237591,342452,62848,324802,319223,58296,283383,360637,7786,573009,250547,27483,475628,-1.0,-1.0
1661101288608,28.750002,0.30813953,0.47619048,0.3043478,0.33333334,0.3478261,0.23809524,0.36363637,0.13636364,0.3478261,34.300003,34.300003,33.600002,34.300003,34.300003,34.300003,34.300003,34.300003,35.300003,34.9,33.600002,33.9,3962420,-236206,1075200,1075200,1075200,1075200,1075200,1075200,652800,1401600,839,0,0,1206,0,0,632,48,92,773,35,79,477,32,63,491,29,76,482,30,111,454,23,121,697769,0,0,805480,0,0,448141,72482,261993,434161,77441,267643,372803,70057,232528,359724,52884,276704,344132,68606,470713,286836,52004,377362,-1.0,-1.0
1661101289627,28.759,0.04784689,0.0,0.03846154,0.0,0.03846154,0.16,0.0,0.0,0.037037037,34.600002,34.9,34.600002,34.9,35.300003,35.300003,35.300003,36.300003,35.9,37.600002,33.9,33.600002,3936338,-557861,1075200,1075200,1075200,1075200,1075200,1075200,652800,1401600,913,1,10,1030,0,20,732,35,60,561,25,80,562,22,64,397,10,50,385,3,83,402,12,65,623818,1055,112824,711202,0,117752,373496,76232,322444,380648,44190,369805,361226,38602,396984,257696,15963,444901,286830,9649,578826,225318,32420,458228,-1.0,-1.0
1661101290705,28.759,0.052884616,0.0,0.0,0.0,0.0,0.07692308,0.28,0.0,0.071428575,33.600002,33.600002,33.300003,33.600002,33.300003,33.9,33.300003,33.300003,33.600002,33.600002,32.9,32.9,3967091,-165100,1075200,1075200,1075200,1075200,1075200,1075200,652800,1401600,879,3,14,904,8,27,393,17,58,703,32,72,750,34,51,337,15,54,401,1,40,329,10,79,615112,3510,209326,682316,10728,199286,361249,40349,489361,413352,55950,401849,380652,94901,345881,315271,32605,415082,288716,868,295308,231550,32441,595139,-1.0,-1.0
1661101291807,28.771002,0.09268293,0.07692308,0.12,0.16666667,0.115384616,0.041666668,0.12,0.07692308,0.0,32.600002,32.9,32.300003,32.600002,32.9,32.600002,32.300003,32.600002,32.600002,32.9,32.300003,32.600002,3969621,-134887,1075200,1075200,1075200,1075200,1075200,1075200,652800,1401600,63,4,79,44,8,93,0,0,4,15,9,32,28,8,27,8,4,32,0,0,4,0,1,10,54285,8006,976177,34416,22808,1017415,0,0,1009899,15164,34757,1069973,25376,24856,910278,17352,7525,924223,0,0,1178901,0,0,914358,-1.0,-1.0
1661101292909,28.783,0.38172042,0.08695652,0.26086956,0.36363637,0.3181818,0.5,0.4,0.39130434,0.6956522,32.9,32.9,32.9,33.300003,33.300003,32.9,32.9,32.9,33.300003,33.300003,32.300003,32.600002,3970594,-149841,1075200,1075200,1075200,1075200,1075200,1075200,652800,1401600,410,7,30,607,14,54,404,34,79,365,45,88,270,33,90,290,14,73,107,22,77,128,8,82,553712,13553,435836,626844,41488,291515,234394,81602,696901,253813,92430,474758,235175,71719,541222,198430,33519,692573,118512,44993,1186313,105525,16034,1037565,-1.0,-1.0
1661101293964,28.789001,0.027777778,0.0,0.0,0.04347826,0.0,0.0,0.09090909,0.0,0.0,33.9,34.300003,33.600002,33.9,33.9,33.9,33.9,34.300003,34.300003,34.9,33.600002,33.600002,3930304,-545349,1075200,1075200,1075200,1075200,1075200,1075200,652800,1401600,517,4,17,762,55,48,241,8,35,221,13,19,173,12,23,145,8,28,225,64,119,191,8,60,396542,6975,536161,480807,174844,182688,204557,21680,640349,180350,30353,66852,142539,30029,421023,171680,14007,153920,170962,204320,514163,117921,28602,652575,0.09250232558139534,0.03682480620155039
1661101295027,28.804,0.112299465,0.0,0.045454547,0.04347826,0.041666668,0.4,0.3043478,0.0,0.0,33.300003,33.300003,33.300003,33.300003,33.600002,33.9,33.300003,32.9,33.300003,33.300003,33.300003,32.9,3955413,-312500,1075200,1075200,1075200,1075200,1075200,1075200,652800,1401600,467,10,28,709,9,62,254,25,63,283,33,74,132,36,92,112,24,63,29,14,45,77,61,63,496773,29111,409687,521511,29317,387259,198609,41016,650090,208633,54245,649140,150673,81986,554171,84703,64376,587027,30705,29667,364657,73284,146713,609206,-1.0,-1.0
1661101296068,28.816002,0.1396648,0.13636364,0.0952381,0.0952381,0.17391305,0.08695652,0.14285715,0.08695652,0.18181819,33.300003,32.9,32.9,32.9,33.300003,32.9,32.9,32.9,33.300003,33.300003,32.600002,32.300003,3970400,-136108,1075200,1075200,1075200,1075200,1075200,1075200,652800,1401600,366,37,48,449,19,73,155,31,77,117,29,80,105,16,40,99,22,68,34,11,43,11,6,53,459377,94442,384795,483030,38555,417174,214200,63789,587759,175539,67964,700598,112177,33036,437982,124259,53272,651157,25567,31232,1311730,25285,22084,959451,-1.0,-1.0
1661101297122,28.834002,0.4385965,0.3809524,0.42857143,0.3,0.5714286,0.72727275,1.0,0.045454547,0.09090909,33.9,34.300003,33.600002,34.300003,34.300003,34.300003,33.9,33.600002,34.600002,33.9,33.300003,33.300003,3905391,-892334,1075200,1075200,1075200,1075200,1075200,1075200,652800,1401600,613,8,39,747,7,28,348,41,67,275,30,72,196,19,52,322,18,47,138,16,91,159,25,78,564162,5600,303022,495139,19926,326015,242247,76056,630926,264004,63971,523509,178739,26921,603228,179232,31421,561636,145537,45058,944464,104382,39528,737599,26.946756923076922,0.18279384615384617
1661101298179,28.843002,0.06315789,0.0,0.08695652,0.08,0.0,0.08695652,0.08,0.083333336,0.041666668,34.600002,34.600002,34.600002,34.600002,34.600002,34.9,34.300003,34.300003,34.600002,34.600002,33.9,33.600002,3904807,-886841,1075200,1075200,1075200,1075200,1075200,1075200,652800,1401600,533,19,61,768,19,61,243,49,91,253,22,59,93,19,37,108,14,58,410,78,79,48,20,89,617132,42160,210729,571509,42434,267939,223056,99785,532156,244115,32173,475969,85424,45004,438292,75895,35140,415547,210488,183181,638980,39713,52560,863160,-1.0,-1.0
1661101299310,28.863,0.057971016,0.11111111,0.074074075,0.074074075,0.115384616,0.07692308,0.15384616,0.0,0.0,33.9,33.9,33.600002,33.9,33.9,33.9,33.600002,33.9,33.9,33.9,33.600002,33.300003,3959889,-497436,1075200,1075200,1075200,1075200,1075200,1075200,652800,1401600,235,15,95,341,18,84,153,22,72,75,20,46,131,20,65,93,13,51,21,32,38,13,15,70,311348,27950,669833,346980,20831,599523,116644,55195,834590,89367,39584,902420,94194,41101,563141,111112,25764,767273,23732,66687,910162,20260,52328,980072,-1.0,-1.0
1661101300367,28.887001,0.009661836,0.0,0.0,0.0,0.0,0.0,0.04,0.0,0.0,33.600002,33.9,33.300003,33.9,33.600002,33.9,33.300003,33.300003,33.600002,33.600002,32.9,32.9,3955997,-263977,1075200,1075200,1075200,1075200,1075200,1075200,652800,1401600,66,10,40,144,15,69,43,8,32,59,12,48,74,10,47,29,2,27,3,3,23,6,6,26,106196,25941,818700,152858,43418,785761,40309,13632,914589,64897,20302,868650,67860,24489,842572,26536,4587,832429,2876,0,1051053,6307,16613,981525,-1.0,-1.0
1661101301458,28.908,0.014563107,0.0,0.03846154,0.0,0.037037037,0.0,0.14814815,0.0,0.0,33.300003,32.9,32.600002,33.300003,32.9,33.300003,32.600002,32.600002,32.9,32.9,32.9,32.9,3968648,-119628,1075200,1075200,1075200,1075200,1075200,1075200,652800,1401600,80,17,52,53,17,65,4,2,13,13,4,16,25,7,24,25,0,17,0,0,10,3,1,18,79138,39603,921641,61085,37340,934587,24,1113,1024717,14384,14881,989790,30338,9543,988695,21351,0,870493,0,0,1093149,6064,5521,1121759,-1.0,-1.0
1661101302547,28.920002,0.021052632,0.0,0.0,0.0,0.041666668,0.08695652,0.0,0.0,0.0,33.300003,32.9,32.300003,32.600002,32.9,32.600002,32.600002,32.600002,32.9,32.9,32.600002,32.300003,3933613,-389099,1075200,1075200,1075200,1075200,1075200,1075200,652800,1401600,49,9,31,51,23,77,0,1,10,25,2,13,53,3,65,22,5,27,18,0,6,1,0,10,45069,2723,972657,55699,67637,935110,0,4357,1002604,6927,2057,981485,45269,5787,889092,21045,14348,941448,2508,0,535112,2210,0,671441,-1.0,-1.0
1661101303609,28.932001,0.009756098,0.0,0.0,0.0,0.0,0.04,0.0,0.0,0.0,32.600002,32.9,32.300003,32.600002,32.600002,32.600002,32.300003,32.300003,32.600002,32.600002,32.300003,32.300003,3957164,-218200,1075200,1075200,1075200,1075200,1075200,1075200,652800,1401600,13,1,13,42,12,51,4,2,15,1,0,7,24,0,25,55,10,36,4,4,1,0,0,3,25106,1518,1007662,41641,30656,959570,13285,7905,1096749,9285,0,1050060,33194,0,843802,59610,18474,939209,3924,4491,1279764,0,0,1412964,-1.0,-1.0
1661101304684,28.956001,0.029126214,0.0,0.0,0.0,0.0,0.07692308,0.083333336,0.0,0.0,32.9,32.600002,31.900002,32.600002,32.600002,32.300003,31.900002,32.300003,32.600002,32.300003,32.600002,32.300003,3951909,-635071,1075200,1075200,1075200,1075200,1075200,1075200,652800,1401600,19,3,15,36,3,76,19,3,47,1,0,4,23,0,14,83,14,71,0,0,1,0,0,9,26939,5492,1044582,40640,9397,999974,21764,12896,1032563,6539,0,1067952,20499,0,876493,86330,23585,887148,0,0,630623,0,0,931095,-1.0,-1.0
1661101305749,28.971,0.1442786,0.0,0.0,0.0,0.0,0.4,0.8,0.0,0.0,32.600002,32.600002,32.300003,32.300003,32.600002,32.300003,32.300003,32.600002,32.600002,32.300003,32.600002,31.900002,3951715,-488586,1075200,1075200,1075200,1075200,1075200,1075200,652800,1401600,31,6,32,38,22,73,24,12,34,8,7,18,36,2,17,54,4,31,0,0,0,0,0,13,36072,12825,990908,50800,62694,896644,28344,30746,913583,20205,23518,1094646,29348,5921,854483,43111,8990,843479,0,0,0,0,0,1250475,-1.0,-1.0
1661101306805,28.976002,0.009708738,0.0,0.0,0.0,0.0,0.0,0.08,0.0,0.0,33.300003,32.9,32.600002,32.600002,32.9,32.600002,32.600002,32.300003,32.9,32.9,32.300003,32.600002,3968843,-133056,1075200,1075200,1075200,1075200,1075200,1075200,652800,1401600,45,16,43,164,85,157,10,3,19,138,44,93,37,4,16,21,6,17,3,15,26,0,0,15,55665,50102,992685,223828,247293,505372,14384,5126,1011176,160416,169624,707088,39113,12219,266521,20792,22471,660462,8212,60590,2699829,0,0,1031982,-1.0,-1.0
1661101307870,28.982002,0.2972973,0.36,0.27272728,0.41666666,0.26086956,0.5714286,0.36,0.0,0.20833333,32.600002,32.300003,32.300003,32.300003,32.300003,32.600002,31.900002,32.300003,32.600002,32.600002,32.300003,32.300003,3967091,-348510,1075200,1075200,1075200,1075200,1075200,1075200,652800,1401600,76,22,51,35,6,63,0,0,11,0,0,18,20,2,20,25,2,19,0,0,1,0,0,13,72124,66324,895766,34438,9520,973021,0,0,1087061,0,0,1066598,17201,4332,978435,18323,3488,876855,0,0,1088491,0,0,1031902,-1.0,-1.0
1661101308923,29.000002,0.02259887,0.0,0.0,0.0,0.0,0.0,0.04761905,0.0,0.0,32.9,32.600002,32.300003,32.600002,32.9,32.600002,32.600002,32.600002,32.9,32.9,32.300003,32.300003,3974098,-113830,1075200,1075200,1075200,1075200,1075200,1075200,652800,1401600,112,35,60,190,29,105,93,12,46,113,8,81,57,2,29,74,3,44,45,32,57,29,9,50,98640,62142,632214,139272,62453,637064,61502,22318,768549,85564,15506,638089,45109,3816,648871,77032,3525,705084,48504,93147,944631,23071,20793,918785,-1.0,-1.0
1661101309951,29.012001,0.049261082,0.0,0.074074075,0.0,0.0,0.03846154,0.28,0.0,0.0,32.300003,32.300003,31.600002,32.300003,32.300003,32.300003,31.900002,32.300003,32.300003,32.600002,31.900002,31.600002,3973125,-132751,1075200,1075200,1075200,1075200,1075200,1075200,652800,1401600,47,5,45,48,13,70,21,2,50,47,5,41,18,5,23,19,0,19,2,3,7,0,0,14,58045,16129,985180,53849,25570,906012,28031,9734,905067,50011,13217,1016564,31125,11100,948080,26766,0,847214,4162,10068,980652,0,0,998871,-1.0,-1.0
1661101310959,29.018002,0.009708738,0.0,0.03846154,0.0,0.0,0.0,0.03846154,0.0,0.0,32.600002,32.300003,31.900002,32.300003,31.900002,32.300003,31.900002,31.900002,32.300003,32.300003,31.600002,31.600002,3959500,-215454,1075200,1075200,1075200,1075200,1075200,1075200,652800,1401600,57,15,25,79,5,39,15,3,16,11,5,16,29,4,21,28,1,14,0,0,1,0,0,12,101055,40561,853202,67304,7599,906163,66666,7355,984190,54214,17400,849061,64423,11101,877595,16829,1961,781797,0,0,278491,0,0,1034700,-1.0,-1.0
1661101312035,29.015001,0.28089887,0.10526316,0.22727273,0.5,0.23809524,0.39130434,0.26086956,0.20833333,0.2173913,31.900002,31.900002,31.600002,31.900002,32.300003,31.900002,31.600002,31.900002,31.900002,31.900002,31.600002,31.900002,3973125,-148620,1075200,1075200,1075200,1075200,1075200,1075200,652800,1401600,46,9,32,19,8,64,4,5,25,4,0,14,28,1,53,30,3,15,0,0,0,0,0,10,55202,20779,983445,25390,31391,992362,3559,22126,1051755,2712,0,1045154,18091,0,924921,33978,5197,912673,0,0,0,0,0,1032320,1.6051849427168576,0.03249754500818331
1661101313045,29.021002,0.1420765,0.04761905,0.13636364,0.1923077,0.13043478,0.13043478,0.04761905,0.125,0.33333334,33.9,33.9,33.300003,33.600002,33.600002,33.600002,33.300003,33.300003,33.600002,33.600002,33.9,33.300003,3912787,-634766,1075200,1075200,1075200,1075200,1075200,1075200,652800,1401600,916,2,9,942,5,12,618,15,42,617,35,40,425,25,53,529,15,36,236,10,75,304,21,82,488562,4422,275544,530767,11788,261154,330131,13319,425246,336181,54260,511221,318402,43610,401467,282564,30284,428145,238590,28264,2456450,193189,45962,627456,-1.0,-1.0
1661101314083,29.015001,0.22543353,0.33333334,0.3043478,0.22727273,0.29166666,0.15,0.27272728,0.0,0.26086956,33.9,33.9,33.9,34.300003,33.9,33.600002,33.9,33.9,34.300003,34.9,33.9,33.9,3952882,-255737,1075200,1075200,1075200,1075200,1075200,1075200,652800,1401600,610,3,39,821,5,37,325,37,97,332,29,69,225,21,64,269,19,65,83,13,98,139,8,84,679295,3385,201801,683015,12294,182607,253935,68071,505661,257217,38539,533539,211470,33179,480058,246240,38388,580726,136131,45793,792206,131060,13327,745378,-1.0,-1.0
1661101315096,29.027,0.115,0.12,0.16,0.20833333,0.083333336,0.16,0.16,0.07692308,0.03846154,34.300003,34.300003,33.600002,34.300003,34.300003,34.300003,34.300003,34.600002,34.600002,34.600002,33.9,33.600002,3939452,-424194,1075200,1075200,1075200,1075200,1075200,1075200,652800,1401600,1224,2,15,1080,3,14,792,30,72,763,23,56,470,10,44,849,13,44,374,7,86,502,5,71,704999,1724,56521,776683,6282,45427,470557,55935,258059,465935,42953,318646,387302,20259,404290,393116,25952,304632,406437,9545,544793,361360,4446,430686,-1.0,-1.0
1661101316159,29.03,0.014634146,0.037037037,0.0,0.0,0.0,0.03846154,0.07692308,0.0,0.0,34.300003,34.300003,33.9,34.300003,34.300003,34.300003,33.600002,33.9,33.9,34.600002,33.300003,33.300003,3953466,-224609,1075200,1075200,1075200,1075200,1075200,1075200,652800,1401600,585,2,13,812,10,15,408,58,89,299,50,91,438,33,78,378,19,59,155,10,70,189,25,115,649961,4780,165862,701315,21257,119097,315569,132701,390047,271014,117847,419294,265302,54021,431569,245608,31987,521466,143681,21633,699708,149620,51361,649753,-1.0,-1.0
1661101317223,29.039001,0.009661836,0.0,0.0,0.0,0.0,0.0,0.115384616,0.0,0.0,33.300003,32.9,32.600002,33.300003,33.300003,32.9,32.600002,33.300003,33.300003,32.9,32.9,32.600002,3968259,-173950,1075200,1075200,1075200,1075200,1075200,1075200,652800,1401600,61,11,70,61,21,82,39,8,58,31,1,12,33,3,22,16,1,17,35,1,6,3,2,11,56941,23049,965543,65031,54188,915530,31799,19221,983461,7373,676,1084919,37611,4672,960869,15573,3268,918975,3145,774,1106210,2098,4096,1025881,-1.0,-1.0
1661101318282,29.054,0.024271844,0.0,0.04,0.0,0.0,0.074074075,0.07692308,0.0,0.0,33.300003,32.9,32.600002,33.300003,32.9,32.9,32.600002,32.9,32.9,32.9,32.600002,32.600002,3960473,-187378,1075200,1075200,1075200,1075200,1075200,1075200,652800,1401600,91,6,39,89,9,38,12,6,14,34,5,15,25,0,16,16,3,32,0,0,1,0,0,3,99104,28329,915261,110014,16887,910119,19044,21011,1025170,27948,14874,1025634,17592,0,952201,15383,3864,886595,0,0,853971,0,0,1066594,-1.0,-1.0
1661101319346,29.060001,0.06763285,0.0,0.074074075,0.30769232,0.03846154,0.03846154,0.07692308,0.0,0.0,32.9,32.600002,32.300003,32.600002,32.600002,32.300003,32.300003,32.600002,32.600002,32.600002,32.600002,32.300003,3928553,-541687,1075200,1075200,1075200,1075200,1075200,1075200,652800,1401600,33,5,27,53,13,66,24,8,36,31,5,29,19,4,31,18,1,20,0,0,0,0,0,13,37345,13572,938369,55836,39552,906127,21894,27584,985830,20568,10330,1012486,20639,10638,999342,16659,4167,871851,0,0,0,0,0,1032343,-1.0,-1.0
1661101320361,29.069002,0.06666667,0.03846154,0.03846154,0.074074075,0.23076923,0.07692308,0.11111111,0.0,0.0,32.9,32.9,32.600002,32.9,32.600002,32.600002,32.300003,32.600002,32.600002,32.600002,32.600002,32.600002,3950157,-466614,1075200,1075200,1075200,1075200,1075200,1075200,652800,1401600,109,3,34,115,10,58,26,5,31,46,10,56,80,20,58,30,3,22,0,0,5,5,0,16,116828,3328,911305,138635,35711,798659,25521,21278,826537,50143,30685,907389,77011,48359,784117,30425,8791,840736,0,0,2164172,3454,0,1024342,-1.0,-1.0
1661101321434,29.072,0.1262136,0.0,0.0,0.04,0.0,0.115384616,0.7777778,0.0,0.0,32.9,32.600002,32.300003,32.300003,32.9,32.600002,32.600002,32.600002,32.600002,32.600002,32.600002,32.300003,3968259,-155639,1075200,1075200,1075200,1075200,1075200,1075200,652800,1401600,132,11,56,167,17,98,23,2,20,74,4,53,121,34,65,22,9,22,1,0,2,0,0,13,126244,22421,874366,181038,33136,808816,51547,4696,980762,46435,4572,785516,114152,102690,711505,51500,20084,881087,260,0,978752,0,0,1031594,-1.0,-1.0
1661101322512,29.098001,0.21,0.24,0.23076923,0.32,0.20833333,0.25,0.24,0.04,0.09090909,32.9,32.600002,32.300003,32.9,32.9,32.300003,32.300003,32.600002,32.600002,32.600002,32.300003,32.300003,3969037,-127868,1075200,1075200,1075200,1075200,1075200,1075200,652800,1401600,23,7,34,32,14,80,33,14,49,32,10,38,20,6,29,18,9,39,1,0,2,0,0,8,31402,16206,1045718,36973,45010,937511,35688,37873,1037996,39235,36466,993997,20795,16059,837551,24324,14529,786467,239,0,1257831,0,0,1149927,-1.0,-1.0
1661101323557,29.116001,0.014423077,0.0,0.0,0.0,0.0,0.074074075,0.037037037,0.0,0.0,34.300003,34.300003,33.9,34.300003,34.600002,34.600002,33.9,34.600002,34.600002,35.300003,32.9,32.9,3945097,-390930,1075200,1075200,1075200,1075200,1075200,1075200,652800,1401600,546,4,14,776,1,22,251,25,88,307,43,98,193,26,70,240,21,59,109,32,81,124,10,69,487505,17355,285479,540448,418,232232,244661,53168,480658,270583,87949,449606,208911,52594,481346,203642,39466,569976,142993,49885,861397,152293,27816,688601,-1.0,-1.0
1661101324607,29.137001,0.014492754,0.0,0.0,0.0,0.0,0.04,0.0,0.0,0.0,32.9,32.600002,31.900002,32.600002,32.9,32.9,32.600002,32.600002,32.9,32.9,32.300003,32.300003,3970010,-154419,1075200,1075200,1075200,1075200,1075200,1075200,652800,1401600,59,9,35,141,21,50,26,7,13,36,9,36,26,2,17,42,5,27,1,4,13,17,0,31,84184,29528,880991,138770,52724,780205,29635,13003,933195,38054,17315,950168,24548,4262,860853,37427,17028,857934,2210,12188,1014200,7190,0,975504,-1.0,-1.0
1661101325664,29.155,0.06896552,0.0,0.09090909,0.09090909,0.04761905,0.09090909,0.04761905,0.0,0.13043478,32.300003,32.300003,31.900002,32.300003,32.600002,32.600002,31.900002,32.300003,32.600002,32.600002,32.300003,31.900002,3970594,-163269,1075200,1075200,1075200,1075200,1075200,1075200,652800,1401600,217,5,46,299,7,60,103,34,64,121,37,65,49,8,41,58,9,55,5,11,40,3,2,42,352788,3974,651413,349965,12521,587017,138721,74431,789746,131923,110234,769189,60767,15501,763815,83452,24800,861929,8459,43227,513029,3099,12048,993595,-1.0,-1.0
1661101326663,29.179,0.009661836,0.0,0.0,0.0,0.0,0.0,0.11111111,0.0,0.0,32.600002,32.9,32.300003,32.600002,32.9,32.300003,32.600002,32.600002,32.9,32.9,32.300003,31.900002,3969037,-175476,1075200,1075200,1075200,1075200,1075200,1075200,652800,1401600,384,9,26,498,7,46,394,33,61,230,39,94,180,13,39,177,12,45,48,1,39,86,2,43,463491,17554,433497,480119,11850,389226,213449,61879,602088,203214,86028,565071,144130,26587,620568,198305,15750,687083,71521,5876,1147362,87948,1203,752335,-1.0,-1.0
1661101327706,29.188002,0.20710059,0.3043478,0.15,0.15,0.22727273,0.23809524,0.15789473,0.09090909,0.3181818,32.300003,32.300003,31.900002,32.600002,32.600002,31.900002,31.900002,32.300003,32.300003,32.300003,31.900002,32.300003,3968259,-167541,1075200,1075200,1075200,1075200,1075200,1075200,652800,1401600,43,8,42,16,2,54,0,0,8,19,2,40,18,0,20,25,2,19,0,0,2,0,0,5,48103,15231,974948,13996,710,1011631,0,0,1016844,16378,4445,1038913,18964,0,887990,25877,1607,975770,0,0,724252,0,0,551260,-1.0,-1.0
1661101328706,29.215002,0.009661836,0.0,0.0,0.037037037,0.0,0.07692308,0.0,0.0,0.0,32.9,32.9,32.600002,33.300003,32.9,32.9,32.600002,32.600002,33.300003,32.9,32.600002,32.600002,3962030,-241394,1075200,1075200,1075200,1075200,1075200,1075200,652800,1401600,440,4,12,600,2,29,407,26,64,215,16,59,274,11,35,226,24,73,89,3,41,98,1,46,392988,11171,453060,414636,7106,458856,219699,34132,667802,151330,23350,679581,174950,18264,607321,162822,47675,544996,113610,8425,1302659,92710,2689,1304640,-1.0,-1.0
1661101329721,29.218002,0.016759777,0.0,0.0,0.0,0.0,0.08695652,0.04347826,0.0,0.0,32.600002,32.600002,32.300003,32.600002,32.600002,32.300003,32.300003,32.300003,32.300003,32.600002,31.900002,31.900002,3970400,-152282,1075200,1075200,1075200,1075200,1075200,1075200,652800,1401600,139,4,18,288,12,47,97,18,60,49,9,22,67,10,33,31,1,23,11,1,10,13,3,22,223183,5315,768982,240517,29674,690022,80190,34210,876628,38094,16488,435686,53700,23091,785802,32573,4167,894716,13561,431,542516,11024,1136,987770,-1.0,-1.0
1661101330745,29.232002,0.25,0.14285715,0.055555556,0.1904762,0.2,0.22727273,0.22727273,0.4090909,0.59090906,32.300003,32.300003,31.900002,31.900002,32.300003,31.900002,31.900002,32.300003,32.300003,32.300003,31.900002,31.900002,3972151,-114441,1075200,1075200,1075200,1075200,1075200,1075200,652800,1401600,25,2,20,83,27,74,53,14,58,8,1,13,18,0,14,54,4,28,0,0,2,1,0,13,47665,3230,902184,69500,102874,788778,65649,30240,816373,22894,574,1455985,35339,0,829107,54890,11412,734401,0,0,983118,889,0,926856,-1.0,-1.0
1661101331757,29.253002,0.009661836,0.0,0.03846154,0.0,0.0,0.074074075,0.03846154,0.0,0.0,32.9,32.9,32.300003,33.300003,33.300003,32.9,32.9,32.9,32.9,33.300003,32.300003,32.300003,3963782,-215454,1075200,1075200,1075200,1075200,1075200,1075200,652800,1401600,343,0,6,434,13,20,288,18,30,217,11,35,134,2,20,181,12,35,95,0,33,113,0,38,324817,0,635622,348291,42551,520075,211851,35244,755289,190845,25449,741668,173216,1245,641497,232315,23821,616876,113772,0,1331835,74662,0,852191,-1.0,-1.0
1661101332808,29.262001,0.022346368,0.04347826,0.08695652,0.0,0.0,0.04761905,0.0,0.0,0.0,32.300003,31.900002,31.600002,32.300003,32.300003,31.900002,31.900002,32.300003,32.300003,32.300003,31.900002,31.900002,3970984,-156860,1075200,1075200,1075200,1075200,1075200,1075200,652800,1401600,146,4,23,325,17,48,84,24,64,71,12,45,68,10,39,57,9,35,11,0,16,6,1,30,313021,5771,639537,323928,50822,603617,81473,69885,854461,73706,15172,876681,70625,23466,861622,56666,23934,829350,17476,0,536932,5042,5057,730057,-1.0,-1.0
1661101333852,29.256,0.009708738,0.037037037,0.0,0.0,0.0,0.0,0.07692308,0.0,0.0,31.900002,31.900002,31.600002,31.900002,31.900002,31.900002,31.600002,31.900002,31.900002,31.900002,31.600002,31.600002,3970789,-129394,1075200,1075200,1075200,1075200,1075200,1075200,652800,1401600,237,14,38,292,10,39,108,19,61,72,25,43,64,20,51,52,11,42,0,0,20,12,0,34,359519,33471,652668,354463,23531,609495,110488,30001,804985,76978,65942,748541,64995,56715,764282,69707,24439,884227,0,0,1001065,26528,0,786974,-1.0,-1.0
1661101334909,29.262001,0.18181819,0.29166666,0.20833333,0.2173913,0.17391305,0.20833333,0.29166666,0.041666668,0.083333336,31.900002,31.900002,31.600002,31.900002,32.300003,32.300003,31.600002,31.900002,31.900002,32.300003,31.600002,31.600002,3970789,-131530,1075200,1075200,1075200,1075200,1075200,1075200,652800,1401600,67,14,81,16,7,69,0,0,8,0,0,4,43,2,52,21,0,21,0,0,2,0,0,1,83116,30366,903541,25582,25879,994796,0,0,1035836,0,0,1138814,49775,4138,913333,17790,0,889255,0,0,821137,0,0,899441,-1.0,-1.0
1661101335925,29.265001,0.05142857,0.0,0.13043478,0.09090909,0.09090909,0.08695652,0.13043478,0.0,0.0,32.600002,32.300003,32.300003,32.600002,32.9,32.9,32.300003,32.300003,32.300003,32.9,31.900002,31.900002,3965144,-228271,1075200,1075200,1075200,1075200,1075200,1075200,652800,1401600,376,4,26,294,5,29,240,2,9,201,1,9,224,1,25,180,0,15,159,1,26,177,1,17,134020,12443,743544,143585,12643,743365,137288,4432,857639,136909,2325,852756,146374,1995,759353,116031,0,709142,174927,2453,1566582,158097,2826,1463024,-1.0,-1.0
1661101336937,29.268002,0.18681319,0.13636364,0.2,0.22727273,0.2173913,0.26086956,0.4090909,0.0,0.125,32.600002,32.600002,31.900002,32.300003,32.300003,32.300003,32.300003,32.300003,32.300003,32.600002,31.600002,31.600002,3971957,-158996,1075200,1075200,1075200,1075200,1075200,1075200,652800,1401600,486,0,1,665,0,0,262,49,106,301,63,117,283,36,110,149,24,66,27,10,28,17,2,47,849762,0,587,825477,0,0,223631,88842,509621,287540,140993,429902,244224,41734,563541,137054,61670,545015,20729,33621,429364,13194,4158,865334,7.453416149068323E-4,0.0029813664596273293
1661101337960,29.271002,0.014563107,0.037037037,0.0,0.0,0.0,0.07692308,0.0,0.0,0.0,33.300003,33.300003,32.9,33.600002,33.600002,33.600002,32.9,32.9,33.600002,33.300003,32.600002,32.300003,3954829,-289306,1075200,1075200,1075200,1075200,1075200,1075200,652800,1401600,660,2,9,949,4,2,401,34,77,339,26,80,389,53,66,269,17,38,135,19,63,163,17,80,788523,8723,22120,806090,8674,3266,285104,68868,409058,306772,53711,425024,340986,118473,289572,164242,33866,258491,138100,38369,1151165,120027,36132,670791,-1.0,-1.0
1661101339007,29.265001,0.07881773,0.041666668,0.11111111,0.12,0.18518518,0.115384616,0.12,0.0,0.0,32.600002,32.600002,32.300003,32.300003,32.300003,32.600002,32.300003,32.300003,32.300003,32.600002,32.300003,32.300003,3963198,-227661,1075200,1075200,1075200,1075200,1075200,1075200,652800,1401600,80,13,79,107,15,69,31,2,30,36,2,15,36,2,22,21,0,12,1,0,7,1,3,21,88956,19591,896654,103442,28353,881138,13385,5974,986678,17742,8046,1023363,34745,5564,921021,22313,0,920369,2104,0,1087222,3760,9363,1019900,-1.0,-1.0
1661101340021,29.262001,0.19072165,0.125,0.17391305,0.2,0.16,0.17391305,0.16666667,0.16,0.29166666,32.600002,32.600002,32.300003,32.600002,32.600002,32.300003,31.900002,32.300003,32.300003,32.600002,32.300003,32.300003,3970400,-272827,1075200,1075200,1075200,1075200,1075200,1075200,652800,1401600,279,9,20,504,9,32,171,31,78,164,32,72,113,19,44,98,27,49,4,2,29,9,7,48,617286,16029,294750,628648,18471,270458,150161,54900,602189,152228,58626,637909,96825,37933,715397,127418,65146,639607,6291,6410,947863,14812,29076,911567,0.08137293729372938,0.015643564356435644
1661101341053,29.259,0.06666667,0.08695652,0.08695652,0.125,0.045454547,0.09090909,0.08695652,0.08695652,0.0,33.300003,33.600002,32.9,33.300003,33.300003,33.300003,33.300003,32.9,33.600002,33.300003,32.600002,32.600002,3961252,-187378,1075200,1075200,1075200,1075200,1075200,1075200,652800,1401600,885,4,5,1207,1,6,282,39,69,595,44,82,440,29,72,375,33,68,153,12,75,195,21,69,827687,7545,34559,813321,3333,45758,309058,86123,401055,460236,74298,340308,376503,60438,325545,303050,66173,395839,168319,30057,566417,132451,46373,498734,-1.0,-1.0
1661101342070,29.259,0.20879121,0.13636364,0.32,0.1904762,0.14285715,0.18181819,0.18181819,0.13043478,0.34615386,32.600002,32.600002,32.300003,32.9,32.9,32.9,32.600002,32.600002,32.9,32.600002,32.300003,32.300003,3970789,-164489,1075200,1075200,1075200,1075200,1075200,1075200,652800,1401600,127,1,34,223,10,46,49,11,31,125,27,54,31,7,29,47,6,31,1,0,19,9,0,38,197436,3541,782947,228986,17686,730886,62397,33271,940406,115816,58537,799639,35650,16189,837769,50168,18687,869692,269,0,1089124,17722,0,1030380,-1.0,-1.0
1661101343067,29.253002,0.25365853,0.083333336,0.26923078,0.15384616,0.083333336,0.4,0.42857143,0.14814815,0.4,33.9,33.9,33.9,33.9,33.9,33.9,33.600002,33.9,33.9,33.9,33.600002,33.300003,3884759,-1072693,1075200,1075200,1075200,1075200,1075200,1075200,652800,1401600,558,3,21,816,0,20,370,25,72,414,44,70,281,18,53,417,29,59,134,10,85,137,22,78,627613,5681,152470,681551,0,164333,307013,41291,474150,296300,77833,451580,207853,44340,558872,271731,47562,470797,120461,18933,750982,108452,67461,581308,47.31057276995305,0.62958372456964
1661101344096,29.268002,0.118644066,0.08695652,0.13636364,0.13636364,0.04347826,0.0,0.09090909,0.18181819,0.1904762,35.600002,35.300003,34.600002,35.600002,35.300003,35.300003,34.600002,34.9,35.300003,35.9,34.600002,34.300003,3894881,-933533,1075200,1075200,1075200,1075200,1075200,1075200,652800,1401600,593,2,3,1144,0,2,498,49,76,581,63,69,281,53,53,378,20,61,588,38,177,304,44,116,748348,3090,4618,753272,0,1771,463749,93343,200113,467928,112368,177817,254406,91769,227914,224763,30220,339165,287767,56330,554166,172056,101342,375528,47.55831055900621,0.09838509316770187
1661101345107,29.268002,0.18343195,0.0952381,0.23809524,0.26086956,0.18181819,0.1904762,0.23809524,0.3181818,0.1,35.600002,35.600002,34.9,35.300003,34.9,35.300003,34.9,35.300003,35.300003,35.600002,34.9,34.600002,3880283,-1054077,1075200,1075200,1075200,1075200,1075200,1075200,652800,1401600,477,27,34,1060,27,30,491,81,86,165,36,79,201,27,68,204,37,75,573,122,118,170,58,129,772654,41620,104865,800290,41250,50959,587344,156634,168749,179477,94625,608434,204074,59844,656101,196275,79007,583073,300393,242397,276234,164650,178208,436692,51.888448598130836,0.10218068535825545
1661101346108,29.298002,0.10837439,0.11111111,0.15384616,0.04347826,0.07692308,0.07692308,0.07692308,0.24,0.115384616,36.300003,35.9,35.600002,35.9,35.9,35.600002,35.600002,35.600002,35.600002,35.9,35.300003,34.9,3882424,-1086426,1075200,1075200,1075200,1075200,1075200,1075200,652800,1401600,381,12,29,1107,23,23,584,81,64,340,76,85,237,29,67,223,24,63,291,64,142,444,47,170,698800,27647,184043,805672,26764,25580,618935,132712,108135,366460,131714,352452,220385,67366,629564,209709,49498,551620,182237,136577,405395,220198,115299,507530,56.76011232449298,0.10583463338533541
1661101347140,29.340002,0.12568305,0.08695652,0.17391305,0.2,0.04761905,0.045454547,0.13043478,0.125,0.26086956,36.9,36.300003,35.9,36.300003,36.600002,36.300003,35.9,36.300003,36.600002,36.9,35.9,35.600002,3866464,-1255799,1075200,1075200,1075200,1075200,1075200,1075200,652800,1401600,633,29,34,1105,19,36,535,89,80,363,70,95,177,27,71,154,22,59,321,41,159,459,52,160,778875,52177,95592,855784,25349,51783,577591,181984,153319,299448,144602,463255,179333,45863,602560,165001,50272,622695,185803,107813,486542,239619,107154,505502,60.78794805194806,0.10337662337662337
1661101348145,29.396002,0.13218391,0.045454547,0.2173913,0.13636364,0.045454547,0.0,0.09090909,0.3043478,0.22727273,36.9,36.9,35.9,36.300003,36.600002,36.600002,35.9,36.9,36.300003,36.9,36.300003,35.9,3881061,-1036988,1075200,1075200,1075200,1075200,1075200,1075200,652800,1401600,672,16,33,1089,15,22,459,71,99,264,64,101,248,44,83,143,25,49,663,51,183,118,62,117,806754,24444,88704,832395,15637,43382,585756,136436,197747,265098,127549,517923,240983,115363,560617,141458,62306,633301,237035,84333,562277,142493,192080,406442,65.9176688741722,0.09960264900662252
1661101349169,29.453001,0.13483146,0.08695652,0.18181819,0.13636364,0.0,0.125,0.13043478,0.09090909,0.27272728,37.600002,37.300003,36.600002,36.600002,36.600002,36.9,36.600002,37.300003,37.300003,38.300003,36.600002,36.300003,3879699,-1087342,1075200,1075200,1075200,1075200,1075200,1075200,652800,1401600,652,9,15,1173,12,18,491,92,83,298,70,101,284,67,90,206,36,69,592,50,165,390,52,140,864580,12421,56969,872374,12507,27608,549558,177359,186622,303027,148896,466957,266557,176409,490394,217151,72221,562658,241023,114806,435356,219986,162716,412021,70.95696894409939,0.09490683229813664
1661101350181,29.518002,0.16923077,0.083333336,0.25,0.125,0.1923077,0.16,0.16,0.20833333,0.17391305,37.600002,37.600002,37.300003,37.300003,37.600002,37.600002,36.9,37.300003,37.9,37.9,36.9,36.300003,3849530,-1210328,1075200,1075200,1075200,1075200,1075200,1075200,652800,1401600,768,5,13,1152,6,9,534,66,76,342,72,97,267,49,68,158,33,57,636,33,152,430,48,135,865334,8595,28390,868688,4512,9129,588155,133803,195586,352901,141082,404474,224629,105758,523510,205801,64619,571304,208858,68709,503497,215074,136683,432756,74.70260538827259,0.09026941362916006
1661101351181,29.578001,0.12745099,0.0,0.125,0.125,0.04,0.14814815,0.04,0.08,0.30769232,38.600002,38.300003,37.600002,38.300003,37.9,38.300003,37.600002,38.300003,37.9,38.9,37.300003,36.9,3866464,-1185303,1075200,1075200,1075200,1075200,1075200,1075200,652800,1401600,763,2,6,1095,2,8,517,91,60,403,72,111,239,45,74,263,57,80,687,35,161,462,50,128,851133,4220,14442,844863,634,7149,569570,164294,123584,342593,143760,383975,241250,100656,492527,245575,123266,495931,241444,52144,473066,219685,155017,366950,78.94349764521193,0.10348508634222921
1661101352227,29.646002,0.12068965,0.045454547,0.14285715,0.13636364,0.09090909,0.0,0.09090909,0.05,0.33333334,38.300003,38.300003,37.9,37.9,37.9,37.9,37.9,38.600002,38.300003,39.600002,37.300003,37.300003,3877752,-1092835,1075200,1075200,1075200,1075200,1075200,1075200,652800,1401600,665,4,4,1087,3,11,440,73,75,414,77,100,240,45,67,299,63,69,1116,69,162,212,65,125,875502,7016,13009,845150,2919,11696,544438,145988,151988,364952,146599,368361,262172,88023,434236,306733,131318,451173,313512,115782,447053,152790,207111,338633,83.6896524590164,0.10491803278688525
1661101353240,29.718002,0.14563107,0.11111111,0.15384616,0.115384616,0.115384616,0.04,0.08,0.16666667,0.32,38.600002,38.300003,37.9,38.300003,38.300003,38.300003,37.9,38.600002,38.300003,38.9,37.600002,37.300003,3868994,-1069947,1075200,1075200,1075200,1075200,1075200,1075200,652800,1401600,752,1,1,1123,7,15,446,81,104,257,53,71,185,28,76,90,13,39,1244,59,198,116,53,121,918157,1936,3247,892326,3335,15859,520481,158765,237315,254510,104830,579622,229506,69235,599900,114628,31505,380420,364207,66980,463999,123093,165793,404459,89.15548514851486,0.0976897689768977
1661101354240,29.783,0.17877094,0.05,0.20833333,0.20833333,0.09090909,0.0952381,0.09090909,0.13636364,0.39130434,38.9,38.9,38.300003,38.300003,38.600002,38.600002,38.300003,38.9,38.600002,39.300003,37.9,37.600002,3877752,-1078186,1075200,1075200,1075200,1075200,1075200,1075200,652800,1401600,744,1,0,1077,7,13,456,71,88,465,84,101,228,38,68,180,40,67,1096,28,175,82,64,118,880993,230,0,861832,5735,12253,551717,130735,189168,408158,169157,316528,272710,80912,540966,221712,86147,493655,310583,23304,504386,106156,173661,369667,98.56228571428572,0.08584126984126984
1661101355244,29.848001,0.16292135,0.04761905,0.2173913,0.2173913,0.08695652,0.05,0.04761905,0.1904762,0.39130434,39.300003,39.300003,38.600002,39.300003,38.9,38.9,38.600002,39.9,39.300003,41.300003,38.300003,37.9,3873470,-995178,1075200,1075200,1075200,1075200,1075200,1075200,652800,1401600,706,0,0,1098,1,3,488,62,83,324,66,83,169,21,58,435,82,96,1357,34,187,127,51,114,905298,0,0,866546,277,3415,519858,122559,194294,313790,175346,386506,202235,49366,525134,389356,164361,323006,337961,27294,494793,151881,141372,332594,122.76,0.10335403726708074
1661101356258,29.920002,0.2,0.04347826,0.16666667,0.30769232,0.08695652,0.26923078,0.083333336,0.2,0.45833334,39.9,39.300003,38.9,39.600002,39.300003,39.600002,38.9,39.300003,39.600002,40.300003,38.600002,38.300003,3869967,-1185913,1075200,1075200,1075200,1075200,1075200,1075200,652800,1401600,678,0,0,1165,0,0,527,76,78,372,79,93,138,26,49,395,64,89,1308,43,181,127,57,123,916418,0,0,896264,0,0,600977,140879,151819,427069,168361,298153,223933,66655,493776,385456,110782,308618,368582,52656,402441,147864,142252,319509,151.42117647058825,0.13751633986928105
1661101357318,29.991001,0.26540285,0.14814815,0.23076923,0.2962963,0.12,0.30769232,0.12,0.25925925,0.5714286,40.300003,39.9,39.600002,39.9,39.300003,39.600002,39.300003,40.600002,39.600002,41.600002,38.9,38.600002,3871719,-1153870,1075200,1075200,1075200,1075200,1075200,1075200,652800,1401600,883,0,0,1243,0,0,618,74,76,459,77,110,168,33,77,239,55,82,1550,42,177,128,49,113,949494,0,0,911182,0,0,637072,122287,153324,425926,155120,357609,275186,89397,483817,326404,143589,453325,380980,66249,387600,159279,136995,305010,190.83186820428335,0.10965403624382207
1661101358318,30.067001,0.21301775,0.13636364,0.14285715,0.1904762,0.13636364,0.1,0.0952381,0.2857143,0.6086956,40.600002,40.600002,39.600002,40.300003,40.300003,40.300003,40.300003,40.9,40.600002,41.300003,39.600002,38.9,3858094,-1153565,1075200,1075200,1075200,1075200,1075200,1075200,652800,1401600,783,0,0,1169,0,0,611,63,62,516,84,102,155,43,60,438,72,96,1801,29,170,138,33,104,903762,0,0,884138,0,0,646218,98484,113171,481049,159758,224551,255325,101627,404970,465481,143672,256970,433775,16920,300725,158808,68263,241791,232.92250980392157,0.1207843137254902
1661101359324,30.137001,0.22988506,0.0952381,0.18181819,0.18181819,0.13636364,0.13636364,0.17391305,0.3181818,0.65217394,41.300003,41.300003,40.600002,40.9,40.9,41.300003,40.9,42.300003,41.300003,43.300003,40.300003,39.9,3850893,-1134644,1075200,1075200,1075200,1075200,1075200,1075200,652800,1401600,880,0,0,1188,0,0,563,50,65,594,86,89,449,57,68,272,46,73,2358,20,129,174,23,89,880650,0,0,864708,0,0,624740,82152,130128,515879,145385,201220,436728,89173,238224,391110,84875,331163,471252,15690,219410,168248,45683,193709,283.790099009901,0.1240924092409241
1661101360349,30.217001,0.2881356,0.13636364,0.22727273,0.3043478,0.13636364,0.09090909,0.18181819,0.39130434,0.82608694,42.300003,41.9,41.300003,41.600002,41.9,41.9,41.300003,42.600002,42.300003,43.300003,40.300003,39.9,3863349,-1203003,1075200,1075200,1075200,1075200,1075200,1075200,652800,1401600,1107,0,0,1320,0,0,669,59,72,603,80,69,265,24,70,328,38,92,2797,21,95,117,21,72,863363,0,0,859486,0,0,592817,93096,147961,551394,144318,172425,395233,37521,367750,431126,71828,367246,448189,22412,165380,129158,33528,156254,347.88892935635795,0.1512087912087912
1661101361363,30.287,0.25748503,0.0952381,0.22727273,0.22727273,0.04761905,0.0952381,0.0952381,0.47619048,0.8695652,42.600002,42.600002,41.9,42.300003,42.300003,42.600002,42.300003,42.9,42.9,43.600002,40.9,40.300003,3840966,-1311341,1075200,1075200,1075200,1075200,1075200,1075200,652800,1401600,1050,0,0,1308,0,0,585,62,67,762,78,84,401,44,83,330,38,69,3537,4,55,87,13,63,877520,0,0,880577,0,0,667163,95044,110137,634269,90902,133665,498780,56367,304339,412499,71707,297919,512394,10043,95612,96907,14425,131930,415.2389702970297,0.17531353135313532
1661101362377,30.357002,0.30409357,0.05263158,0.23809524,0.18181819,0.0,0.09090909,0.1,0.5217391,0.95238096,43.300003,42.9,42.300003,42.9,42.9,43.300003,42.9,44.600002,43.600002,45.9,41.600002,41.300003,3841745,-1393128,1075200,1075200,1075200,1075200,1075200,1075200,652800,1401600,956,0,0,1162,0,0,646,53,52,568,53,61,407,35,74,480,41,77,3805,1,32,152,4,41,858678,0,0,860281,0,0,673589,79625,98443,623899,83477,147372,526942,59797,217932,512149,68439,189884,487808,433,51020,85327,2380,79198,492.82230145867095,0.17893030794165316
1661101363410,30.436,0.29319373,0.16666667,0.17391305,0.20833333,0.12,0.125,0.0,0.53846157,1.0,43.9,43.9,43.300003,43.600002,43.9,44.300003,43.9,45.600002,44.600002,46.9,41.9,41.600002,3837657,-1357422,1075200,1075200,1075200,1075200,1075200,1075200,652800,1401600,1028,0,0,1111,0,0,753,37,47,507,45,61,781,38,68,525,31,71,4301,0,20,51,0,27,906808,0,0,881193,0,0,748370,55653,82104,653618,77562,150678,706432,56325,133521,606466,63303,158659,461783,0,25802,44340,0,33797,599.029908496732,0.22326797385620917
1661101364432,30.509,0.33142856,0.13636364,0.22727273,0.23809524,0.22727273,0.13043478,0.0952381,0.52380955,1.0,44.600002,44.9,43.9,44.600002,44.300003,44.600002,44.600002,46.300003,45.600002,47.600002,42.9,42.600002,3833959,-1318665,1075200,1075200,1075200,1075200,1075200,1075200,652800,1401600,1246,0,0,1022,0,0,978,38,40,564,38,50,382,22,67,508,29,64,5017,0,1,119,0,3,897915,0,0,894480,0,0,778221,55395,56827,747846,47723,112194,619324,28866,164531,729583,33127,148381,486678,0,574,9703,0,1900,572.8884760330578,0.21897520661157027
1661101365435,30.585001,0.4611399,0.1904762,0.48,0.20833333,0.5217391,0.08,0.2,1.0,1.0,45.300003,45.300003,44.300003,44.9,45.300003,44.9,44.9,46.600002,45.600002,47.9,42.9,42.9,3806321,-1649781,1075200,1075200,1075200,1075200,1075200,1075200,652800,1401600,1046,0,0,871,0,0,705,15,25,645,23,21,517,14,33,328,10,31,5680,0,1,490,0,6,761332,0,0,842304,0,0,822981,18059,47950,759303,25841,34515,708398,20890,61338,658578,15765,77414,576736,0,711,6000,0,12881,565.07195,0.227
1661101366454,30.652002,0.4260355,0.2857143,0.1904762,0.1904762,0.18181819,0.27272728,0.4090909,0.95652175,1.0,45.9,45.600002,44.9,45.300003,45.9,45.600002,44.9,46.9,45.9,48.300003,43.600002,43.300003,3803790,-1701051,1075200,1075200,1075200,1075200,1075200,1075200,652800,1401600,1069,0,0,941,0,0,651,20,26,552,21,24,258,10,32,406,17,27,5861,0,2,165,0,0,858706,0,0,771766,0,0,793825,30488,44777,635231,31232,48674,681545,20233,93958,652375,29649,72021,593075,0,1159,16254,0,0,560.6475031055901,0.2201242236024845
1661101367467,30.722002,0.34078214,0.16666667,0.23809524,0.25,0.14285715,0.26086956,0.25,0.45454547,1.0,46.300003,45.9,45.300003,45.600002,45.9,46.300003,45.9,47.600002,46.600002,48.9,44.300003,43.600002,3820335,-1412049,1075200,1075200,1075200,1075200,1075200,1075200,652800,1401600,1110,0,0,992,0,0,602,3,2,546,1,5,256,0,1,538,1,3,6379,0,0,54,0,0,884255,0,0,850928,0,0,885727,3597,2896,785728,558,12160,787122,0,1348,818078,3261,6654,629766,0,0,464,0,0,569.8242496099843,0.2326365054602184
1661101368485,30.802002,0.46551725,0.1904762,0.3043478,0.33333334,0.47619048,0.2173913,0.5,0.73913044,1.0,46.600002,46.600002,46.300003,46.300003,47.300003,46.9,46.600002,47.9,47.600002,49.600002,44.9,43.9,3824617,-1394349,1075200,1075200,1075200,1075200,1075200,1075200,652800,1401600,977,0,0,1098,0,0,624,33,41,669,26,74,339,24,54,457,19,50,5185,0,3,3,0,2,878045,0,0,869925,0,0,749308,49983,75572,681288,26042,117625,597822,47893,128129,491021,19795,81818,503661,0,2593,8522,0,1830,577.2125433715221,0.24091653027823243
1661101369511,30.881,0.45555556,0.26086956,0.26086956,0.18181819,0.33333334,0.13636364,0.47826087,1.0,1.0,46.9,46.600002,46.300003,46.600002,46.9,46.9,46.600002,48.600002,47.600002,49.600002,44.9,44.300003,3807878,-1729737,1075200,1075200,1075200,1075200,1075200,1075200,652800,1401600,867,0,0,1063,0,0,643,24,43,735,26,36,504,23,51,446,26,43,5487,0,0,90,0,3,793030,0,0,865533,0,0,749814,37325,78253,698072,38714,49753,676012,26420,98862,644468,26584,91794,545123,0,0,2498,0,503,574.5677623762376,0.23234323432343235
1661101370552,30.961002,0.30232558,0.14285715,0.15,0.25,0.0952381,0.09090909,0.13043478,0.54545456,1.0,47.300003,47.600002,46.9,46.9,47.300003,47.300003,47.300003,48.600002,47.9,49.9,45.300003,45.300003,3822281,-1430970,1075200,1075200,1075200,1075200,1075200,1075200,652800,1401600,979,0,0,1079,1,0,733,15,25,712,19,32,532,28,23,321,7,34,5681,0,0,79,0,0,829404,0,0,882636,414,0,779111,19668,46348,745093,23388,47621,726879,35140,42269,739666,6177,95204,550095,0,0,1192,0,0,569.9319205298013,0.23629139072847682
1661101371591,31.028002,0.4108108,0.2173913,0.17391305,0.26086956,0.08,0.6,0.08695652,0.90909094,1.0,47.600002,47.9,46.600002,47.300003,47.600002,47.9,47.9,49.300003,48.600002,50.600002,45.300003,44.9,3806515,-1428834,1075200,1075200,1075200,1075200,1075200,1075200,652800,1401600,990,0,0,1120,0,0,669,23,28,805,26,37,517,18,34,480,12,41,5836,0,0,59,0,0,886691,0,0,894548,0,0,834275,27545,50454,796963,28536,68226,661951,18359,75311,663475,15796,94808,568332,0,0,2720,0,0,563.9049455676517,0.21349922239502334
1661101372628,31.101002,0.28143713,0.09090909,0.14285715,0.15,0.17391305,0.22727273,0.05263158,0.5,1.0,47.600002,47.600002,47.300003,47.600002,47.600002,47.300003,47.300003,49.300003,47.9,50.600002,45.600002,45.300003,3795226,-1675111,1075200,1075200,1075200,1075200,1075200,1075200,652800,1401600,958,0,0,792,0,0,388,1,0,378,1,0,189,1,2,246,0,1,7492,0,0,141,0,4,797304,0,0,829209,0,0,844191,1119,0,856601,0,0,672907,573,2753,818565,0,0,757807,0,0,2504,0,56,557.8298408736349,0.2161622464898596
1661101373680,31.180002,0.28070176,0.05,0.18181819,0.22727273,0.0952381,0.1,0.04761905,0.5,1.0,48.300003,48.300003,47.600002,47.9,48.300003,48.300003,48.300003,49.600002,48.9,51.300003,45.9,45.600002,3811965,-1455689,1075200,1075200,1075200,1075200,1075200,1075200,652800,1401600,1338,0,0,1143,0,0,746,16,32,724,18,49,273,17,27,491,17,29,5405,0,1,5,0,1,882793,0,0,901344,0,0,814637,21453,63386,780571,22428,88291,644875,22905,81432,723095,20845,76187,520167,0,23,1621,0,666,583.5176111975117,0.21648522550544322
1661101374678,31.253002,0.32954547,0.0952381,0.2173913,0.25,0.0952381,0.13636364,0.13636364,0.65217394,1.0,48.9,48.600002,47.9,48.600002,48.9,49.300003,48.9,50.300003,49.9,51.600002,46.600002,46.300003,3824617,-1497803,1075200,1075200,1075200,1075200,1075200,1075200,652800,1401600,1076,0,0,1027,0,0,777,32,47,641,35,63,297,16,58,425,25,53,5125,0,0,0,0,1,867838,0,0,873090,0,0,735530,38615,80006,722100,52301,92675,572835,32946,197360,633670,29055,144834,494912,0,0,0,0,460,580.5734258675079,0.21753943217665614
1661101375675,31.323002,0.31318682,0.2173913,0.17391305,0.25,0.08695652,0.18181819,0.045454547,0.5714286,1.0,48.9,48.9,48.600002,48.600002,48.9,48.9,48.600002,50.300003,49.600002,51.9,46.9,46.300003,3825395,-1359864,1075200,1075200,1075200,1075200,1075200,1075200,652800,1401600,1203,0,0,988,0,0,653,19,32,773,20,38,356,15,34,341,28,37,5469,0,0,24,0,1,871504,0,0,869075,0,0,799937,22844,53178,723229,15417,65097,641360,18625,87681,691393,51113,85537,527292,0,0,207,0,14,550.1947504132231,0.20998347107438017
1661101376705,31.396002,0.28865978,0.083333336,0.1923077,0.2962963,0.08695652,0.08695652,0.15384616,0.45833334,1.0,49.300003,48.9,47.9,48.9,48.9,49.300003,49.300003,50.600002,49.600002,52.300003,46.600002,46.300003,3837268,-1365357,1075200,1075200,1075200,1075200,1075200,1075200,652800,1401600,1244,0,0,852,0,0,816,16,22,656,17,40,346,14,36,390,18,26,5650,0,0,56,0,0,842915,0,0,858275,0,0,852527,18321,42767,772569,23981,64114,717347,26440,99241,695160,19638,60058,583899,0,0,39888,0,0,563.0791287128714,0.2143894389438944
1661101377716,31.486002,0.40462428,0.26086956,0.1,0.61904764,0.04761905,0.05,0.13043478,1.0,1.0,49.600002,49.300003,48.9,49.9,49.600002,49.9,49.600002,51.300003,50.600002,52.300003,47.300003,46.9,3833570,-1450806,1075200,1075200,1075200,1075200,1075200,1075200,652800,1401600,1121,0,0,948,0,0,818,16,20,842,21,35,320,13,37,349,17,35,5672,0,1,82,0,1,818224,0,0,795712,0,0,804654,18475,29120,729500,22246,55050,681502,22565,85494,674380,27331,66553,558379,0,582,5060,0,17,578.7207392739275,0.21386138613861386
1661101378718,31.555002,0.3233533,0.18181819,0.10526316,0.27272728,0.1,0.14285715,0.1904762,0.5714286,1.0,49.600002,49.600002,48.600002,49.300003,49.600002,49.600002,49.300003,50.9,50.300003,52.300003,47.600002,46.9,3805931,-1585389,1075200,1075200,1075200,1075200,1075200,1075200,652800,1401600,1005,0,0,1007,0,0,776,17,25,527,20,37,354,18,28,552,22,30,5501,0,1,94,0,1,822710,0,0,797913,0,0,683576,27063,33176,747750,23631,87745,698075,26926,72033,623917,28002,64255,545691,0,3185,24607,0,15,567.6981663947798,0.20880913539967375
1661101379724,31.641,0.4059406,0.32142857,0.25,0.24,0.15384616,0.28,0.42857143,0.84615386,0.84615386,50.300003,50.300003,49.600002,49.9,49.9,50.300003,50.300003,51.300003,50.9,52.9,47.9,47.600002,3814885,-1424866,1075200,1075200,1075200,1075200,1075200,1075200,652800,1401600,960,0,0,1045,0,0,761,23,23,672,21,50,397,17,38,429,25,43,5575,0,0,43,0,3,850800,0,0,862271,0,0,748124,31873,40371,754540,22181,88339,665505,22213,105990,644055,51411,79871,545058,0,0,2739,0,43,564.133993442623,0.20931147540983608
1661101380729,31.702002,0.4043716,0.18181819,0.24,0.27272728,0.09090909,0.13636364,0.36363637,0.88,0.9583333,50.300003,50.300003,49.600002,49.9,50.300003,50.300003,49.9,51.600002,50.600002,52.9,48.300003,47.600002,3789971,-1719971,1075200,1075200,1075200,1075200,1075200,1075200,652800,1401600,983,0,0,961,0,0,687,11,28,486,19,26,386,13,32,391,9,29,5524,0,2,269,0,2,832574,0,0,838412,0,0,802432,10203,53049,752698,21585,45564,656735,21365,84378,585721,12103,90771,563666,0,2454,61360,0,578,560.6422857142858,0.21465838509316768
1661101381747,31.781002,0.425,0.16,0.16666667,0.2,0.36,0.56,0.32,0.64,1.0,50.600002,50.300003,49.9,50.300003,50.600002,50.300003,50.300003,51.9,50.9,53.600002,48.600002,47.9,3813522,-1556702,1075200,1075200,1075200,1075200,1075200,1075200,652800,1401600,1131,0,0,955,0,0,710,27,18,469,20,43,598,24,44,496,22,33,5426,0,0,49,0,0,845461,0,0,858529,0,0,676535,41460,26692,764410,27707,105802,749581,37106,81239,639370,28235,62511,524941,0,0,6370,0,0,562.9035621890547,0.21333333333333335
1661101382779,31.851002,0.29714286,0.13636364,0.15,0.15,0.13043478,0.2,0.05,0.5217391,1.0,50.300003,50.300003,49.600002,50.300003,49.9,50.300003,49.9,51.9,50.300003,53.300003,48.300003,47.600002,3797173,-1574097,1075200,1075200,1075200,1075200,1075200,1075200,652800,1401600,903,10,11,791,5,7,575,15,15,544,8,25,714,5,19,281,6,14,6907,0,1,93,0,1,851927,13834,16544,910672,5673,9749,797960,32759,22458,776117,17459,62848,665772,6251,51571,720266,11935,102899,704463,0,22,1674,0,15,569.5735086071987,0.2148356807511737
1661101383780,31.924002,0.32323232,0.16,0.28,0.17391305,0.14814815,0.13043478,0.13043478,0.5185185,1.0,50.9,50.9,50.300003,50.9,50.9,51.300003,50.9,52.9,51.600002,53.9,48.9,48.300003,3819556,-1425171,1075200,1075200,1075200,1075200,1075200,1075200,652800,1401600,1032,0,0,1187,0,0,909,24,23,848,28,49,481,29,45,505,13,41,5047,0,0,12,0,0,828962,0,0,852178,0,0,787538,34535,41729,733651,40781,85856,727104,43025,80052,652210,14316,96463,479048,0,0,3440,0,0,572.3944210526316,0.2094736842105263
1661101384830,32.013,0.33714285,0.23809524,0.14285715,0.13636364,0.045454547,0.05,0.0,0.90909094,1.0,50.9,51.300003,50.600002,50.9,51.300003,50.9,50.9,52.600002,51.300003,54.300003,48.9,48.300003,3793864,-1646119,1075200,1075200,1075200,1075200,1075200,1075200,652800,1401600,1017,0,0,1097,0,0,857,27,39,709,31,39,300,29,52,761,30,52,5839,0,0,23,0,5,852101,0,0,878745,0,0,789647,35996,57609,760924,50871,72934,585275,52740,130798,680571,42660,73362,572935,0,0,2825,0,4257,565.374204620462,0.21597359735973598
1661101385843,32.083,0.30635837,0.14285715,0.1904762,0.2173913,0.04761905,0.0952381,0.13043478,0.6363636,1.0,51.300003,51.300003,50.600002,51.300003,51.300003,51.9,51.300003,52.9,52.300003,54.300003,48.9,48.600002,3828704,-1452637,1075200,1075200,1075200,1075200,1075200,1075200,652800,1401600,1076,0,0,920,0,0,686,17,30,392,19,39,618,16,27,510,19,37,5559,0,1,23,0,1,793363,0,0,865320,0,0,781153,24361,49920,755256,21617,79591,696517,21241,52576,695381,21903,72966,534602,0,23,2062,0,15,569.5045799011532,0.2156177924217463
1661101386850,32.163002,0.3888889,0.24,0.13043478,0.2,0.08,0.083333336,0.6,0.7692308,1.0,51.600002,51.300003,50.600002,51.300003,51.600002,51.600002,51.300003,52.9,51.9,54.600002,48.9,48.600002,3802233,-1438904,1075200,1075200,1075200,1075200,1075200,1075200,652800,1401600,1219,0,0,1020,0,0,558,24,27,381,25,40,449,17,32,659,21,37,5718,0,0,51,0,1,893069,0,0,890439,0,0,774270,26432,46294,721685,31463,82358,709235,30509,80060,661075,24815,55883,558154,0,0,4211,0,15,561.935105263158,0.20684210526315788
1661101387860,32.233,0.4262295,0.1904762,0.25,0.4090909,0.17391305,0.17391305,0.3043478,0.9,0.95652175,51.9,51.600002,50.9,51.600002,51.600002,51.9,51.600002,53.300003,52.300003,54.600002,49.600002,48.9,3779071,-1774293,1075200,1075200,1075200,1075200,1075200,1075200,652800,1401600,1169,0,0,1000,0,0,604,11,28,352,15,30,357,12,28,466,19,32,6105,0,0,95,0,6,829121,0,0,827658,0,0,774182,16708,53495,721272,26071,91603,680134,19230,102332,489594,32348,72352,604267,0,0,4609,0,93,552.8985838509317,0.21664596273291925
1661101388894,32.303,0.35672516,0.29166666,0.2,0.27272728,0.27272728,0.15,0.18181819,0.5,1.0,51.9,51.600002,50.600002,51.600002,51.9,51.9,51.600002,53.600002,52.600002,54.600002,49.600002,49.300003,3815274,-1490479,1075200,1075200,1075200,1075200,1075200,1075200,652800,1401600,1169,0,0,687,0,0,510,3,9,452,6,10,319,5,7,819,6,8,6684,0,0,55,0,0,856598,0,0,720134,0,0,815696,5505,9047,856906,11037,28596,828446,5261,9874,801859,9726,8590,655758,0,0,3486,0,0,566.3197359735974,0.2201980198019802
1661101389913,32.382,0.36125654,0.18181819,0.3181818,0.25,0.125,0.32,0.24,0.3809524,0.95652175,51.9,52.300003,51.600002,51.9,51.9,52.300003,52.300003,53.600002,52.9,55.300003,49.9,49.300003,3817415,-1473084,1075200,1075200,1075200,1075200,1075200,1075200,652800,1401600,1033,0,0,1169,0,0,615,34,51,554,37,62,444,21,61,582,34,61,5219,0,0,10,0,0,813790,0,0,821984,0,0,672906,49046,88312,613258,40759,129893,600276,32165,158028,580942,37132,114087,510810,0,0,6514,0,0,559.36535,0.2215
1661101390925,32.459003,0.43386245,0.26086956,0.18181819,0.26086956,0.5416667,0.42307693,0.16666667,0.65217394,0.96,52.300003,52.300003,51.600002,52.300003,52.300003,52.600002,51.9,53.9,52.9,55.300003,49.9,49.600002,3822670,-1372376,1075200,1075200,1075200,1075200,1075200,1075200,652800,1401600,1076,0,0,945,0,0,689,22,26,734,23,39,314,5,37,506,20,38,5483,0,0,62,0,7,797314,0,0,784986,0,0,763335,28792,38246,657092,17956,71009,563461,3179,112694,692144,18800,86567,546869,0,0,5354,0,13055,570.7290825082508,0.21491749174917493
1661101391925,32.541,0.38764045,0.2173913,0.2173913,0.3181818,0.13043478,0.39130434,0.05,0.8,1.0,52.600002,52.600002,51.9,52.600002,52.600002,52.600002,52.600002,53.9,53.300003,55.600002,50.300003,49.600002,3796978,-1672059,1075200,1075200,1075200,1075200,1075200,1075200,652800,1401600,925,0,0,1125,0,0,763,12,25,641,13,26,397,16,33,414,16,21,5714,0,0,49,0,2,787068,0,0,813557,0,0,708728,9654,45645,671111,14627,34540,668935,23016,63193,755448,21541,44105,563866,0,0,3098,0,30,573.4966614664587,0.2181591263650546
1661101392933,32.618,0.4526316,0.29166666,0.7826087,0.26086956,0.0,0.26086956,0.083333336,1.0,1.0,52.600002,52.600002,51.600002,52.300003,52.300003,52.9,52.9,54.300003,53.600002,55.600002,50.600002,50.300003,3822865,-1463013,1075200,1075200,1075200,1075200,1075200,1075200,652800,1401600,948,0,0,1047,0,0,866,14,32,637,28,28,525,23,40,414,20,31,5262,0,0,21,0,2,846132,0,0,867976,0,0,678780,13035,55162,715772,44082,56026,687804,32017,79318,666833,21439,73477,502065,0,0,1261,0,31,566.4064105960265,0.2119205298013245
1661101393975,32.688,0.3112245,0.125,0.20833333,0.20833333,0.15384616,0.16,0.083333336,0.48,1.0,52.9,52.600002,52.300003,52.300003,52.600002,52.600002,52.300003,53.9,52.9,55.600002,50.300003,49.9,3795226,-1721192,1075200,1075200,1075200,1075200,1075200,1075200,652800,1401600,963,0,0,855,0,0,703,1,9,328,7,11,374,11,10,270,6,9,7631,0,0,98,0,11,863574,0,0,818217,0,0,902359,1231,13715,770439,7499,20602,726171,11693,15765,852891,10940,23871,746622,0,0,5638,0,165,559.371793548387,0.21058064516129033
1661101394977,32.767002,0.3218391,0.05,0.33333334,0.1,0.09090909,0.1,0.13636364,0.6,1.0,52.9,52.9,52.300003,52.600002,52.9,52.9,52.9,54.600002,53.600002,56.300003,50.600002,50.300003,3812160,-1539918,1075200,1075200,1075200,1075200,1075200,1075200,652800,1401600,1320,0,0,1040,0,0,635,25,36,469,21,47,724,14,39,668,25,44,4941,0,0,11,0,2,854426,0,0,821353,0,0,756371,36539,57977,702886,34735,124892,647168,20464,92845,742798,32280,85468,472303,0,0,5386,0,3004,582.1552647975078,0.2173208722741433
1661101396008,32.844,0.3956044,0.1904762,0.13043478,0.18181819,0.13636364,0.3043478,0.17391305,1.0,1.0,52.9,53.300003,52.300003,52.9,53.300003,53.300003,53.300003,54.600002,53.9,56.300003,50.9,50.300003,3808851,-1663819,1075200,1075200,1075200,1075200,1075200,1075200,652800,1401600,1134,0,0,1007,0,0,820,17,41,384,27,51,598,24,46,367,25,55,5640,0,0,18,0,1,877528,0,0,837218,0,0,801228,16660,57788,709333,35677,129391,709716,35995,94535,625538,29010,138755,547223,0,0,786,0,17,568.6255924170615,0.21737756714060033
1661101397006,32.913002,0.33333334,0.2173913,0.15,0.23809524,0.13636364,0.18181819,0.13636364,0.5,1.0,53.600002,53.600002,52.600002,53.300003,53.300003,53.600002,53.300003,54.9,54.600002,56.300003,51.300003,50.600002,3804374,-1549378,1075200,1075200,1075200,1075200,1075200,1075200,652800,1401600,1233,0,0,837,0,0,841,13,24,826,18,19,533,8,15,415,17,24,5676,0,0,32,1,3,815462,0,0,871112,0,0,788903,19485,25259,723449,21894,21703,527182,6419,29458,644854,15806,62803,545173,0,0,4449,15,46,567.8144,0.22452459016393442
1661101398045,32.99,0.49,0.2,0.3043478,0.28,0.2,0.4,0.48,1.0,0.96153843,53.9,53.600002,52.9,53.300003,53.9,53.9,53.600002,55.300003,54.300003,56.9,51.300003,50.600002,3804958,-1455994,1075200,1075200,1075200,1075200,1075200,1075200,652800,1401600,1116,0,0,884,0,0,820,21,21,488,30,28,433,20,31,538,16,41,5767,0,0,79,0,1,861443,0,0,882132,0,0,755970,31108,37937,718612,34560,67497,663488,29540,67013,561514,19762,71107,564662,0,0,2615,0,12,571.6852336448597,0.23426791277258566
1661101399063,33.053,0.35928145,0.18181819,0.25,0.26086956,0.0952381,0.1,0.05,1.0,1.0,52.9,52.600002,52.300003,52.9,52.9,52.9,52.300003,52.600002,52.600002,52.9,50.9,50.600002,3814690,-1450806,1075200,1075200,1075200,1075200,1075200,1075200,652800,1401600,1141,2,3,758,2,1,683,15,20,364,12,21,399,15,29,541,13,23,5363,0,1,204,0,3,842661,4775,3703,738926,1657,2610,774440,28381,37090,739784,16956,80936,565389,17757,67469,645648,11987,46731,654028,0,1019,77786,0,85441,492.4257777777778,0.18509803921568627
1661101400087,33.13,0.37853107,0.14285715,0.35,0.27272728,0.25,0.22727273,0.1904762,0.5,1.0,53.300003,53.600002,53.300003,53.300003,53.9,53.9,53.9,55.300003,54.600002,56.600002,51.600002,50.9,3805931,-1591798,1075200,1075200,1075200,1075200,1075200,1075200,652800,1401600,1064,2,6,970,4,2,610,16,31,612,23,23,246,18,28,550,11,26,5391,0,0,26,0,0,854920,1541,7439,844860,4435,1086,768608,25930,60972,769911,48898,70293,672028,31758,96426,758745,8562,72512,547565,0,0,16739,0,0,556.2726525285481,0.24900489396411093
1661101401085,33.206,0.33139536,0.18181819,0.1904762,0.18181819,0.1,0.09090909,0.0952381,0.84210527,1.0,53.9,53.9,52.9,53.9,53.9,54.300003,53.9,55.600002,54.600002,56.600002,51.600002,51.300003,3801844,-1575013,1075200,1075200,1075200,1075200,1075200,1075200,652800,1401600,989,0,0,909,0,0,545,29,48,745,26,45,309,20,50,576,24,58,5019,0,0,9,1,0,786094,0,0,712851,0,0,628296,46911,87059,623581,35134,100493,472418,19945,143145,603688,26565,114701,500346,0,0,5732,746,0,568.7585240310078,0.22424806201550387
1661101402088,33.279003,0.29508197,0.0952381,0.2173913,0.25,0.0952381,0.13043478,0.13043478,0.5217391,0.9166667,54.300003,53.9,53.300003,53.9,54.300003,54.300003,53.9,55.9,54.9,57.300003,51.600002,51.300003,3807294,-1520386,1075200,1075200,1075200,1075200,1075200,1075200,652800,1401600,1057,0,0,932,0,0,668,13,31,751,23,33,451,25,35,342,15,30,5320,0,0,53,0,3,811305,0,0,768103,0,0,746671,13229,44482,712212,24797,47083,700337,39942,69177,612294,13855,92205,515016,0,0,5879,0,990,569.9372032,0.211968
1661101403126,33.346,0.4059406,0.26923078,0.6086956,0.23076923,0.083333336,0.1923077,0.115384616,0.72727275,1.0,54.600002,54.600002,53.600002,53.9,54.300003,54.300003,53.9,55.9,54.300003,57.300003,51.9,51.600002,3776347,-1723939,1075200,1075200,1075200,1075200,1075200,1075200,652800,1401600,954,0,0,863,0,0,698,21,39,666,29,22,616,19,45,512,19,41,5995,0,0,63,0,7,749126,0,0,893135,0,0,776807,26881,68763,820878,42978,36115,745850,28064,91482,724701,27684,84545,602169,0,0,5053,0,13558,573.0575213114754,0.20878688524590164
1661101404134,33.413002,0.39779004,0.42857143,0.18181819,0.4090909,0.0952381,0.2,0.2173913,0.6363636,1.0,54.300003,54.300003,53.600002,54.300003,54.300003,54.300003,54.300003,55.9,54.600002,57.300003,51.9,51.600002,3784132,-1624146,1075200,1075200,1075200,1075200,1075200,1075200,652800,1401600,1120,0,0,849,1,1,756,15,22,687,21,27,276,12,36,471,16,37,5646,0,0,56,0,0,801748,0,0,677855,2688,2539,755528,14506,42560,776277,23908,43321,609769,16309,106735,766705,15663,74040,547932,0,0,3359,0,0,555.4790673234811,0.21596059113300492
1661101405148,33.486,0.46938777,0.2,0.2173913,0.72,0.25,0.23076923,0.26923078,0.90909094,1.0,54.600002,54.600002,53.600002,54.300003,54.600002,54.600002,54.600002,55.9,55.600002,57.600002,52.300003,51.9,3808072,-1468812,1075200,1075200,1075200,1075200,1075200,1075200,652800,1401600,1124,0,0,1012,0,0,706,14,32,794,24,32,445,13,35,407,19,42,5164,0,0,75,0,4,776158,0,0,841852,0,0,665661,16495,43117,761708,35566,53032,639105,11597,103527,656435,40791,107591,528789,0,0,9226,0,11164,565.7680249221185,0.21133956386292835
1661101406170,33.559002,0.4117647,0.27272728,0.33333334,0.33333334,0.1,0.23809524,0.35,0.6,1.0,54.9,54.9,54.300003,54.9,55.300003,55.600002,55.300003,56.600002,55.9,57.9,52.300003,51.9,3795226,-1618653,1075200,1075200,1075200,1075200,1075200,1075200,652800,1401600,1088,0,0,983,0,0,815,11,16,366,7,33,460,22,22,599,11,29,5198,0,2,86,0,1,758945,0,0,829187,0,0,788065,11264,33883,661458,6742,101311,728072,30560,33030,645984,11014,52529,510911,0,1162,17828,0,15,557.2804984423675,0.21283489096573208
1661101407198,33.632,0.3939394,0.41666666,0.13636364,0.24,0.24,0.08,0.08,0.96,1.0,54.9,54.600002,54.300003,54.9,54.9,54.9,54.9,56.600002,55.300003,57.9,52.600002,52.300003,3790944,-1776429,1075200,1075200,1075200,1075200,1075200,1075200,652800,1401600,1131,0,0,1076,0,0,581,22,32,648,14,33,380,23,37,591,18,36,5734,0,0,38,0,4,747735,0,0,881376,0,0,736637,32610,49062,793451,18045,58821,550627,26557,76009,625519,23242,82810,565904,0,0,8833,0,5313,568.55452700491,0.22206219312602293
1661101408199,33.696003,0.33333334,0.13043478,0.33333334,0.25,0.13043478,0.25,0.16666667,0.5217391,1.0,54.9,54.9,54.300003,54.9,54.9,54.9,54.600002,56.600002,55.600002,57.9,52.600002,52.300003,3797173,-1481019,1075200,1075200,1075200,1075200,1075200,1075200,652800,1401600,987,0,0,1086,0,0,587,13,17,448,16,31,332,10,24,551,11,25,5699,0,0,54,0,1,694169,0,0,849587,0,0,778802,20444,29658,750116,21327,44494,741102,11215,49401,723518,9811,37329,563317,0,0,3263,0,15,567.9664736842105,0.20684210526315788
1661101409255,33.759003,0.33142856,0.15,0.14285715,0.22727273,0.045454547,0.09090909,0.09090909,0.7619048,1.0,54.9,54.9,54.300003,54.9,54.9,55.300003,54.600002,56.600002,55.600002,57.9,52.600002,52.300003,3793280,-1712037,1075200,1075200,1075200,1075200,1075200,1075200,652800,1401600,1104,0,0,1108,0,0,684,27,26,463,33,39,382,21,40,480,18,40,5909,0,1,64,0,6,807119,0,0,866896,0,0,801258,33183,30967,776211,45024,78861,635330,33986,63262,657424,22221,87023,582129,0,462,7680,0,2240,568.2209192546584,0.22409937888198755
1661101410243,33.833,0.4032258,0.18181819,0.33333334,0.36363637,0.34615386,0.26086956,0.29166666,0.56,0.9166667,55.300003,55.300003,54.600002,54.9,54.9,55.600002,55.300003,56.600002,55.9,57.9,52.600002,52.300003,3791334,-1473084,1075200,1075200,1075200,1075200,1075200,1075200,652800,1401600,1063,0,0,833,0,0,839,12,15,438,20,35,456,20,27,473,19,22,5485,0,0,41,0,0,792204,0,0,832775,0,0,796298,13996,16481,721322,28895,83373,726787,28435,57410,726789,24422,34640,526585,0,0,3481,0,0,551.9192607260727,0.20752475247524754
1661101411261,33.903,0.3505747,0.29166666,0.22727273,0.1904762,0.18181819,0.13043478,0.1904762,0.9047619,0.7916667,55.600002,55.300003,54.300003,54.9,55.300003,55.600002,54.9,56.600002,55.600002,58.300003,52.600002,52.300003,3807099,-1522828,1075200,1075200,1075200,1075200,1075200,1075200,652800,1401600,1112,0,0,985,0,0,762,13,26,429,15,30,532,8,31,442,21,35,5481,0,0,65,0,9,789459,0,0,840660,0,0,752354,21803,40227,741676,27082,68421,620874,6851,73222,667402,37467,67480,554866,0,0,17173,0,21902,552.9564675324675,0.22077922077922077
1661101412267,33.960003,0.33529413,0.18181819,0.4,0.15,0.0952381,0.0952381,0.14285715,0.61904764,1.0,54.9,55.300003,54.300003,54.600002,54.9,55.300003,54.9,56.9,55.600002,58.300003,52.9,52.600002,3804958,-1452332,1075200,1075200,1075200,1075200,1075200,1075200,652800,1401600,1129,3,8,959,3,1,704,17,22,463,24,35,455,11,33,344,8,28,5230,0,3,253,0,6,797682,3251,5864,826122,4167,5479,775989,32555,42028,736092,38236,71356,693796,15382,93271,617752,10871,95992,530136,0,2166,52137,0,10551,577.4213073170732,0.21957723577235774
1661101413307,34.030003,0.2937853,0.04761905,0.14285715,0.2173913,0.04761905,0.09090909,0.0952381,0.56,1.0,54.9,54.9,54.300003,55.300003,55.300003,55.300003,54.9,56.9,55.600002,58.300003,52.9,52.600002,3788219,-1885377,1075200,1075200,1075200,1075200,1075200,1075200,652800,1401600,1231,0,0,960,0,0,665,18,23,596,16,26,341,16,26,437,9,32,6159,0,0,56,0,2,886113,0,0,823504,0,0,832149,28601,31101,755034,16756,55577,802600,22603,79911,736326,14827,89319,591726,0,0,3155,0,31,568.9284984423675,0.2163239875389408
1661101414344,34.093002,0.4950495,0.2,0.13043478,0.34615386,0.125,0.6,0.5,1.0,1.0,55.9,55.300003,54.600002,55.300003,55.600002,55.600002,55.600002,56.9,56.600002,58.600002,52.9,52.600002,3800676,-1455994,1075200,1075200,1075200,1075200,1075200,1075200,652800,1401600,1098,0,0,1207,0,0,663,19,40,782,20,45,398,18,44,435,19,47,5529,0,0,60,1,0,787407,0,0,903023,0,0,799348,27579,60527,799524,26873,69005,710324,31473,127423,720990,22466,102742,538573,0,0,3492,15,0,558.4409641693811,0.21472312703583063
1661101415380,34.16,0.3045977,0.1,0.14285715,0.1904762,0.0952381,0.13636364,0.17391305,0.5416667,1.0,55.300003,55.300003,54.9,54.9,54.9,55.300003,54.9,56.9,55.9,58.300003,52.9,52.600002,3783159,-1752320,1075200,1075200,1075200,1075200,1075200,1075200,652800,1401600,992,0,0,869,0,0,566,0,1,336,0,0,361,1,0,406,0,0,7517,0,0,92,0,2,854428,0,0,801523,0,0,810777,0,918,824027,0,0,768645,388,0,778298,0,0,748156,0,0,9253,0,1973,573.3608802588997,0.2164401294498382
1661101416384,34.227,0.36507937,0.20833333,0.16,0.2173913,0.25,0.16,0.045454547,0.92,1.0,55.9,55.9,55.300003,55.9,55.9,56.300003,55.9,57.300003,56.600002,58.9,53.600002,52.9,3802817,-1508179,1075200,1075200,1075200,1075200,1075200,1075200,652800,1401600,1253,0,0,1174,0,0,627,33,37,650,16,49,720,26,56,583,20,53,4663,0,0,8,0,0,841668,0,0,852715,0,0,710032,51590,70388,670177,24229,146084,671603,35677,91893,694406,25770,104100,446173,0,0,1916,0,0,587.7522512396695,0.2163305785123967
1661101417386,34.287003,0.35227272,0.36363637,0.14285715,0.25,0.18181819,0.0952381,0.17391305,0.6,0.95454544,55.9,56.300003,55.600002,55.9,56.300003,56.300003,55.9,57.600002,56.9,58.9,53.600002,53.300003,3805153,-1574708,1075200,1075200,1075200,1075200,1075200,1075200,652800,1401600,1222,0,0,1077,0,0,585,26,32,639,24,49,378,18,39,484,26,49,5418,0,0,14,0,3,886798,0,0,897518,0,0,736302,37681,46325,658407,32237,82056,731196,19468,126942,700195,45968,92953,516230,0,0,3206,0,47,576.7082454394694,0.21970149253731344
1661101418429,34.341003,0.29239765,0.0,0.22727273,0.22727273,0.16666667,0.13636364,0.09090909,0.5416667,1.0,55.600002,55.600002,54.9,55.300003,55.600002,55.9,55.600002,57.300003,56.300003,58.9,53.300003,53.300003,3785689,-1608582,1075200,1075200,1075200,1075200,1075200,1075200,652800,1401600,1023,0,0,1071,0,0,570,11,28,628,16,30,343,9,37,490,12,31,6061,0,0,53,1,7,779184,0,0,893764,0,0,827042,19577,69108,820392,20508,47355,783983,14069,104594,733549,14614,84161,587671,0,0,3807,10,477,577.152886035313,0.2203531300160514
1661101419430,34.392002,0.2881356,0.0952381,0.2173913,0.14285715,0.045454547,0.17391305,0.045454547,0.8181818,0.73913044,56.300003,55.9,55.600002,55.9,56.300003,56.300003,55.9,57.600002,56.600002,58.9,53.600002,53.300003,3799508,-1440125,1075200,1075200,1075200,1075200,1075200,1075200,652800,1401600,1250,0,0,1053,0,0,672,23,38,460,21,40,295,18,40,624,18,38,5309,0,0,60,0,1,876810,0,0,889244,0,0,726111,36090,56140,773737,25981,97010,669811,27692,116282,682920,22689,73766,521591,0,0,4069,0,15,500.43041758241753,0.1969230769230769
1661101420444,34.456,0.36021507,0.4090909,0.17391305,0.2173913,0.125,0.16,0.125,0.6666667,1.0,55.600002,55.300003,54.600002,54.9,55.300003,55.600002,55.300003,56.600002,56.300003,57.9,53.9,53.300003,3816442,-1326905,1075200,1075200,1075200,1075200,1075200,1075200,652800,1401600,1160,0,0,756,0,0,562,37,36,641,29,43,311,16,41,574,27,42,4281,0,0,905,0,1,875010,0,0,868456,0,0,693149,55198,91875,735405,42629,93592,582388,24030,125448,735513,35078,99399,415128,0,0,204444,0,15,563.4617410296412,0.2121684867394696
1661101421484,34.529003,0.295858,0.14285715,0.1904762,0.22727273,0.0952381,0.1904762,0.05,0.5833333,0.9130435,56.300003,56.300003,55.300003,55.600002,56.300003,55.9,55.600002,57.600002,56.300003,58.9,53.600002,53.300003,3789971,-1696168,1075200,1075200,1075200,1075200,1075200,1075200,652800,1401600,1049,0,0,816,0,0,655,16,19,737,19,32,296,13,29,761,18,35,6030,0,0,44,0,4,843736,0,0,904370,0,0,804554,24256,33906,800943,18368,39195,497074,20106,70740,813399,23676,65363,594090,0,0,4897,0,564,562.2098970358815,0.20817472698907954
1661101422521,34.58,0.35384616,0.2,0.125,0.16666667,0.2173913,0.045454547,0.045454547,0.88,0.92,55.9,55.9,55.600002,55.9,56.600002,56.600002,56.300003,57.600002,57.300003,59.300003,53.9,53.600002,3795616,-1559754,1075200,1075200,1075200,1075200,1075200,1075200,652800,1401600,1241,0,0,835,0,0,593,26,29,877,18,44,407,17,32,858,27,34,5227,0,0,59,1,3,858066,0,0,907866,0,0,777667,40133,52880,815585,25131,71524,665931,19925,73462,829567,34892,45671,527821,0,0,21006,16,13271,552.2019273927393,0.2064686468646865
1661101423523,34.640003,0.375,0.2173913,0.23809524,0.45454547,0.22727273,0.20833333,0.22727273,0.6363636,0.8095238,55.9,55.9,55.300003,55.9,56.300003,56.300003,56.300003,57.600002,57.300003,59.600002,53.600002,53.300003,3832597,-1305542,1075200,1075200,1075200,1075200,1075200,1075200,652800,1401600,944,0,0,935,0,0,561,10,25,845,20,32,410,12,29,554,15,31,5543,0,0,59,0,2,814961,0,0,856252,0,0,755782,15505,57179,727591,24016,44845,735932,17804,51983,789734,10880,49977,554370,0,0,9316,0,11508,359.9180264900662,0.144635761589404
1661101424542,34.707,0.42783505,0.13043478,0.5,0.46153846,0.083333336,0.16,0.045454547,0.95652175,1.0,55.600002,55.600002,55.300003,55.600002,55.9,55.9,55.9,57.300003,56.9,58.9,53.300003,53.300003,3794837,-1530152,1075200,1075200,1075200,1075200,1075200,1075200,652800,1401600,1136,1,1,994,0,0,540,17,34,489,32,48,437,26,35,517,20,43,4553,4,16,85,1,13,878384,529,1827,855866,0,0,631993,24737,144794,718398,43568,96061,622456,46746,111435,677247,31389,154666,482119,4216,150261,32625,3104,146183,542.8931518987342,0.20962025316455696
1661101425555,34.758003,0.31658292,0.24,0.16,0.2,0.20833333,0.23076923,0.12,0.45454547,0.84,55.9,56.300003,55.300003,55.9,56.300003,56.300003,56.300003,57.600002,56.9,58.9,53.9,53.300003,3784132,-1584778,1075200,1075200,1075200,1075200,1075200,1075200,652800,1401600,1273,0,0,978,0,0,542,14,10,588,11,20,265,10,16,623,13,20,5514,0,0,168,0,1,869922,0,0,892065,0,0,835656,20829,20387,818625,14415,28856,764699,11817,31482,772633,14666,33458,570125,0,0,30173,0,15,526.1912561174552,0.20880913539967375
1661101426592,34.812,0.31547618,0.1,0.1904762,0.15,0.04761905,0.04761905,0.13636364,0.8636364,1.0,54.9,54.9,54.300003,54.600002,54.600002,54.600002,54.600002,56.300003,55.600002,57.600002,53.300003,52.9,3831234,-1286622,1075200,1075200,1075200,1075200,1075200,1075200,652800,1401600,1113,1,3,949,2,1,662,37,47,650,38,51,278,12,52,628,19,59,4766,0,10,15,0,7,875600,409,5101,860461,3315,1446,662321,53531,156933,695185,75207,125099,502519,22810,244930,652733,24366,183862,482253,0,112509,3544,0,109974,633.3835763239875,0.2193146417445483
1661101427597,34.857002,0.37623763,0.17391305,0.1923077,0.23076923,0.07692308,0.115384616,0.36,0.9130435,1.0,55.9,55.9,55.300003,55.9,56.300003,56.600002,56.300003,57.9,57.300003,59.300003,53.600002,53.600002,3798146,-1512452,1075200,1075200,1075200,1075200,1075200,1075200,652800,1401600,1076,0,0,896,0,0,794,7,22,563,18,24,536,24,18,426,11,32,5492,0,0,54,0,7,832545,0,0,835865,0,0,794138,8562,34901,742780,18139,51717,667797,32084,37824,725561,5855,60578,549005,0,0,18232,0,8839,566.8635661881978,0.22047846889952155
1661101428611,34.908,0.33707866,0.4347826,0.22727273,0.20833333,0.13043478,0.125,0.09090909,0.5714286,1.0,56.300003,56.300003,55.300003,55.9,56.300003,56.600002,56.300003,57.9,57.300003,59.600002,53.9,53.9,3762138,-1817628,1075200,1075200,1075200,1075200,1075200,1075200,652800,1401600,1224,0,0,916,0,0,563,9,24,373,16,28,432,8,27,497,9,31,5758,0,0,92,0,2,833187,0,0,815054,0,0,820520,9949,42482,791007,13757,59488,721676,5317,77036,704087,9875,52611,568157,0,0,5189,0,27,541.6839140495867,0.19940495867768596
1661101429649,34.958,0.37931034,0.16666667,0.16666667,0.2,0.4074074,0.04,0.115384616,0.88,1.0,56.300003,56.300003,55.600002,56.300003,56.600002,56.300003,55.9,58.300003,56.9,59.300003,53.9,53.9,3790360,-1648865,1075200,1075200,1075200,1075200,1075200,1075200,652800,1401600,1059,0,0,1170,0,0,773,19,32,494,24,32,610,21,28,402,19,36,5374,0,0,216,0,2,756695,0,0,871468,0,0,829521,24254,50949,790448,35617,77793,817260,18619,63950,733772,30217,90241,534573,0,0,44817,0,522,565.2412814930016,0.21051321928460343
1661101430676,35.034,0.33526012,0.2173913,0.3043478,0.3043478,0.18181819,0.15,0.18181819,0.45,1.0,56.600002,56.300003,55.600002,56.600002,55.9,56.300003,55.9,57.9,56.600002,59.600002,53.9,53.600002,3795616,-1600342,1075200,1075200,1075200,1075200,1075200,1075200,652800,1401600,778,0,0,949,0,0,668,10,16,357,10,12,341,10,20,375,10,16,6990,0,0,101,0,1,798142,0,0,843680,0,0,826211,11034,27435,601708,19119,20732,833418,14294,35790,786790,11250,32648,705996,0,0,1348,0,17,555.9295207667731,0.20651757188498404
1661101431680,35.098003,0.009756098,0.074074075,0.0,0.0,0.0,0.0,0.07692308,0.0,0.0,56.9,56.600002,55.9,56.600002,56.9,56.9,56.600002,58.300003,57.600002,59.9,54.600002,53.9,3794642,-1651917,1075200,1075200,1075200,1075200,1075200,1075200,652800,1401600,1113,0,0,1010,0,0,797,10,14,601,11,17,684,8,16,662,11,12,5877,0,0,16,1,1,848181,0,0,850075,0,0,789479,15924,16865,782879,11521,42157,751692,14706,39348,811140,17311,27878,568959,0,0,99,15,15,41.65546749226006,0.0178328173374613
1661101432705,35.148003,0.03125,0.0,0.041666668,0.0,0.0,0.083333336,0.04,0.041666668,0.0,52.600002,51.9,51.600002,52.300003,52.300003,51.9,51.9,51.9,52.300003,52.600002,51.300003,50.9,3924660,-143737,1075200,1075200,1075200,1075200,1075200,1075200,652800,1401600,426,28,67,332,4,32,178,13,29,188,17,33,269,29,47,101,8,38,1186,0,4,11,0,16,411958,84177,456836,370682,9465,528395,186907,22259,656159,232830,44595,670114,277470,50047,427969,208428,22046,647849,116456,0,271357,14514,0,792730,-1.0,-1.0
1661101433720,35.189003,0.09223301,0.115384616,0.08,0.12,0.074074075,0.15384616,0.1923077,0.0,0.0,50.600002,50.600002,50.300003,50.600002,50.9,50.600002,50.600002,50.600002,50.9,50.9,49.9,49.600002,3909868,-261230,1075200,1075200,1075200,1075200,1075200,1075200,652800,1401600,197,5,61,135,1,39,58,6,28,92,19,30,71,11,57,57,9,34,0,0,14,9,0,31,190580,885,794985,192882,4361,866603,46561,21182,980188,85748,28556,920978,51468,27833,796109,55279,16960,869045,0,0,1512010,20368,0,995848,-1.0,-1.0
1661101434773,35.230003,0.024390243,0.074074075,0.0,0.03846154,0.03846154,0.037037037,0.04,0.0,0.0,48.9,48.9,48.600002,48.9,48.600002,48.600002,48.300003,48.9,48.600002,48.9,47.9,48.300003,3929526,-121460,1075200,1075200,1075200,1075200,1075200,1075200,652800,1401600,211,15,59,158,15,64,27,9,18,84,17,63,38,3,22,27,6,22,0,0,5,4,2,19,227393,20262,759829,212533,27467,747588,31550,22660,840504,56790,26848,863269,33136,7878,905977,20202,23653,840657,0,0,53998,6632,7211,971476,-1.0,-1.0
1661101435802,35.246002,0.009708738,0.0,0.0,0.0,0.0,0.04,0.0,0.0,0.0,47.9,47.9,47.600002,47.9,47.600002,47.9,47.600002,47.9,47.9,47.9,47.300003,47.300003,3888068,-604553,1075200,1075200,1075200,1075200,1075200,1075200,652800,1401600,125,16,84,46,5,68,7,2,19,30,3,53,58,0,26,20,1,20,0,0,0,9,1,14,112289,46645,830510,46723,11021,942788,12770,8409,1036690,34780,620,940427,38790,0,965695,28942,4075,863804,0,0,0,1346,544,1027279,-1.0,-1.0
1661101436808,35.260002,0.2717949,0.33333334,0.28,0.4,0.33333334,0.32,0.3846154,0.04,0.13043478,46.9,46.9,46.600002,46.9,47.300003,46.600002,46.600002,46.600002,46.9,47.300003,46.600002,46.600002,3935170,-93994,1075200,1075200,1075200,1075200,1075200,1075200,652800,1401600,62,14,70,8,1,31,12,2,21,17,5,36,19,0,23,28,0,17,0,0,1,0,0,5,60521,43504,882161,8478,4376,982649,16374,1252,986039,16152,10685,1013122,17246,0,887095,24412,0,957606,0,0,2111022,0,0,413490,-1.0,-1.0
1661101437809,35.253002,0.55172414,0.6086956,0.4090909,0.8695652,0.5217391,0.42857143,0.5714286,0.18181819,0.7619048,49.9,49.600002,49.300003,49.600002,49.9,50.300003,49.300003,49.600002,49.9,49.9,48.300003,48.300003,3880088,-737305,1075200,1075200,1075200,1075200,1075200,1075200,652800,1401600,1492,6,15,1154,0,5,828,1,10,954,1,11,856,0,5,840,0,4,579,0,4,738,0,3,420320,11694,143364,545679,0,170382,497835,0,163805,484037,0,161408,487491,0,151757,451570,0,128110,720044,0,1072515,570726,0,805648,-1.0,-1.0
