1661117592986,34.666,0.2559524,0.05263158,0.0952381,0.1904762,0.14285715,0.18181819,1.0,0.0,0.33333334,41.600002,42.300003,41.300003,42.300003,42.300003,42.600002,42.600002,42.9,43.300003,44.300003,39.9,39.9,3721848,-627136,1075200,1075200,1075200,1075200,1075200,1075200,652800,1401600,2715077,25519,99684,2856703,26673,109190,1389113,69730,175869,1413738,69042,179470,1218172,59339,170872,1169835,59363,172226,1296182,50686,218068,929911,49388,187555,1686257307,56370076,1507499409,1794674266,56061196,1460057804,1144087058,143032443,2016854787,1136544201,142120531,2037697383,1005614674,122123459,2042117874,981570228,123204176,2034606578,865241100,121632218,2608486129,615497827,118700854,2340871342,-1.0,-1.0
1661117593985,34.631,0.10691824,0.05263158,0.14285715,0.05263158,0.0,0.2,0.05263158,0.15,0.10526316,40.600002,40.600002,40.300003,40.600002,40.600002,40.9,40.600002,40.600002,40.9,40.9,39.300003,39.300003,3729828,-354614,1075200,1075200,1075200,1075200,1075200,1075200,652800,1401600,855,4,6,740,1,4,370,58,59,386,51,77,365,43,98,174,6,15,180,11,44,177,15,76,758736,2571,12899,722501,344,17005,372969,136039,191570,274604,90720,264582,257562,92116,372839,125394,9916,26619,69329,33697,608203,63424,40833,482662,-1.0,-1.0
1661117594994,34.599003,0.077844314,0.0952381,0.05,0.14285715,0.0952381,0.13636364,0.13636364,0.04761905,0.04761905,39.300003,39.300003,38.9,39.300003,39.300003,38.9,38.9,39.300003,39.300003,39.9,38.300003,38.300003,3732943,-163879,1075200,1075200,1075200,1075200,1075200,1075200,652800,1401600,364,11,42,444,24,58,76,12,47,95,23,51,87,31,83,49,11,40,13,39,83,12,14,62,468832,41501,362069,511251,61420,311450,61014,30086,824464,115991,57668,754499,97014,104172,692031,55172,32567,470467,29509,158865,693694,19879,62421,794403,-1.0,-1.0
1661117595992,34.58,0.11904762,0.13636364,0.0952381,0.05263158,0.14285715,0.0952381,0.14285715,0.20833333,0.2,39.300003,39.300003,38.600002,39.600002,39.300003,39.300003,39.300003,39.600002,39.300003,39.600002,38.300003,38.600002,3734694,-203857,1075200,1075200,1075200,1075200,1075200,1075200,652800,1401600,605,1,29,544,4,32,134,27,77,101,30,75,226,43,81,122,51,66,14,3,34,12,9,61,641376,4346,293860,636141,1791,275046,136371,71208,722361,115515,74791,726211,177365,81053,659041,144823,139629,640657,20790,16825,936305,15532,19918,868026,-1.0,-1.0
1661117596985,34.561,0.114285715,0.14814815,0.11111111,0.07692308,0.07692308,0.18518518,0.15384616,0.03846154,0.12,40.300003,40.300003,39.9,40.600002,40.600002,40.300003,40.300003,40.600002,40.9,41.300003,39.600002,39.600002,3715231,-587463,1075200,1075200,1075200,1075200,1075200,1075200,652800,1401600,944,0,11,1009,0,6,428,0,10,395,5,10,381,2,17,351,3,13,193,2,7,231,0,5,667399,0,199563,677321,0,204250,540306,0,312650,548551,18685,286839,580496,1092,272419,568557,4272,286119,576720,3256,315334,433391,0,304314,-1.0,-1.0
1661117598030,34.542,0.20338982,0.13636364,0.27272728,0.22727273,0.26086956,0.22727273,0.27272728,0.09090909,0.17391305,39.600002,39.600002,39.300003,39.600002,39.300003,39.600002,39.300003,39.300003,39.300003,39.600002,38.600002,38.9,3746567,-162658,1075200,1075200,1075200,1075200,1075200,1075200,652800,1401600,890,5,27,1082,5,24,385,38,99,396,46,92,286,51,75,314,34,63,179,5,66,151,8,86,708472,20737,135159,738489,8923,165123,377357,76499,492271,418409,75333,442439,335255,145714,443359,269457,88534,424754,262180,11656,550735,185233,25808,647723,-1.0,-1.0
1661117599088,34.513,0.06043956,0.09090909,0.04347826,0.08695652,0.04347826,0.09090909,0.13043478,0.0,0.0,39.600002,39.600002,38.9,39.600002,39.600002,39.600002,39.300003,39.300003,39.600002,39.600002,38.9,38.9,3747735,-164795,1075200,1075200,1075200,1075200,1075200,1075200,652800,1401600,899,20,28,758,16,29,456,31,66,448,23,73,356,17,55,306,19,51,126,9,68,367,8,69,609110,44161,213640,465675,52857,240357,331404,59858,475544,303593,31457,507070,293657,31057,517850,235479,34323,337983,149752,20494,934248,136045,19112,657811,-1.0,-1.0
1661117600142,34.494003,0.06557377,0.083333336,0.22222222,0.045454547,0.045454547,0.13043478,0.045454547,0.0,0.0,39.300003,39.600002,39.300003,39.600002,39.9,39.9,39.9,40.300003,40.600002,41.300003,38.300003,38.600002,3722432,-573730,1075200,1075200,1075200,1075200,1075200,1075200,652800,1401600,247,11,65,323,4,32,123,0,49,177,1,9,93,5,57,164,0,13,112,0,10,93,0,20,143421,43172,784755,178691,5059,832764,146448,0,851870,141670,3131,857283,81585,6779,788359,138619,7238,802295,108626,0,893465,67215,0,891598,-1.0,-1.0
1661117601186,34.472,0.2122905,0.15,0.18181819,0.25,0.26086956,0.33333334,0.18181819,0.09090909,0.1904762,38.9,38.300003,38.300003,38.9,38.9,38.300003,38.300003,38.300003,38.600002,38.300003,37.9,37.9,3749681,-166015,1075200,1075200,1075200,1075200,1075200,1075200,652800,1401600,636,0,0,541,0,0,272,64,112,277,71,123,168,28,76,180,58,86,6,4,29,40,14,73,911523,0,531,922529,0,1864,284475,139290,476745,247932,154809,502775,146993,56459,567315,203804,138785,539679,10210,9060,894204,33490,34276,819915,-1.0,-1.0
1661117602209,34.446003,0.037383176,0.037037037,0.03846154,0.03846154,0.0,0.037037037,0.11111111,0.0,0.0,39.300003,39.600002,39.300003,39.9,39.600002,39.600002,39.300003,39.300003,39.600002,39.600002,38.600002,38.9,3725157,-509643,1075200,1075200,1075200,1075200,1075200,1075200,652800,1401600,1128,0,3,860,1,4,612,55,67,510,36,91,399,27,59,418,22,61,156,9,72,224,6,59,795168,0,21374,805060,329,20271,465614,85728,226649,417889,53291,277471,365370,55439,329149,336774,37014,338585,169216,19141,745230,147987,12767,646211,0.09207407407407407,0.03665432098765432
1661117603325,34.424,0.3778802,0.22222222,0.15384616,0.115384616,0.17857143,1.0,1.0,0.13793103,0.22222222,38.9,38.9,38.600002,38.9,38.9,38.9,38.600002,38.600002,38.600002,39.300003,38.300003,38.300003,3741117,-256958,1075200,1075200,1075200,1075200,1075200,1075200,652800,1401600,630,5,33,635,0,24,226,61,81,295,49,87,154,36,85,147,32,66,10,0,32,40,10,71,658742,18220,318006,638466,0,354695,230518,129942,597780,262643,85202,618023,153165,88729,733733,123869,69339,624719,7935,0,1060176,57623,30500,899735,1.7362239502332815,0.057567651632970444
1661117604452,34.402,0.29596412,0.074074075,0.14814815,0.15384616,0.0,0.79310346,0.8965517,0.037037037,0.11111111,40.9,40.600002,40.300003,40.9,41.300003,40.600002,40.600002,39.9,40.9,40.600002,40.300003,39.9,3675330,-1320801,1075200,1075200,1075200,1075200,1075200,1075200,652800,1401600,1182,13,13,1087,20,10,471,59,114,506,54,98,318,23,50,167,17,31,755,87,123,412,36,133,718916,28150,23228,801699,36210,37184,366724,100964,409609,356496,106828,406477,188740,32986,173391,120379,46531,186967,495230,151692,363401,250076,86869,481910,14.351403726708075,0.22161490683229812
1661117605645,34.376003,0.2009804,0.041666668,0.12,0.36,0.7307692,0.07692308,0.11111111,0.10714286,0.12,41.300003,41.300003,40.9,41.600002,41.9,41.9,40.9,41.300003,41.9,41.9,40.300003,40.300003,3663652,-1089173,1075200,1075200,1075200,1075200,1075200,1075200,652800,1401600,709,43,64,731,40,73,224,26,64,163,27,64,39,1,6,26,1,6,825,175,137,499,181,95,722764,64028,126840,692810,77842,147398,304853,54935,439483,253022,59920,518053,34137,630,37325,27658,298,9550,544883,251538,245091,414617,319333,177825,19.42777639751553,0.08695652173913043
1661117606777,34.386,0.09268293,0.0,0.12,0.1923077,0.074074075,0.07692308,0.115384616,0.07692308,0.12,40.600002,40.600002,39.9,40.600002,40.600002,40.600002,39.9,40.600002,40.300003,40.600002,39.600002,39.9,3687203,-860901,1075200,1075200,1075200,1075200,1075200,1075200,652800,1401600,418,48,91,559,69,107,42,7,30,65,9,39,71,15,49,52,8,40,310,124,207,444,132,92,488903,114524,413626,584803,128930,294569,43180,12572,256018,111542,26992,668531,104004,49874,735135,104042,24247,669624,262647,245050,528495,418485,287175,258096,24.433242009132417,0.09254185692541857
1661117607902,34.408,0.06818182,0.045454547,0.17391305,0.045454547,0.0,0.04347826,0.13043478,0.045454547,0.05,40.9,40.9,39.9,40.600002,40.600002,40.600002,40.300003,40.600002,40.9,41.300003,39.9,39.600002,3691874,-801392,1075200,1075200,1075200,1075200,1075200,1075200,652800,1401600,633,46,79,700,50,71,152,33,45,314,39,97,107,23,53,112,16,26,165,78,186,278,77,124,678758,82989,198727,733062,71947,158876,163274,92078,512399,307734,53823,578262,143762,52480,550300,92385,30336,457023,155690,224050,657149,366708,187704,398807,29.190260869565215,0.09192546583850932
1661117608937,34.440002,0.05882353,0.04,0.08,0.03846154,0.03846154,0.0,0.08,0.03846154,0.15384616,41.300003,40.9,40.600002,40.600002,40.600002,40.600002,40.300003,41.300003,40.9,41.600002,40.300003,40.300003,3659175,-1113892,1075200,1075200,1075200,1075200,1075200,1075200,652800,1401600,382,28,62,808,56,52,458,112,104,121,19,73,129,23,64,73,16,43,75,53,159,265,80,109,578199,74946,327597,746461,97740,112731,546587,187663,220799,130649,54994,827909,95077,56223,781924,94595,53116,697675,95880,189886,731342,380782,249446,297242,34.49396273291925,0.088944099378882
1661117610035,34.478,0.06896552,0.09090909,0.04761905,0.08695652,0.0,0.0,0.13043478,0.0,0.0952381,41.600002,41.600002,40.9,40.9,40.9,40.9,40.600002,40.9,40.9,41.600002,40.600002,40.600002,3673968,-987244,1075200,1075200,1075200,1075200,1075200,1075200,652800,1401600,595,53,78,804,54,67,101,21,70,244,67,115,92,25,47,107,14,33,179,37,190,283,119,117,671539,107729,213650,764949,80729,153847,151773,52168,799595,279237,179518,564038,117215,71112,735398,97923,28917,631809,159943,94301,762621,358406,270724,295343,39.46360248447205,0.09291925465838509
1661117611076,34.526,0.12432432,0.04761905,0.17391305,0.12,0.125,0.2173913,0.04761905,0.04347826,0.13636364,41.600002,41.9,41.300003,41.300003,41.300003,41.300003,40.9,41.9,41.300003,41.9,40.9,40.9,3665793,-1033020,1075200,1075200,1075200,1075200,1075200,1075200,652800,1401600,673,54,54,694,38,73,172,30,68,381,109,130,111,32,65,125,24,37,244,42,194,247,86,127,720486,112572,126161,750067,73287,149424,184671,71456,711399,396718,230522,332232,142644,82048,720102,119791,61163,647494,151792,115558,745645,373706,222696,314436,44.26083902439024,0.09313821138211383
1661117612110,34.561,0.055555556,0.08695652,0.13043478,0.04347826,0.0,0.041666668,0.09090909,0.045454547,0.05,42.600002,42.300003,41.600002,41.600002,41.9,41.9,41.600002,41.9,41.9,42.300003,41.600002,41.600002,3663652,-1113587,1075200,1075200,1075200,1075200,1075200,1075200,652800,1401600,609,29,42,731,30,54,290,46,82,242,65,99,156,25,60,127,16,41,258,55,185,256,76,115,669482,66521,154722,747183,44266,96876,249436,109256,568321,282953,158341,460100,176347,53972,635784,150013,25531,615029,170986,138584,632530,365657,186194,286115,47.36198757763975,0.088944099378882
1661117613145,34.609,0.07772021,0.0,0.15384616,0.041666668,0.041666668,0.041666668,0.08,0.083333336,0.17391305,42.9,42.300003,41.9,42.300003,41.9,42.300003,41.600002,42.300003,41.9,42.600002,41.9,41.300003,3668128,-1062012,1075200,1075200,1075200,1075200,1075200,1075200,652800,1401600,726,25,46,787,30,51,306,36,95,197,26,78,143,39,61,151,15,43,306,54,202,293,48,119,767950,39794,138403,780620,50059,123449,269639,72154,621901,207471,52759,711862,159740,94036,663611,134732,23454,683710,189284,99490,676233,434465,117754,309013,52.925664596273286,0.08248447204968945
1661117614194,34.656002,0.10382514,0.08695652,0.2,0.125,0.045454547,0.125,0.04347826,0.08695652,0.1904762,42.9,42.9,41.9,42.300003,42.300003,41.9,41.9,42.600002,41.9,42.600002,41.9,41.300003,3667155,-1057740,1075200,1075200,1075200,1075200,1075200,1075200,652800,1401600,646,23,47,789,25,50,249,33,85,396,56,134,162,29,47,275,44,83,409,38,194,280,57,129,809699,34352,131015,834344,38566,105351,268339,72358,646387,405126,119294,448045,165941,66172,627493,298449,77637,548155,213838,58115,704451,412455,154445,298945,61.490742857142855,0.09650793650793651
1661117615207,34.698,0.13471502,0.083333336,0.125,0.26923078,0.041666668,0.12,0.04347826,0.12,0.32,43.300003,42.9,42.300003,42.600002,42.600002,42.600002,42.600002,43.300003,42.600002,43.300003,42.300003,41.9,3670659,-1045532,1075200,1075200,1075200,1075200,1075200,1075200,652800,1401600,791,7,18,850,12,21,217,29,68,402,87,89,189,37,52,228,48,74,574,41,215,277,56,127,860395,7617,45854,867305,15584,28950,183365,80482,635021,363014,214880,338379,208353,102411,460559,224071,118857,572032,251256,72731,606081,363898,131829,292440,83.9192049689441,0.09341614906832298
1661117616258,34.752003,0.15135135,0.04761905,0.17391305,0.24,0.04347826,0.16,0.04347826,0.16666667,0.36,43.9,43.600002,42.9,43.300003,42.9,42.9,42.9,43.9,43.300003,44.600002,42.600002,42.600002,3653920,-1340638,1075200,1075200,1075200,1075200,1075200,1075200,652800,1401600,935,1,3,949,7,14,226,44,59,231,55,88,141,32,68,326,51,80,1226,76,215,274,38,135,918041,336,4173,912934,5778,22297,243899,83787,585033,286670,136279,514075,210717,72572,531342,335080,98617,461686,381009,107308,444245,359767,98946,287867,112.27657142857143,0.10006349206349206
1661117617277,34.803,0.11363637,0.04761905,0.04761905,0.045454547,0.0,0.08695652,0.045454547,0.17391305,0.39130434,43.9,44.300003,43.600002,43.600002,43.9,43.600002,43.300003,44.600002,43.9,45.300003,42.9,42.600002,3660148,-1144104,1075200,1075200,1075200,1075200,1075200,1075200,652800,1401600,1058,0,0,831,2,1,255,64,95,238,52,80,162,17,59,435,86,115,1299,46,187,312,40,118,889860,0,0,915474,3935,0,325513,153282,410645,309016,97653,528709,208380,37998,570550,420636,159522,323113,365692,78085,431596,361780,95206,231380,149.3027284768212,0.09324503311258278
1661117618284,34.838,0.1741573,0.13636364,0.13636364,0.04761905,0.04761905,0.13636364,0.09090909,0.22727273,0.5,44.300003,43.9,43.600002,43.9,44.300003,43.9,43.600002,44.9,44.300003,45.600002,43.300003,42.9,3655477,-1134644,1075200,1075200,1075200,1075200,1075200,1075200,652800,1401600,1051,0,0,833,0,0,300,72,75,460,75,97,177,41,78,325,52,89,1584,63,147,306,38,124,897419,0,0,920429,0,0,376674,154115,368161,444907,123627,338956,275893,93609,431958,363575,100914,443926,430833,61938,335842,339637,74563,221983,184.8975458937198,0.09996779388083736
1661117619286,34.885002,0.1754386,0.1,0.14285715,0.05,0.0952381,0.13636364,0.0952381,0.1904762,0.5833333,44.600002,44.600002,43.9,44.600002,44.600002,44.600002,44.600002,45.300003,44.9,45.600002,43.9,43.600002,3649249,-1195374,1075200,1075200,1075200,1075200,1075200,1075200,652800,1401600,1122,0,0,1111,0,0,362,57,76,299,53,84,177,34,70,272,55,86,1884,42,161,268,31,86,860490,0,0,883070,0,0,411175,114252,357120,385657,107970,391120,262546,74401,443973,352955,111469,402414,394060,47788,352336,294641,66277,192485,234.7348910891089,0.09716171617161717
1661117620328,34.936,0.19553073,0.09090909,0.13636364,0.09090909,0.0,0.17391305,0.09090909,0.22727273,0.68,45.600002,45.9,44.600002,45.300003,45.300003,45.300003,45.300003,46.600002,45.9,47.600002,44.300003,43.9,3650027,-1207886,1075200,1075200,1075200,1075200,1075200,1075200,652800,1401600,1182,0,0,1030,0,0,550,81,57,525,66,91,283,41,69,318,34,59,2518,43,163,209,17,95,911021,0,0,926462,0,0,520546,155723,161579,515218,99032,282900,392214,91554,326425,319336,71491,318984,449107,44108,317310,224635,32333,216552,303.304736349454,0.1372854914196568
1661117621360,34.987003,0.38418078,0.1,0.1904762,0.3,0.14285715,0.7083333,0.39130434,0.47826087,0.6666667,45.9,46.300003,45.300003,45.600002,45.9,45.9,45.9,46.9,46.300003,48.300003,44.600002,44.600002,3632121,-1281434,1075200,1075200,1075200,1075200,1075200,1075200,652800,1401600,1193,0,0,1148,0,0,345,54,91,586,41,88,318,50,61,441,64,77,3270,29,136,213,18,59,896361,0,0,909097,0,0,477077,114128,294427,538105,51067,304711,403061,95604,293175,495748,135900,258920,500410,28211,227070,223936,30172,113264,365.27547317073174,0.11811382113821138
1661117622359,35.023003,0.24309392,0.13636364,0.14285715,0.09090909,0.04761905,0.20833333,0.045454547,0.3809524,0.8333333,46.9,46.9,45.9,46.9,46.9,46.9,46.600002,47.600002,47.600002,49.300003,45.600002,45.300003,3629396,-1510010,1075200,1075200,1075200,1075200,1075200,1075200,652800,1401600,1214,0,0,1120,0,0,499,33,64,354,37,68,429,45,34,373,27,54,3496,4,92,294,3,59,824679,0,0,814916,0,0,517549,50356,214855,428507,66535,207925,384481,101622,86037,407000,48055,196371,469009,1523,136212,150919,7508,118949,449.2002899505766,0.1323228995057661
1661117623366,35.071003,0.2513369,0.08695652,0.13636364,0.083333336,0.0,0.083333336,0.04761905,0.52,0.9130435,47.9,47.600002,46.9,47.600002,47.600002,47.600002,47.600002,48.9,47.9,50.300003,45.9,45.600002,3610321,-1594849,1075200,1075200,1075200,1075200,1075200,1075200,652800,1401600,1181,0,0,1190,0,0,485,35,69,420,46,82,292,33,56,802,55,79,4232,0,59,138,5,34,872771,0,0,890961,0,0,621790,53231,201656,609776,81336,190958,467265,65092,207481,653341,76322,151061,510463,0,76233,123976,11731,69809,545.1935576323988,0.12909657320872273
1661117624394,35.115,0.30057803,0.0952381,0.1,0.125,0.0,0.04347826,0.13043478,0.95238096,1.0,48.9,48.600002,47.9,48.300003,48.600002,48.600002,48.300003,50.300003,48.9,51.300003,46.600002,45.9,3628812,-1392823,1075200,1075200,1075200,1075200,1075200,1075200,652800,1401600,1231,0,0,1260,0,0,449,30,69,736,49,69,522,38,53,480,24,66,5330,1,23,99,2,19,910941,0,0,924223,0,0,655136,40285,236062,714523,79817,127414,633461,68188,186750,578932,40227,198109,522646,1791,28407,78133,630,26902,643.9913271028037,0.15003115264797506
1661117625426,35.165,0.32085562,0.13043478,0.16666667,0.04347826,0.0,0.16666667,0.083333336,0.95454544,1.0,49.600002,49.600002,48.600002,49.300003,49.600002,49.9,49.300003,50.600002,50.300003,52.300003,47.300003,46.600002,3629785,-1478577,1075200,1075200,1075200,1075200,1075200,1075200,652800,1401600,962,0,0,1193,0,0,832,15,28,540,23,25,471,18,32,311,14,25,6562,0,5,621,0,3,825540,0,0,923864,0,0,832732,16368,63747,837703,24824,48626,743458,20286,43394,735848,26015,57383,574713,0,10982,42103,0,8433,646.5309735614308,0.1502954898911353
1661117626454,35.216003,0.28651685,0.09090909,0.14285715,0.13043478,0.09090909,0.17391305,0.09090909,0.54545456,1.0,49.600002,49.9,48.9,49.600002,49.600002,49.600002,49.300003,51.300003,50.300003,52.600002,47.9,47.300003,3592220,-1842652,1075200,1075200,1075200,1075200,1075200,1075200,652800,1401600,1072,0,0,1037,0,0,563,15,36,611,24,27,251,17,25,433,11,27,6013,0,4,468,2,3,897746,0,0,912273,0,0,691615,14097,44771,789635,29140,46977,672708,35124,45287,787222,16823,95368,523065,0,13264,69525,4074,12158,646.8808,0.1515
1661117627460,35.267002,0.35025382,0.12,0.2,0.115384616,0.041666668,0.625,0.041666668,0.6956522,1.0,50.600002,50.300003,49.600002,50.300003,50.600002,50.600002,50.600002,51.600002,51.300003,53.300003,48.300003,48.300003,3618691,-1561890,1075200,1075200,1075200,1075200,1075200,1075200,652800,1401600,1050,0,0,1216,0,0,554,23,25,716,21,27,333,14,32,694,18,28,6216,0,0,106,0,2,890715,0,0,884964,0,0,744960,23529,43195,706742,24769,56619,661120,32268,75315,785867,17286,62422,541754,0,0,16269,0,8852,636.2995694227769,0.15126365054602184
1661117628519,35.311,0.36410257,0.16666667,0.16666667,0.2,0.041666668,0.12,0.2173913,1.0,1.0,50.9,50.9,50.300003,50.600002,51.300003,50.9,50.300003,50.9,50.9,51.300003,48.9,48.300003,3589106,-1749574,1075200,1075200,1075200,1075200,1075200,1075200,652800,1401600,1177,0,0,1103,0,0,701,11,27,620,14,26,449,14,14,351,10,21,7242,0,1,69,0,4,932025,0,0,916058,0,0,858350,13979,45868,836443,13553,43015,663932,20553,24769,677201,7582,36260,631354,0,1010,7778,0,16307,652.9622910798122,0.14973395931142408
1661117629544,35.365,0.3372781,0.05263158,0.15,0.3181818,0.04761905,0.0952381,0.14285715,0.7826087,0.95454544,51.300003,50.9,50.300003,50.600002,50.9,51.300003,50.9,52.9,51.9,53.9,49.300003,48.600002,3590468,-1767274,1075200,1075200,1075200,1075200,1075200,1075200,652800,1401600,1172,0,0,1231,0,0,570,13,17,693,15,31,342,17,30,476,12,29,6670,0,0,47,0,0,907977,0,0,915581,0,0,813265,19484,18352,800923,14233,49617,751835,22375,53480,765667,17593,85394,556659,0,0,3437,0,0,656.708932038835,0.15689320388349515
1661117630572,35.415,0.2741117,0.083333336,0.16666667,0.23076923,0.15384616,0.125,0.16,1.0,0.18181819,51.600002,51.600002,51.600002,51.600002,51.300003,51.600002,51.600002,52.600002,52.300003,53.300003,49.600002,49.300003,3620637,-1480103,1075200,1075200,1075200,1075200,1075200,1075200,652800,1401600,1150,0,0,1158,0,0,430,21,33,660,22,33,674,22,30,353,13,31,6434,0,3,111,1,3,820024,0,0,882863,0,0,761170,36656,80361,817605,31986,56729,782649,28758,50270,718080,25567,81158,556361,0,2014,21093,2317,6712,595.8808494453249,0.13337559429477022
1661117631613,35.459003,0.47029704,0.4,0.20833333,0.20833333,0.22222222,0.29166666,0.3846154,0.96153843,0.96428573,50.9,51.300003,50.300003,50.9,50.9,51.300003,51.600002,51.300003,52.300003,51.9,49.600002,49.300003,3625308,-1420289,1075200,1075200,1075200,1075200,1075200,1075200,652800,1401600,1275,0,0,987,0,0,449,28,53,572,37,53,623,33,49,428,39,39,3457,0,2,2139,2,0,919806,0,0,849726,0,0,643992,34433,178675,752052,44034,128893,695688,44358,117516,719452,62316,68853,308055,0,7531,405869,1268,0,579.0546666666667,0.13109034267912772
1661117632675,35.513,0.27325583,0.14285715,0.23809524,0.09090909,0.13636364,0.0952381,0.09090909,0.36842105,1.0,51.9,51.600002,51.300003,51.600002,51.9,51.600002,51.300003,53.600002,52.300003,54.9,49.600002,49.300003,3594361,-1709595,1075200,1075200,1075200,1075200,1075200,1075200,652800,1401600,1077,0,0,758,0,0,400,5,11,499,7,5,319,5,9,259,8,5,7745,0,1,250,3,3,831345,0,0,698992,0,0,748648,5270,18411,823240,8799,6730,777523,9982,14741,714313,12314,9161,697013,0,925,29959,4567,7273,637.4245203252033,0.1472520325203252
1661117633679,35.557003,0.32142857,0.16666667,0.16666667,0.041666668,0.083333336,0.0,0.15384616,0.9130435,0.962963,52.300003,52.600002,51.9,52.300003,52.9,52.600002,52.600002,54.300003,53.300003,55.600002,50.300003,49.9,3616355,-1498719,1075200,1075200,1075200,1075200,1075200,1075200,652800,1401600,1328,0,0,1320,0,0,426,14,44,671,19,51,430,18,31,619,25,35,5741,0,3,12,0,2,851287,0,0,856089,0,0,737183,15960,103733,743912,23016,80311,675347,24531,66871,752006,32750,69702,473717,0,1802,8872,0,987,647.4290762052877,0.15875583203732505
1661117634712,35.608,0.24870466,0.04347826,0.16666667,0.14814815,0.115384616,0.04347826,0.041666668,0.45833334,1.0,52.9,53.300003,52.600002,52.9,53.600002,53.600002,52.9,54.600002,53.9,55.9,50.600002,50.300003,3616550,-1632691,1075200,1075200,1075200,1075200,1075200,1075200,652800,1401600,1277,0,0,1053,0,0,459,16,38,649,18,36,374,23,33,524,19,34,6738,0,0,85,0,3,883294,0,0,908410,0,0,794149,24776,91973,740335,20437,72310,687273,35959,45575,712086,23275,57260,580763,0,0,12156,0,2513,621.2386996904025,0.14860681114551083
1661117635763,35.676003,0.23976608,0.0952381,0.14285715,0.04761905,0.04761905,0.04761905,0.0952381,0.3809524,0.8695652,53.600002,53.600002,52.600002,52.9,53.300003,53.600002,53.300003,54.9,54.300003,56.300003,51.300003,50.600002,3576260,-1829530,1075200,1075200,1075200,1075200,1075200,1075200,652800,1401600,1058,0,0,948,0,0,311,14,38,532,18,34,518,16,29,492,20,31,6320,0,0,192,0,0,826333,0,0,872558,0,0,779196,17107,92697,779858,25118,57932,793305,21727,38900,682087,24455,60184,533702,0,0,34660,0,0,346.9770032154341,0.08282958199356913
1661117636766,35.723003,0.38121548,0.14285715,0.2173913,0.375,0.08695652,0.3478261,0.13043478,0.7619048,1.0,52.9,52.300003,51.600002,51.9,52.300003,52.300003,52.300003,53.300003,52.600002,54.600002,50.600002,49.9,3581904,-1901856,1075200,1075200,1075200,1075200,1075200,1075200,652800,1401600,1076,4,3,652,2,4,534,20,41,615,32,49,423,21,42,229,24,36,5058,1,22,60,2,16,793196,5245,4758,807999,4198,2821,644812,22477,190935,652779,50985,161337,597324,47628,216554,525342,45198,182485,459294,374,191426,24704,4981,185959,674.0589884297522,0.14545454545454548
1661117637806,35.767002,0.33714285,0.14285715,0.22727273,0.13636364,0.13636364,0.0952381,0.14285715,0.7826087,1.0,52.9,52.9,52.300003,52.600002,52.600002,52.9,52.600002,52.9,52.9,53.300003,51.300003,50.600002,3618301,-1568909,1075200,1075200,1075200,1075200,1075200,1075200,652800,1401600,1053,0,0,934,0,0,543,12,21,364,11,23,532,10,26,373,12,26,6433,0,2,556,0,1,851463,0,0,899860,0,0,780047,10005,24200,815373,21450,71635,668867,13428,55899,757901,22089,49967,626815,0,577,138965,0,17,603.8702236024844,0.13664596273291926
1661117638835,35.834003,0.2795699,0.125,0.25,0.08695652,0.04347826,0.16,0.125,0.52,1.0,53.9,53.9,52.9,53.9,53.600002,54.300003,53.9,55.300003,54.600002,56.600002,51.600002,51.300003,3597086,-1666566,1075200,1075200,1075200,1075200,1075200,1075200,652800,1401600,1157,0,0,993,0,0,446,6,10,429,2,10,603,6,12,391,4,3,7101,0,1,56,0,0,885878,0,0,901085,0,0,746408,10521,24998,820356,3031,18566,868054,11771,21052,715937,9872,6002,624041,0,583,21233,0,0,648.0859380097879,0.14564437194127244
1661117639841,35.885002,0.23837209,0.18181819,0.18181819,0.0952381,0.045454547,0.17391305,0.0952381,0.5,0.73913044,54.300003,54.300003,53.600002,53.9,54.300003,54.300003,54.300003,55.600002,54.9,57.300003,51.600002,51.600002,3603704,-1498108,1075200,1075200,1075200,1075200,1075200,1075200,652800,1401600,1063,0,0,1154,0,0,608,35,65,626,39,53,431,27,52,455,36,51,6013,0,0,9,0,3,898440,0,0,881964,0,0,746666,39611,111624,719275,58887,104636,620409,40893,114916,748569,63553,80751,509228,0,0,3515,0,5468,390.49961247947454,0.09563218390804598
1661117640877,35.946003,0.33830845,0.16,0.13043478,0.16,0.26923078,0.33333334,0.04347826,0.52,0.96,54.300003,53.9,53.300003,53.600002,53.9,53.9,53.9,55.600002,54.600002,56.9,51.600002,51.300003,3597475,-1464539,1075200,1075200,1075200,1075200,1075200,1075200,652800,1401600,1107,1,2,977,0,4,621,28,46,494,22,42,313,20,32,600,21,59,5502,0,20,32,2,15,905498,593,8731,912312,0,6372,729251,44956,119313,733026,30049,142274,635725,26288,112708,735880,27036,115850,537239,0,96178,64152,1412,96099,711.9157701149426,0.16078817733990147
1661117641884,35.99,0.42857143,0.18181819,0.5217391,0.0952381,0.4347826,0.13043478,0.20833333,1.0,1.0,54.300003,54.600002,53.9,54.600002,54.9,54.9,53.9,55.9,54.9,57.600002,51.9,51.9,3583461,-1972657,1075200,1075200,1075200,1075200,1075200,1075200,652800,1401600,1018,0,0,968,0,0,735,13,26,450,17,23,332,15,22,580,9,32,6725,0,0,116,0,3,875863,0,0,804994,0,0,823833,18488,31250,777632,19374,40654,696139,21424,54044,717714,11807,54049,592279,0,0,13907,0,4322,627.6516771004942,0.13917627677100494
1661117642911,36.044003,0.3681592,0.16666667,0.16,0.0,0.33333334,0.375,0.12,0.6956522,1.0,54.9,54.600002,54.300003,54.300003,54.9,54.9,54.9,56.300003,55.300003,57.9,52.600002,52.300003,3615576,-1641541,1075200,1075200,1075200,1075200,1075200,1075200,652800,1401600,1141,0,0,920,0,0,752,15,24,477,19,29,771,13,25,203,9,17,6401,0,0,58,3,4,911611,0,0,718764,0,0,838827,27713,31964,789196,23858,54777,838803,15497,40854,623232,14015,41978,565664,0,0,9330,11469,15126,634.9671055900621,0.14459627329192545
1661117643958,36.101,0.2905028,0.09090909,0.18181819,0.14285715,0.09090909,0.13043478,0.18181819,0.5217391,1.0,54.9,54.600002,53.600002,54.300003,54.600002,54.9,54.600002,56.300003,55.600002,57.9,52.600002,52.300003,3650416,-798950,1075200,1075200,1075200,1075200,1075200,1075200,652800,1401600,971,0,0,824,0,0,495,7,18,279,10,11,472,7,17,397,14,6,8397,0,1,112,0,0,898102,0,0,926859,0,0,920641,6021,25925,670830,13015,20057,852768,11558,35209,682355,22089,5379,730710,0,577,1552,0,0,708.078639625585,0.17223088923556942
1661117644971,36.152,0.33333334,0.08695652,0.28,0.041666668,0.07692308,0.115384616,0.2,1.0,1.0,55.300003,54.9,54.600002,54.9,55.300003,55.600002,55.300003,56.9,55.9,58.300003,53.300003,52.600002,3615576,-1458130,1075200,1075200,1075200,1075200,1075200,1075200,652800,1401600,1234,0,0,1204,0,0,1009,18,34,495,22,36,593,19,40,375,20,29,5534,0,0,26,0,0,863521,0,0,899864,0,0,755810,13362,59126,798294,30152,55562,761436,22872,65093,709967,30593,49587,468303,0,0,5683,0,0,610.8353967213114,0.14268852459016393
1661117645985,36.199,0.30167598,0.22727273,0.22727273,0.0952381,0.13636364,0.0952381,0.14285715,0.4347826,0.82608694,55.600002,55.300003,54.600002,55.300003,55.600002,55.9,55.300003,56.9,56.300003,58.300003,53.300003,52.600002,3596307,-1594849,1075200,1075200,1075200,1075200,1075200,1075200,652800,1401600,1064,0,0,1019,0,0,606,19,42,406,18,38,336,10,32,471,22,30,6030,0,1,249,0,3,869560,0,0,830291,0,0,757230,23697,62032,754042,22153,90944,684054,15165,78544,635929,36708,51585,512629,0,574,38916,0,1850,563.5698349834984,0.13623762376237622
1661117646986,36.277,0.36627907,0.36363637,0.22727273,0.0952381,0.13636364,0.04761905,0.0952381,1.0,1.0,55.600002,55.600002,54.9,55.300003,55.600002,55.9,55.600002,57.300003,56.600002,58.600002,53.600002,52.9,3587743,-1605225,1075200,1075200,1075200,1075200,1075200,1075200,652800,1401600,1064,0,0,1003,0,0,504,22,39,376,24,43,438,29,36,374,13,39,5184,0,6,628,1,4,830103,0,0,795982,0,0,689832,35189,78592,703855,42381,84206,602486,48045,70533,625687,12603,114060,459941,0,24378,128040,302,9778,630.2573996789728,0.1510112359550562
1661117647997,36.321003,0.2513369,0.041666668,0.13043478,0.04347826,0.12,0.16,0.08695652,0.42857143,1.0,55.600002,55.600002,54.9,55.300003,55.600002,55.9,55.600002,57.300003,56.9,58.9,53.600002,53.300003,3601952,-1676942,1075200,1075200,1075200,1075200,1075200,1075200,652800,1401600,1092,0,0,1026,0,0,662,16,25,548,9,21,498,13,20,248,12,25,6664,0,0,70,1,7,787323,0,0,868301,0,0,781547,16682,53743,792575,12722,33614,797134,23010,43872,724511,24213,59657,592697,0,0,10103,1303,16597,622.6365515055467,0.14199683042789224
1661117649039,36.375,0.36764705,0.32,0.25,0.12,0.48,0.1923077,0.15384616,0.52,0.8888889,56.300003,55.9,55.300003,55.9,55.9,55.9,55.600002,56.600002,56.300003,57.600002,53.600002,53.600002,3574313,-1859132,1075200,1075200,1075200,1075200,1075200,1075200,652800,1401600,946,0,0,983,0,0,679,17,34,721,15,38,319,14,23,601,15,35,6480,0,1,85,1,4,795577,0,0,918989,0,0,798048,13799,56298,782349,18554,59078,717596,29499,46937,727808,28445,62907,569424,0,677,11429,296,11773,523.7603443708609,0.127682119205298
1661117650051,36.429,0.33152175,0.13043478,0.18181819,0.08695652,0.08695652,0.20833333,0.20833333,0.82608694,1.0,56.300003,55.9,55.300003,56.300003,56.300003,56.600002,55.9,57.600002,56.9,59.300003,53.9,53.600002,3592220,-1566468,1075200,1075200,1075200,1075200,1075200,1075200,652800,1401600,1063,0,0,992,0,0,674,14,30,618,9,27,311,14,19,481,18,29,6242,0,0,200,0,0,806013,0,0,881965,0,0,765749,16874,53989,717569,10402,40192,692323,25459,30979,811840,21378,43388,558476,0,0,42353,0,0,646.7421125,0.1535
1661117651076,36.487003,0.42937854,0.3181818,0.3043478,0.1904762,0.14285715,0.13636364,0.45833334,0.8695652,1.0,56.300003,56.300003,55.600002,56.300003,56.600002,56.600002,56.600002,58.300003,57.300003,59.600002,54.300003,53.600002,3597281,-1576844,1075200,1075200,1075200,1075200,1075200,1075200,652800,1401600,1130,0,0,1029,0,0,656,15,28,524,14,42,432,23,23,482,11,30,6429,0,0,119,1,3,873561,0,0,896281,0,0,726631,22823,42279,801651,13157,87176,706606,32698,50920,625028,17383,62327,575514,0,0,13194,14,9990,573.6730368,0.13312
1661117652093,36.534,0.27272728,0.08695652,0.16666667,0.13043478,0.15384616,0.08695652,0.16666667,0.47826087,1.0,56.600002,56.600002,55.600002,56.300003,56.300003,56.300003,55.9,57.9,56.9,59.600002,53.9,53.9,3600979,-1652528,1075200,1075200,1075200,1075200,1075200,1075200,652800,1401600,962,0,0,914,0,0,632,9,16,573,13,22,322,7,18,363,14,17,6717,0,0,99,0,2,765190,0,0,887404,0,0,750286,13182,21774,762195,14825,56878,669265,11729,57707,545216,18575,24045,586111,0,0,14497,0,7106,632.5943588143525,0.1537597503900156
1661117653131,36.595,0.37623763,0.5555556,0.2,0.083333336,0.115384616,0.03846154,0.11111111,0.9130435,1.0,56.9,56.9,56.300003,56.9,57.600002,57.300003,56.600002,58.600002,57.600002,59.9,54.300003,54.300003,3572367,-1801759,1075200,1075200,1075200,1075200,1075200,1075200,652800,1401600,1260,0,0,1097,0,0,501,12,35,576,25,27,558,19,42,401,14,32,6583,1,3,159,0,0,863754,0,0,916077,0,0,769607,13295,82291,740025,33917,53744,693947,22779,75883,685263,30743,82894,569729,1121,5276,29488,0,0,634.7891308562198,0.14888529886914378
1661117654153,36.652,0.41666666,0.20833333,0.32,0.20833333,0.29166666,0.34615386,0.3846154,0.53846157,1.0,56.9,56.9,56.300003,56.300003,56.9,56.9,56.300003,58.300003,57.300003,59.9,54.300003,54.300003,3594361,-1783753,1075200,1075200,1075200,1075200,1075200,1075200,652800,1401600,998,0,0,1068,0,0,612,12,17,544,12,21,354,10,20,374,6,20,6464,0,0,62,0,0,747639,0,0,842729,0,0,795803,24585,28443,808021,6171,45264,777420,20037,45225,731859,7657,23468,559999,0,0,12375,0,0,642.67747299509,0.14507364975450082
1661117655154,36.706,0.38613862,0.1923077,0.32,0.12,0.3043478,0.30769232,0.08,0.7692308,1.0,57.600002,57.300003,56.9,57.300003,57.600002,57.600002,57.600002,58.600002,57.9,59.9,54.9,54.300003,3599811,-1587830,1075200,1075200,1075200,1075200,1075200,1075200,652800,1401600,1076,0,0,1099,0,0,833,14,33,371,14,35,519,20,25,637,14,27,5999,0,0,61,0,0,688903,0,0,831511,0,0,757751,15585,47004,648341,8921,74061,684671,29097,49168,643364,27417,45341,517355,0,0,5578,0,0,507.13517285945073,0.1235541195476575
1661117656156,36.784,0.46195653,0.25,0.56,0.20833333,0.2173913,0.54545456,0.14285715,0.82608694,1.0,57.300003,57.300003,56.600002,57.300003,57.300003,57.300003,56.9,58.9,58.300003,60.600002,54.600002,54.300003,3600200,-1506043,1075200,1075200,1075200,1075200,1075200,1075200,652800,1401600,1004,0,0,1084,0,0,719,11,19,510,20,20,260,8,23,625,13,27,6328,0,3,55,0,3,808495,0,0,841675,0,0,780633,23965,27867,783296,28431,31173,679973,14639,60704,806701,19206,35693,553073,0,12085,25861,0,11644,552.9953167701863,0.14211180124223602
1661117657157,36.828003,0.30366492,0.125,0.2,0.125,0.08695652,0.24,0.2,0.45454547,1.0,57.300003,57.300003,56.300003,56.9,57.300003,57.300003,56.9,59.300003,57.600002,60.300003,54.9,54.600002,3575092,-1727601,1075200,1075200,1075200,1075200,1075200,1075200,652800,1401600,935,0,0,1069,0,0,755,13,23,686,14,23,426,17,31,471,20,26,6528,0,5,62,0,6,846065,0,0,872806,0,0,769654,23456,26071,802949,12914,36506,678186,19574,58379,676375,32487,40107,579579,0,4297,11880,0,10559,662.5140285261489,0.15112519809825675
1661117658157,36.885002,0.30113637,0.13636364,0.1904762,0.08695652,0.13636364,0.13636364,0.09090909,0.65217394,1.0,57.600002,57.9,56.9,57.600002,58.300003,57.9,57.600002,59.300003,58.300003,60.600002,55.300003,54.9,3582488,-2034913,1075200,1075200,1075200,1075200,1075200,1075200,652800,1401600,941,0,0,1014,0,0,661,20,24,880,11,23,480,18,25,426,20,30,6039,0,0,57,1,0,815356,0,0,816478,0,0,793991,30267,43395,681789,9206,34954,667099,18673,49440,670032,29280,59608,523278,0,0,9552,15,0,615.1850529695024,0.1422792937399679
1661117659167,36.936,0.36516854,0.18181819,0.2173913,0.045454547,0.45454547,0.17391305,0.2173913,0.6818182,0.9130435,57.9,57.600002,56.9,57.600002,57.9,57.600002,57.600002,59.300003,58.600002,60.9,55.300003,54.9,3602925,-1704407,1075200,1075200,1075200,1075200,1075200,1075200,652800,1401600,995,0,0,1125,0,0,974,18,28,354,15,38,359,19,30,731,16,29,6041,0,1,69,0,2,850080,0,0,872646,0,0,760201,20825,42400,754884,17151,96144,725058,37862,40233,767225,23299,40031,519285,0,8575,17008,0,3935,630.3868826446281,0.1486280991735537
1661117660212,36.99,0.2797619,0.05,0.1904762,0.1,0.14285715,0.0952381,0.05,0.47619048,1.0,57.9,57.600002,56.9,57.300003,57.300003,57.9,57.300003,59.300003,57.9,60.600002,55.600002,54.9,3590858,-1818848,1075200,1075200,1075200,1075200,1075200,1075200,652800,1401600,1171,0,0,1050,0,0,552,11,20,542,11,23,391,11,21,555,9,27,6777,0,0,84,1,2,852878,0,0,906262,0,0,824171,18907,38843,796977,20480,23249,780214,19151,40814,737247,5167,48376,594090,0,0,24633,335,4221,617.6389719934102,0.14761120263591435
1661117661214,37.044003,0.3523316,0.28,0.33333334,0.16,0.20833333,0.24,0.2,0.6363636,0.7916667,58.300003,58.600002,57.300003,57.600002,57.9,58.300003,58.300003,59.600002,58.9,60.9,55.600002,55.300003,3591831,-1610718,1075200,1075200,1075200,1075200,1075200,1075200,652800,1401600,1046,0,0,900,0,0,908,14,33,505,17,32,579,19,27,348,17,34,5790,2,3,139,1,5,810295,0,0,723189,0,0,705284,15838,43184,665394,23487,61088,728253,31187,45062,608429,33700,67047,517232,795,4391,24173,421,4003,627.6279807999999,0.144896
1661117662243,37.095,0.38251367,0.20833333,0.26086956,0.13043478,0.27272728,0.12,0.13043478,1.0,1.0,58.300003,57.9,56.9,57.600002,58.300003,58.300003,58.300003,59.9,59.300003,61.300003,55.9,55.600002,3577233,-1668702,1075200,1075200,1075200,1075200,1075200,1075200,652800,1401600,1053,0,0,961,0,0,787,16,25,525,9,31,560,17,39,591,19,26,6395,3,3,185,1,1,793914,0,0,787743,0,0,781109,19224,39950,725573,17795,80156,686080,18873,67239,723171,38930,36928,560763,7674,6590,52629,401,5087,645.1652377850163,0.15061889250814334
1661117663253,37.149002,0.36764705,0.2,0.1923077,0.1923077,0.1923077,0.44444445,0.08,0.86206895,0.875,58.300003,58.9,57.9,58.300003,58.600002,58.600002,58.300003,59.9,58.9,60.9,55.600002,55.300003,3591636,-1658631,1075200,1075200,1075200,1075200,1075200,1075200,652800,1401600,1189,0,0,1122,0,0,501,10,25,612,13,20,474,10,10,499,11,17,6310,0,0,49,0,3,855241,0,0,812720,0,0,661750,7190,35266,721594,16367,29758,725667,15109,26359,728805,21179,25446,548741,0,0,5532,0,4213,645.104657004831,0.15665056360708535
1661117664281,37.210003,0.30851063,0.13636364,0.13636364,0.16666667,0.0952381,0.09090909,0.20833333,0.5652174,0.92,58.300003,58.600002,57.9,58.300003,58.600002,58.600002,58.300003,59.9,58.9,61.600002,55.9,55.600002,3596307,-1610718,1075200,1075200,1075200,1075200,1075200,1075200,652800,1401600,1218,0,0,1125,0,0,368,16,35,499,15,32,472,16,19,651,18,26,6171,0,0,46,0,0,872811,0,0,854857,0,0,763956,18067,59523,683440,25543,62689,636279,17837,41065,788283,30231,49066,556187,0,0,37129,0,0,638.8671104199066,0.14880248833592535
1661117665292,37.254,0.3957219,0.3043478,0.33333334,0.045454547,0.2,0.6956522,0.26086956,0.6956522,0.65217394,58.600002,58.600002,57.9,58.300003,58.600002,58.9,58.600002,60.300003,59.300003,61.9,56.300003,55.600002,3593193,-1621705,1075200,1075200,1075200,1075200,1075200,1075200,652800,1401600,1124,0,0,1096,0,0,480,12,26,768,19,13,518,10,19,395,10,19,6341,0,0,60,2,3,803934,0,0,843093,0,0,750034,13878,43188,814777,27726,16740,642714,12837,53515,733716,18735,49426,545304,0,0,3033,721,11176,649.0071785150078,0.1521642969984202
1661117666299,37.304,0.5833333,0.53846157,0.20833333,0.33333334,0.5,0.46153846,0.625,0.962963,1.0,58.300003,58.600002,57.600002,58.300003,58.600002,58.600002,58.600002,59.9,59.600002,61.300003,56.600002,55.9,3581515,-1591798,1075200,1075200,1075200,1075200,1075200,1075200,652800,1401600,1077,0,0,1001,0,0,742,19,32,790,17,26,310,15,32,264,4,27,5964,0,6,322,0,2,861949,0,0,772445,0,0,770181,20959,40066,808317,25190,33994,741942,22060,68339,658194,4191,109682,522751,0,24729,85749,0,3164,641.1838016528926,0.14809917355371902
1661117667319,37.355003,0.50877196,0.47619048,0.47619048,0.39130434,0.59090906,0.27272728,0.3,0.6363636,0.95454544,58.9,58.9,58.300003,58.600002,59.300003,59.600002,59.300003,60.300003,59.9,61.9,56.600002,55.9,3588327,-1658936,1075200,1075200,1075200,1075200,1075200,1075200,652800,1401600,1093,0,0,1016,0,0,468,15,29,595,14,31,330,16,22,412,10,27,6278,0,0,120,0,0,762105,0,0,860289,0,0,698325,27045,50608,704356,16569,65194,716876,25842,41045,704366,9810,32724,537457,0,0,10297,0,0,646.0204875,0.15
1661117668328,37.399002,0.13559322,0.05,0.13043478,0.09090909,0.045454547,0.13043478,0.13636364,0.09090909,0.39130434,58.600002,58.600002,57.9,58.300003,58.9,58.9,58.600002,60.300003,59.600002,61.600002,56.300003,56.300003,3571588,-1764222,1075200,1075200,1075200,1075200,1075200,1075200,652800,1401600,1266,0,0,1236,0,0,655,8,26,565,9,32,764,13,27,588,16,18,6024,0,0,266,0,0,803700,0,0,817938,0,0,663616,7312,49483,666881,5859,62230,745760,12185,55125,672079,33775,35604,530267,0,0,44980,0,0,85.91033065810593,0.058953451043338684
1661117669361,37.446003,0.3627451,0.4,0.29166666,0.3846154,0.4074074,0.44,0.45833334,0.15384616,0.37037036,55.600002,55.600002,54.9,55.600002,55.600002,55.600002,55.300003,55.600002,55.600002,55.9,54.300003,53.9,3702774,-364074,1075200,1075200,1075200,1075200,1075200,1075200,652800,1401600,812,24,44,498,1,10,252,42,71,192,44,94,301,53,104,303,29,80,467,8,54,156,4,24,643837,69659,157687,595376,4339,295518,243534,77876,547880,197905,88773,621293,289972,142693,492216,248575,72088,517329,67169,21893,773999,61648,11530,230292,-1.0,-1.0
1661117670380,37.483,0.3468208,0.3809524,0.2,0.27272728,0.4090909,0.52380955,0.6923077,0.04761905,0.14285715,55.600002,55.600002,54.9,55.9,56.300003,56.600002,55.9,55.9,55.9,56.300003,53.600002,53.600002,3691290,-639648,1075200,1075200,1075200,1075200,1075200,1075200,652800,1401600,1457,1,5,1257,2,10,596,29,64,520,25,70,331,32,48,308,25,49,468,0,46,291,5,54,720515,2192,56410,778788,8496,54605,359943,56677,381016,315771,54701,401180,276602,81968,355750,221252,59326,414731,281786,0,660640,289472,15237,509909,-1.0,-1.0
