1661128086596,30.904001,0.073619634,0.0,0.05263158,0.1,0.05263158,0.0952381,0.1,0.04761905,0.05,41.300003,41.300003,41.300003,41.600002,42.300003,41.9,41.600002,42.300003,42.300003,43.600002,38.9,39.300003,3799898,-709534,1075200,1075200,1075200,1075200,1075200,1075200,652800,1401600,4749973,92103,359435,4994678,98207,416189,2405425,145130,389163,2414767,147896,399040,2156120,123305,396123,2103889,124961,405938,2581794,92031,392830,1353582,90902,350041,3243968072,197250834,9574931710,3389737556,205892902,9516370353,2058774380,311630139,10721136808,2064737107,320522673,10748878238,1831584146,269267603,10642653339,1809129353,277346487,10631146411,1443668903,220095282,11896424812,929651884,219922628,11070325117,-1.0,-1.0
1661128087602,30.900002,0.22435898,0.23529412,0.15789473,0.10526316,0.1904762,0.21052632,0.15789473,0.2,0.47619048,39.9,40.300003,39.300003,40.300003,40.300003,40.300003,39.9,40.300003,40.600002,41.300003,38.300003,38.600002,3804764,-562744,1075200,1075200,1075200,1075200,1075200,1075200,652800,1401600,1190,0,0,1294,0,0,587,38,44,756,32,69,611,25,52,502,31,52,236,12,58,233,8,53,663596,0,0,693393,0,0,388833,91113,152303,470378,58359,183674,357029,68238,274417,381781,66620,242424,209333,20021,400093,107876,13555,309789,-1.0,-1.0
1661128088597,30.891,0.08074534,0.05,0.05,0.05,0.0952381,0.05,0.0952381,0.0,0.2,38.9,38.9,38.9,38.9,39.300003,39.300003,39.600002,39.300003,39.600002,39.9,37.9,37.9,3824422,-348510,1075200,1075200,1075200,1075200,1075200,1075200,652800,1401600,1386,0,0,1536,0,0,620,48,56,826,36,82,452,37,60,553,16,54,324,14,101,298,15,90,670654,0,0,778466,0,0,436688,98915,242487,428468,84077,263873,382264,85258,203243,280842,28600,391508,316615,51167,436319,231118,29588,326535,-1.0,-1.0
1661128089611,30.900002,0.63212436,0.53846157,0.45454547,0.5652174,0.5416667,1.0,0.9166667,0.41666666,0.6666667,39.9,39.9,39.600002,40.300003,40.300003,40.300003,40.300003,40.300003,40.300003,41.600002,38.300003,38.600002,3818194,-528564,1075200,1075200,1075200,1075200,1075200,1075200,652800,1401600,1101,1,8,1031,2,7,612,15,32,601,9,38,442,7,30,449,5,15,381,2,24,319,8,34,778570,988,56383,789441,6878,62511,625544,32340,145199,612947,7138,143131,563446,13850,159207,605448,14856,148379,697106,2818,250095,570296,16652,220465,-1.0,-1.0
1661128090684,30.891,0.13157895,0.0,0.0,0.0,0.0,0.875,0.13043478,0.0,0.0,39.600002,39.9,39.600002,40.300003,40.600002,40.300003,39.9,40.300003,40.600002,41.300003,38.9,39.9,3823059,-469055,1075200,1075200,1075200,1075200,1075200,1075200,652800,1401600,965,10,32,869,7,18,470,29,70,505,52,76,161,16,40,50,4,10,278,37,105,193,18,116,663314,15234,69687,672828,22319,74895,300279,55646,387734,352472,102033,177220,121406,23214,131793,39960,10566,85234,253375,63307,604548,142935,41593,542733,-1.0,-1.0
1661128091833,30.894001,0.014150944,0.037037037,0.0,0.0,0.0,0.0,0.11111111,0.0,0.0,37.300003,37.600002,36.9,37.300003,37.600002,37.600002,37.300003,37.300003,37.600002,37.600002,36.300003,36.9,3846027,-138855,1075200,1075200,1075200,1075200,1075200,1075200,652800,1401600,350,19,87,240,4,45,80,22,35,284,58,132,69,17,51,21,2,17,83,28,24,51,19,63,362293,36776,621632,297122,23262,723376,67271,49223,912592,242429,128803,620617,87375,47490,629277,20657,5072,744913,54501,84150,922843,33379,59650,967217,-1.0,-1.0
1661128092940,30.884,0.033175357,0.0,0.074074075,0.0,0.035714287,0.04,0.03846154,0.0,0.074074075,36.9,36.600002,36.300003,36.9,36.600002,36.600002,36.300003,36.600002,36.9,36.600002,36.300003,36.300003,3842523,-151672,1075200,1075200,1075200,1075200,1075200,1075200,652800,1401600,422,10,55,447,6,12,220,34,91,161,31,45,155,20,63,62,4,22,119,2,41,68,6,73,437163,36291,533379,399688,859,632299,203299,75305,754590,167345,56944,712657,156376,39223,827283,68657,13496,750244,50493,9208,899946,70327,13737,916968,-1.0,-1.0
1661128094041,30.884,0.04265403,0.037037037,0.0,0.037037037,0.03846154,0.11111111,0.0,0.0,0.07692308,36.600002,36.300003,36.300003,36.600002,36.9,36.300003,36.300003,36.300003,36.300003,36.600002,35.9,35.9,3845443,-147400,1075200,1075200,1075200,1075200,1075200,1075200,652800,1401600,347,31,105,364,26,94,132,17,64,113,34,68,151,4,36,118,9,38,36,8,30,69,8,47,247620,54563,701728,271648,72017,704019,116008,42586,893096,107635,116188,949102,91943,7492,790831,109727,48724,879572,69112,27585,1039267,71783,28869,946474,-1.0,-1.0
1661128095135,30.878002,0.1563981,0.0,0.0,0.0,0.0,0.115384616,1.0,0.0,0.074074075,36.300003,36.600002,35.600002,35.9,36.300003,35.9,35.9,36.300003,35.9,36.9,35.600002,35.300003,3846805,-171203,1075200,1075200,1075200,1075200,1075200,1075200,652800,1401600,176,33,117,51,38,74,0,0,31,133,35,110,52,3,40,37,26,50,0,0,8,0,1,29,133341,59321,871126,81948,118995,869088,0,0,996771,120457,77528,846846,37967,2838,817930,50715,108581,827403,0,0,1034273,0,3127,1021206,-1.0,-1.0
1661128096240,30.884,0.041237112,0.04,0.0,0.0,0.0,0.041666668,0.125,0.0,0.041666668,35.9,35.9,35.300003,35.9,35.9,36.600002,35.9,35.9,35.9,36.300003,34.9,35.300003,3842523,-179443,1075200,1075200,1075200,1075200,1075200,1075200,652800,1401600,203,46,135,106,48,87,63,25,83,94,10,85,20,0,14,10,6,34,0,0,12,0,3,30,160055,101842,819662,146117,173870,746309,79626,64819,980543,65602,9279,966487,20050,0,872404,8930,21627,611612,0,0,1149165,0,16344,997722,-1.0,-1.0
1661128097330,30.881,0.11494253,0.09090909,0.13043478,0.13636364,0.09090909,0.13636364,0.17391305,0.05,0.15,35.9,35.9,35.300003,35.9,35.9,35.9,35.9,35.9,36.300003,36.600002,34.9,34.9,3833764,-343628,1075200,1075200,1075200,1075200,1075200,1075200,652800,1401600,456,33,123,428,39,83,160,24,82,271,22,81,197,3,49,48,10,31,42,0,30,134,1,31,216471,56102,715148,255619,144222,612854,158976,63439,792042,187906,66470,804073,156865,7629,820023,53512,37990,470000,114976,0,1038232,112970,752,897370,-1.0,-1.0
1661128098381,30.869001,0.14146341,0.11111111,0.14814815,0.0,0.041666668,0.28,0.22222222,0.14285715,0.23076923,35.600002,35.600002,35.300003,35.9,35.9,36.300003,35.9,35.600002,35.9,35.9,35.300003,35.300003,3842329,-171508,1075200,1075200,1075200,1075200,1075200,1075200,652800,1401600,1315,17,36,1420,5,19,347,19,60,951,62,64,298,25,46,311,11,35,154,16,108,374,5,55,585201,31808,177445,623955,13104,240787,274749,42323,473572,395554,164790,321714,241563,75005,367650,210243,29913,391343,254828,76604,489397,240641,6479,616965,-1.0,-1.0
1661128099440,30.869001,0.23737374,0.28,0.28,0.26923078,0.24,0.17391305,0.2173913,0.15384616,0.29166666,37.300003,37.300003,36.9,37.600002,37.600002,37.600002,37.600002,37.9,37.600002,38.300003,36.300003,36.600002,3818194,-357666,1075200,1075200,1075200,1075200,1075200,1075200,652800,1401600,1025,8,28,1158,3,28,492,0,4,682,10,20,354,2,16,419,0,3,302,0,6,373,1,11,645114,15883,191716,679310,4928,205285,637906,0,262684,665074,27994,173238,515368,8340,226023,572171,0,208568,714179,0,382076,579593,956,207938,-1.0,-1.0
1661128100518,30.865002,0.32786885,0.22727273,0.25,0.27272728,0.3043478,0.3478261,0.47619048,0.29166666,0.52,37.300003,37.300003,36.9,37.600002,37.600002,37.300003,37.300003,36.9,37.300003,37.600002,36.300003,36.9,3836879,-405884,1075200,1075200,1075200,1075200,1075200,1075200,652800,1401600,790,20,25,875,15,24,428,26,48,427,24,47,304,24,48,305,21,40,126,6,77,165,21,84,478306,51116,139069,555791,47703,171875,287978,44875,274676,298499,39633,240454,224114,47403,326822,258971,39731,258362,155037,19136,722833,113668,39571,602933,-1.0,-1.0
1661128101539,30.862001,0.33816424,0.4074074,0.29166666,0.26923078,0.28,0.20833333,0.33333334,0.24,0.64285713,36.9,36.600002,36.600002,37.300003,36.9,36.9,36.600002,36.9,37.300003,37.300003,35.9,35.9,3829288,-369568,1075200,1075200,1075200,1075200,1075200,1075200,652800,1401600,927,0,0,1038,0,0,478,58,91,559,53,60,316,47,81,349,39,100,138,19,76,154,17,83,724020,0,0,780734,0,0,350313,103000,280092,405022,80805,225589,281654,103227,276067,256542,63101,334116,128061,40068,713688,105268,43569,600764,-1.0,-1.0
1661128102614,30.862001,0.09039548,0.13636364,0.0,0.09090909,0.045454547,0.045454547,0.17391305,0.0,0.125,36.9,36.9,36.600002,36.9,36.9,36.9,36.9,36.9,37.300003,37.600002,36.300003,36.600002,3807294,-471802,1075200,1075200,1075200,1075200,1075200,1075200,652800,1401600,925,0,1,837,0,0,352,47,103,424,45,88,391,25,68,312,45,72,131,13,47,126,14,66,847828,0,585,871974,0,0,357630,99845,378378,349051,101854,404380,340879,34551,450400,315088,81792,366973,133952,44217,850075,94974,34728,674086,0.11677124183006536,0.03933333333333334
1661128103644,30.853,0.40206185,0.47826087,0.39130434,0.3181818,0.41666666,0.4347826,0.52,0.16,0.44,36.600002,36.9,36.300003,36.600002,36.600002,36.600002,36.600002,36.300003,36.9,36.9,36.300003,35.9,3829093,-298156,1075200,1075200,1075200,1075200,1075200,1075200,652800,1401600,931,16,31,974,15,33,272,39,87,260,39,79,308,31,60,144,28,51,86,14,80,87,15,78,626767,25422,133597,639025,28330,150950,243137,78148,450259,246846,58143,458807,246853,65694,501927,158715,69071,351780,96595,33716,786843,79899,37347,651074,14.104903436988543,0.216759410801964
1661128104699,30.853,0.18536586,0.16,0.07692308,0.15384616,0.2857143,0.2,0.52,0.0,0.115384616,39.300003,39.300003,38.9,39.300003,39.300003,39.600002,38.9,39.600002,39.600002,40.9,37.9,37.600002,3757467,-829163,1075200,1075200,1075200,1075200,1075200,1075200,652800,1401600,1123,0,0,1083,0,0,684,51,65,674,46,69,238,17,40,288,16,55,288,18,103,282,24,71,684260,0,0,715995,0,0,458545,78842,158181,420067,80685,208817,193044,30225,208664,235686,22195,241459,266774,60054,529918,163244,45122,397440,0.11594920634920634,0.04634920634920635
1661128105814,30.840002,0.49162012,0.36363637,0.3043478,0.5,0.3809524,0.4347826,0.8181818,0.4090909,0.6818182,38.600002,38.600002,38.300003,38.600002,38.600002,38.600002,38.300003,38.9,38.9,40.300003,36.9,36.9,3810603,-443420,1075200,1075200,1075200,1075200,1075200,1075200,652800,1401600,983,5,28,867,16,16,565,55,108,414,56,83,223,20,59,175,23,71,128,21,90,138,19,97,708931,4712,119495,699053,47700,108453,342914,115916,366254,320814,120082,314323,197813,50712,444020,156154,49325,445988,124881,49395,821015,119726,37005,598469,16.873672386895475,0.11520748829953198
1661128106900,30.859001,0.4347826,0.3043478,0.14285715,0.23809524,0.48,0.88,0.45833334,0.34615386,0.52380955,38.9,38.9,38.600002,38.9,39.600002,39.300003,38.600002,38.9,38.9,39.300003,37.9,37.9,3762527,-1026612,1075200,1075200,1075200,1075200,1075200,1075200,652800,1401600,1192,0,0,1122,0,0,625,48,89,752,37,54,271,9,11,83,0,0,318,39,131,307,22,87,723620,0,0,769439,0,0,409268,77463,214171,491549,58620,153746,182176,11749,37419,38803,0,6964,304222,90634,471797,208228,62960,369525,0.03623832528180354,0.001030595813204509
1661128107952,30.859001,0.125,0.0,0.1923077,0.125,0.125,0.1923077,0.24,0.0,0.26923078,38.600002,38.600002,38.300003,38.9,39.300003,39.300003,38.600002,38.300003,38.600002,38.600002,37.9,37.9,3809240,-458984,1075200,1075200,1075200,1075200,1075200,1075200,652800,1401600,1059,8,9,989,3,8,486,46,88,481,40,70,294,18,69,323,36,93,83,25,122,148,29,87,734348,6969,40092,742131,8176,69864,360369,86093,335054,344975,73770,268521,192157,29622,339293,251362,74326,424399,114643,70811,682299,148057,55084,480991,209.96501960784312,0.2377908496732026
1661128108989,30.872002,0.2039801,0.26086956,0.12,0.22222222,0.24,0.33333334,0.20833333,0.03846154,0.2,38.600002,38.300003,38.300003,38.300003,38.600002,37.9,37.9,38.300003,38.300003,38.600002,37.600002,37.300003,3841161,-201110,1075200,1075200,1075200,1075200,1075200,1075200,652800,1401600,878,3,3,747,0,1,548,57,97,434,68,100,450,45,63,426,49,85,256,12,59,363,14,45,708723,3750,3822,714204,0,11366,386602,93079,256718,332566,146044,281734,341937,84313,230706,331307,84760,327800,202985,30402,578479,91614,30582,339751,0.11244720496894409,0.04591304347826087
1661128110050,30.894001,0.16949153,0.0952381,0.0952381,0.13636364,0.0952381,0.3181818,0.25,0.0,0.26086956,38.9,38.9,38.300003,38.600002,38.9,38.600002,38.300003,38.600002,38.600002,38.9,37.300003,37.300003,3815079,-459289,1075200,1075200,1075200,1075200,1075200,1075200,652800,1401600,1028,5,19,1049,15,13,489,44,71,630,43,77,451,34,50,456,38,77,156,20,82,199,17,77,633591,7694,80612,741686,34436,55218,368681,69721,323197,444246,62884,255062,326820,60383,261277,352659,89361,276715,194088,63876,687451,154861,32536,428854,16.208152866242038,0.14235668789808917
1661128111083,30.907001,0.07650273,0.04347826,0.083333336,0.125,0.0,0.09090909,0.16666667,0.0,0.17391305,38.9,39.300003,38.9,38.9,39.300003,39.300003,38.600002,39.600002,39.9,40.600002,37.9,37.9,3771481,-959473,1075200,1075200,1075200,1075200,1075200,1075200,652800,1401600,1221,0,0,1439,0,0,666,41,70,709,53,50,461,29,70,619,37,72,245,16,108,221,11,74,686200,0,0,735936,0,0,445680,66115,207879,486793,92221,141743,289793,51411,292516,311758,67808,295923,270885,16454,567631,157436,16189,354855,0.11780495867768595,0.04794710743801653
1661128112098,30.926,0.13043478,0.13043478,0.125,0.08695652,0.13043478,0.0,0.2,0.0,0.375,38.9,38.600002,38.300003,38.600002,38.300003,38.600002,38.300003,38.600002,38.9,39.300003,37.9,37.600002,3830650,-225219,1075200,1075200,1075200,1075200,1075200,1075200,652800,1401600,1029,2,15,866,0,5,415,34,78,595,54,82,433,54,91,268,28,75,102,15,85,119,18,79,737496,1021,58201,750842,0,68004,316980,59243,382144,421435,119501,246933,350369,116717,305826,242685,58984,343775,125779,36259,750254,95905,54172,455781,8.67755844155844,0.12279220779220779
1661128113111,30.938002,0.32222223,0.3,0.23809524,0.3478261,0.36363637,0.39130434,0.27272728,0.17391305,0.46153846,38.600002,38.300003,37.9,38.300003,38.600002,38.300003,38.300003,38.600002,38.300003,38.600002,37.600002,37.300003,3837852,-169372,1075200,1075200,1075200,1075200,1075200,1075200,652800,1401600,1061,0,2,1009,0,0,649,44,78,448,44,89,418,49,79,442,51,75,197,31,133,178,19,79,728917,0,3105,807210,0,0,404735,76694,296754,324764,91562,385551,300546,105357,315956,321766,94771,293579,195344,54443,623875,154851,35416,391804,-1.0,-1.0
1661128114117,30.958002,0.16129032,0.17391305,0.16666667,0.17391305,0.17391305,0.08695652,0.16666667,0.17391305,0.25,38.9,38.600002,38.300003,38.9,38.9,38.9,38.600002,38.9,38.600002,39.600002,37.600002,37.600002,3777125,-369568,1075200,1075200,1075200,1075200,1075200,1075200,652800,1401600,1013,0,0,990,0,0,393,57,102,391,66,87,270,38,75,487,45,81,139,26,122,167,14,81,778434,0,0,840091,0,0,336678,112243,335533,341064,135992,285718,223124,75053,393329,253741,82012,373752,148999,76658,678091,156240,37325,416432,19.366068515497552,0.2871908646003263
1661128115137,30.977001,0.21105528,0.17391305,0.13043478,0.2,0.041666668,0.15384616,0.12,0.20833333,0.5,38.9,38.9,38.9,38.9,38.9,38.9,38.300003,38.9,39.300003,39.600002,37.9,37.600002,3761749,-1009827,1075200,1075200,1075200,1075200,1075200,1075200,652800,1401600,863,56,79,687,59,63,449,99,73,175,31,97,206,50,81,151,48,64,145,80,138,161,44,125,697797,78438,114440,671428,104147,124256,468996,199627,199646,178727,67653,634933,232217,104020,447681,157961,133669,530690,157267,217897,451374,142045,125270,441771,84.83822508038585,0.12141479099678457
1661128116179,31.012001,0.36094674,0.23809524,0.2857143,0.26086956,0.18181819,0.23809524,0.27272728,0.6,0.95238096,40.300003,39.9,39.600002,40.300003,40.600002,40.300003,39.9,40.600002,40.300003,40.9,39.600002,38.9,3738198,-1315918,1075200,1075200,1075200,1075200,1075200,1075200,652800,1401600,1199,6,6,918,3,10,679,75,67,258,52,89,181,37,88,291,58,93,909,39,160,413,41,116,842392,9671,3857,872389,6135,21822,643404,113669,128453,317883,119505,450263,258223,82711,519047,344556,117838,372890,285805,58545,374639,219476,89361,263141,347.95326315789475,0.17157894736842108
1661128117180,31.047,0.575,0.46153846,0.52,0.44,0.52,0.64285713,0.5217391,0.56,1.0,42.600002,42.300003,41.600002,42.300003,42.300003,42.300003,42.300003,43.600002,42.9,44.9,40.600002,40.300003,3732748,-1387330,1075200,1075200,1075200,1075200,1075200,1075200,652800,1401600,1248,0,0,990,0,0,704,43,42,522,49,71,499,27,69,350,46,49,3296,1,59,106,12,54,791856,0,0,763322,0,0,665403,61641,81963,523645,68327,155647,510294,41944,179184,429678,110518,123533,395246,1971,72784,75842,15347,87039,774.4734651539709,0.32829821717990276
1661128118275,31.097002,0.40804598,0.22727273,0.3181818,0.3043478,0.2857143,0.26086956,0.22727273,0.6363636,1.0,43.9,43.600002,43.300003,43.9,44.300003,44.300003,43.9,43.9,44.9,44.600002,41.600002,41.600002,3729634,-1464539,1075200,1075200,1075200,1075200,1075200,1075200,652800,1401600,1095,0,0,1029,0,0,760,16,31,688,16,38,465,18,28,598,24,25,4149,0,2,440,0,1,728130,0,0,681720,0,0,696419,14442,48864,558530,22276,45118,498258,21852,37170,461754,46912,46313,333953,0,1060,84826,0,533,600.0264398073837,0.32584269662921345
1661128119325,31.155,0.38636363,0.5,0.14285715,0.22727273,0.18181819,0.0952381,0.26086956,0.6363636,1.0,44.9,44.600002,44.300003,44.600002,45.300003,45.300003,44.9,45.600002,45.600002,47.300003,42.300003,42.300003,3698103,-1558228,1075200,1075200,1075200,1075200,1075200,1075200,652800,1401600,1156,0,0,1170,0,0,762,15,26,759,23,28,739,8,29,405,14,27,3905,0,1,198,0,0,729062,0,0,656533,0,0,690418,21289,42519,595754,29247,49861,594042,5264,31345,497865,18431,46340,323378,0,1128,23607,0,0,652.2540494233938,0.25937397034596377
1661128120335,31.215002,0.41714287,0.33333334,0.375,0.2,0.1,0.22727273,0.5,0.59090906,1.0,45.300003,45.300003,44.9,45.300003,45.300003,45.9,45.300003,46.600002,45.9,47.9,43.600002,42.9,3694988,-1472779,1075200,1075200,1075200,1075200,1075200,1075200,652800,1401600,1060,0,0,1127,0,0,728,20,33,694,23,38,783,31,31,380,25,30,4255,0,6,22,0,0,710073,0,0,747283,0,0,720633,19088,49956,636969,23770,52898,663183,34678,42386,515911,46691,54014,347433,0,3028,1471,0,0,678.7800655737706,0.26596721311475413
1661128121354,31.269001,0.42929292,0.2962963,0.2,0.26923078,0.16,0.48,0.45833334,0.6363636,0.96,45.9,45.600002,45.300003,45.600002,45.9,46.300003,45.9,47.600002,47.300003,48.600002,44.300003,43.600002,3698297,-1562195,1075200,1075200,1075200,1075200,1075200,1075200,652800,1401600,1184,0,0,1321,0,0,890,18,31,812,26,41,495,26,41,454,18,33,4859,0,0,5,0,0,744530,0,0,717890,0,0,724345,23121,40974,681827,30629,52208,595297,36306,79279,463875,28050,55777,389534,0,0,676,0,0,642.057908496732,0.2645751633986928
1661128122397,31.330002,0.3942857,0.23809524,0.14285715,0.27272728,0.0952381,0.4090909,0.29166666,0.6956522,1.0,46.300003,46.600002,45.600002,45.9,46.600002,46.9,45.600002,47.600002,46.600002,48.9,44.300003,43.9,3695961,-1565552,1075200,1075200,1075200,1075200,1075200,1075200,652800,1401600,1102,0,0,1136,0,0,743,10,23,795,13,21,558,13,28,577,15,29,5546,0,0,558,0,2,734175,0,0,822036,0,0,783707,11025,28465,706499,13518,22949,551882,13689,36136,521345,17146,35716,485974,0,0,31977,0,31,626.1750626003211,0.25579454253611555
1661128123411,31.396002,0.5265958,0.33333334,0.1904762,0.7916667,0.32,0.24,0.3478261,1.0,1.0,46.9,46.9,46.600002,47.300003,47.300003,47.300003,47.300003,48.300003,47.600002,49.600002,44.9,44.600002,3676109,-1911927,1075200,1075200,1075200,1075200,1075200,1075200,652800,1401600,1321,0,0,1233,0,0,594,12,33,565,16,22,565,19,26,602,9,27,5219,0,0,30,0,5,711046,0,0,773418,0,0,701820,15084,56392,566793,23242,50184,598819,28437,49109,627616,10536,44435,434888,0,0,10273,0,1066,621.6354712286159,0.26426127527216176
1661128124452,31.466002,0.1764706,0.0,0.041666668,0.03846154,0.0,0.04,0.24,0.0,1.0,47.300003,47.300003,46.300003,46.600002,47.300003,47.300003,46.9,48.300003,47.600002,49.9,44.9,44.600002,3702774,-1616822,1075200,1075200,1075200,1075200,1075200,1075200,652800,1401600,1017,0,0,1237,0,0,522,1,0,414,0,2,407,0,0,199,0,1,8045,0,0,83,0,1,759773,0,0,788019,0,0,823458,317,0,735099,0,2589,688513,0,0,556374,0,1098,690874,0,0,2501,0,16,-1.0,-1.0
1661128125494,31.524002,0.48087433,0.3181818,0.3043478,0.45833334,0.22727273,0.25,0.47826087,0.8095238,1.0,44.600002,44.600002,43.9,44.600002,44.9,44.9,44.600002,46.600002,45.300003,47.9,42.9,42.600002,3802817,-422058,1075200,1075200,1075200,1075200,1075200,1075200,652800,1401600,410,34,84,434,35,74,145,15,70,142,10,37,61,7,23,322,33,75,84,2,30,12,0,10,356884,84241,517466,373536,89799,463709,148625,41225,776458,124671,29055,830710,101459,17032,605710,173270,84040,616400,45200,11648,910346,7179,0,112807,-1.0,-1.0
1661128126546,31.594002,0.545,0.25,0.625,0.5,0.23076923,0.4,0.30769232,1.0,1.0,44.600002,44.9,44.300003,44.9,44.600002,44.9,44.600002,44.9,45.9,45.600002,42.9,42.9,3780239,-616760,1075200,1075200,1075200,1075200,1075200,1075200,652800,1401600,1030,1,3,1140,0,2,365,38,78,456,46,86,391,41,68,233,27,53,697,16,58,416,0,14,839301,254,2805,892097,0,1657,382352,75271,289883,508734,77252,287137,510879,80183,257388,336843,55112,321950,278404,53699,460156,94936,0,27847,463.34989677419355,0.15344516129032257
1661128127573,31.638002,0.52873564,0.2,0.65217394,0.15789473,0.13043478,0.9130435,0.16666667,1.0,1.0,46.9,46.600002,45.9,46.300003,46.600002,46.9,46.600002,47.9,47.9,49.600002,44.300003,44.300003,3712700,-1462403,1075200,1075200,1075200,1075200,1075200,1075200,652800,1401600,1630,0,0,1612,0,0,541,26,24,1469,19,20,555,20,33,376,14,21,1335,1,3,0,0,2,674379,0,0,756892,0,0,672622,42684,33035,487154,34118,58800,656130,28701,97348,493404,19909,102500,185223,465,1897,0,0,989,328.8436454121306,0.12939346811819596
1661128128585,31.673002,0.55932206,0.2857143,0.3181818,0.47619048,0.36363637,0.0952381,0.8636364,1.0,1.0,46.9,46.9,46.300003,46.600002,46.9,47.600002,46.9,48.600002,48.300003,49.9,44.600002,44.600002,3692263,-1604005,1075200,1075200,1075200,1075200,1075200,1075200,652800,1401600,2626,0,0,745,0,0,1109,4,8,306,6,11,2344,4,3,502,8,9,9,0,4,3,0,2,710387,0,0,659105,0,0,794155,3903,8839,761542,13637,42194,644800,5743,2938,718655,10576,19661,1557,0,3187,59,0,1075,295.38857507987217,0.11706070287539937
1661128129588,31.721,0.45251396,0.42857143,0.3043478,0.3043478,0.5,0.24,0.25,0.77272725,1.0,47.300003,47.600002,46.9,47.300003,47.600002,47.9,47.600002,48.9,48.600002,50.600002,44.9,45.300003,3686814,-1600648,1075200,1075200,1075200,1075200,1075200,1075200,652800,1401600,1699,0,0,2944,0,0,571,14,10,285,9,21,401,4,8,209,3,21,744,0,5,0,0,0,803489,0,0,675476,0,0,659635,34733,14317,738094,10271,38410,623528,4002,22748,671378,4577,74662,118869,0,3417,0,0,0,323.5032430668842,0.12580750407830343
1661128130601,31.778002,0.5574713,0.26086956,0.6666667,0.18181819,0.27272728,0.6363636,0.45,1.0,1.0,47.9,48.300003,47.300003,47.9,48.300003,48.300003,48.600002,49.600002,49.600002,50.9,45.9,45.300003,3721848,-1487427,1075200,1075200,1075200,1075200,1075200,1075200,652800,1401600,1272,0,0,3639,0,0,595,17,23,328,17,17,666,30,35,194,10,24,436,0,7,0,0,0,723318,0,0,692508,0,0,678801,30454,29801,591325,24346,44144,655713,46556,58930,548482,24682,88569,98503,0,2497,0,0,0,361.00545454545454,0.13662337662337662
1661128131629,31.842001,0.555,0.25,0.45833334,0.32,0.5185185,0.44,0.4347826,1.0,1.0,48.600002,48.300003,47.9,48.300003,48.600002,48.600002,48.600002,49.9,49.600002,51.600002,46.600002,46.300003,3697129,-1562806,1075200,1075200,1075200,1075200,1075200,1075200,652800,1401600,891,0,0,1508,0,0,1703,10,13,1007,7,6,2272,1,3,414,10,8,16,0,4,1,0,2,681389,0,0,708308,0,0,746240,11960,20556,704399,7648,23250,714181,543,2683,764936,22835,27435,1719,0,1764,6,0,548,331.2896796267496,0.127900466562986
1661128132670,31.902002,0.5352941,0.1,0.23809524,0.90909094,0.57894737,0.45,0.14285715,0.77272725,1.0,48.9,48.9,48.300003,49.300003,49.300003,48.9,48.9,50.600002,49.600002,51.9,46.600002,46.300003,3702968,-1524048,1075200,1075200,1075200,1075200,1075200,1075200,652800,1401600,5034,0,0,993,0,0,549,8,23,304,15,12,495,17,28,672,15,20,60,1,4,2,0,0,744510,0,0,730663,0,0,695816,9230,48403,624672,30215,23012,649139,21382,32248,626986,24631,49488,14620,489,2283,12,0,0,327.6654409937888,0.12372670807453415
1661128133676,31.963001,0.4852941,0.2,0.24,0.6,0.2,0.48,0.15384616,1.0,1.0,48.9,49.300003,48.300003,49.300003,49.600002,49.600002,49.300003,50.600002,49.600002,51.9,46.9,46.600002,3719513,-1403504,1075200,1075200,1075200,1075200,1075200,1075200,652800,1401600,3878,0,0,1146,0,0,508,13,14,414,15,25,401,6,15,215,11,10,660,0,6,0,0,0,771531,0,0,828065,0,0,708679,14618,24651,614630,20558,56328,627603,6166,59422,651173,16466,20882,145188,0,2331,0,0,0,434.03469206349206,0.16152380952380951
1661128134704,32.039,0.57425743,0.33333334,0.45833334,0.46153846,0.6296296,0.20833333,0.48,1.0,1.0,49.300003,48.9,48.600002,48.9,49.600002,49.9,49.600002,50.9,50.9,52.600002,47.300003,46.9,3688955,-1652528,1075200,1075200,1075200,1075200,1075200,1075200,652800,1401600,1961,0,0,1171,0,0,3585,0,0,335,5,8,392,3,14,828,3,8,10,0,3,4,0,1,751332,0,0,868865,0,0,639369,0,0,706090,7513,22555,699469,3401,45415,709598,9636,17684,1967,0,1190,94,0,16,329.84038523274484,0.12276083467094703
1661128135716,32.115,0.5494506,0.5416667,0.6956522,0.3043478,0.5,0.18181819,0.0952381,1.0,1.0,49.9,49.600002,49.300003,49.9,50.300003,49.9,50.300003,51.600002,51.300003,53.300003,47.600002,47.300003,3690317,-1588135,1075200,1075200,1075200,1075200,1075200,1075200,652800,1401600,4105,0,0,1018,0,0,1348,16,28,602,21,20,509,18,20,374,6,21,6,1,6,2,0,0,740388,0,0,720797,0,0,654913,22456,48877,778862,31341,39218,723547,25055,43899,569434,10190,55268,1289,885,3093,16,0,0,325.144198757764,0.12422360248447205
1661128136735,32.188,0.4888889,0.5217391,0.3478261,0.29166666,0.4090909,0.4347826,0.13636364,0.8636364,1.0,50.600002,50.9,50.300003,50.9,51.300003,50.9,50.9,51.600002,51.9,53.600002,48.600002,48.300003,3682337,-1732484,1075200,1075200,1075200,1075200,1075200,1075200,652800,1401600,2553,0,0,1422,0,0,1478,1,2,822,2,8,611,6,10,260,4,9,605,1,8,7,0,0,689020,0,0,655851,0,0,763290,1405,657,700579,3652,8708,633840,3570,14245,628884,3625,26628,50617,23,3423,235,0,0,663.4155967479675,0.254959349593496
1661128137736,32.258003,0.4457143,0.1904762,0.1904762,0.1904762,0.27272728,0.3181818,0.3181818,1.0,1.0,50.9,50.9,50.300003,50.600002,51.300003,50.9,50.300003,52.300003,51.300003,53.600002,48.600002,48.300003,3662289,-1842652,1075200,1075200,1075200,1075200,1075200,1075200,652800,1401600,1073,0,0,1292,0,0,684,7,8,724,9,6,433,12,13,291,6,14,6273,0,0,74,0,1,684858,0,0,783425,0,0,782366,6867,15907,602414,14151,11784,607697,27873,34099,677040,12341,29821,524196,0,0,3339,0,15,666.0780530421216,0.2620904836193448
1661128138776,32.335003,0.25433525,0.04761905,0.05,0.0,0.3478261,0.0952381,0.0952381,0.65,0.6818182,51.300003,50.9,50.300003,50.9,50.9,50.9,50.600002,52.600002,51.600002,53.600002,49.300003,48.600002,3669491,-1669007,1075200,1075200,1075200,1075200,1075200,1075200,652800,1401600,1376,0,0,1382,0,0,793,9,8,524,10,15,325,7,13,580,6,16,6334,0,0,9,0,0,839067,0,0,864946,0,0,853839,13520,7348,690024,12722,19139,657800,13308,30496,622005,4153,24408,509096,0,0,5861,0,0,465.7761493001555,0.18413685847589423
1661128139797,32.405003,0.25274727,0.18181819,0.18181819,0.0952381,0.22727273,0.2173913,0.09090909,0.045454547,0.9166667,49.600002,49.600002,48.9,49.600002,50.300003,50.300003,49.600002,51.9,50.300003,53.300003,47.9,47.600002,3806321,-311279,1075200,1075200,1075200,1075200,1075200,1075200,652800,1401600,838,3,11,889,1,6,573,16,29,348,26,32,462,15,21,284,12,33,3219,0,11,7,1,3,723272,7222,30434,775832,1142,49948,613560,23527,166039,516773,75070,109756,586869,22178,78681,548524,31476,111166,371318,0,238507,97036,374,33955,-1.0,-1.0
1661128140800,32.478,0.46889952,0.23076923,0.17391305,0.25925925,0.4814815,0.42307693,0.33333334,0.76,1.0,48.600002,49.300003,48.300003,48.600002,48.9,48.9,48.9,50.600002,49.600002,51.9,46.600002,46.600002,3800676,-448608,1075200,1075200,1075200,1075200,1075200,1075200,652800,1401600,954,12,25,991,1,9,470,30,68,249,17,54,376,24,34,291,12,50,181,9,75,71,0,7,689489,30771,112563,675703,291,171699,489155,59474,339909,426000,37519,369310,401991,56753,313668,425651,18782,371321,238812,33232,574034,28035,0,31546,491.1324292379471,0.20867185069984448
1661128141850,32.538002,0.48958334,0.25,0.5217391,0.27272728,0.2,0.2173913,0.44,1.0,1.0,50.300003,50.300003,49.600002,50.300003,50.600002,51.300003,50.600002,51.600002,51.600002,53.300003,47.9,47.9,3702774,-1532593,1075200,1075200,1075200,1075200,1075200,1075200,652800,1401600,1012,0,0,1276,0,0,504,21,26,511,19,46,531,20,16,374,15,33,3321,6,14,987,0,1,717183,0,0,832206,0,0,598675,46470,49675,583320,28228,100541,534125,38544,34733,398317,25099,165023,317445,7622,23833,174133,0,462,402.7938691588785,0.1450467289719626
1661128142876,32.58,0.4563107,0.5,0.26923078,0.22222222,0.48,0.041666668,0.08,1.0,1.0,51.300003,51.300003,50.600002,50.9,51.300003,51.300003,51.300003,52.600002,52.300003,53.9,48.9,48.600002,3677276,-1663819,1075200,1075200,1075200,1075200,1075200,1075200,652800,1401600,973,0,0,933,0,0,2002,1,0,608,12,23,945,13,20,359,6,18,1106,2,8,466,2,7,543935,0,0,571434,0,0,646299,0,0,643493,20395,50630,475183,15911,40213,398619,7283,46422,160627,2141,10601,28076,432,8401,343.7810762052877,0.12889580093312597
1661128143928,32.640003,0.56,0.29166666,0.3478261,0.2,0.6666667,0.59090906,0.25,1.0,1.0,51.300003,50.600002,50.300003,50.600002,50.600002,50.9,50.9,52.600002,51.600002,53.9,48.9,48.600002,3690317,-1584473,1075200,1075200,1075200,1075200,1075200,1075200,652800,1401600,2694,0,0,988,0,0,685,5,10,432,2,8,282,11,13,298,7,11,1670,3,4,1,0,1,594952,0,0,802688,0,0,771202,6160,9860,676030,1689,23695,655846,21615,25304,743514,10425,28382,404789,928,1982,0,0,16,289.8501674876847,0.12085385878489327
1661128144932,32.707,0.48369566,0.27272728,0.22727273,0.4090909,0.5416667,0.2857143,0.28,0.8,1.0,51.300003,51.300003,50.600002,51.300003,51.600002,51.600002,51.9,52.9,52.600002,54.600002,49.300003,48.9,3694794,-1611329,1075200,1075200,1075200,1075200,1075200,1075200,652800,1401600,981,0,0,2681,0,0,547,8,14,1659,15,14,340,11,33,351,8,17,656,0,0,0,0,0,798545,0,0,748139,0,0,695594,10473,26499,597261,26441,23330,488667,12535,68543,652384,14238,55733,148696,0,0,0,0,0,272.22300311526476,0.10566978193146417
1661128145949,32.761,0.64851487,0.76,0.2857143,0.64,0.17391305,0.34615386,0.84,1.0,1.0,51.600002,51.600002,51.300003,51.9,52.300003,52.300003,51.9,53.300003,52.9,54.600002,49.300003,49.300003,3699076,-1455689,1075200,1075200,1075200,1075200,1075200,1075200,652800,1401600,1329,0,0,1491,0,0,437,14,15,245,10,9,442,5,20,239,11,18,2287,0,4,0,0,1,845320,0,0,802196,0,0,605500,24041,37514,578637,10930,24585,482294,7287,55283,641776,26656,55086,523475,0,2806,0,0,537,321.28167885532594,0.12667726550079492
1661128146978,32.84,0.48351648,0.39130434,0.2173913,0.36363637,0.18181819,0.29166666,0.41666666,0.9583333,1.0,51.600002,51.9,51.300003,51.9,51.9,52.300003,52.300003,53.600002,53.300003,54.9,49.600002,49.300003,3687592,-1636048,1075200,1075200,1075200,1075200,1075200,1075200,652800,1401600,1509,0,0,3445,0,0,728,0,0,308,0,0,605,0,0,148,0,0,119,0,8,1,0,0,827133,0,0,747196,0,0,743024,0,0,786538,0,0,741546,0,0,544521,0,0,4027,0,3262,8,0,0,320.15367145135565,0.12401913875598086
1661128148013,32.91,0.6315789,0.3478261,0.5,0.45454547,0.6,0.7916667,0.3846154,0.96,1.0,52.300003,52.300003,51.9,52.600002,52.600002,52.600002,52.600002,54.300003,53.600002,55.600002,49.9,49.9,3690317,-1672059,1075200,1075200,1075200,1075200,1075200,1075200,652800,1401600,3035,0,0,980,0,0,769,19,25,1128,21,29,1192,11,22,758,19,38,260,0,6,0,0,0,681466,0,0,736854,0,0,580718,26829,43345,696608,25758,36568,590355,24476,86446,580793,21667,61509,59092,0,3589,6,0,0,319.1674191419142,0.11881188118811882
1661128149019,32.964,0.56852794,0.41666666,0.3846154,0.7407407,0.29166666,0.32,0.5,0.92,1.0,52.600002,52.600002,52.600002,52.600002,53.300003,53.300003,53.300003,54.300003,53.9,55.9,50.300003,50.300003,3673773,-1736451,1075200,1075200,1075200,1075200,1075200,1075200,652800,1401600,3134,0,0,807,0,0,988,0,0,860,0,0,486,0,0,798,0,0,110,0,4,3,0,0,705461,0,0,631192,0,0,599599,0,0,509036,0,0,593790,0,0,649008,0,0,23214,0,1916,14,0,0,359.1109677419355,0.1341935483870968
1661128150052,33.044003,0.57360405,0.34615386,0.39130434,0.36,0.32,0.72727275,0.4347826,1.0,1.0,52.600002,52.600002,52.300003,52.600002,52.9,52.9,52.9,54.600002,54.300003,56.300003,50.300003,50.300003,3676303,-1673585,1075200,1075200,1075200,1075200,1075200,1075200,652800,1401600,2200,0,0,946,0,0,640,3,6,693,5,15,424,2,13,1481,4,10,842,2,7,498,0,6,666718,0,0,587468,0,0,582982,4738,6528,590170,5398,32615,525330,1701,47726,622137,2166,24125,92701,45,3342,108482,0,3849,485.43968524590167,0.18255737704918032
1661128151063,33.117,0.56084657,1.0,0.27272728,0.2173913,0.16666667,0.59090906,0.17391305,1.0,1.0,53.300003,52.9,52.300003,52.9,53.300003,53.600002,53.300003,54.9,54.300003,56.300003,50.9,50.600002,3665014,-1907044,1075200,1075200,1075200,1075200,1075200,1075200,652800,1401600,1362,0,0,1335,0,0,563,8,15,520,15,10,1636,6,12,892,8,19,2459,0,1,1,0,1,610327,0,0,696326,0,0,575771,14506,25985,562679,32174,24886,513405,10277,29904,483594,9381,35826,235427,0,564,26,0,519,344.7073977812995,0.13134706814580033
1661128152072,33.190002,0.5177665,0.24,0.2962963,0.68,0.24,0.53846157,0.24,0.95652175,1.0,52.9,52.9,52.600002,53.300003,53.600002,53.9,53.600002,54.9,54.600002,56.300003,50.600002,50.300003,3666961,-1690064,1075200,1075200,1075200,1075200,1075200,1075200,652800,1401600,1262,0,0,3394,0,0,651,1,3,666,2,1,438,2,9,902,5,4,67,0,4,5,1,3,667832,0,0,677664,0,0,707175,0,9428,689023,0,0,713317,5089,8987,701294,13912,7403,14822,0,2241,189,319,1048,603.3164532019705,0.23592775041050904
1661128153076,33.260002,0.37878788,0.2,0.24,0.23076923,0.16,0.20833333,0.24,0.96,0.8333333,53.600002,53.9,53.300003,53.300003,53.600002,53.9,53.600002,54.9,53.9,56.300003,51.300003,50.9,3661705,-1807862,1075200,1075200,1075200,1075200,1075200,1075200,652800,1401600,1146,0,0,1254,0,0,702,9,18,738,14,17,448,13,17,492,12,24,5184,1,2,39,0,0,712428,0,0,749467,0,0,723517,10570,19164,643545,12852,26493,481465,13616,28368,542992,10806,46522,437678,23,3506,1448,0,0,455.4871,0.231
1661128154103,33.359,0.19806764,0.0,0.083333336,0.0,0.071428575,0.11111111,0.26923078,0.0,1.0,53.9,53.600002,53.300003,53.600002,53.300003,53.600002,53.300003,54.9,54.300003,56.300003,51.300003,50.9,3677276,-1596070,1075200,1075200,1075200,1075200,1075200,1075200,652800,1401600,1027,4,9,1111,7,9,640,16,35,831,26,34,589,14,29,301,11,29,4378,3,19,39,0,18,761407,3157,19620,780004,8932,8740,696389,32355,70586,642022,43843,61281,618409,21960,109868,506560,18813,120822,415080,7936,113442,31454,0,98373,306.5206728971962,0.16
1661128155154,33.416,0.42222223,0.36363637,0.4347826,0.3181818,0.3181818,0.2857143,0.3181818,0.25,0.95652175,51.300003,51.300003,50.600002,51.300003,51.600002,51.600002,51.300003,53.600002,51.9,55.300003,49.600002,49.300003,3800482,-638428,1075200,1075200,1075200,1075200,1075200,1075200,652800,1401600,708,7,25,850,8,19,430,18,44,274,20,40,438,16,41,274,21,51,2109,24,62,13,4,9,735590,11564,85694,782610,24337,97669,634504,19385,264937,554160,39499,292938,569022,39509,147266,460213,39788,217838,279609,59909,460352,14068,9774,67657,-1.0,-1.0
1661128156189,33.486,0.5945946,0.36363637,0.26086956,0.17391305,0.6086956,0.95454544,0.41666666,0.875,1.0,51.9,51.9,51.600002,52.300003,52.600002,52.9,51.9,53.300003,52.9,54.9,49.600002,49.600002,3685062,-1537171,1075200,1075200,1075200,1075200,1075200,1075200,652800,1401600,961,0,0,1029,0,0,714,33,75,556,50,53,364,37,66,294,13,49,867,37,75,132,0,15,661288,0,0,690637,0,0,510630,59569,232279,488012,103176,158802,375606,72740,280657,304984,22285,359421,278506,97372,371266,39497,0,28230,594.0404223602485,0.25888198757763975
1661128157235,33.537003,0.43783784,0.4347826,0.1904762,0.2,0.3478261,0.3043478,0.18181819,1.0,0.6363636,52.9,52.9,52.300003,53.300003,52.9,52.9,52.600002,53.9,53.300003,55.9,50.600002,50.300003,3677860,-1712952,1075200,1075200,1075200,1075200,1075200,1075200,652800,1401600,978,0,0,1073,0,0,627,1,2,450,0,0,193,0,3,257,0,1,7668,1,0,192,0,0,756365,0,0,745943,0,0,761781,565,649,611697,0,0,268348,0,1979,515231,0,430,673637,24,0,31335,0,0,639.7425919003115,0.25271028037383175
1661128158263,33.588,0.5555556,0.65384614,0.5217391,0.33333334,0.36363637,0.18518518,0.44444445,0.88461536,1.0,53.300003,53.600002,52.9,53.600002,54.300003,53.9,53.600002,54.9,54.600002,56.600002,50.9,50.9,3703358,-1401978,1075200,1075200,1075200,1075200,1075200,1075200,652800,1401600,1541,0,0,1557,0,0,840,10,15,614,19,21,394,9,24,256,16,25,3832,0,1,512,0,0,633907,0,0,755292,0,0,687681,13902,21352,552935,27273,53079,595409,17499,66741,441101,21140,50744,317912,0,578,96743,0,0,304.62566718507,0.1249144634525661
1661128159306,33.645,0.5416667,0.25,0.5,0.84,0.20833333,0.25,0.32,1.0,1.0,53.600002,53.300003,52.600002,53.300003,53.9,53.600002,52.9,54.9,53.9,56.600002,50.9,50.9,3679223,-1715394,1075200,1075200,1075200,1075200,1075200,1075200,652800,1401600,868,0,0,1422,0,0,866,15,21,1146,8,9,1402,6,9,914,10,22,530,0,3,4,0,0,600771,0,0,699349,0,0,655072,19693,27605,611133,14041,26917,689114,11422,20281,596310,17638,85298,126644,0,1744,81,0,0,273.1804560260586,0.10423452768729642
1661128160331,33.696003,0.49456522,0.22727273,0.33333334,0.39130434,0.5217391,0.27272728,0.25,1.0,1.0,53.300003,53.600002,53.300003,53.300003,53.600002,53.9,54.300003,55.300003,54.9,56.9,51.300003,51.300003,3662484,-1838685,1075200,1075200,1075200,1075200,1075200,1075200,652800,1401600,1409,5,8,1609,3,3,416,9,18,889,20,22,337,13,25,422,11,23,1474,0,0,0,0,0,643344,5229,12049,696554,3277,4787,542674,11645,39634,574321,34321,74777,536242,21203,110606,632208,26616,86141,333430,0,0,0,0,0,283.9729271523179,0.10860927152317881
1661128161341,33.769,0.53960395,0.46153846,0.25,0.64,0.65384614,0.18518518,0.12,1.0,1.0,54.300003,53.9,53.300003,54.300003,53.9,54.9,54.300003,55.300003,55.600002,57.300003,51.600002,51.600002,3665209,-1767884,1075200,1075200,1075200,1075200,1075200,1075200,652800,1401600,1162,0,0,975,0,0,599,1,2,1049,1,3,645,0,1,482,1,1,2103,0,2,2,0,0,658221,0,0,721600,0,0,697473,621,1729,659155,1116,8485,583100,0,697,715197,1240,4696,431525,0,1253,48,0,0,332.78775738724727,0.1214307931570762
1661128162385,33.839,0.46448088,0.22727273,0.3809524,0.5,0.375,0.17391305,0.04761905,0.92,1.0,54.600002,54.300003,53.600002,53.600002,53.9,53.9,53.9,55.600002,54.300003,56.9,51.9,51.600002,3683310,-1596680,1075200,1075200,1075200,1075200,1075200,1075200,652800,1401600,1312,0,0,1048,0,0,552,2,6,609,5,4,548,2,4,2233,0,3,831,0,4,2,0,0,600368,0,0,788580,0,0,720232,2033,3879,673839,6395,8804,599522,1615,8716,704257,0,10096,218819,0,2243,10,0,0,286.24345662847793,0.10935515548281506
1661128163405,33.893,0.47692308,0.20833333,0.20833333,0.29166666,0.46153846,0.04347826,0.5416667,1.0,1.0,54.600002,54.600002,53.600002,54.600002,54.300003,54.9,54.9,56.300003,55.9,57.600002,51.9,51.600002,3699660,-1424561,1075200,1075200,1075200,1075200,1075200,1075200,652800,1401600,1292,5,14,961,7,8,431,20,40,1301,14,30,510,26,41,507,24,37,1745,0,4,3,0,0,757534,4478,23701,668046,5962,5427,536447,23536,106538,554184,20469,60921,502268,58576,128145,554398,31563,68517,383289,0,1459,53,0,0,357.7451282051282,0.14
1661128164417,33.963,0.48514852,0.04347826,0.23076923,0.18518518,0.04,0.34615386,0.96,1.0,1.0,54.9,54.9,54.300003,54.9,55.600002,55.600002,54.9,56.300003,56.300003,57.9,52.600002,51.9,3683115,-1623841,1075200,1075200,1075200,1075200,1075200,1075200,652800,1401600,951,0,0,1214,0,0,1514,1,2,573,6,8,342,6,5,753,1,0,3241,0,6,4,0,0,744473,0,0,842713,0,0,611372,291,2568,733227,7387,19416,692405,12320,7242,454859,649,0,305103,0,3124,97,0,0,312.1792315270936,0.11559934318555008
1661128165413,34.030003,0.56345177,0.73913044,0.5217391,0.56,0.25,0.2,0.2,1.0,1.0,54.300003,54.9,53.9,54.600002,54.600002,54.600002,54.300003,56.300003,55.300003,57.600002,51.9,52.300003,3687203,-1618958,1075200,1075200,1075200,1075200,1075200,1075200,652800,1401600,1283,0,0,1036,0,0,286,7,10,414,4,8,1180,7,15,158,1,5,2086,0,3,0,0,0,814230,0,0,820056,0,0,569598,12622,37571,728767,6998,19333,516839,8892,39623,330418,805,26763,481750,0,4560,0,0,0,257.7318260869565,0.10335403726708074
1661128166433,34.087,0.55445546,0.5555556,0.32,0.68,0.2,0.375,0.5217391,0.7916667,1.0,55.300003,55.300003,54.9,54.9,55.600002,55.600002,55.300003,56.600002,56.600002,58.600002,52.600002,52.600002,3644967,-2013246,1075200,1075200,1075200,1075200,1075200,1075200,652800,1401600,2493,0,0,1140,0,0,794,4,9,1098,5,3,596,1,8,324,4,6,576,0,13,4,0,0,542909,0,0,614129,0,0,619224,2363,14003,690518,4975,2606,586159,375,18203,568017,4324,7730,129640,0,11351,25,0,0,286.4394285714286,0.11272727272727273
1661128167459,34.163002,0.5026738,0.2173913,0.26086956,0.88,0.22727273,0.20833333,0.16666667,1.0,1.0,54.600002,54.600002,54.300003,54.9,55.300003,55.600002,55.300003,56.9,56.600002,58.600002,52.600002,52.300003,3676498,-1800233,1075200,1075200,1075200,1075200,1075200,1075200,652800,1401600,1715,0,1,1932,0,1,569,7,16,511,9,8,316,10,13,470,14,20,1640,0,2,4,0,0,729477,0,504,823088,0,2630,675737,10940,29494,550827,7711,13528,679412,15395,49007,498495,22615,51608,358510,0,1016,43,0,0,461.44574102964117,0.18121684867394694
1661128168486,34.221,0.24864864,0.13636364,0.16666667,0.09090909,0.16,0.17391305,0.04761905,0.45833334,0.6666667,55.300003,55.300003,54.600002,55.300003,55.300003,55.300003,55.300003,56.600002,55.600002,58.300003,52.9,52.600002,3686035,-1706239,1075200,1075200,1075200,1075200,1075200,1075200,652800,1401600,2019,3,5,1045,3,6,675,1,3,288,1,2,226,2,5,439,3,5,6390,0,0,2,0,0,827976,1990,6837,858811,3244,7258,776317,2159,8927,684840,429,16756,706191,4703,18577,781424,7133,8786,581422,0,0,157,0,0,609.0656547433903,0.2518195956454121
1661128169498,34.284,0.35106382,0.3181818,0.26086956,0.09090909,0.33333334,0.26086956,0.26923078,0.3478261,0.875,54.600002,54.300003,54.600002,54.300003,54.600002,54.300003,53.9,55.9,54.300003,57.600002,52.600002,52.300003,3778098,-527954,1075200,1075200,1075200,1075200,1075200,1075200,652800,1401600,1150,0,8,1145,1,7,769,8,29,611,21,39,452,15,27,784,25,32,3304,0,4,24,0,7,738041,4153,22517,682975,16,44149,652011,17493,67302,625463,53582,99529,586148,23394,86091,643306,55468,85413,267914,0,77712,9609,0,71082,-1.0,-1.0
1661128170533,34.354,0.47761193,0.17391305,0.5769231,0.44444445,0.28,0.1923077,0.16,1.0,1.0,52.9,52.9,52.300003,52.9,52.9,53.600002,52.9,54.9,53.9,56.600002,50.9,50.9,3714841,-1376954,1075200,1075200,1075200,1075200,1075200,1075200,652800,1401600,977,20,37,926,4,9,402,34,54,303,52,106,460,21,44,334,23,48,178,4,60,45,0,6,599212,53100,214542,575297,12907,290016,362683,66008,515626,396511,107777,375027,313181,39991,482040,362911,41211,441431,272084,10767,746426,16590,0,31147,461.9027309486781,0.1567651632970451
1661128171555,34.396,0.5314286,0.14285715,0.1904762,0.22727273,0.47619048,0.61904764,0.54545456,1.0,1.0,54.300003,54.600002,53.9,54.300003,54.300003,54.600002,54.600002,55.600002,55.300003,57.600002,51.9,51.600002,3681753,-1525880,1075200,1075200,1075200,1075200,1075200,1075200,652800,1401600,2332,0,0,901,0,0,589,19,28,440,50,36,515,36,39,302,10,18,236,0,3,1688,0,0,789586,0,0,667463,0,0,664430,24664,46106,564980,83677,88399,597874,57983,88618,418344,14245,61977,47112,0,9391,311864,0,0,328.9863411580595,0.1256964006259781
1661128172571,34.453003,0.5780347,0.3,0.5652174,0.45454547,0.95454544,0.18181819,0.13636364,1.0,1.0,54.600002,54.600002,53.600002,54.600002,54.600002,54.600002,54.600002,56.600002,55.9,58.300003,52.300003,52.300003,3687008,-1645203,1075200,1075200,1075200,1075200,1075200,1075200,652800,1401600,1253,0,0,1456,0,0,705,1,4,734,3,4,1920,4,6,1424,0,0,5,0,4,63,0,0,684038,0,0,676627,0,0,727240,2245,6258,633980,4602,14085,661003,2804,10966,619226,0,0,2816,0,2763,1643,0,0,312.4542377179081,0.12221870047543582
1661128173574,34.485,0.47398844,0.45,0.23809524,0.33333334,0.1904762,0.36363637,0.14285715,1.0,1.0,54.9,54.600002,54.300003,54.600002,54.9,54.9,55.300003,56.600002,55.9,57.9,52.600002,52.300003,3664430,-1662904,1075200,1075200,1075200,1075200,1075200,1075200,652800,1401600,1914,0,0,773,0,1,1911,1,1,220,1,4,754,1,0,1692,2,7,348,0,5,4,0,0,760606,0,0,725226,0,761,752461,895,785,744113,1103,7095,683993,1042,0,684015,2912,17649,37623,0,3158,214,0,0,302.5272380952381,0.11885714285714286
1661128174579,34.555,0.5698324,0.1904762,0.5217391,0.27272728,0.5416667,0.6666667,0.3478261,1.0,1.0,55.300003,55.300003,54.9,55.300003,55.600002,55.9,55.9,57.300003,56.9,58.9,52.9,52.600002,3691874,-1448365,1075200,1075200,1075200,1075200,1075200,1075200,652800,1401600,786,0,0,2173,0,0,2047,16,15,541,21,17,296,7,26,384,10,29,639,0,4,0,0,0,626042,0,0,723905,0,0,674912,21388,18520,693121,31625,30596,568574,13225,53509,608689,16634,52265,135707,0,1488,0,0,0,329.6633981191223,0.12338557993730408
1661128175580,34.615,0.5433526,0.23809524,0.5,0.23809524,0.1904762,0.27272728,0.85714287,1.0,1.0,55.600002,55.300003,54.600002,54.9,55.300003,55.600002,55.9,57.600002,56.600002,58.9,52.9,52.600002,3680585,-1654969,1075200,1075200,1075200,1075200,1075200,1075200,652800,1401600,782,0,0,3299,0,0,634,10,23,501,12,13,1590,6,11,542,8,23,43,0,8,3,0,0,725726,0,0,728705,0,0,717651,13408,28179,628396,25041,48067,647876,8463,26728,598511,3302,47472,1689,0,2914,64,0,0,316.53775975038997,0.12230889235569423
1661128176587,34.663002,0.59799,0.32,0.5,0.36,0.6,0.3043478,0.6296296,1.0,1.0,55.600002,55.600002,54.600002,55.300003,55.9,55.9,56.300003,57.300003,57.300003,59.300003,53.300003,52.9,3686424,-1581116,1075200,1075200,1075200,1075200,1075200,1075200,652800,1401600,1139,0,0,2875,0,0,587,9,5,889,4,11,540,7,12,1124,8,14,114,1,7,3,0,0,667556,0,0,700112,0,0,763514,12358,10128,666416,9135,19913,643338,14794,46024,658299,9816,21220,25209,463,2869,269,0,0,326.4939097978227,0.12889580093312597
1661128177609,34.726,0.5388889,0.33333334,0.44,0.18181819,0.61904764,0.5416667,0.16666667,1.0,1.0,55.9,55.9,54.9,55.9,56.300003,55.9,55.9,57.600002,57.300003,59.300003,53.300003,53.300003,3677666,-1671143,1075200,1075200,1075200,1075200,1075200,1075200,652800,1401600,891,0,0,3340,0,0,682,6,16,1625,2,7,382,8,11,530,8,21,19,1,3,1,0,0,749888,0,0,685729,0,0,733900,5244,25421,733789,5218,15350,618312,6420,21073,590896,7392,24182,3359,22,606,576,0,0,329.2468055987558,0.13088646967340592
1661128178616,34.79,0.5049505,0.20833333,0.24,0.92,0.12,0.32,0.2,1.0,1.0,55.9,55.9,55.300003,55.600002,55.9,56.300003,55.9,57.9,57.300003,58.9,53.300003,53.300003,3660343,-1709595,1075200,1075200,1075200,1075200,1075200,1075200,652800,1401600,1717,0,0,2652,0,0,592,5,5,1473,1,5,297,4,2,698,2,6,39,0,5,2,0,0,808885,0,0,761883,0,0,784592,7406,6006,758935,3552,9812,517376,5891,2618,772651,2423,9822,1282,0,1287,119,0,0,317.55018121911036,0.1212520593080725
1661128179622,34.844,0.45,0.13043478,0.13636364,0.27272728,0.14285715,0.13043478,0.8095238,1.0,1.0,56.300003,56.600002,55.9,56.300003,56.600002,56.9,56.600002,57.9,57.600002,59.600002,53.9,53.600002,3659564,-1812135,1075200,1075200,1075200,1075200,1075200,1075200,652800,1401600,2143,0,0,951,0,0,748,7,15,899,12,16,402,15,28,2207,9,19,271,0,8,1,0,1,622343,0,0,726796,0,0,610508,4749,19748,690515,11063,24671,568064,22760,64311,646122,15052,55485,46384,0,4891,510,0,796,314.14252631578944,0.11894736842105263
1661128180624,34.898003,0.39411765,0.22727273,0.25,0.27272728,0.1904762,0.05,0.23809524,0.85714287,1.0,55.9,56.300003,55.300003,55.9,56.600002,56.600002,56.300003,57.9,57.300003,59.300003,53.9,53.600002,3692653,-1481019,1075200,1075200,1075200,1075200,1075200,1075200,652800,1401600,1348,0,0,938,0,0,1633,13,20,473,9,21,212,1,13,297,2,4,1492,0,5,9,0,2,737799,0,0,771742,0,0,664048,21248,42652,658035,10862,41555,608498,1208,48153,436955,5071,8884,367470,0,2878,1341,0,526,336.3389952,0.132096
1661128181654,34.952003,0.3257143,0.2173913,0.14285715,0.15789473,0.05,0.25,0.17391305,0.7619048,0.7619048,56.600002,56.9,55.9,56.600002,56.9,56.9,56.9,58.300003,57.9,59.9,53.9,53.9,3668323,-1675416,1075200,1075200,1075200,1075200,1075200,1075200,652800,1401600,3155,0,0,1288,0,0,710,6,9,504,7,4,410,1,9,339,0,10,2859,0,1,8,0,1,758681,0,0,657620,0,0,751775,5002,12862,682914,8808,5923,716908,1467,26047,700230,0,41139,268434,0,600,768,0,15,628.8706904376013,0.2499837925445705
1661128182654,35.010002,0.31137726,0.15,0.18181819,0.27272728,0.14285715,0.33333334,0.05,0.59090906,0.8181818,56.9,56.9,55.9,56.9,57.300003,57.300003,56.9,58.300003,57.9,59.9,54.600002,53.9,3667155,-1595460,1075200,1075200,1075200,1075200,1075200,1075200,652800,1401600,1327,0,0,1209,0,0,793,10,23,501,8,26,549,21,18,345,10,24,4745,0,0,272,0,1,812510,0,0,796197,0,0,724343,10918,44876,735589,10681,39353,682345,26309,39754,555053,15538,51031,407421,0,0,47382,0,710,473.788283464567,0.20409448818897635
1661128183659,35.074,0.24277456,0.0,0.14285715,0.045454547,0.2173913,0.4,0.2173913,0.8181818,0.13043478,57.300003,56.9,56.300003,56.600002,57.300003,57.300003,56.9,58.300003,57.600002,60.300003,54.9,54.600002,3676303,-1738892,1075200,1075200,1075200,1075200,1075200,1075200,652800,1401600,1115,1,3,1066,2,1,645,5,25,437,16,31,716,12,22,413,15,23,4673,0,7,14,1,11,771420,202,3025,768624,3171,1298,733827,10255,68375,636340,25540,88840,706352,14419,30454,667659,22018,60948,416092,0,41732,9841,2840,46108,468.91137791601864,0.21947122861586313
1661128184663,35.145,0.014634146,0.0,0.0,0.0,0.0,0.0,0.08,0.0,0.0,54.9,54.9,54.300003,54.9,54.9,54.9,54.600002,54.600002,54.9,55.300003,53.300003,53.300003,3766031,-601196,1075200,1075200,1075200,1075200,1075200,1075200,652800,1401600,608,1,9,901,13,7,546,2,2,307,3,7,315,5,10,158,2,4,5081,0,7,53,1,13,707312,2440,20269,818350,13933,6057,816278,920,2023,799831,4379,29192,667885,4129,15377,663251,6897,40266,667819,0,73447,256701,0,81896,-1.0,-1.0
1661128185697,35.199,0.12154696,0.08695652,0.13043478,0.08695652,0.09090909,0.2173913,0.0952381,0.13636364,0.04347826,51.600002,51.300003,50.9,51.300003,51.300003,51.600002,51.300003,51.300003,51.600002,51.600002,50.9,50.300003,3810603,-195922,1075200,1075200,1075200,1075200,1075200,1075200,652800,1401600,242,11,71,229,3,76,56,7,28,117,6,50,65,8,30,33,3,16,15,0,14,24,0,22,315908,27233,664697,290600,10865,695628,152455,16607,848347,195803,15584,753527,169816,15641,779626,144947,8453,741795,77611,0,960613,25448,0,942249,-1.0,-1.0
1661128186704,35.243,0.009569378,0.0,0.0,0.037037037,0.0,0.0,0.11111111,0.0,0.0,50.600002,50.300003,49.9,50.300003,50.600002,50.600002,50.300003,50.300003,50.9,50.600002,49.600002,49.300003,3796005,-312195,1075200,1075200,1075200,1075200,1075200,1075200,652800,1401600,287,13,48,266,7,39,101,22,53,75,14,51,77,4,34,114,8,61,0,0,20,9,5,47,288226,25104,612894,280246,10836,653734,113491,50409,773169,99009,30789,844201,48383,6508,774957,95260,17682,769173,0,0,935522,21438,18294,972466,-1.0,-1.0
1661128187755,35.260002,0.029126214,0.0,0.0,0.03846154,0.04,0.037037037,0.11111111,0.0,0.0,48.600002,48.600002,48.300003,48.600002,48.600002,48.600002,48.300003,48.600002,48.9,48.600002,47.9,47.9,3813717,-146484,1075200,1075200,1075200,1075200,1075200,1075200,652800,1401600,86,11,45,48,3,31,50,10,34,12,4,12,30,3,20,24,0,20,0,0,0,0,3,9,106708,24190,864464,70347,5679,934134,40383,31564,950234,6652,8679,943081,31762,9445,959671,18843,0,874296,0,0,0,0,16464,478023,-1.0,-1.0
1661128188787,35.263,0.33333334,0.35,0.39130434,0.45454547,0.54545456,0.33333334,0.25,0.04761905,0.3,47.9,47.9,47.600002,48.300003,48.300003,48.300003,47.600002,47.600002,47.600002,47.9,47.600002,47.300003,3770507,-672607,1075200,1075200,1075200,1075200,1075200,1075200,652800,1401600,87,19,66,41,6,51,36,11,49,7,1,12,61,4,21,13,2,15,0,2,2,0,0,3,95242,36135,875839,55379,11743,920799,54536,23052,918893,30018,281,930936,30203,8703,871022,26299,4715,891036,0,567,1094297,0,0,600786,-1.0,-1.0
1661128189794,35.274002,0.4,0.3846154,0.42307693,0.32,0.46153846,0.4,0.54545456,0.29166666,0.4,49.300003,49.600002,49.300003,49.9,49.600002,49.9,48.9,49.300003,49.600002,50.300003,48.300003,48.600002,3790166,-474243,1075200,1075200,1075200,1075200,1075200,1075200,652800,1401600,1205,6,26,1214,3,15,324,0,14,411,0,4,473,0,12,339,1,13,160,0,4,380,0,3,241229,12111,537626,241816,6125,592907,233683,0,581047,215295,0,659159,256770,0,534077,236176,523,560133,342052,0,1589210,278415,0,1590015,9.281045751633987E-4,5.22875816993464E-4
1661128190820,35.280003,0.32947975,0.3809524,0.4,0.39130434,0.36363637,0.4347826,0.3181818,0.04761905,0.27272728,48.9,48.9,48.300003,48.9,48.9,48.9,48.9,48.9,48.9,49.600002,47.9,47.9,3785300,-510559,1075200,1075200,1075200,1075200,1075200,1075200,652800,1401600,1270,0,0,1447,0,0,696,20,27,477,22,19,543,10,12,533,8,22,531,32,58,379,7,55,737023,0,0,754459,0,0,609534,48128,87669,596864,30160,44480,573126,18762,62526,551614,16588,100931,580362,65834,123363,452117,12106,214296,-1.0,-1.0
1661128191822,35.267002,0.01904762,0.0,0.0,0.0,0.0,0.0,0.07692308,0.0,0.0,48.9,48.9,48.600002,49.300003,49.300003,49.300003,48.600002,48.600002,48.9,49.300003,47.9,47.9,3768756,-568237,1075200,1075200,1075200,1075200,1075200,1075200,652800,1401600,577,1,44,796,0,16,320,20,45,375,24,51,333,10,82,271,9,37,198,7,70,121,15,56,445436,491,331599,432483,0,352005,243250,21619,498518,260556,53732,490110,223714,14555,457825,200890,9208,525152,165883,24277,720015,87916,35165,637704,4.938271604938272E-4,4.938271604938272E-4
1661128192874,35.267002,0.2990196,0.27272728,0.32,0.28,0.28,0.36,0.33333334,0.1923077,0.32,46.600002,46.300003,45.9,46.600002,46.9,46.9,46.300003,46.300003,46.300003,46.600002,45.9,45.9,3814301,-485840,1075200,1075200,1075200,1075200,1075200,1075200,652800,1401600,277,10,48,171,9,29,46,9,32,106,20,60,45,4,49,40,6,31,5,1,6,1,3,25,351367,20196,617212,278472,38284,685600,61059,21369,864318,94684,46717,862209,49902,11574,862571,36717,19602,833668,8923,1215,227974,0,7264,963915,-1.0,-1.0
1661128193909,35.260002,0.12777779,0.05,0.17391305,0.13043478,0.16666667,0.13043478,0.0952381,0.045454547,0.16666667,47.600002,47.600002,47.300003,47.600002,47.9,47.9,47.600002,47.9,48.300003,48.600002,46.600002,46.600002,3804764,-432739,1075200,1075200,1075200,1075200,1075200,1075200,652800,1401600,1329,8,17,1558,5,14,381,19,39,579,38,66,425,8,28,406,15,36,204,0,23,279,0,38,665506,19065,131198,691938,9270,127866,415004,40984,424078,456649,80872,273919,376703,20986,341263,381233,37306,356961,421338,0,1275050,389429,0,530581,-1.0,-1.0
