1661112243779,28.337002,0.21084337,0.05263158,0.22727273,0.6818182,0.18181819,0.15,0.10526316,0.04761905,0.13636364,41.9,41.9,41.600002,41.600002,42.300003,42.300003,41.300003,41.9,41.9,43.300003,39.300003,39.300003,3628033,-1657105,1075200,1075200,1075200,1075200,1075200,1075200,652800,1401600,1432938,41156,140815,1537960,41627,140949,694429,70734,140148,710790,74509,144302,513789,45436,127779,502135,45383,130289,1178648,75417,162412,471263,74986,158614,1233042794,78923218,2623922372,1239173403,75132671,2620168875,756471837,145723633,3039989524,769480583,154478862,3020490385,575603284,95960410,3136780004,569401194,95196943,3124781603,476164613,187562105,3438804959,342389749,160132905,3363794438,78.29331570247935,0.07246280991735538
1661112244772,28.420002,0.46583852,0.45,0.52380955,0.85714287,0.3809524,0.42857143,0.36842105,0.21052632,0.5,40.300003,40.600002,39.9,39.9,39.9,39.600002,39.300003,39.9,39.9,40.600002,38.9,38.600002,3657229,-1351624,1075200,1075200,1075200,1075200,1075200,1075200,652800,1401600,1148,8,5,1432,3,3,438,22,36,855,27,58,560,35,56,626,27,73,224,29,104,251,21,90,566759,13642,7493,571483,1599,3471,322476,33084,97214,352698,48157,209815,369486,62890,162761,391969,35808,181638,179002,66255,421094,101541,49057,337305,99.9749900332226,0.3093953488372093
1661112245761,28.506,0.37297297,0.36363637,0.45454547,0.47826087,0.45833334,0.2857143,0.39130434,0.16666667,0.36,40.9,41.300003,40.9,40.9,40.9,40.600002,40.300003,40.9,40.600002,41.9,40.300003,39.600002,3641463,-1405335,1075200,1075200,1075200,1075200,1075200,1075200,652800,1401600,1122,12,29,1348,13,27,387,19,24,722,35,53,877,20,56,803,30,47,442,81,115,225,13,72,433654,14237,120400,531128,17312,46158,255352,39593,54759,409095,76259,205596,400263,45102,251577,363775,56497,240454,407229,144874,270040,169658,30885,429078,121.569048092869,0.3750845771144279
1661112246804,28.590002,0.31914893,0.18181819,0.4090909,0.33333334,0.26086956,0.24,0.6086956,0.041666668,0.45454547,41.300003,41.300003,40.9,40.9,40.9,40.600002,40.600002,41.600002,41.300003,42.600002,39.600002,39.600002,3654504,-1296692,1075200,1075200,1075200,1075200,1075200,1075200,652800,1401600,1091,0,0,1661,0,0,582,11,13,862,8,25,610,4,24,699,14,26,573,101,60,243,28,83,567099,0,0,644609,0,0,392049,16701,28158,503972,6862,79189,347079,5668,93877,495892,25814,89627,661386,135148,88398,245375,56232,158685,154.81464126984127,0.24336507936507934
1661112247883,28.676,0.35025382,0.23809524,0.375,0.3846154,0.25,0.33333334,0.30769232,0.125,0.6923077,41.300003,41.300003,40.9,41.300003,41.600002,41.300003,40.9,41.300003,41.300003,41.600002,39.9,39.600002,3673773,-1185303,1075200,1075200,1075200,1075200,1075200,1075200,652800,1401600,1080,5,13,1257,4,18,940,17,35,696,12,31,374,4,19,621,7,22,691,109,73,358,26,67,443251,13236,71969,434287,5700,22900,385329,40336,112805,322649,30414,158733,189550,8412,108235,219935,16042,60886,453942,162521,132964,113943,71594,139626,199.68896618357488,0.10357487922705313
1661112248967,28.762001,0.23728813,0.18181819,0.1904762,0.3846154,0.23809524,0.10526316,0.17391305,0.0,0.5652174,41.600002,41.600002,40.9,40.9,40.9,41.300003,40.9,41.600002,41.300003,42.600002,40.300003,39.600002,3645940,-1262818,1075200,1075200,1075200,1075200,1075200,1075200,652800,1401600,1076,35,53,1935,27,58,1119,40,76,427,18,66,568,33,76,477,12,42,273,85,129,124,54,114,609012,64857,207686,695176,28015,98911,638343,61636,167874,397704,31915,507643,449918,62932,363920,292244,20481,435288,231462,130281,604850,101538,161243,252073,249.1906881028939,0.12398713826366559
1661112250009,28.848001,0.26966292,0.13636364,0.39130434,0.36363637,0.14285715,0.13636364,0.22727273,0.0,0.6363636,41.600002,40.9,40.600002,40.9,40.600002,40.9,40.300003,41.600002,40.9,42.9,39.9,39.600002,3669685,-1171265,1075200,1075200,1075200,1075200,1075200,1075200,652800,1401600,1221,14,25,2125,8,27,1300,42,54,783,54,82,592,31,71,411,10,45,105,22,104,58,67,90,661418,40216,117892,750042,14172,36651,663557,68698,98617,532207,75901,222245,442968,58117,337171,304542,25715,407061,98183,86025,776701,53324,164205,230223,315.36852336448595,0.13358255451713394
1661112251059,28.932001,0.40571427,0.375,0.4,0.42857143,0.3181818,0.27272728,0.35,0.36,0.875,41.9,41.9,40.600002,41.300003,41.300003,41.300003,40.9,41.9,41.300003,42.9,40.300003,39.600002,3647886,-1336670,1075200,1075200,1075200,1075200,1075200,1075200,652800,1401600,1252,33,38,2174,22,45,1619,36,49,883,44,69,720,35,70,590,19,53,130,8,67,78,43,82,597376,69075,171847,667947,27215,69591,609724,75269,106244,545979,81680,247903,513245,79631,250890,405928,45575,304768,130543,27504,811911,77183,97492,185074,385.5728198757764,0.1755527950310559
1661112252113,29.012001,0.4623656,0.17391305,0.3181818,0.45454547,0.32,0.29166666,1.0,0.14285715,0.875,42.600002,42.600002,41.9,42.300003,42.300003,42.600002,41.600002,43.600002,42.9,44.9,40.600002,40.600002,3647302,-1463624,1075200,1075200,1075200,1075200,1075200,1075200,652800,1401600,1379,10,21,2295,3,13,1156,32,40,1241,23,57,773,18,46,1184,14,45,212,31,102,66,30,58,685620,21063,57039,702733,2865,15875,630473,48482,79110,543000,50701,180231,422020,25832,189149,472441,35364,231297,201674,50611,666329,50344,59663,120913,762.2293853658537,1.4516552845528456
1661112253171,29.113,0.34302327,0.2857143,0.31578946,0.45454547,0.25,0.09090909,0.26086956,0.22727273,0.8695652,43.600002,43.600002,42.600002,43.300003,43.600002,43.600002,42.600002,44.600002,43.600002,45.600002,41.600002,40.9,3644577,-1513062,1075200,1075200,1075200,1075200,1075200,1075200,652800,1401600,1452,7,44,1315,7,24,1762,21,40,996,23,45,1581,6,36,221,7,21,973,155,60,49,14,56,646114,6296,162391,750082,6379,31592,627177,40715,71259,673764,36754,142835,513229,17544,184799,182404,10027,54213,579912,164208,79148,43286,16895,64605,833.4635375,0.5212
1661112254238,29.197,0.5777778,0.3809524,0.6086956,0.6956522,0.45454547,0.52380955,0.54545456,0.4090909,1.0,44.300003,43.600002,42.9,43.300003,43.9,43.9,43.300003,44.9,44.300003,46.300003,41.600002,41.600002,3626087,-1477051,1075200,1075200,1075200,1075200,1075200,1075200,652800,1401600,2333,10,23,1106,9,26,2032,13,33,990,22,41,752,23,45,1109,25,34,810,147,91,31,1,27,686422,17290,65061,770616,7447,34541,670740,18664,75835,726026,35502,105563,629967,66428,152902,625297,57134,104085,521597,167824,127529,12927,648,53591,953.6698631921824,0.5919478827361564
1661112255259,29.277002,0.49438202,0.3043478,0.42857143,0.47826087,0.23809524,0.5217391,0.71428573,0.3043478,0.96,44.600002,44.9,44.300003,44.9,44.600002,44.9,43.9,45.600002,44.9,47.300003,42.600002,42.300003,3610710,-1810914,1075200,1075200,1075200,1075200,1075200,1075200,652800,1401600,1437,8,11,1254,2,4,1694,5,20,686,7,24,977,6,18,2091,3,16,770,105,62,106,0,10,686717,14828,17272,694183,5382,5905,622720,5425,34501,645754,13073,56392,623303,10273,43885,408771,6386,28858,489866,138299,87629,9746,0,4754,866.9926956521739,0.5230807453416149
1661112256332,29.357002,0.45595855,0.3043478,0.4,0.88,0.16666667,0.5,0.17391305,0.16,1.0,44.9,44.9,44.600002,44.9,44.9,44.9,44.300003,46.300003,44.9,47.300003,43.300003,42.600002,3640685,-1459656,1075200,1075200,1075200,1075200,1075200,1075200,652800,1401600,2149,3,8,1280,5,12,2072,9,23,840,8,26,521,17,23,1955,5,15,786,114,83,67,0,13,751054,2683,20027,794475,5358,12764,694225,8365,51558,702260,12717,56282,659163,40553,53286,625239,10464,36528,461319,167512,169597,9536,0,8238,906.4056734059097,0.5312597200622083
1661112257389,29.447,0.36,0.15789473,0.4090909,0.3181818,0.26086956,0.1904762,0.13636364,0.3043478,1.0,45.9,45.600002,44.600002,45.300003,45.9,45.300003,44.9,46.9,45.600002,48.300003,43.300003,42.9,3618885,-1547547,1075200,1075200,1075200,1075200,1075200,1075200,652800,1401600,1709,0,0,2475,0,0,1486,0,0,1009,0,0,1040,0,0,1047,0,0,272,79,99,112,3,16,739022,0,0,739342,0,0,767658,0,0,807086,0,0,533755,0,0,655862,0,0,373042,182710,335353,11634,31,8798,867.6413071895425,0.5087058823529412
1661112258392,29.53,0.35678393,0.1923077,0.33333334,0.30769232,0.26923078,0.39130434,0.08,0.2,1.0,46.300003,45.9,45.300003,45.9,45.600002,45.9,44.9,47.300003,45.9,48.600002,43.9,43.600002,3640101,-1452637,1075200,1075200,1075200,1075200,1075200,1075200,652800,1401600,2017,1,12,1367,1,14,1885,2,19,660,11,18,1268,7,14,1350,5,16,974,91,114,23,0,14,674564,1177,33373,611013,1162,15785,635644,2487,29855,698113,13723,43394,599746,12225,34210,621081,8380,34904,420619,124566,222513,9011,0,14085,849.4509486780715,0.5054307931570762
1661112259470,29.607002,0.34653464,0.12,0.45833334,0.26923078,0.16666667,0.16,0.28,0.26923078,1.0,46.300003,45.9,45.600002,45.9,46.300003,46.300003,45.300003,47.300003,46.300003,48.9,43.9,43.9,3647302,-1425171,1075200,1075200,1075200,1075200,1075200,1075200,652800,1401600,1813,6,29,1501,7,19,1507,13,45,761,16,41,2534,13,28,911,17,39,561,127,166,22,2,10,722445,12470,68888,739933,10031,29202,735601,12075,78543,721080,21924,85129,656852,26077,52242,640949,22859,75303,363550,186928,325982,7042,4592,7846,853.7927380560133,0.5079934102141681
1661112260518,29.694002,0.3604651,0.26086956,0.2631579,0.2,0.14285715,0.0952381,0.5714286,0.2857143,0.95652175,46.9,46.600002,46.300003,46.300003,46.600002,46.300003,45.9,47.9,46.300003,49.300003,44.600002,44.300003,3611294,-1632081,1075200,1075200,1075200,1075200,1075200,1075200,652800,1401600,1423,6,12,1103,2,6,1726,3,20,864,5,19,2035,16,22,2046,3,13,929,56,48,43,0,7,775979,11568,37352,760431,1560,3559,741060,2520,31660,766187,5801,31829,710973,22806,40407,638369,8690,30794,544623,74246,78809,15165,0,8797,848.1018289473684,0.5227894736842106
1661112261521,29.771002,0.4090909,0.1904762,0.25,0.125,0.2,0.92,0.5416667,0.16,0.6923077,47.300003,47.300003,46.300003,47.300003,47.300003,47.300003,46.600002,48.300003,47.300003,49.600002,44.9,44.300003,3619080,-1681214,1075200,1075200,1075200,1075200,1075200,1075200,652800,1401600,1847,1,5,1691,1,2,2155,8,14,981,12,23,1014,14,25,1195,12,15,865,82,42,33,0,11,733415,1346,14896,687965,762,4188,637655,10718,15682,730229,18601,55983,638919,25712,52266,660577,21583,34128,507932,107549,57085,5166,0,5465,748.2554016260162,0.46954146341463415
1661112262547,29.851002,0.4,0.27272728,0.5,0.36363637,0.22727273,0.5,0.3478261,0.09090909,0.9130435,47.300003,46.9,46.300003,46.9,46.9,46.9,46.600002,48.600002,47.300003,49.600002,45.300003,44.600002,3605066,-1804200,1075200,1075200,1075200,1075200,1075200,1075200,652800,1401600,1604,0,0,1732,0,0,577,2,5,492,4,8,753,3,7,2408,5,10,666,99,100,130,9,30,640516,0,0,776956,0,0,756223,1524,6443,812024,5112,9338,638198,4508,11396,620459,10896,18417,429532,151664,136374,20499,6879,85269,911.2676137071651,0.520822429906542
1661112263594,29.938002,0.35532996,0.2,0.4090909,0.29166666,0.30769232,0.26086956,0.25,0.12,0.9259259,47.600002,47.600002,46.9,47.600002,47.9,47.600002,47.300003,49.300003,47.9,49.9,45.9,45.300003,3628617,-1496888,1075200,1075200,1075200,1075200,1075200,1075200,652800,1401600,1780,6,9,1700,0,3,1356,6,8,1469,3,9,747,0,4,1922,4,11,928,85,49,33,1,12,723485,8642,20409,633476,0,5916,682783,4814,15615,721305,7580,22840,141737,0,17637,613819,7668,32764,480702,145446,149195,10423,398,16093,792.4238629283489,0.4606105919003115
1661112264647,30.023,0.4064171,0.76,0.4090909,0.3478261,0.16666667,0.20833333,0.0,0.375,0.96,48.300003,48.300003,47.600002,47.9,48.600002,48.300003,47.600002,49.300003,48.300003,50.600002,45.9,45.300003,3618107,-1651307,1075200,1075200,1075200,1075200,1075200,1075200,652800,1401600,1775,4,16,1675,5,11,1550,16,32,723,24,48,1969,16,34,1154,15,41,581,146,120,17,1,16,633600,13864,71843,722170,4485,14556,691985,29221,59377,678796,36638,112585,576092,26169,106877,607382,25786,86040,411092,246507,178602,7418,405,43769,779.2329396411094,0.5111125611745514
1661112265662,30.102001,0.43715847,0.36363637,0.47826087,0.48,0.4090909,0.3043478,0.41666666,0.14285715,0.9583333,48.600002,48.300003,47.600002,48.300003,48.300003,48.600002,47.600002,49.300003,48.600002,50.600002,46.300003,45.600002,3632315,-1504517,1075200,1075200,1075200,1075200,1075200,1075200,652800,1401600,1016,3,18,992,3,11,1383,13,25,842,18,34,1186,14,28,1521,10,26,881,111,47,18,0,11,711362,3423,47297,725923,2003,17300,618225,14983,46983,692399,33460,61418,585114,29458,82847,623615,24466,55428,561838,124877,46874,10355,0,10539,509.89818408736346,0.22785647425897035
1661112266700,30.194002,0.4021739,0.27272728,0.17391305,0.84,0.39130434,0.14285715,0.2173913,0.045454547,1.0,48.300003,48.300003,47.600002,47.9,48.600002,48.600002,47.300003,49.600002,48.300003,50.9,46.300003,45.600002,3635429,-1399537,1075200,1075200,1075200,1075200,1075200,1075200,652800,1401600,1793,0,1,2325,1,3,1096,5,19,1416,12,25,1546,7,26,1114,4,23,729,144,67,60,4,28,687522,0,0,670518,380,4907,642400,5886,28592,632972,13818,45654,616895,15337,75151,557134,3447,79538,408417,240583,141374,20419,4268,48678,603.5947329192546,0.22807453416149068
1661112267731,30.293001,0.45128205,0.32,0.41666666,0.39130434,0.42307693,0.4,0.375,0.29166666,0.96,48.600002,48.9,47.9,48.600002,48.9,48.9,47.9,49.600002,48.600002,50.9,46.600002,46.300003,3619858,-1616517,1075200,1075200,1075200,1075200,1075200,1075200,652800,1401600,2838,0,0,1706,0,1,1113,0,0,783,3,4,1576,3,5,1091,0,3,1292,23,17,76,0,1,650568,0,0,783174,0,0,747286,0,0,792924,2846,4841,662889,2390,5103,687387,0,2577,676950,34879,68619,16111,0,3083,562.1101471048514,0.21934272300469482
1661112268806,30.382002,0.5405405,0.8695652,0.59090906,0.33333334,1.0,0.3181818,0.08695652,0.33333334,0.7916667,49.300003,48.9,48.300003,48.600002,48.9,49.300003,48.600002,49.9,49.300003,51.300003,46.600002,45.9,3609348,-1623841,1075200,1075200,1075200,1075200,1075200,1075200,652800,1401600,2363,3,14,1707,6,10,1597,17,37,1290,22,40,1038,19,46,1178,23,28,1004,129,86,54,2,20,682464,4029,29086,671278,2376,14010,668823,27707,68582,583350,40405,103846,610838,38235,98839,578639,48500,70748,468183,167518,171256,14969,1320,16746,1021.5033216,2.1020672
1661112269841,30.477001,0.5533981,0.56,0.72,0.46153846,0.6923077,0.47826087,0.53846157,0.23076923,0.7777778,49.600002,49.600002,48.600002,49.300003,49.300003,49.300003,48.600002,50.600002,49.300003,51.600002,47.300003,46.9,3578790,-1945191,1075200,1075200,1075200,1075200,1075200,1075200,652800,1401600,1206,1,0,927,2,0,1463,4,9,862,3,10,2188,3,8,2621,3,6,917,14,34,18,0,3,693491,2149,0,677344,1021,0,741850,3127,17081,680131,7596,20729,699323,3905,15443,646647,8797,12345,640002,26762,56023,50434,0,1796,2093.3899625,1.59355
1661112270924,30.560001,0.5675676,0.65217394,0.65,0.5652174,0.77272725,0.375,0.42307693,0.5,0.7916667,50.600002,50.300003,49.600002,49.9,49.9,49.9,49.300003,49.600002,49.9,50.300003,48.300003,47.600002,3574119,-1996766,1075200,1075200,1075200,1075200,1075200,1075200,652800,1401600,1133,2,4,1495,0,0,1302,2,7,844,0,4,1623,8,14,767,4,21,737,153,116,124,1,27,619537,830,2216,499701,0,0,633816,1094,11873,551808,0,6765,540110,7886,27480,532870,5165,42060,464009,183571,159661,68094,391,56846,2106.795935275081,1.3192491909385113
1661112271943,30.659002,0.5,0.2777778,0.65,0.5652174,0.59090906,0.375,0.3809524,0.4090909,0.72727275,50.600002,50.9,50.300003,50.600002,50.600002,49.9,49.9,50.9,49.600002,52.300003,48.600002,48.300003,3608375,-1734620,1075200,1075200,1075200,1075200,1075200,1075200,652800,1401600,928,16,36,1366,1,2,1135,11,23,866,8,25,1201,10,27,990,20,45,654,107,156,42,8,48,514017,27608,79132,639742,1185,2134,609417,15483,50418,586940,14011,47207,454521,18904,178792,492064,40667,225749,367714,110495,218351,33433,12047,233940,2107.6455461658843,1.1937652582159624
1661112272963,30.741001,0.6635071,0.26923078,0.65384614,0.84615386,0.82608694,0.72,1.0,0.37037036,0.7407407,50.9,51.300003,50.600002,50.300003,50.600002,50.600002,49.600002,51.600002,50.600002,52.600002,49.300003,48.600002,3602730,-1717835,1075200,1075200,1075200,1075200,1075200,1075200,652800,1401600,1148,6,13,1191,0,0,1060,11,15,888,5,22,1709,11,28,641,12,32,608,86,208,48,12,59,574365,6404,27707,603518,0,0,586815,21004,18526,560724,7828,40655,479610,16377,126832,528095,13088,98233,377031,90757,273867,46753,23653,177393,2108.863191290824,1.248895800933126
1661112274037,30.840002,0.47093022,0.4090909,0.72727275,0.5,0.42105263,0.31578946,0.2173913,0.3043478,0.82608694,51.300003,51.600002,50.9,51.300003,51.300003,51.300003,50.600002,51.600002,51.300003,52.300003,49.600002,48.9,3571199,-1980592,1075200,1075200,1075200,1075200,1075200,1075200,652800,1401600,1431,7,5,1449,0,1,1255,4,6,1146,5,2,810,0,0,372,0,0,1056,31,62,129,4,27,765664,9213,10222,736781,0,1047,734376,5994,13468,757606,14608,1148,377975,0,0,368466,0,0,610184,24223,74619,203616,4747,114563,2104.4973924050632,1.1862278481012658
1661112275091,30.942001,0.6166667,0.54545456,0.7826087,0.625,0.625,0.5714286,0.65217394,0.4347826,0.8181818,51.9,51.9,51.300003,51.600002,51.600002,51.300003,50.9,52.600002,51.300003,53.600002,49.600002,48.9,3608764,-1578675,1075200,1075200,1075200,1075200,1075200,1075200,652800,1401600,1669,0,2,1174,0,0,987,4,6,958,5,3,1202,3,9,946,8,14,726,37,141,72,3,25,621533,0,6799,622252,0,0,648844,6176,7750,614406,6904,2608,482581,4630,53376,662378,18838,60623,502250,54419,193882,135707,5374,94575,2103.516917316693,1.2644243369734791
1661112276120,31.024002,0.62376237,0.52,0.92,0.44,0.56,0.89285713,0.7037037,0.25,0.7777778,52.600002,52.9,51.9,52.300003,51.9,51.9,51.300003,52.9,51.9,54.300003,50.300003,49.9,3594556,-1970826,1075200,1075200,1075200,1075200,1075200,1075200,652800,1401600,1045,7,10,1343,0,0,982,6,9,1033,6,10,715,5,18,1401,17,19,878,54,132,45,3,44,532342,7374,34087,533464,0,0,575356,6032,13068,606451,7795,17120,505468,11798,102476,525492,37986,52803,480985,57521,143783,92678,6548,128461,2105.6230482315113,1.1528745980707396
1661112277179,31.132002,0.545977,0.26086956,0.52380955,0.95652175,0.45454547,0.1904762,0.4090909,0.8095238,0.7826087,52.9,52.9,52.300003,52.600002,52.9,52.600002,51.9,53.300003,52.600002,54.600002,50.600002,49.9,3603898,-1596375,1075200,1075200,1075200,1075200,1075200,1075200,652800,1401600,1672,10,17,913,0,0,1354,4,17,1152,5,18,832,1,9,654,2,5,836,77,128,44,8,37,596407,19909,37308,635234,0,0,664031,2607,28761,552797,7974,28027,253298,4189,30192,261792,4657,18810,461995,79291,162385,33988,7044,183515,2096.7772259083727,1.1680252764612953
1661112278253,31.222002,0.40206185,0.26086956,0.6086956,0.375,0.39130434,0.20833333,0.39130434,0.2,0.72,53.600002,53.300003,52.600002,52.600002,52.9,52.9,51.9,53.600002,52.9,54.9,50.9,50.600002,3570421,-1821595,1075200,1075200,1075200,1075200,1075200,1075200,652800,1401600,1214,8,17,1246,0,2,1444,4,6,915,0,7,1258,3,14,851,2,5,871,63,29,90,1,18,665990,20620,67853,717192,0,3394,672868,9507,11053,639986,0,7362,515529,5764,72472,430000,5738,60564,547414,50108,34792,124221,409,114362,2103.490121911038,1.1773574958813837
1661112279284,31.317001,0.39548022,0.29166666,0.5833333,0.5,0.4347826,0.23809524,0.3043478,0.13043478,0.7826087,53.300003,52.9,52.600002,52.600002,52.600002,52.300003,51.600002,53.300003,52.600002,54.600002,51.300003,50.600002,3611684,-1793519,1075200,1075200,1075200,1075200,1075200,1075200,652800,1401600,1212,6,18,1446,0,5,1068,8,28,941,8,19,1396,9,31,882,13,27,623,100,160,41,5,30,567202,3831,46320,611718,0,7568,630444,12869,50009,601568,10431,35880,518774,17296,137465,480106,18037,89330,446268,139522,246319,97004,12927,149703,2103.4722200647248,1.1048802588996764
1661112280296,31.406002,0.47524753,0.33333334,0.6923077,0.7307692,0.33333334,0.1923077,0.25,0.4,0.75,53.9,53.600002,52.600002,52.9,52.9,52.600002,52.300003,53.600002,52.9,55.300003,51.300003,50.600002,3613241,-1569520,1075200,1075200,1075200,1075200,1075200,1075200,652800,1401600,1349,10,24,1070,1,3,1430,11,25,789,14,26,1056,21,53,1116,24,52,521,72,241,27,6,45,596756,12944,75496,566337,1235,3282,587576,20622,47893,526692,23856,47524,501573,28665,148622,487352,28777,99975,364848,85255,358816,25885,22092,203250,2101.867801857585,1.132482972136223
1661112281366,31.498001,0.5813953,0.45,0.7619048,0.6363636,0.4,1.0,0.2857143,0.25,0.73913044,53.600002,53.9,52.9,52.9,52.9,52.9,52.600002,53.9,53.300003,55.300003,51.600002,51.300003,3586381,-1828309,1075200,1075200,1075200,1075200,1075200,1075200,652800,1401600,1482,6,13,1154,0,0,1029,8,22,1346,7,23,920,23,45,1650,9,36,654,54,207,50,5,45,674287,11176,29505,691093,0,0,643940,16569,49327,636438,11172,36064,526619,31434,147174,498410,13314,184946,415586,51778,282228,77974,9266,219302,2102.397267080745,1.2778136645962734
1661112282411,31.594002,0.39884394,0.3181818,0.6,0.42857143,0.45454547,0.17391305,0.3,0.16666667,0.7826087,53.9,53.9,53.300003,53.9,53.9,53.300003,52.600002,54.600002,53.300003,55.600002,51.600002,51.300003,3583072,-1726075,1075200,1075200,1075200,1075200,1075200,1075200,652800,1401600,1406,6,17,1064,0,2,1254,1,11,1031,4,9,883,7,20,1097,13,23,710,91,173,51,10,37,583901,12909,60909,615093,0,3835,543188,351,19617,627394,5026,16463,246960,10161,78577,489346,13712,51850,437782,107670,231849,42555,20220,156633,2099.43051572327,1.1812327044025157
1661112283449,31.680002,0.4920635,0.6363636,0.6818182,0.5,0.52,0.3043478,0.3043478,0.30769232,0.7692308,53.9,53.9,53.300003,52.9,53.300003,52.9,51.9,53.9,52.9,54.9,51.600002,51.300003,3611100,-1566163,1075200,1075200,1075200,1075200,1075200,1075200,652800,1401600,1256,16,25,1363,1,1,1284,8,16,1159,7,18,1119,9,30,817,27,38,624,87,177,52,5,41,587051,23404,36010,616461,1973,19,615603,8811,25782,627474,10937,29175,431916,12849,140279,509040,46845,85390,409088,88610,313817,39008,12903,164395,2105.527450081833,1.236896890343699
1661112284487,31.762001,0.40588236,0.3809524,0.6363636,0.4347826,0.33333334,0.2857143,0.15,0.27272728,0.73913044,54.9,54.600002,53.9,54.300003,53.9,54.300003,53.9,54.9,54.300003,56.300003,52.600002,51.9,3563803,-2076112,1075200,1075200,1075200,1075200,1075200,1075200,652800,1401600,1240,3,15,1703,0,1,1239,5,14,925,6,22,957,13,35,861,17,35,570,34,180,130,5,44,588651,4510,21356,518773,0,941,655336,9023,19681,575709,5734,51503,537366,16007,131832,489566,20660,79728,416576,43126,294340,95396,6131,124149,2105.205716129032,1.101625806451613
1661112285520,31.861002,0.6686047,0.8636364,0.95238096,0.3809524,0.42105263,0.2,0.85714287,0.6,0.95652175,54.9,54.600002,53.600002,53.9,53.9,53.600002,52.9,55.300003,53.9,56.600002,52.300003,51.600002,3595334,-1734315,1075200,1075200,1075200,1075200,1075200,1075200,652800,1401600,900,12,14,1190,2,3,1105,4,14,694,7,23,564,7,30,830,11,28,617,55,210,51,6,56,466397,14514,25016,465963,1260,5330,494143,3619,18284,493674,6853,39368,366646,21396,121086,355579,17165,110652,387110,71850,288129,43679,10848,183758,2050.4100516129033,1.1283612903225806
1661112286533,31.943,0.530303,0.33333334,0.6666667,0.56,0.52,0.64,0.26086956,0.37037036,0.8148148,55.300003,55.300003,54.300003,54.600002,55.300003,54.600002,53.9,55.600002,54.600002,57.300003,52.600002,52.300003,3575092,-1873170,1075200,1075200,1075200,1075200,1075200,1075200,652800,1401600,1442,1,1,464,1,0,1744,2,4,1470,5,6,818,5,7,655,4,5,866,42,170,62,4,26,391485,1292,1918,261812,347,0,586823,4145,4134,468122,6175,14636,322322,7521,14081,307133,1554,9515,334240,39087,203129,15379,6090,26514,2090.0256026272577,1.145431855500821
1661112287588,32.042,0.63366336,0.45833334,0.76,0.56,0.5,1.0,0.7777778,0.23076923,0.8214286,55.9,55.300003,54.9,55.300003,55.300003,54.9,54.300003,56.300003,55.300003,57.300003,53.600002,52.600002,3596502,-1788636,1075200,1075200,1075200,1075200,1075200,1075200,652800,1401600,1080,1,3,1096,0,0,1251,2,14,1226,4,9,652,4,10,904,14,14,474,40,247,46,7,42,435287,2894,7368,471071,0,0,507428,1958,20390,541588,7557,16260,264700,3350,27485,366031,21677,34050,330945,53152,337545,21570,10638,97944,2107.276006546645,1.2805761047463176
1661112288624,32.131,0.5745856,0.2631579,0.8095238,0.45833334,1.0,0.47826087,0.54545456,0.30769232,0.84,55.600002,55.9,55.300003,55.300003,55.600002,55.300003,54.600002,56.300003,54.9,57.600002,53.300003,52.9,3550178,-2188111,1075200,1075200,1075200,1075200,1075200,1075200,652800,1401600,1429,4,7,1142,0,0,1123,6,6,1350,7,18,677,4,14,714,4,18,594,61,256,230,5,38,531677,4018,29791,615938,0,0,621625,8352,10687,613703,7567,41895,241383,3852,54466,429507,2873,72170,417094,76068,333989,26590,7133,156275,2105.999947107438,1.2642909090909091
1661112289628,32.211002,0.55376345,0.33333334,0.47826087,1.0,0.5833333,0.5652174,0.3043478,0.28,0.8695652,55.9,55.9,54.9,55.600002,55.300003,55.600002,54.9,56.600002,55.600002,57.9,53.600002,53.300003,3552709,-2167359,1075200,1075200,1075200,1075200,1075200,1075200,652800,1401600,1858,0,0,1014,0,0,1319,0,0,958,0,0,436,0,0,644,0,0,496,48,198,70,1,36,493309,0,0,580502,0,0,686978,0,0,615807,0,0,483569,0,0,517813,0,0,385883,59718,300116,43922,3136,119172,2105.629148387097,1.2603870967741935
1661112290670,32.300003,0.60638297,0.42857143,0.7083333,0.5769231,0.5833333,0.7916667,0.3,0.36363637,0.9130435,56.300003,56.300003,55.600002,55.9,55.9,55.600002,54.600002,56.600002,55.300003,57.9,54.300003,53.300003,3570810,-1960145,1075200,1075200,1075200,1075200,1075200,1075200,652800,1401600,1469,0,0,942,0,0,1039,0,0,990,0,0,580,0,0,2011,0,0,549,65,242,52,2,47,439385,0,0,685923,0,0,699765,0,0,649124,0,0,551483,0,0,542150,0,0,349032,78245,333183,35606,1744,119505,2100.7377267080747,1.2276770186335402
1661112291767,32.382,0.58762884,0.4347826,0.64,0.5,0.42857143,1.0,0.41666666,0.30769232,0.9166667,56.600002,56.600002,55.600002,56.300003,56.300003,56.300003,55.600002,57.300003,55.9,58.300003,53.9,53.600002,3564387,-1958314,1075200,1075200,1075200,1075200,1075200,1075200,652800,1401600,1435,3,10,1036,0,0,1602,6,10,1408,8,18,701,13,30,1130,9,15,724,60,238,146,11,47,491433,2521,17757,549270,0,0,589421,11106,14433,552760,13029,25566,290222,15655,77566,363516,18844,59334,379638,66634,325353,54660,8832,83336,2107.7250967741934,1.1900903225806452
1661112292810,32.475002,0.57058823,0.8,0.33333334,0.4090909,1.0,0.45454547,0.4347826,0.1904762,0.95652175,56.9,56.600002,55.9,56.300003,56.300003,56.300003,55.600002,57.300003,55.9,58.300003,54.9,53.9,3564776,-1918946,1075200,1075200,1075200,1075200,1075200,1075200,652800,1401600,1813,5,10,1121,0,1,1190,7,10,1197,4,16,744,12,24,1133,9,31,504,41,244,76,1,47,568822,4769,13392,597234,0,1667,636829,14159,14091,563960,3717,23038,375224,18202,69190,474029,18519,72690,396566,61337,384506,35908,352,97337,563.7976463022509,0.22430868167202572
1661112293957,32.564003,0.6425121,0.6956522,0.72,0.48,0.44,0.53846157,0.6923077,0.64,0.9230769,57.300003,56.9,56.600002,57.300003,57.300003,57.300003,56.9,57.9,57.300003,59.600002,54.9,54.300003,3591636,-1693116,1075200,1075200,1075200,1075200,1075200,1075200,652800,1401600,2020,0,0,2737,0,0,1377,0,0,1477,0,0,1459,0,0,1639,0,0,690,16,45,137,0,6,505617,0,0,613195,0,0,558614,0,0,558066,0,0,549775,0,0,499650,0,0,727420,26915,61936,47433,0,10389,520.8380061538461,0.18707692307692306
1661112295108,32.665,0.5318182,0.4074074,0.6666667,0.5185185,0.26923078,0.37037036,0.25925925,0.7692308,1.0,57.300003,57.9,57.300003,57.600002,57.600002,57.600002,57.300003,58.300003,57.9,59.600002,54.9,54.9,3567501,-2117311,1075200,1075200,1075200,1075200,1075200,1075200,652800,1401600,1553,0,0,1307,0,0,1626,1,1,823,0,0,1293,1,1,216,0,0,3007,10,27,331,0,7,525221,0,0,525563,0,0,580398,395,717,463560,0,0,482321,486,1215,110097,0,0,533803,6679,28803,79357,0,7026,615.5439099678457,0.2695819935691318
1661112296189,32.754,0.4949495,0.625,0.24,0.3043478,0.3043478,0.32,0.6,0.5,0.9230769,56.300003,56.300003,55.600002,55.600002,55.9,56.300003,55.9,57.600002,56.600002,59.300003,53.9,53.300003,3578011,-1867371,1075200,1075200,1075200,1075200,1075200,1075200,652800,1401600,754,0,0,793,0,0,549,3,2,305,3,1,382,0,2,338,2,5,8415,0,0,104,0,2,716767,0,0,699811,0,0,827553,5496,4541,788023,9592,3549,761106,0,9769,663904,2664,19071,695043,0,0,3324,0,27,622.4773416927899,0.2598119122257053
1661112297229,32.84,0.3882353,0.2857143,0.23809524,0.2857143,0.04761905,0.3809524,0.0,0.75,1.0,55.9,55.600002,55.300003,55.600002,55.600002,55.9,55.300003,57.300003,56.300003,58.600002,53.300003,52.9,3581710,-1811524,1075200,1075200,1075200,1075200,1075200,1075200,652800,1401600,530,0,0,674,0,0,447,0,0,323,0,0,233,0,0,245,0,0,8702,0,11,80,0,10,724039,0,0,899416,0,0,847154,0,0,822717,0,0,832679,0,0,813119,0,0,697955,0,36830,6046,0,40689,566.2033291925466,0.20422360248447205
1661112298231,32.926003,0.50595236,0.05263158,0.22727273,0.2857143,0.5,0.5,0.72727275,0.68421054,1.0,55.9,55.9,55.300003,55.600002,55.9,55.9,55.600002,57.600002,56.600002,58.9,53.600002,53.300003,3566917,-1825257,1075200,1075200,1075200,1075200,1075200,1075200,652800,1401600,682,0,0,702,0,0,650,0,0,500,0,0,221,0,0,244,0,0,7581,0,0,140,0,2,618790,0,0,799387,0,0,818014,0,0,841660,0,0,686560,0,0,833128,0,0,638504,0,0,53324,0,31,611.0105505443235,0.23738724727838256
1661112299246,33.012,0.57575756,0.32,0.36,0.20833333,0.5416667,0.3846154,0.9230769,0.875,0.9230769,55.9,56.300003,55.300003,55.600002,55.9,56.600002,55.600002,57.600002,56.300003,58.9,53.600002,53.300003,3577038,-1888123,1075200,1075200,1075200,1075200,1075200,1075200,652800,1401600,837,0,0,685,0,0,510,0,0,418,0,0,224,0,0,303,0,0,8459,0,0,37,0,2,768238,0,0,843939,0,0,828622,0,0,811035,0,0,769034,0,0,838138,0,0,657914,0,0,10635,0,33,630.5138653530379,0.24853858784893268
1661112300307,33.098003,0.56281406,0.16,1.0,0.125,0.04,0.61538464,0.6,0.96,1.0,55.9,55.9,55.300003,56.300003,56.600002,56.600002,55.300003,56.9,55.9,57.9,53.300003,53.300003,3593777,-1722108,1075200,1075200,1075200,1075200,1075200,1075200,652800,1401600,827,0,0,648,0,0,632,0,0,333,0,0,213,0,0,122,0,0,8376,0,2,561,0,4,839599,0,0,904208,0,0,925205,0,0,749721,0,0,644532,0,0,627512,0,0,647623,0,1174,98320,0,1512,610.6550646153846,0.24270769230769232
1661112301438,33.190002,0.66486484,1.0,0.4090909,0.44,0.54545456,0.45833334,0.8695652,0.59090906,0.96,55.9,56.600002,55.600002,55.9,55.9,55.9,55.600002,57.600002,56.600002,59.300003,53.600002,53.600002,3572756,-1893617,1075200,1075200,1075200,1075200,1075200,1075200,652800,1401600,836,0,0,719,0,0,598,0,0,156,0,0,211,0,0,129,0,0,8137,0,0,57,0,2,914242,0,0,915445,0,0,867034,0,0,915098,0,0,725964,0,0,604375,0,0,613373,0,0,2556,0,12671,552.0472274143302,0.2387538940809969
1661112302466,33.282,0.6494845,0.88,0.375,0.7916667,0.08695652,0.92,0.64,0.3478261,1.0,56.600002,56.600002,55.9,56.300003,56.300003,56.300003,56.300003,57.9,56.600002,58.9,53.9,53.600002,3575092,-1730347,1075200,1075200,1075200,1075200,1075200,1075200,652800,1401600,593,0,0,682,0,0,435,0,0,270,0,0,257,0,0,291,0,0,8088,0,0,46,1,5,727996,0,0,798659,0,0,870374,0,0,806523,0,0,726129,0,0,664062,0,0,632115,0,0,5646,412,7001,382.3768074534162,0.17142857142857143
1661112303571,33.365,0.6040609,1.0,0.13043478,0.46153846,0.84615386,0.2,0.5,0.7083333,1.0,55.600002,55.600002,55.600002,55.600002,55.9,55.9,55.600002,57.300003,55.9,58.600002,53.600002,53.300003,3633872,-1186524,1075200,1075200,1075200,1075200,1075200,1075200,652800,1401600,571,0,0,623,0,0,317,0,0,586,0,0,175,0,0,236,0,0,7938,0,11,157,1,12,758236,0,0,890166,0,0,834596,0,0,903285,0,0,589473,0,0,729387,0,0,722938,0,32022,98763,2179,30669,725.3654605263158,0.30105263157894735
1661112304705,33.464,0.39779004,0.26086956,0.09090909,0.4090909,0.24,0.14285715,0.09090909,1.0,0.95652175,55.9,55.600002,55.600002,55.600002,56.600002,56.9,55.9,56.9,56.9,58.300003,53.600002,53.300003,3595140,-1852418,1075200,1075200,1075200,1075200,1075200,1075200,652800,1401600,915,0,0,824,0,0,591,0,0,222,0,0,264,0,0,242,0,0,9922,0,4,37,0,1,866515,0,0,1049746,0,0,864702,0,0,636775,0,0,863450,0,0,699377,0,0,789223,0,1977,8706,0,16,617.0161025641025,0.28358974358974354
1661112305746,33.550003,0.3690476,0.5714286,0.05,0.18181819,0.0952381,0.0952381,0.04761905,1.0,1.0,55.9,56.300003,55.600002,55.9,56.300003,56.300003,56.300003,57.9,57.600002,59.300003,54.300003,53.600002,3580931,-1948853,1075200,1075200,1075200,1075200,1075200,1075200,652800,1401600,994,0,0,678,0,0,522,0,0,206,0,0,105,0,0,192,0,0,7858,0,0,8,0,2,775453,0,0,912625,0,0,847822,0,0,757773,0,0,538691,0,0,588423,0,0,601616,0,0,3944,0,5149,612.0676169544741,0.2622291993720565
1661112306862,33.632,0.5477387,0.88461536,0.24,0.72,0.083333336,0.26923078,0.20833333,1.0,0.96153843,56.600002,56.600002,55.9,56.300003,56.600002,56.600002,55.9,57.600002,57.300003,58.300003,54.300003,53.9,3582293,-1880189,1075200,1075200,1075200,1075200,1075200,1075200,652800,1401600,1068,23,45,593,35,52,399,48,72,485,29,56,202,5,22,241,20,36,8263,0,0,78,0,0,751360,30434,59934,766790,81622,108259,631347,133384,181447,572641,36240,213638,503797,7877,407229,453613,72322,382370,634066,0,0,23056,0,0,616.1039129082426,0.2458475894245723
1661112307899,33.728,0.44554454,0.52,0.12,0.46153846,0.3846154,0.44,0.03846154,0.77272725,0.84,56.300003,56.300003,55.9,55.9,56.300003,55.9,55.600002,56.300003,56.600002,56.600002,53.9,53.9,3581904,-1859132,1075200,1075200,1075200,1075200,1075200,1075200,652800,1401600,857,15,21,580,20,31,457,18,31,357,13,20,322,12,19,361,2,20,7844,0,4,297,0,2,574558,18104,23343,720125,36811,61174,735090,42758,81487,658354,19935,149379,481075,20598,55294,660618,1013,166974,694650,0,39238,55418,0,37213,541.3613311582382,0.20828711256117455
1661112308951,33.794003,0.43814433,0.3846154,0.375,0.4,0.20833333,0.16666667,0.125,0.875,1.0,56.600002,56.600002,55.9,56.300003,56.600002,56.600002,55.9,57.600002,56.9,58.9,54.300003,54.300003,3570421,-1876527,1075200,1075200,1075200,1075200,1075200,1075200,652800,1401600,1119,0,0,721,0,0,575,0,0,296,0,0,379,0,0,304,0,0,7351,0,11,278,1,29,771108,0,0,808424,0,0,762090,0,0,818463,0,0,726040,0,0,758081,0,0,612899,0,103757,28346,9186,86564,598.246144,0.22016
1661112309979,33.877003,0.5,0.375,0.2173913,0.95652175,0.14285715,0.20833333,0.26923078,0.85714287,1.0,56.9,56.9,56.300003,56.600002,56.9,56.9,56.600002,58.300003,57.300003,59.600002,54.9,54.300003,3573340,-1883546,1075200,1075200,1075200,1075200,1075200,1075200,652800,1401600,1306,0,0,792,0,0,721,0,1,449,0,2,422,0,1,471,1,1,7524,0,4,188,1,12,832233,0,0,817541,0,0,728205,0,2381,797100,0,3479,648001,0,1387,686714,446,2177,607708,0,16120,16592,16,18516,622.8240868217055,0.25649612403100774
1661112311005,33.963,0.5219512,0.29166666,0.96428573,0.24,0.7307692,0.2,0.24,0.48,1.0,56.9,57.300003,56.300003,56.9,57.300003,57.300003,56.9,58.300003,57.600002,59.9,54.9,54.600002,3574313,-1942140,1075200,1075200,1075200,1075200,1075200,1075200,652800,1401600,1108,0,0,1019,0,0,282,0,0,641,0,0,450,0,0,427,0,0,7509,0,0,142,0,4,814576,0,0,843430,0,0,579466,0,0,814161,0,0,808280,0,0,762596,0,0,607969,0,0,6154,0,3446,623.3113196850394,0.27666141732283467
1661112312040,34.036003,0.06896552,0.04,0.03846154,0.0,0.0,0.04,0.08,0.28,0.03846154,57.300003,57.300003,56.600002,56.9,57.300003,56.9,56.600002,58.600002,57.9,60.300003,54.600002,54.600002,3584824,-1899110,1075200,1075200,1075200,1075200,1075200,1075200,652800,1401600,999,0,0,705,0,0,484,0,0,564,0,0,428,0,0,162,0,0,7683,0,1,182,0,2,677593,0,0,716604,0,0,725465,0,0,723312,0,0,666962,0,0,497084,0,0,588022,0,1962,4064,0,32,277.4871552795031,0.137527950310559
1661112313062,34.109,0.31034482,0.23076923,0.28,0.15384616,0.08,0.26086956,0.22222222,0.5,0.7307692,53.9,53.9,53.600002,53.9,53.9,53.9,53.600002,54.300003,54.300003,54.9,52.600002,52.600002,3696545,-542297,1075200,1075200,1075200,1075200,1075200,1075200,652800,1401600,861,0,0,329,0,0,379,0,0,350,0,0,315,0,0,122,0,0,2257,4,20,108,11,47,943370,0,0,951910,0,0,953475,0,0,942731,0,0,903703,0,0,823485,0,0,516136,10605,333875,350367,30741,354250,-1.0,-1.0
1661112314119,34.189003,0.32934132,0.2857143,0.04761905,0.25,0.1904762,0.1904762,0.1904762,0.7619048,0.6818182,52.600002,52.600002,52.600002,53.300003,52.9,52.9,52.600002,52.9,52.9,53.300003,51.9,51.9,3662484,-844421,1075200,1075200,1075200,1075200,1075200,1075200,652800,1401600,1058,0,0,634,0,0,479,0,0,360,0,1,552,1,0,334,0,0,95,7,31,278,17,46,944059,0,0,923881,0,0,957484,0,0,960878,0,285,852880,1383,0,932998,0,0,430599,25367,501425,419913,27565,465564,-1.0,-1.0
1661112315111,34.233,0.24431819,0.39130434,0.0,0.045454547,0.09090909,0.14285715,0.17391305,0.3809524,0.65217394,52.600002,52.600002,52.600002,52.600002,52.9,53.300003,53.300003,53.600002,54.300003,54.9,51.300003,51.300003,3703358,-594788,1075200,1075200,1075200,1075200,1075200,1075200,652800,1401600,1395,1,3,642,0,3,898,4,10,1113,0,12,513,0,4,450,5,10,143,11,24,808,3,28,844858,664,19967,887161,0,26230,695066,16736,126425,713692,0,135733,643923,0,143999,746225,17828,120132,539921,32186,109688,579047,6469,135055,-1.0,-1.0
1661112316147,34.275,0.014354067,0.03846154,0.0,0.0,0.0,0.037037037,0.074074075,0.0,0.0,51.9,51.9,51.9,52.300003,52.600002,52.9,52.600002,52.600002,53.600002,53.600002,50.9,50.600002,3683894,-789490,1075200,1075200,1075200,1075200,1075200,1075200,652800,1401600,2352,0,0,1860,0,0,661,0,2,1589,0,2,1503,0,0,1280,0,1,936,0,19,613,14,45,864975,0,0,918291,0,0,868377,0,1418,868332,0,786,833404,0,0,751307,0,675,260860,0,174625,404968,23276,129266,-1.0,-1.0
1661112317205,34.300003,0.032432433,0.083333336,0.0,0.0,0.0,0.125,0.0,0.04347826,0.041666668,49.300003,49.600002,48.9,49.300003,49.600002,49.300003,49.300003,49.300003,49.300003,49.300003,48.9,48.600002,3745789,-165710,1075200,1075200,1075200,1075200,1075200,1075200,652800,1401600,637,6,40,280,9,25,211,3,34,451,3,22,295,2,21,102,1,18,242,0,8,82,8,21,314142,14413,629866,327736,26370,639662,192170,13105,783432,197088,3125,761884,191496,7397,702499,201489,492,698596,52041,0,206704,113312,16212,799491,-1.0,-1.0
1661112318217,34.326,0.054054055,0.17391305,0.0,0.0,0.0,0.17391305,0.083333336,0.0,0.041666668,48.300003,48.600002,47.9,48.9,48.9,48.600002,48.300003,48.300003,48.600002,48.600002,47.600002,47.600002,3696935,-635376,1075200,1075200,1075200,1075200,1075200,1075200,652800,1401600,250,18,50,105,5,30,59,19,42,46,12,35,56,5,24,62,4,34,3,0,20,23,45,53,235831,43720,664796,215604,12996,759242,63572,42334,779203,60891,19523,862443,38757,10135,808856,65318,1743,904431,1873,0,1598858,28370,132835,845899,-1.0,-1.0
1661112319228,34.338,0.1396648,0.045454547,0.0,0.0,0.0,0.09090909,0.0,0.0,1.0,47.9,47.9,47.300003,47.9,47.9,47.600002,47.300003,48.300003,47.300003,49.600002,47.300003,47.300003,3715036,-557556,1075200,1075200,1075200,1075200,1075200,1075200,652800,1401600,164,4,39,62,0,7,44,7,24,49,7,15,10,0,17,71,8,44,0,0,5,9,12,20,217740,14145,652959,296170,0,698155,160309,10616,816773,176378,16555,805951,64583,0,789931,81972,22275,783063,0,0,406420,8519,29919,889309,-1.0,-1.0
1661112320270,34.354,0.17751479,0.17391305,0.0,0.05,0.0,0.1,0.90909094,0.0,0.1,47.600002,47.300003,46.600002,47.300003,47.600002,47.300003,46.9,47.300003,47.600002,48.300003,46.9,46.9,3704915,-805054,1075200,1075200,1075200,1075200,1075200,1075200,652800,1401600,283,36,61,16,6,18,95,7,37,75,0,18,29,0,11,57,5,20,1,0,1,62,0,4,606924,64832,332658,511639,13810,507860,551261,19454,449046,506315,0,455173,570778,0,398904,530084,7909,469405,90385,0,838983,760775,0,293943,-1.0,-1.0
1661112321271,34.367,0.1127451,0.16,0.0,0.0,0.0,0.11111111,0.68,0.0,0.0,47.600002,47.600002,47.300003,47.600002,47.600002,47.600002,47.9,47.600002,47.9,48.300003,47.300003,46.9,3689928,-755310,1075200,1075200,1075200,1075200,1075200,1075200,652800,1401600,756,24,46,547,5,19,264,46,59,344,32,63,186,28,90,174,11,49,114,0,0,261,0,0,525128,42413,289659,521492,18533,403107,253044,97982,576504,203004,58573,707488,203344,49156,567579,182298,18430,705823,1659126,0,0,877801,0,0,-1.0,-1.0
1661112322310,34.367,0.61878455,0.72727275,0.6956522,0.6363636,0.73913044,0.6956522,0.8181818,0.13636364,0.5217391,46.9,46.9,46.600002,46.9,47.300003,46.9,46.600002,46.300003,46.600002,46.300003,46.300003,46.600002,3708808,-877075,1075200,1075200,1075200,1075200,1075200,1075200,652800,1401600,570,1,5,116,0,2,107,10,29,152,11,29,27,3,9,190,8,29,41,0,1,84,0,7,756253,485,14731,990352,0,20536,851166,14951,144075,750220,22610,152463,658117,9267,212104,680110,18006,163881,318641,0,37889,303995,0,580517,-1.0,-1.0
1661112323309,34.361,0.48351648,0.52380955,0.47619048,0.6086956,0.5217391,0.59090906,0.5833333,0.18181819,0.375,47.600002,47.600002,47.300003,47.600002,47.9,47.600002,47.300003,47.600002,47.600002,47.9,46.600002,46.9,3698492,-732422,1075200,1075200,1075200,1075200,1075200,1075200,652800,1401600,871,10,5,631,6,13,341,10,23,550,18,21,352,4,16,379,5,9,216,19,96,317,29,66,627179,15145,9664,617632,11816,73251,561990,24563,102196,666611,41253,74191,384484,4757,50841,557020,5430,74272,299085,56073,1220671,276746,69558,509650,12.463073409461664,0.17504730831973897
1661112324357,34.376003,0.2742857,0.22727273,0.22727273,0.27272728,0.4347826,0.13636364,0.18181819,0.13636364,0.5652174,47.9,48.300003,47.9,48.300003,48.300003,47.9,47.600002,47.9,47.9,48.300003,46.9,46.600002,3654698,-1185608,1075200,1075200,1075200,1075200,1075200,1075200,652800,1401600,990,36,62,585,39,55,332,47,63,413,43,77,257,30,59,161,16,49,370,47,132,297,55,141,580404,40562,130400,450156,75473,244662,310990,93600,293941,240094,100634,445580,184063,57792,509455,124671,24920,513583,202915,119856,604525,178043,114740,530898,104.55950310559005,0.11577639751552794
1661112325381,34.373,0.26190478,0.1904762,0.33333334,0.3181818,0.09090909,0.09090909,0.0,0.1904762,1.0,48.9,48.9,48.600002,48.600002,48.9,48.9,48.600002,49.9,49.300003,51.600002,47.600002,47.600002,3616939,-1559754,1075200,1075200,1075200,1075200,1075200,1075200,652800,1401600,912,27,56,867,23,58,702,55,76,273,45,88,270,31,68,158,18,49,1669,72,200,146,57,120,620428,52972,186735,664958,44562,178100,632221,81883,141245,261167,87623,508871,247696,66733,549763,166896,44068,631005,418139,78637,376379,122012,145075,280903,451.0975279503105,0.17838509316770185
1661112326391,34.38,0.29166666,0.22727273,0.15,0.27272728,0.1,0.14285715,0.0952381,0.3,1.0,50.600002,50.600002,49.9,50.600002,50.300003,50.600002,49.9,51.300003,50.300003,52.9,48.300003,48.300003,3610127,-1583558,1075200,1075200,1075200,1075200,1075200,1075200,652800,1401600,638,77,118,559,69,73,454,77,91,170,34,52,130,5,27,120,19,65,7093,16,47,24,16,30,483330,104125,232861,580609,118613,130120,514165,153553,193668,138238,61008,546841,68119,8168,709937,119618,68227,682915,645332,12300,85419,29863,32623,73829,633.2876988543372,0.24877250409165305
1661112327403,34.415,0.22916667,0.12,0.2,0.2,0.083333336,0.12,0.0,0.13636364,1.0,51.300003,51.300003,50.300003,50.9,50.9,51.300003,50.9,52.300003,51.9,53.9,48.9,48.600002,3625114,-1443482,1075200,1075200,1075200,1075200,1075200,1075200,652800,1401600,831,46,66,803,54,69,518,80,88,323,37,79,312,56,81,348,71,85,8448,0,4,1,1,4,571918,68656,149623,632492,84854,117143,487936,131798,196026,331154,40821,435986,308138,87394,393470,320526,144899,334440,670800,0,10428,2,5792,10773,634.2091719745222,0.2578343949044586
1661112328414,34.465,0.24293785,0.09090909,0.13636364,0.1904762,0.13636364,0.09090909,0.0,0.22727273,1.0,51.300003,51.300003,50.300003,50.600002,51.300003,50.9,50.9,52.9,51.600002,54.300003,49.300003,48.600002,3618107,-1427308,1075200,1075200,1075200,1075200,1075200,1075200,652800,1401600,488,61,112,606,70,88,366,91,94,273,62,114,109,38,72,96,35,87,9143,0,0,1,0,0,441852,113272,300983,602104,127076,134739,456456,196243,229428,315546,114205,458663,144769,128808,583156,86712,102997,740001,709746,0,0,11,0,0,625.8761578947369,0.25052631578947365
1661112329423,34.510002,0.2292683,0.15384616,0.16666667,0.12,0.037037037,0.07692308,0.07692308,0.2,1.0,51.600002,51.600002,50.9,51.300003,51.600002,51.600002,50.9,53.300003,52.300003,54.600002,49.600002,48.9,3630174,-1455384,1075200,1075200,1075200,1075200,1075200,1075200,652800,1401600,524,52,86,631,69,85,442,92,111,386,63,125,142,27,67,232,39,76,8873,0,0,6,0,2,541724,102684,185557,661639,114388,142765,498034,158839,229715,406283,92753,379945,145064,55531,630104,241720,71329,594196,684480,0,0,1972,0,4170,519.8929789303079,0.20693679092382497
1661112330427,34.548,0.23,0.041666668,0.26923078,0.1923077,0.04,0.08,0.07692308,0.16666667,1.0,51.9,51.600002,50.9,51.300003,51.300003,51.600002,50.9,53.300003,51.600002,54.300003,49.600002,48.9,3611878,-1453553,1075200,1075200,1075200,1075200,1075200,1075200,652800,1401600,617,87,107,551,73,76,215,53,89,147,31,73,62,11,50,136,11,36,8636,0,0,4,0,5,565803,125519,154925,568094,119791,148263,292412,125884,412591,190955,62393,643947,90611,35791,750624,170242,11132,727770,747380,0,0,2970,0,88720,654.7096462809918,0.2935537190082645
1661112331473,34.602,0.2937853,0.5,0.2173913,0.18181819,0.18181819,0.08695652,0.0,0.1,1.0,51.600002,51.600002,51.300003,51.600002,51.600002,51.600002,51.300003,53.600002,51.9,54.9,49.600002,49.300003,3615187,-1575013,1075200,1075200,1075200,1075200,1075200,1075200,652800,1401600,542,58,93,499,52,94,330,48,67,415,66,74,62,16,55,389,38,66,9234,0,1,37,3,4,521640,117318,224056,644434,91654,216071,588877,109138,219989,594147,131168,224011,320074,51312,542572,434002,85273,435510,742280,0,18083,1847,394,18289,554.5923406940063,0.256403785488959
1661112332468,34.65,0.32777777,0.13043478,0.5,0.17391305,0.0,0.625,0.08695652,0.1,1.0,52.300003,51.9,51.300003,51.600002,51.9,51.9,51.600002,53.600002,52.300003,54.9,49.9,49.600002,3614603,-1423951,1075200,1075200,1075200,1075200,1075200,1075200,652800,1401600,613,48,67,593,52,61,213,32,53,337,42,63,124,12,33,166,25,50,8735,0,1,70,1,2,622914,71795,139058,670184,83091,100319,502718,68754,223612,580055,83486,167181,426752,43154,313528,525904,49169,331511,700626,0,26625,2840,15,24573,631.7575974025974,0.2758441558441559
1661112333508,34.704002,0.165,0.04,0.04,0.12,0.03846154,0.08,0.07692308,0.0,1.0,52.300003,51.9,51.600002,51.600002,51.9,52.600002,51.9,53.600002,52.600002,55.300003,50.300003,49.9,3601952,-1811524,1075200,1075200,1075200,1075200,1075200,1075200,652800,1401600,536,19,33,622,29,24,350,18,35,254,19,34,283,6,29,128,1,11,9676,0,1,81,0,2,852858,24265,75378,702462,47775,38786,820534,48769,96311,780728,41011,79077,704100,14832,146259,679638,377,212758,751463,0,2668,1899,0,2146,244.48254263565892,0.16013643410852713
1661112334555,34.745003,0.24277456,0.18181819,0.13636364,0.05263158,0.45454547,0.15,0.65384614,0.045454547,0.2173913,50.9,50.9,50.300003,50.300003,50.600002,50.600002,50.300003,52.9,50.9,54.600002,48.600002,48.600002,3716593,-378723,1075200,1075200,1075200,1075200,1075200,1075200,652800,1401600,812,17,49,799,27,54,410,10,10,453,3,11,419,16,34,268,0,13,1412,17,21,131,0,0,623689,37472,191426,685010,54107,150833,578427,18995,254773,603974,2251,301037,604471,36068,205607,553994,0,243246,221172,33170,572392,50912,0,0,-1.0,-1.0
