1661131655571,31.043001,0.09815951,0.05,0.0,0.13636364,0.1,0.1,0.1,0.05,0.1904762,37.300003,37.600002,36.600002,37.600002,37.600002,37.9,37.600002,38.300003,37.9,39.300003,35.600002,35.600002,3780823,-632629,1075200,1075200,1075200,1075200,1075200,1075200,652800,1401600,6275725,153558,518852,6581130,182059,601839,3203972,220516,548419,3216464,224583,562128,2877275,188680,553367,2829710,192835,566145,3238266,109132,542441,1555848,171090,480653,4316926189,331951794,11458335842,4544969306,365431743,11332465897,2711874851,501360021,13050417659,2719759567,514755245,13075243532,2427787824,437299794,12964498520,2406398890,452487725,12931326110,1743499467,266369627,14740159168,1071459206,389492792,12915440123,-1.0,-1.0
1661131656579,31.034002,0.20467836,0.1,0.15,0.1904762,0.1904762,0.22727273,0.1904762,0.18181819,0.33333334,36.600002,35.600002,35.300003,35.600002,35.600002,35.600002,35.300003,35.9,35.9,35.9,34.9,34.9,3812160,-200805,1075200,1075200,1075200,1075200,1075200,1075200,652800,1401600,488,0,0,815,0,0,227,43,95,317,62,76,331,35,94,263,40,93,99,7,55,98,10,71,694970,0,0,792158,0,0,242858,99561,438685,276594,149821,356785,263456,80508,435935,252402,110556,433540,77957,19814,748590,50732,25709,516009,-1.0,-1.0
1661131657571,31.024002,0.4796748,0.31034482,0.4516129,0.375,0.33333334,0.46875,0.56666666,0.4516129,0.90625,36.300003,36.300003,35.9,36.300003,36.600002,36.300003,36.600002,36.300003,36.9,37.300003,35.9,35.600002,3801844,-392761,1075200,1075200,1075200,1075200,1075200,1075200,652800,1401600,599,18,60,746,19,42,426,6,8,311,40,54,403,3,15,295,15,25,174,0,8,154,4,17,506270,48340,285680,478185,68457,317207,381654,17155,306809,486930,179314,203030,391777,9114,461014,395478,46843,176821,394564,0,518760,280836,3589,493084,-1.0,-1.0
1661131658671,31.021002,0.92201835,0.96153843,0.8965517,0.9285714,0.93333334,0.9166667,0.89285713,0.8965517,0.9259259,37.600002,38.300003,37.600002,37.9,38.600002,38.600002,38.300003,38.600002,38.600002,39.9,35.9,35.9,3792307,-484924,1075200,1075200,1075200,1075200,1075200,1075200,652800,1401600,577,0,0,1732,0,0,969,0,1,600,1,1,402,0,0,510,1,4,646,0,11,1201,1,2,748379,0,0,760936,0,0,666163,0,1028,694774,426,815,468787,0,0,478369,605,5162,873912,0,12608,529857,287,1870,0.01303370786516854,0.008192616372391652
1661131659887,31.015001,0.9122807,0.9655172,0.96428573,0.96428573,0.9285714,0.9677419,1.0,0.48387095,0.93333334,40.300003,40.300003,39.9,40.600002,40.9,40.600002,40.600002,40.600002,41.300003,41.9,37.9,38.300003,3744231,-971680,1075200,1075200,1075200,1075200,1075200,1075200,652800,1401600,524,0,0,1125,0,0,401,0,0,528,0,0,352,0,0,477,0,0,977,0,0,1376,0,2,361704,0,0,281968,0,0,328903,0,0,323750,0,0,272093,0,0,299062,0,0,443810,0,0,266851,0,695,3.4051656441717792,0.1630552147239264
1661131661194,31.002,0.10309278,0.18518518,0.125,0.12,0.12,0.2,0.115384616,0.0,0.083333336,41.300003,41.300003,40.9,41.9,41.9,41.9,41.600002,42.600002,41.9,44.600002,39.9,39.600002,3744815,-980530,1075200,1075200,1075200,1075200,1075200,1075200,652800,1401600,368,0,0,528,0,0,297,2,0,380,0,1,232,0,0,40,0,0,1082,22,7,430,0,9,174076,0,0,183011,0,0,173019,2444,0,191214,0,2462,65421,0,0,20111,0,0,424371,19328,7097,93050,0,8222,0.20612850082372325,0.02413179571663921
1661131662283,31.008001,0.028169014,0.0,0.037037037,0.037037037,0.0,0.07692308,0.0,0.0,0.0,38.600002,38.600002,38.600002,38.9,38.600002,38.9,38.300003,38.300003,38.600002,38.600002,38.300003,37.9,3812160,-183715,1075200,1075200,1075200,1075200,1075200,1075200,652800,1401600,661,7,15,1000,14,25,462,32,81,346,44,71,296,26,51,276,19,58,498,40,92,206,5,103,561801,22595,132131,669424,22998,114935,300020,58247,385016,293360,102052,400300,252121,48833,279611,259123,32190,373647,235677,109795,438741,131161,7891,624146,-1.0,-1.0
1661131663363,31.005001,0.024390243,0.0,0.0,0.0,0.03846154,0.037037037,0.14285715,0.0,0.0,37.9,37.9,37.300003,37.600002,37.9,37.9,37.600002,37.600002,37.9,37.9,37.300003,36.9,3801455,-382385,1075200,1075200,1075200,1075200,1075200,1075200,652800,1401600,419,2,19,456,19,52,396,24,75,257,33,75,132,6,42,158,8,34,168,15,63,124,8,68,390868,4310,546764,437436,46430,413228,227691,46641,661798,239817,76751,616530,116888,13998,656585,157703,22785,648662,132306,63795,907593,113701,20129,861583,-1.0,-1.0
1661131664441,30.989002,0.07486631,0.0,0.0,0.045454547,0.083333336,0.12,0.16666667,0.125,0.083333336,37.300003,37.600002,37.300003,37.600002,37.600002,37.600002,37.600002,37.300003,37.300003,37.600002,36.9,36.600002,3809630,-161132,1075200,1075200,1075200,1075200,1075200,1075200,652800,1401600,496,3,21,665,4,29,598,48,72,348,39,63,305,32,68,323,24,55,160,13,79,189,14,72,511820,5863,289917,448703,10746,292278,335861,105126,372432,258306,74334,462955,221332,72220,449914,185919,48843,408296,126752,26280,694702,80320,20617,702296,-1.0,-1.0
1661131665477,30.993002,0.12,0.0,0.30769232,0.041666668,0.04,0.0,0.08,0.07692308,0.375,37.600002,37.600002,37.300003,37.600002,37.600002,37.300003,37.300003,37.300003,37.600002,37.600002,36.600002,36.600002,3812938,-176391,1075200,1075200,1075200,1075200,1075200,1075200,652800,1401600,429,1,23,615,7,37,283,40,79,331,49,87,210,27,72,176,25,48,41,5,43,82,7,73,605979,1873,312280,638264,10074,271259,261799,101360,557192,238125,108457,590941,223420,63284,644376,157118,62834,538404,81374,11814,866541,98299,21855,906963,0.06593103448275862,0.009467084639498432
1661131666557,30.999,0.53296703,0.45454547,0.36842105,0.5652174,0.5,0.5714286,0.5,0.4,0.75,37.9,38.300003,37.600002,38.600002,38.300003,38.300003,38.300003,39.300003,39.300003,40.600002,37.300003,36.9,3787636,-488891,1075200,1075200,1075200,1075200,1075200,1075200,652800,1401600,677,18,36,778,18,36,564,61,78,468,60,97,283,42,105,146,23,49,61,3,49,105,0,58,701578,27078,216601,661519,34094,145052,461080,160028,306080,304061,132254,499851,239524,107834,496580,177779,54997,600003,94033,19153,1014304,85927,0,674081,0.008923076923076924,0.06011538461538462
1661131667587,30.996002,0.16384181,0.14285715,0.22727273,0.0,0.0952381,0.20833333,0.3809524,0.0,0.09090909,39.9,39.600002,39.300003,39.9,40.600002,40.600002,39.600002,40.300003,40.600002,41.600002,38.300003,37.9,3767393,-596313,1075200,1075200,1075200,1075200,1075200,1075200,652800,1401600,567,28,48,867,33,57,362,49,60,431,12,54,305,5,20,284,7,39,372,37,84,189,4,16,332677,97033,262143,528058,79882,184050,309575,158152,315737,313059,41023,458968,149782,21058,440047,287653,18828,362701,371247,103327,382532,120264,4590,93357,0.019080745341614906,0.11216149068322981
1661131668638,30.993002,0.09714286,0.045454547,0.09090909,0.09090909,0.09090909,0.29166666,0.18181819,0.0,0.08695652,39.600002,39.9,39.300003,39.600002,39.600002,39.9,39.600002,39.9,40.300003,41.300003,38.300003,37.9,3760776,-829163,1075200,1075200,1075200,1075200,1075200,1075200,652800,1401600,734,3,3,1038,3,3,573,21,37,610,16,26,542,14,26,445,16,18,491,9,56,215,5,38,726775,7281,6723,651899,8139,11250,569246,40432,126514,568140,22910,134125,533552,18744,121771,471662,34062,93237,503980,24582,299831,216520,13179,231951,0.00815686274509804,9.411764705882353E-4
1661131669652,30.999,0.26666668,0.26086956,0.2173913,0.27272728,0.20833333,0.25,0.23076923,0.28,0.4,38.300003,38.300003,37.9,38.300003,38.300003,38.300003,37.9,37.9,38.300003,38.300003,37.300003,37.300003,3802039,-317688,1075200,1075200,1075200,1075200,1075200,1075200,652800,1401600,475,0,0,925,0,0,486,54,83,443,54,91,292,44,75,189,39,78,119,17,81,72,17,91,744339,0,0,794581,0,0,331038,95103,330152,316434,123475,338609,244872,102163,255539,192586,87221,433957,93874,45209,806596,77149,37612,747292,-1.0,-1.0
1661131670702,30.996002,0.06557377,0.04347826,0.045454547,0.0,0.16666667,0.045454547,0.09090909,0.0,0.08695652,38.600002,38.600002,38.600002,39.300003,38.9,39.300003,38.600002,39.600002,39.300003,39.600002,37.9,37.600002,3771870,-517578,1075200,1075200,1075200,1075200,1075200,1075200,652800,1401600,805,0,0,1076,0,0,517,34,73,493,49,78,518,31,77,330,34,74,262,13,70,257,7,71,803110,0,0,797831,0,0,381371,55101,319320,452412,95199,249821,436170,56555,287693,317194,58351,339991,206280,33538,662183,151799,18955,516661,0.11963157894736842,0.04864473684210527
1661131671743,31.005001,0.3314917,0.3043478,0.2173913,0.25,0.27272728,0.82608694,0.3478261,0.13636364,0.375,37.9,37.9,37.300003,37.600002,37.600002,37.600002,37.600002,37.600002,37.600002,37.600002,37.300003,37.300003,3815079,-165405,1075200,1075200,1075200,1075200,1075200,1075200,652800,1401600,683,10,20,921,17,25,290,49,118,428,66,103,300,49,93,204,39,83,27,4,51,65,17,70,723069,21685,117806,725454,33296,119249,278770,112269,453836,370271,143553,352123,269130,128131,444583,201128,93954,443792,35972,4977,863417,60089,35179,704552,1.5456366612111292,0.05635351882160393
1661131672774,31.012001,0.175,0.1923077,0.16666667,0.041666668,0.26923078,0.12,0.18518518,0.04,0.41666666,39.9,39.600002,38.9,39.300003,39.9,39.9,39.300003,39.9,39.600002,40.300003,38.600002,38.300003,3695767,-1478272,1075200,1075200,1075200,1075200,1075200,1075200,652800,1401600,860,0,4,965,1,11,832,58,63,600,53,75,431,33,55,280,38,74,391,18,108,316,28,76,662857,0,71505,754001,746,31761,542109,102458,123892,443487,123059,191211,302536,49565,175299,267179,90730,328396,243622,50492,599400,200437,76375,323942,115.91505008077544,0.22023909531502422
1661131673832,31.005001,0.36,0.2857143,0.3,0.23809524,0.41666666,0.6956522,0.2857143,0.25,0.45833334,40.600002,40.300003,39.600002,39.9,40.300003,39.9,39.600002,39.9,39.9,40.9,39.600002,39.300003,3707834,-1327515,1075200,1075200,1075200,1075200,1075200,1075200,652800,1401600,1011,7,11,1468,5,7,408,49,96,586,64,48,332,36,83,608,41,76,1072,30,158,319,47,104,756913,18156,17137,807030,6013,8159,402743,104745,288268,575485,111970,95230,345392,51963,307338,481305,68428,241970,349336,57282,472465,194140,89558,247064,145.50804508856683,0.1579903381642512
1661131674851,31.008001,0.2556818,0.18181819,0.26086956,0.14285715,0.3478261,0.18181819,0.0952381,0.45454547,0.36363637,40.9,41.300003,40.600002,40.9,40.9,40.9,40.600002,40.600002,40.600002,40.9,40.300003,39.9,3690317,-1473084,1075200,1075200,1075200,1075200,1075200,1075200,652800,1401600,950,0,0,1127,0,0,606,44,63,538,47,68,364,35,46,218,27,40,262,35,107,175,37,99,730690,0,0,646300,0,0,455310,74100,121613,450597,67215,137628,268115,62297,174233,180021,46349,126222,173471,62592,522834,126517,65131,290073,147.7728847352025,0.4692834890965732
1661131675879,31.005001,0.1969697,0.045454547,0.08695652,0.115384616,0.25925925,0.12,0.041666668,0.42307693,0.42857143,41.600002,41.600002,40.9,41.300003,41.600002,41.600002,41.300003,41.600002,41.600002,42.9,40.9,40.300003,3721848,-1280213,1075200,1075200,1075200,1075200,1075200,1075200,652800,1401600,1005,0,1,1333,0,0,412,58,113,568,57,81,341,45,76,419,55,78,155,7,85,189,42,101,844023,0,260,850568,0,0,416228,106186,331969,562616,110143,163713,364158,77558,324594,420958,98816,273162,191602,20275,525607,195074,99196,300769,157.06832329635498,0.19063074484944534
1661131676938,31.008001,0.20707071,0.1923077,0.13636364,0.041666668,0.24,0.12,0.16,0.42307693,0.3846154,41.600002,41.600002,41.300003,41.600002,41.9,41.300003,41.300003,40.9,41.600002,41.600002,41.300003,40.600002,3703747,-1411744,1075200,1075200,1075200,1075200,1075200,1075200,652800,1401600,942,1,2,1239,2,4,351,58,105,654,70,71,254,36,87,383,54,104,197,22,100,139,41,100,839671,307,1711,879071,1193,4327,410342,118659,358271,650270,116005,115783,320904,74713,405160,393025,95798,391303,196602,65742,329556,163364,114871,376034,148.71234098360654,0.17442622950819672
1661131677956,31.008001,0.21390374,0.20833333,0.17391305,0.04761905,0.28,0.09090909,0.17391305,0.3478261,0.27272728,41.9,41.9,41.600002,41.9,41.9,41.600002,41.600002,41.9,41.9,42.300003,41.600002,40.9,3695572,-1473389,1075200,1075200,1075200,1075200,1075200,1075200,652800,1401600,901,5,7,1281,0,1,391,60,90,554,59,76,278,55,61,391,56,81,179,26,89,152,38,89,877133,4410,9277,842015,0,917,398877,136688,352670,531536,116217,238866,309574,134846,343638,390784,94885,351460,178179,76544,393894,167855,96762,383175,149.04953642384106,0.21033112582781457
1661131678958,31.018002,0.20689656,0.125,0.125,0.041666668,0.20833333,0.15384616,0.15384616,0.42307693,0.3846154,42.300003,42.600002,41.9,41.9,41.9,42.300003,41.9,42.300003,42.300003,42.9,41.600002,41.300003,3701411,-1383667,1075200,1075200,1075200,1075200,1075200,1075200,652800,1401600,902,1,2,1179,0,0,512,75,82,415,67,89,317,60,73,217,34,57,174,36,99,174,39,93,860837,425,5797,849871,0,0,505946,125299,238907,489697,134057,241213,333947,127647,313141,274311,65297,435782,177966,90138,336805,180821,99208,370209,145.50537142857144,0.20215873015873015
1661131680015,31.024002,0.37142858,0.27272728,0.23809524,0.22727273,0.3478261,0.54545456,0.5652174,0.4090909,0.4347826,42.600002,42.600002,42.300003,42.300003,42.600002,42.300003,42.300003,42.300003,42.600002,42.9,41.600002,41.600002,3704915,-1365357,1075200,1075200,1075200,1075200,1075200,1075200,652800,1401600,1030,4,4,1274,0,3,533,66,86,428,68,88,346,50,78,217,34,62,281,37,108,205,29,115,880349,7927,3991,865993,0,3856,496593,105636,280278,548307,130379,223733,384616,111611,359200,263695,72587,441094,255698,79639,316698,197865,70053,394091,148.7891961414791,0.21041800643086817
1661131681022,31.024002,0.2748538,0.2,0.23809524,0.13636364,0.36363637,0.18181819,0.3809524,0.3,0.4090909,42.9,42.9,42.600002,42.600002,42.9,42.9,42.600002,42.600002,43.300003,42.9,42.300003,41.600002,3688371,-1440430,1075200,1075200,1075200,1075200,1075200,1075200,652800,1401600,1078,0,0,1200,0,0,432,73,91,624,69,76,263,50,62,174,36,57,185,28,107,218,28,121,833301,0,0,851803,0,0,426740,153357,274315,612565,117374,112268,278396,99471,282560,229985,78618,349029,202974,69029,333169,219698,89504,350937,145.66116256157636,0.20492610837438424
1661131682034,31.034002,0.26666668,0.1923077,0.25925925,0.15384616,0.24,0.14814815,0.37037036,0.42857143,0.3846154,42.600002,42.9,42.300003,42.600002,42.9,42.300003,42.600002,42.300003,42.600002,42.600002,41.9,41.9,3703747,-1341248,1075200,1075200,1075200,1075200,1075200,1075200,652800,1401600,972,5,2,1189,0,0,620,73,90,458,70,85,207,30,69,313,63,64,211,22,87,184,39,103,842143,5578,3708,841093,0,0,522341,116997,188205,483810,132119,203727,267824,68758,444901,336088,138078,246264,217275,52775,339861,198293,85710,353314,152.2975263157895,0.19894736842105265
1661131683075,31.037,0.21052632,0.04761905,0.13043478,0.08695652,0.18181819,0.125,0.04347826,0.45833334,0.44,43.300003,43.300003,42.600002,42.9,42.9,42.9,42.600002,43.300003,43.300003,43.9,42.600002,41.9,3697713,-1322022,1075200,1075200,1075200,1075200,1075200,1075200,652800,1401600,1064,0,1,1195,0,0,324,43,114,593,59,92,442,74,97,182,39,69,169,29,109,152,44,109,891547,0,696,886352,0,0,377478,77612,436532,576985,95111,187958,435863,123705,215567,261162,124980,404335,165379,87589,361384,164652,114972,379731,151.66650980392157,0.2091503267973856
1661131684095,31.043001,0.21839081,0.14285715,0.1904762,0.0952381,0.26086956,0.13636364,0.13636364,0.39130434,0.4347826,43.300003,42.9,42.600002,42.600002,42.600002,42.9,42.300003,42.600002,42.600002,42.9,42.600002,41.9,3709391,-1240845,1075200,1075200,1075200,1075200,1075200,1075200,652800,1401600,1005,3,2,1097,0,0,453,85,106,620,57,74,316,51,83,207,45,66,193,33,92,224,35,107,851195,4360,4769,848327,0,0,462633,143501,227361,584829,95155,137414,326783,83952,335911,276290,91280,438552,199902,89796,317828,217476,83623,345907,149.24440449438202,0.18968860353130015
1661131685099,31.056002,0.20786516,0.20833333,0.17391305,0.13636364,0.22727273,0.13636364,0.09090909,0.35,0.39130434,43.300003,43.300003,42.9,42.9,42.9,42.9,42.600002,42.9,42.9,43.300003,42.9,42.300003,3706667,-1343384,1075200,1075200,1075200,1075200,1075200,1075200,652800,1401600,1049,0,1,1177,0,0,402,70,67,484,54,89,204,42,75,266,50,81,150,30,94,162,22,87,845236,0,835,843314,0,0,395082,148893,322001,528358,93632,255824,275626,112564,389101,306233,110128,442957,161143,91412,374633,167012,56746,396643,152.39244590163935,0.20721311475409834
1661131686119,31.066002,0.18343195,0.14285715,0.14285715,0.04761905,0.22727273,0.13636364,0.05,0.3809524,0.36363637,43.600002,43.300003,42.9,43.300003,43.300003,42.600002,42.9,43.300003,43.300003,43.600002,42.9,42.300003,3693237,-1395264,1075200,1075200,1075200,1075200,1075200,1075200,652800,1401600,1023,0,0,1104,2,5,523,72,89,601,76,69,268,49,70,302,41,75,199,26,103,168,30,103,872505,0,0,869651,1035,9052,464374,120407,271403,557330,137161,131452,272781,113993,388670,332552,81596,449039,181279,71146,378136,175964,85850,387307,146.98677227722774,0.22178217821782178
1661131687133,31.075,0.25274727,0.18181819,0.18181819,0.2173913,0.29166666,0.17391305,0.20833333,0.5,0.36363637,43.600002,43.600002,43.300003,43.300003,43.300003,43.300003,43.600002,42.9,43.9,43.600002,42.9,42.600002,3687981,-1498719,1075200,1075200,1075200,1075200,1075200,1075200,652800,1401600,999,0,0,1163,2,4,470,80,89,527,83,70,254,33,75,399,60,91,184,31,97,176,29,109,877190,0,0,863881,3432,2802,445867,141099,246430,567809,147060,148244,285685,63140,432918,401133,107560,374321,184353,76509,352558,193701,95224,372122,158.2328775834658,0.20044515103338634
1661131688135,31.088001,0.21714285,0.13636364,0.15,0.05,0.18181819,0.18181819,0.20833333,0.3181818,0.4,43.9,43.9,43.600002,43.600002,43.600002,43.9,43.600002,44.300003,43.9,44.9,43.600002,42.9,3683505,-1462403,1075200,1075200,1075200,1075200,1075200,1075200,652800,1401600,1045,0,0,1226,2,1,449,56,93,621,66,69,329,54,78,205,41,72,171,35,96,189,26,104,870176,0,0,841954,3248,1230,433547,109395,286687,613109,109082,125919,390952,114335,358089,271534,122151,347043,163343,94752,293348,192773,80659,401946,162.49594838709677,0.21470967741935484
1661131689156,31.104002,0.20942408,0.17391305,0.20833333,0.17391305,0.24,0.09090909,0.04347826,0.3478261,0.375,44.300003,43.9,43.9,43.9,43.9,43.9,43.9,43.600002,44.300003,43.9,43.600002,42.9,3672800,-1605530,1075200,1075200,1075200,1075200,1075200,1075200,652800,1401600,1044,0,1,1240,1,1,445,63,76,473,69,75,501,74,87,188,33,57,176,33,94,188,25,104,867928,0,3377,874488,16,1523,472949,111648,265316,544732,130255,206097,449925,146787,204328,262366,74366,415921,174795,97325,366101,203307,69186,332638,174.34340787401575,0.1955275590551181
1661131690183,31.113,0.5275229,0.2962963,0.26923078,0.33333334,0.37037036,0.96153843,0.9285714,0.5185185,0.4642857,44.9,44.600002,44.300003,44.300003,44.600002,44.300003,43.9,44.300003,43.9,44.9,43.9,43.300003,3675330,-1598511,1075200,1075200,1075200,1075200,1075200,1075200,652800,1401600,1027,0,0,1286,1,1,521,61,76,451,71,84,268,42,80,249,36,69,186,17,88,127,31,90,850031,0,0,857070,2808,396,487625,116986,240523,505585,145203,214203,308484,92040,389951,298611,70685,326985,205029,40027,359062,140101,83197,383237,176.37060465116278,0.20787596899224806
1661131691289,31.136002,0.47058824,0.13636364,0.26923078,0.30769232,0.2962963,1.0,0.8148148,0.46153846,0.46153846,45.300003,45.600002,44.9,45.300003,45.600002,45.600002,44.9,45.600002,45.600002,46.600002,44.300003,43.9,3669880,-1629945,1075200,1075200,1075200,1075200,1075200,1075200,652800,1401600,1108,0,0,1192,1,1,677,63,76,503,55,88,108,9,40,186,17,38,340,39,93,346,40,125,893471,0,0,866121,477,492,561371,92687,170119,546009,102428,224602,125349,11744,247771,146501,36299,103163,257679,67383,251181,279374,95269,297768,184.10629813664596,0.2488447204968944
1661131692392,31.152002,0.34444445,0.3478261,0.1904762,0.23809524,0.27272728,0.25,0.52,0.47826087,0.42857143,45.9,45.600002,44.9,45.600002,45.9,45.600002,45.600002,45.9,45.600002,46.600002,44.9,44.300003,3676692,-1645508,1075200,1075200,1075200,1075200,1075200,1075200,652800,1401600,1078,0,0,1119,0,0,550,33,65,621,49,68,30,2,8,40,4,7,291,45,83,344,53,59,723774,0,0,744002,0,0,489366,61559,189338,648850,85196,131971,50241,1290,19145,42866,10937,22996,226864,75090,240601,248813,100647,138550,176.78328830313015,0.18767710049423394
1661131693393,31.174002,0.252809,0.1904762,0.1,0.22727273,0.33333334,0.17391305,0.09090909,0.4090909,0.47826087,45.9,45.600002,45.300003,45.600002,45.600002,45.600002,45.600002,45.600002,45.9,46.600002,44.600002,44.300003,3677471,-1616822,1075200,1075200,1075200,1075200,1075200,1075200,652800,1401600,1019,0,0,1272,0,0,587,81,71,502,54,82,180,35,60,447,48,76,152,24,83,209,26,86,817037,0,0,852707,0,0,473489,160950,168650,543686,105110,186738,245337,94420,251233,397854,74745,228788,145250,67058,318151,173926,66735,323466,178.7140186915888,0.20585669781931462
1661131694412,31.187002,0.26262626,0.2,0.1923077,0.16,0.26086956,0.2,0.083333336,0.4347826,0.4347826,45.9,45.600002,45.300003,45.300003,45.600002,45.600002,45.600002,45.300003,45.9,46.300003,44.600002,44.600002,3683505,-1556092,1075200,1075200,1075200,1075200,1075200,1075200,652800,1401600,1121,0,0,1218,0,0,396,80,76,449,77,85,398,52,77,424,48,80,154,22,92,199,33,94,858234,0,0,896545,0,0,457831,167243,213853,513915,154282,194707,427550,82580,317129,423438,85040,306091,172301,62934,325057,218084,84928,316280,172.69518987341772,0.2050632911392405
1661131695462,31.209002,0.21195652,0.13636364,0.13043478,0.16,0.13636364,0.08695652,0.14285715,0.5217391,0.27272728,46.300003,46.300003,45.600002,46.300003,45.9,45.600002,45.600002,45.9,45.9,46.9,45.300003,44.600002,3694599,-1419373,1075200,1075200,1075200,1075200,1075200,1075200,652800,1401600,1025,5,10,1230,7,9,530,42,79,532,45,45,372,36,44,433,30,67,219,25,69,339,23,70,850840,2791,18687,885635,8922,9336,562634,73790,182785,647671,102809,121693,553149,68564,171050,531301,46431,249827,295165,49880,229465,349997,64477,206374,192.74902141680397,0.20876441515650743
1661131696468,31.225002,0.25405404,0.2173913,0.25,0.25,0.22727273,0.125,0.13636364,0.5,0.41666666,46.300003,46.300003,45.600002,45.9,45.9,45.9,45.9,45.9,46.300003,46.9,45.300003,44.9,3674551,-1479493,1075200,1075200,1075200,1075200,1075200,1075200,652800,1401600,1169,0,0,1288,0,0,528,86,96,437,61,93,340,46,65,200,33,71,177,17,87,202,28,118,807410,0,0,851846,0,0,493808,121378,200491,551772,98445,207067,354984,90171,251509,268722,67517,333135,204266,39479,270519,247973,65356,302871,182.2553776337115,0.2420875202593193
1661131697471,31.250002,0.25925925,0.20833333,0.17391305,0.16,0.26086956,0.04761905,0.13043478,0.48,0.5416667,46.600002,45.9,45.600002,46.300003,45.9,46.300003,45.9,46.300003,46.300003,46.9,45.600002,44.9,3685062,-1465760,1075200,1075200,1075200,1075200,1075200,1075200,652800,1401600,1153,0,0,1309,0,0,363,53,85,566,59,69,305,48,79,173,18,57,170,29,90,201,36,102,775408,0,0,839747,0,0,425805,118927,272722,548642,106222,125690,341619,101027,376243,248722,49323,405234,167498,62760,289589,194317,75536,359118,191.93970247933885,0.23061157024793388
1661131698482,31.266,0.19680852,0.09090909,0.125,0.125,0.1904762,0.08695652,0.16666667,0.3846154,0.3478261,46.600002,46.300003,46.300003,46.600002,46.300003,45.9,45.600002,46.300003,46.300003,46.300003,45.9,45.300003,3669880,-1514283,1075200,1075200,1075200,1075200,1075200,1075200,652800,1401600,1037,15,8,1133,9,14,266,56,48,473,51,62,535,52,71,266,28,50,226,21,56,346,21,68,838244,17837,15408,766191,10156,16796,504515,126170,215361,611414,103820,138838,535063,91102,144614,487173,71221,294208,292008,60682,166824,345539,49973,209475,181.17446808510638,0.20949263502454993
1661131699484,31.292002,0.22222222,0.08695652,0.125,0.083333336,0.24,0.16,0.18518518,0.4347826,0.42307693,46.9,46.9,46.300003,46.600002,46.600002,46.9,46.600002,46.9,47.300003,48.300003,45.9,45.600002,3675135,-1511841,1075200,1075200,1075200,1075200,1075200,1075200,652800,1401600,1012,3,7,1181,5,3,390,56,85,481,51,69,499,56,88,305,34,67,200,18,93,163,31,95,831563,2661,7642,852498,7214,2309,407837,117280,321059,504730,85866,199014,473917,85337,267475,311655,50263,401502,206875,37606,335181,172334,84897,335896,178.5159344262295,0.21718032786885247
1661131700493,31.323002,0.37,0.125,0.4,0.08695652,0.17391305,0.12,0.12,0.84,0.96,46.9,46.300003,46.300003,46.300003,46.300003,46.300003,45.600002,46.600002,46.300003,47.600002,45.600002,44.9,3673578,-1595765,1075200,1075200,1075200,1075200,1075200,1075200,652800,1401600,1099,0,0,1281,0,2,400,57,103,494,70,85,536,69,94,187,26,63,154,32,88,157,36,86,864837,0,0,870241,0,1593,435584,108365,346206,558115,120594,183018,468918,120383,252593,245258,52302,455041,170709,72846,307908,160486,98786,349577,186.57416560509554,0.17477707006369425
1661131701552,31.339,0.45402297,0.22727273,0.82608694,0.13636364,0.6,0.14285715,0.42105263,0.72727275,0.54545456,46.9,46.9,46.300003,46.600002,46.9,47.300003,46.600002,47.600002,47.600002,48.9,45.9,45.600002,3640685,-1945802,1075200,1075200,1075200,1075200,1075200,1075200,652800,1401600,799,5,12,1146,4,6,719,48,71,558,45,46,528,29,46,287,29,61,121,8,48,211,9,60,828569,8573,22537,766778,2181,10296,650956,73668,138614,631574,103018,141418,576513,58444,144089,476716,65644,303275,269703,33365,289993,298885,25596,266820,183.5435736677116,0.18828840125391852
1661131702548,31.371002,0.22513089,0.20833333,0.16666667,0.08695652,0.30769232,0.125,0.083333336,0.47826087,0.39130434,47.300003,47.300003,46.600002,47.300003,46.9,46.600002,46.600002,46.9,47.300003,47.600002,46.600002,46.300003,3638154,-1919862,1075200,1075200,1075200,1075200,1075200,1075200,652800,1401600,904,9,18,734,7,12,431,13,18,698,11,18,484,6,12,241,5,10,171,4,34,293,21,38,799922,11558,52446,530635,10193,8432,803815,17670,37317,724126,16984,47540,709732,13970,38098,785522,9858,81826,483068,12964,172478,426041,55976,160414,183.36078947368424,0.19526315789473686
1661131703550,31.387001,0.26404494,0.2173913,0.18181819,0.17391305,0.3043478,0.13636364,0.2173913,0.47826087,0.45833334,47.300003,47.300003,46.600002,47.300003,47.300003,46.9,46.9,47.600002,47.300003,49.300003,46.600002,45.9,3662484,-1666260,1075200,1075200,1075200,1075200,1075200,1075200,652800,1401600,1059,0,0,1277,0,0,824,45,59,555,40,54,238,44,63,215,28,70,184,19,73,196,23,82,853014,0,0,831115,0,0,657309,53958,146556,580487,67954,161882,482792,108458,228434,424173,65087,317221,201657,59383,291686,224938,50225,336215,182.82790819672132,0.21398032786885246
1661131704552,31.416002,0.25373134,0.2,0.16,0.2,0.30769232,0.26923078,0.1923077,0.23076923,0.5925926,47.600002,47.600002,46.600002,46.9,47.300003,46.9,46.600002,46.9,46.9,47.600002,46.600002,46.300003,3669880,-1587830,1075200,1075200,1075200,1075200,1075200,1075200,652800,1401600,1062,1,1,1211,1,4,603,64,76,409,60,90,387,58,88,173,32,75,154,22,99,176,24,88,835148,3437,944,847842,648,8679,510106,117211,204963,479240,137377,223775,360968,125675,306197,278628,74058,444471,183283,69168,355705,182668,51271,336929,170.4101219110379,0.22827018121911039
1661131705562,31.457,0.35519126,0.36363637,0.3181818,0.41666666,0.59090906,0.29166666,0.4347826,0.09090909,0.3043478,48.9,48.600002,48.600002,48.600002,48.9,48.600002,48.600002,48.9,48.9,49.9,47.600002,46.9,3643020,-1680604,1075200,1075200,1075200,1075200,1075200,1075200,652800,1401600,1321,0,0,1206,0,0,895,18,25,642,17,25,528,14,22,467,17,27,444,7,27,363,6,29,736340,0,0,726303,0,0,626546,32967,77299,598849,34634,79466,545262,26379,59991,560040,38385,123444,511155,9499,118487,337676,5747,121483,159.34124137931033,0.16373070607553367
1661131706590,31.476002,0.6966292,0.6818182,0.7826087,0.5714286,0.7916667,0.6956522,0.6666667,0.5652174,0.82608694,47.9,47.600002,47.300003,47.300003,47.600002,47.300003,46.600002,47.600002,46.9,47.9,47.300003,46.300003,3659175,-1651917,1075200,1075200,1075200,1075200,1075200,1075200,652800,1401600,914,4,8,1143,1,4,522,29,35,335,16,30,431,35,55,421,28,45,247,19,81,287,11,73,485702,9415,17759,587439,3683,10532,314389,59443,89749,277266,31176,71565,298888,51065,148410,317867,41947,133824,177736,47174,509144,148062,30608,464955,168.05225505443232,0.13337480559875584
1661131707629,31.511002,0.3218391,0.25,0.23809524,0.14285715,0.6818182,0.09090909,0.22727273,0.22727273,0.59090906,50.300003,49.9,49.600002,49.9,49.9,49.600002,49.300003,50.300003,49.300003,51.600002,48.300003,47.300003,3651000,-1735230,1075200,1075200,1075200,1075200,1075200,1075200,652800,1401600,662,5,5,764,3,7,783,18,16,321,13,15,339,10,12,450,8,22,228,22,61,205,8,42,315953,11052,9401,352994,1293,5981,353365,41578,32188,229454,19827,42416,204138,16309,80220,241419,19916,53294,190917,48187,271794,83087,11675,87569,168.57552396694217,0.15550413223140497
1661131708636,31.533,0.3988764,0.36363637,0.25,0.23809524,0.6086956,0.3181818,0.22727273,0.4347826,0.625,49.300003,48.9,48.600002,48.9,48.600002,48.600002,47.600002,49.600002,48.300003,50.300003,47.9,47.300003,3666377,-1493836,1075200,1075200,1075200,1075200,1075200,1075200,652800,1401600,906,21,24,917,24,19,657,56,70,216,27,39,289,31,64,320,41,71,46,28,124,80,12,88,595684,27941,34424,591382,30755,25961,429571,80713,151828,252872,53620,86530,305448,55036,397920,320664,67904,249762,63091,71255,552375,66537,17354,212026,170.91173813420625,0.16497545008183306
1661131709635,31.568,0.33136094,0.33333334,0.33333334,0.2857143,0.54545456,0.14285715,0.21052632,0.1904762,0.7083333,49.600002,49.300003,48.9,49.300003,49.300003,49.300003,48.9,50.300003,49.600002,51.300003,47.9,47.300003,3660927,-1643372,1075200,1075200,1075200,1075200,1075200,1075200,652800,1401600,827,32,51,933,27,48,484,45,60,229,25,46,376,52,59,279,22,76,78,19,114,59,18,81,549425,35570,64039,549992,21637,58808,394789,61884,200594,263159,58256,95826,346976,98048,162724,245413,36380,379995,96328,40337,565807,51993,25481,326976,173.27732459016394,0.1620983606557377
1661131710676,31.594002,0.36312848,0.42857143,0.33333334,0.23809524,0.5652174,0.0952381,0.3043478,0.375,0.54545456,49.300003,48.9,48.600002,49.300003,48.600002,48.9,48.9,50.300003,49.600002,50.9,47.600002,47.600002,3664625,-1566468,1075200,1075200,1075200,1075200,1075200,1075200,652800,1401600,1003,29,36,979,27,36,514,50,85,246,30,34,452,42,95,414,35,78,55,26,124,85,15,94,662782,32227,54484,613608,27261,60120,376711,87734,237903,317899,72396,89288,417440,74396,269071,377899,49444,246810,61775,63377,600783,69237,20031,272913,175.50096075353218,0.17783359497645213
1661131711716,31.632002,0.53475934,0.2857143,0.39130434,0.47826087,0.625,1.0,0.59090906,0.16666667,0.7083333,49.300003,48.9,48.600002,48.9,48.600002,48.600002,48.600002,48.600002,49.300003,49.300003,47.600002,47.300003,3656061,-1764527,1075200,1075200,1075200,1075200,1075200,1075200,652800,1401600,738,42,45,846,41,41,522,54,85,211,32,54,239,20,70,440,49,78,52,22,117,58,22,78,550970,43892,62915,546799,55532,73507,422463,96712,229615,300501,65281,130709,273925,40296,450616,388990,63619,257051,73982,54528,568105,70698,37857,314995,173.50295813953488,0.16590387596899225
1661131712749,31.670002,0.46368715,0.3809524,0.42857143,0.4090909,0.65,0.39130434,0.52380955,0.33333334,0.6086956,49.300003,49.300003,48.600002,49.300003,49.600002,49.300003,48.300003,49.600002,48.9,50.300003,47.9,47.300003,3663262,-1651917,1075200,1075200,1075200,1075200,1075200,1075200,652800,1401600,889,50,52,906,45,66,372,49,76,223,32,44,153,21,51,311,65,49,63,18,129,82,25,83,583108,53879,67003,524011,47923,96363,335713,83708,310271,280050,83513,98914,183076,37800,307519,302935,139343,162583,79895,48712,604412,65613,35396,272969,171.94711908646002,0.17383360522022837
1661131713771,31.692001,0.6862745,0.7692308,0.72,0.6666667,0.60714287,0.7692308,0.56,0.64,0.76,51.300003,51.300003,50.9,50.600002,50.9,51.300003,50.300003,51.600002,50.600002,52.9,49.300003,48.9,3630953,-1996766,1075200,1075200,1075200,1075200,1075200,1075200,652800,1401600,1339,4,9,1229,6,5,749,4,14,382,3,9,645,0,8,768,2,6,512,1,27,290,5,12,449801,2737,9522,488225,4511,3861,396621,10834,50373,295463,6356,21395,358015,0,39652,349903,3921,87348,507019,1364,89247,190576,5464,51611,170.25670703764322,0.1833060556464812
1661131714848,31.737001,0.36125654,0.4,0.3043478,0.28,0.26086956,0.25,0.24,0.375,0.76,50.600002,50.9,50.300003,50.9,50.9,50.9,50.600002,51.300003,51.300003,52.600002,49.300003,48.9,3639906,-1668092,1075200,1075200,1075200,1075200,1075200,1075200,652800,1401600,793,0,0,852,0,0,537,35,36,523,25,23,488,22,35,514,22,45,292,35,101,163,20,61,385703,0,0,406972,0,0,313071,69655,60642,364627,33399,37598,266918,17960,60332,284661,34184,100962,192537,69025,264490,87237,20803,129576,183.34334533551555,0.2367266775777414
1661131715850,31.756002,0.34517765,0.29166666,0.26923078,0.32,0.32,0.13043478,0.23076923,0.53846157,0.64,50.300003,50.300003,49.9,50.300003,49.9,50.300003,50.300003,51.300003,50.600002,52.600002,48.9,48.600002,3617328,-2064820,1075200,1075200,1075200,1075200,1075200,1075200,652800,1401600,904,0,0,1108,0,1,390,60,53,636,58,36,327,35,61,466,36,84,220,30,107,171,15,70,680985,0,0,706018,0,465,375861,122987,166507,587995,117189,67535,350544,76575,198394,406030,59540,286477,237345,70252,345156,123694,23634,127367,175.9095652173913,0.2112721417069243
1661131716889,31.794,0.4127907,0.2631579,0.23809524,0.4,0.2857143,0.23809524,0.33333334,0.7619048,0.72727275,50.600002,50.300003,49.600002,50.300003,49.9,50.300003,50.300003,50.600002,50.9,51.9,48.9,48.300003,3656256,-1743470,1075200,1075200,1075200,1075200,1075200,1075200,652800,1401600,961,0,0,1174,0,0,449,46,57,553,63,87,496,59,69,386,42,86,205,20,91,148,20,86,687357,0,0,797551,0,0,388184,85126,153276,562658,90658,170598,448485,119207,166826,363992,74209,284479,197877,48194,235357,122371,27130,175157,178.66412539184952,0.22369905956112854
1661131717894,31.819002,0.4878049,0.36,0.52,0.24,0.28,0.6923077,0.5925926,0.4642857,0.7037037,50.9,50.9,49.9,50.300003,50.300003,50.600002,50.300003,51.300003,50.600002,52.9,49.300003,48.9,3647886,-1791993,1075200,1075200,1075200,1075200,1075200,1075200,652800,1401600,905,5,9,1106,2,9,350,48,38,530,45,48,497,29,59,270,23,38,247,15,60,195,7,57,670736,7803,12248,734913,1775,6698,503354,102249,107486,625505,84207,94731,525986,39426,177621,372263,43937,112203,311901,27788,150859,186628,12185,105003,175.41880811232448,0.1981903276131045
1661131718957,31.858002,0.43842363,0.26086956,0.4,0.17391305,0.29166666,0.7307692,0.4642857,0.42307693,0.71428573,50.9,50.9,49.9,50.600002,50.600002,50.9,50.300003,51.300003,51.300003,51.300003,49.300003,48.9,3644967,-1769410,1075200,1075200,1075200,1075200,1075200,1075200,652800,1401600,969,0,0,1009,0,0,497,57,90,495,54,73,360,39,63,404,40,36,177,33,94,129,25,82,719189,0,0,650059,0,0,413905,92394,230268,485345,95461,181981,323019,56993,210140,334473,65294,92103,171135,71251,279670,106320,50229,212687,167.32413228346456,0.27523779527559056
1661131720010,31.886002,0.4021164,0.28,0.4347826,0.2173913,0.375,0.4347826,0.22727273,0.5,0.65217394,51.300003,51.300003,50.300003,50.9,50.9,51.600002,50.600002,51.300003,51.300003,52.300003,49.600002,48.9,3636986,-1852418,1075200,1075200,1075200,1075200,1075200,1075200,652800,1401600,850,0,0,775,1,2,574,51,63,654,31,45,253,20,38,256,25,51,169,34,74,122,23,72,635647,0,0,569735,243,3282,398087,75370,156177,465264,51951,98858,230575,41599,85649,232899,45695,166758,143699,76479,244417,81003,51651,192828,164.22780096308188,0.16708828250401284
1661131721046,31.921001,0.4764706,0.33333334,0.23809524,0.23809524,0.5714286,0.15,0.6956522,0.5714286,0.95454544,50.600002,50.600002,50.300003,50.9,50.9,50.600002,50.300003,51.600002,50.9,52.9,49.300003,49.300003,3630369,-1866151,1075200,1075200,1075200,1075200,1075200,1075200,652800,1401600,969,0,0,1002,0,0,517,64,85,459,63,84,185,21,55,471,44,59,137,19,87,123,26,76,730474,0,0,675101,0,0,458954,96851,202088,455731,135734,168490,183286,30991,307551,404882,65671,136813,149407,37173,322016,99447,53927,212877,167.73891588785045,0.20186915887850468
1661131722077,31.956001,0.36868685,0.29166666,0.20833333,0.44,0.2173913,0.20833333,0.39285713,0.5769231,0.68,51.300003,51.300003,50.300003,50.9,50.600002,50.9,50.9,51.600002,51.9,52.600002,49.600002,49.300003,3624919,-1987611,1075200,1075200,1075200,1075200,1075200,1075200,652800,1401600,922,0,0,1197,0,1,477,13,22,601,21,26,476,12,20,329,10,24,234,7,41,281,8,41,707984,0,0,807815,0,1115,563535,36165,65270,662889,36072,61364,600344,24060,99684,564010,10518,74496,321682,16489,130678,229128,18423,105593,159.98632258064518,0.1450322580645161
1661131723097,31.998001,0.49723756,0.39130434,0.4090909,0.6,0.4,0.36363637,0.6666667,0.54545456,0.625,51.600002,50.9,50.600002,50.9,50.9,51.300003,50.600002,52.300003,51.300003,53.600002,49.600002,49.300003,3640295,-1823426,1075200,1075200,1075200,1075200,1075200,1075200,652800,1401600,882,0,0,1022,1,0,634,67,49,461,44,96,526,48,57,252,36,50,81,12,75,104,17,74,729875,0,0,741643,3370,0,482000,119379,105801,478113,77574,234762,414429,71665,155243,276786,87891,297305,88966,37842,393261,95762,33644,234302,194.20627450980393,0.1715032679738562
1661131724116,32.036003,0.4619883,0.4090909,0.23809524,0.23809524,0.36363637,0.2857143,0.3809524,0.8695652,1.0,51.300003,51.600002,50.9,51.300003,50.9,51.300003,51.300003,51.9,51.600002,52.9,49.9,49.300003,3634456,-1874390,1075200,1075200,1075200,1075200,1075200,1075200,652800,1401600,914,0,0,970,0,2,496,45,53,674,31,55,229,38,65,293,37,53,130,17,82,149,11,84,668068,0,0,669753,0,5939,394476,70264,117583,491257,39469,107825,252204,75669,266904,281851,61948,169514,106973,44865,296629,125674,23986,199557,181.47868322981367,0.16198757763975155
1661131725123,32.067,0.49758455,0.5,0.4814815,0.5,0.2962963,0.20833333,0.42307693,0.61538464,1.0,52.300003,52.300003,51.300003,51.9,51.9,51.9,52.300003,53.300003,52.9,54.9,49.9,49.9,3611294,-2067872,1075200,1075200,1075200,1075200,1075200,1075200,652800,1401600,1107,0,0,944,1,1,680,51,62,642,61,55,320,31,71,494,48,57,164,18,87,46,7,23,686473,0,0,667423,332,1427,478141,76928,137870,551787,112012,110511,284464,52078,230770,369369,85056,174805,113610,20775,134089,36195,8111,35325,177.80407643312103,0.11464968152866242
1661131726156,32.096,0.60115606,0.2857143,0.3478261,0.72727275,0.4347826,0.8181818,0.61904764,0.65217394,1.0,52.300003,52.300003,51.600002,52.600002,52.600002,52.600002,52.300003,53.9,52.9,55.600002,50.300003,49.9,3612657,-2205506,1075200,1075200,1075200,1075200,1075200,1075200,652800,1401600,924,0,0,1032,0,0,523,12,14,666,9,25,519,10,14,344,6,13,518,18,63,4,0,2,602032,0,0,623005,0,0,438838,24320,24729,650237,14923,67545,537796,6108,46393,409996,7405,50006,189070,31113,156057,51,0,514,173.80056074766355,0.10018691588785046
1661131727160,32.131,0.55609757,0.46153846,0.5,0.16666667,0.5925926,0.52,0.39130434,0.6923077,1.0,52.600002,52.300003,51.600002,52.300003,52.300003,52.300003,52.300003,53.9,52.9,55.300003,50.600002,50.300003,3626281,-1889954,1075200,1075200,1075200,1075200,1075200,1075200,652800,1401600,1264,0,0,1175,0,0,453,20,29,887,17,18,352,17,15,428,11,19,454,13,63,0,0,0,702651,0,0,697903,0,0,438022,32599,68111,615021,21890,26885,546428,28478,41279,410645,17915,35422,184085,21371,131153,0,0,0,161.9143178807947,0.0937748344370861
1661131728158,32.166,0.61734694,0.47826087,0.625,0.68,0.22727273,0.6666667,0.41666666,0.75,1.0,52.600002,52.600002,52.300003,52.600002,52.600002,52.9,52.9,54.300003,53.300003,55.600002,50.600002,50.300003,3613435,-2130738,1075200,1075200,1075200,1075200,1075200,1075200,652800,1401600,1006,2,2,1019,7,4,545,28,36,450,19,44,332,10,22,390,31,57,558,9,48,2,0,3,719166,961,1292,643604,8072,3711,493950,54231,117172,476046,33410,115439,335923,12807,67618,498781,53537,121554,209534,22507,128843,346,0,1894,168.6622056074766,0.09106542056074766
1661131729177,32.214,0.5177665,0.41666666,0.2173913,0.23076923,0.32,0.6923077,0.375,0.8076923,1.0,52.9,52.600002,52.300003,52.9,53.600002,53.300003,52.600002,54.300003,53.600002,55.9,50.9,50.600002,3611878,-2120668,1075200,1075200,1075200,1075200,1075200,1075200,652800,1401600,1292,0,0,1120,1,1,423,15,25,797,15,16,379,18,19,341,18,16,917,8,37,0,0,0,716068,0,0,744738,1487,887,490896,32138,58567,661614,19897,29228,379032,25933,44019,547487,35670,24053,269585,21868,92027,0,0,0,170.5605616224649,0.08636505460218409
1661131730211,32.262,0.49029127,0.3478261,0.24,0.26923078,0.44444445,0.61538464,0.32142857,0.68,1.0,52.9,52.9,52.9,53.300003,53.600002,53.600002,52.9,54.300003,53.9,55.9,51.300003,50.600002,3620053,-1925050,1075200,1075200,1075200,1075200,1075200,1075200,652800,1401600,1116,0,0,1145,0,0,837,16,29,692,19,37,279,6,17,389,29,22,744,1,57,0,0,0,719627,0,0,769969,0,0,477016,21258,101993,650535,26708,78910,258953,10577,84260,394537,62329,60162,249470,19,188269,0,0,0,182.68861637239164,0.0898876404494382
1661131731230,32.300003,0.57788944,0.4642857,0.7037037,0.5769231,0.39130434,0.4,0.5,0.64,1.0,52.9,52.9,52.600002,52.9,52.9,53.300003,53.300003,54.600002,54.300003,55.9,51.300003,50.9,3644383,-1717225,1075200,1075200,1075200,1075200,1075200,1075200,652800,1401600,974,0,0,916,0,0,498,30,29,814,21,33,551,10,23,518,16,36,260,13,69,2,0,1,552983,0,0,648433,0,0,415881,52148,88708,617039,27632,58976,458104,10512,65111,452071,21682,167669,102396,27450,216249,13,0,16,158.29269736842105,0.06894736842105263
1661131732234,32.331,0.57222223,0.6,0.3181818,0.18181819,0.625,0.6363636,0.3478261,0.92,1.0,53.600002,53.300003,52.9,52.9,53.300003,53.600002,52.9,54.9,53.600002,56.300003,51.600002,50.9,3606623,-2119447,1075200,1075200,1075200,1075200,1075200,1075200,652800,1401600,921,0,1,956,0,1,618,7,10,691,4,7,540,4,4,376,7,20,715,6,26,0,0,0,571856,0,442,622679,0,407,444764,5208,17608,592764,5610,8245,543165,6686,8367,513271,14021,46204,305124,20515,117636,0,0,0,185.8045641025641,0.10769230769230768
1661131733243,32.379,0.53266335,0.44,0.25,0.37037036,0.56,0.4,0.5,0.79310346,1.0,53.600002,53.9,53.300003,53.9,54.300003,54.300003,53.9,55.300003,54.600002,56.9,51.9,51.600002,3638933,-1806336,1075200,1075200,1075200,1075200,1075200,1075200,652800,1401600,1065,0,0,1369,0,0,574,9,9,800,7,9,518,1,3,505,8,13,524,6,44,5,0,0,581623,0,0,713466,0,0,482020,14320,8010,659444,15730,11443,503276,1286,1130,656920,16640,38043,196260,6021,80207,45,0,0,158.45078315132605,0.10882995319812792
1661131734274,32.401,0.431694,0.14285715,0.3181818,0.125,0.17391305,0.8333333,0.2173913,0.5652174,1.0,54.300003,54.300003,53.600002,53.600002,54.300003,54.600002,54.300003,55.600002,54.600002,56.9,51.9,51.600002,3612851,-2105409,1075200,1075200,1075200,1075200,1075200,1075200,652800,1401600,873,7,10,1305,6,4,538,35,54,648,37,36,368,34,53,583,27,48,416,5,70,0,0,0,651609,9978,12856,696932,4408,2384,399740,57540,193051,463892,35691,63099,322754,71142,204486,293605,44097,123027,151015,4428,176488,0,0,0,165.18052173913043,0.11180124223602485
1661131735277,32.452,0.3139535,0.23809524,0.2857143,0.18181819,0.18181819,0.22727273,0.17391305,0.3181818,0.95652175,53.9,53.9,53.300003,53.600002,53.300003,53.9,53.9,55.600002,54.9,56.600002,52.300003,51.600002,3632704,-1943360,1075200,1075200,1075200,1075200,1075200,1075200,652800,1401600,827,0,0,1053,0,0,622,16,29,525,16,30,314,16,29,403,9,16,447,19,80,7,0,0,590882,0,0,760357,0,0,620052,23778,67742,681227,20893,37805,576315,43194,58351,546557,21346,49064,213070,37305,125293,856,0,0,13.92019968798752,0.01048361934477379
1661131736328,32.497,0.19186047,0.18181819,0.08695652,0.045454547,0.0952381,0.13636364,0.0,0.0,1.0,52.600002,52.9,52.300003,52.9,53.300003,53.300003,52.9,54.600002,53.600002,55.9,50.600002,50.600002,3731969,-757752,1075200,1075200,1075200,1075200,1075200,1075200,652800,1401600,767,6,34,789,65,69,409,20,44,397,14,40,335,15,54,267,10,31,541,9,47,52,1,3,524606,8098,360427,660339,103254,81672,367790,44490,478338,391922,22191,456523,372608,26644,445189,325451,24199,489038,535844,12818,200471,9539,2223,4679,-1.0,-1.0
1661131737325,32.529003,0.58247423,0.73913044,0.28,0.5833333,0.75,0.23076923,0.08695652,0.96,1.0,50.9,50.9,50.300003,50.600002,51.300003,51.300003,51.300003,52.9,51.9,54.300003,49.300003,49.300003,3751238,-572205,1075200,1075200,1075200,1075200,1075200,1075200,652800,1401600,709,32,55,745,39,50,331,23,50,174,23,39,218,8,40,221,19,61,202,6,41,10,1,4,550893,76912,175951,623175,64931,172433,272933,31856,487756,289425,59953,461311,297502,13532,480465,317333,32167,500561,288658,10290,556738,260,313,2731,29.84453416149068,0.05614906832298137
1661131738355,32.57,0.5445545,0.083333336,0.33333334,0.65384614,0.8076923,0.20833333,0.125,0.96153843,1.0,52.300003,52.300003,51.600002,52.600002,52.300003,51.9,51.600002,53.600002,52.300003,54.9,50.300003,49.600002,3611100,-2164003,1075200,1075200,1075200,1075200,1075200,1075200,652800,1401600,766,0,0,957,2,2,545,24,33,472,17,36,301,6,21,354,14,29,1173,13,37,85,0,9,656896,0,0,691637,1686,1761,550401,41740,71429,496702,26501,102851,586936,5879,84933,601412,23381,142261,524915,20854,186879,5523,0,16901,154.2734906832298,0.09590062111801242
1661131739369,32.608,0.38547486,0.3478261,0.27272728,0.2173913,0.33333334,0.14285715,0.23809524,0.6086956,1.0,52.9,52.600002,51.9,52.300003,52.9,52.9,52.600002,53.600002,53.300003,55.300003,50.9,50.300003,3615382,-1921082,1075200,1075200,1075200,1075200,1075200,1075200,652800,1401600,1023,0,0,716,0,0,477,0,0,908,0,0,529,0,0,275,0,0,380,14,50,5,0,3,881724,0,0,623883,0,0,801234,0,0,870701,0,0,784474,0,0,842793,0,0,222298,37148,224516,764,0,1026,162.42595153473346,0.08788368336025848
1661131740383,32.65,0.37313432,0.17391305,0.5,0.2,0.23076923,0.15384616,0.125,0.5925926,1.0,52.9,52.9,52.300003,53.300003,52.9,53.300003,52.600002,54.600002,53.600002,55.600002,51.300003,50.9,3646718,-1609498,1075200,1075200,1075200,1075200,1075200,1075200,652800,1401600,1040,0,0,1248,1,0,621,36,66,805,31,47,490,46,71,540,40,62,529,11,69,0,0,0,789488,0,0,737247,1771,0,504116,59387,202979,552078,66124,112231,501873,84049,195035,508744,89804,181231,165856,19332,254960,0,0,0,173.1483973509934,0.08900662251655629
1661131741393,32.697002,0.3838384,0.23076923,0.5,0.2,0.17391305,0.16,0.17391305,0.6,1.0,52.9,52.9,52.9,52.9,53.300003,53.300003,52.600002,54.600002,53.600002,56.300003,51.600002,50.9,3681948,-1391297,1075200,1075200,1075200,1075200,1075200,1075200,652800,1401600,1019,0,0,1052,0,0,339,41,57,566,46,78,462,44,65,448,37,80,919,11,51,0,0,0,809597,0,0,747623,0,0,437629,86903,237552,554481,71216,196991,401154,99173,284980,482654,68118,293560,225099,26551,213784,0,0,0,170.0966459627329,0.08596273291925466
1661131742406,32.745003,0.5073892,0.42307693,0.3478261,0.36,0.53846157,0.5,0.25,0.48,1.0,53.300003,52.9,52.600002,53.300003,53.300003,53.600002,53.300003,54.600002,53.9,56.600002,51.9,51.300003,3637376,-1852723,1075200,1075200,1075200,1075200,1075200,1075200,652800,1401600,1238,0,0,1490,0,1,538,23,35,708,21,28,545,16,42,595,18,34,632,13,52,0,0,0,750579,0,0,755470,0,488,467516,38965,146835,628912,36076,59730,501919,28042,131413,481969,25371,83320,294876,22333,138833,0,0,0,169.26410223642173,0.10376996805111821
1661131743529,32.780003,0.6956522,0.65217394,0.9166667,0.5652174,0.6086956,0.73913044,0.76,0.39130434,0.90909094,54.600002,54.9,54.300003,54.9,55.300003,55.300003,54.600002,55.300003,55.600002,56.600002,52.600002,52.9,3582877,-2446901,1075200,1075200,1075200,1075200,1075200,1075200,652800,1401600,1085,0,0,865,0,0,616,23,37,511,25,32,369,16,28,344,25,36,519,13,59,96,0,0,655650,0,0,642707,0,0,637863,32243,62662,528392,39301,87968,515474,24446,145586,481252,60716,163727,229818,12322,128190,24417,0,0,159.07244239631336,0.09781874039938555
1661131744604,32.834003,0.3942857,0.22727273,0.22727273,0.36363637,0.7368421,0.13636364,0.2173913,0.26086956,1.0,54.9,54.9,54.300003,54.9,55.300003,54.9,54.300003,55.9,54.9,57.600002,52.9,52.300003,3644967,-1821900,1075200,1075200,1075200,1075200,1075200,1075200,652800,1401600,1282,0,0,1057,0,0,821,16,11,764,1,3,601,5,11,447,4,4,897,11,35,186,0,4,568381,0,0,534496,0,0,548724,27129,28855,541854,4379,6878,468299,5547,21724,439310,4104,4512,479343,19941,108386,45963,0,5653,152.2202472266244,0.09077654516640253
1661131745607,32.863003,0.7009346,0.5,0.56,0.8333333,0.6666667,0.9259259,0.5714286,0.5769231,1.0,54.600002,55.300003,54.300003,54.9,54.9,54.9,54.600002,55.9,54.9,57.600002,52.9,52.600002,3602730,-2132875,1075200,1075200,1075200,1075200,1075200,1075200,652800,1401600,1744,14,34,1541,9,31,935,47,49,218,23,29,896,49,78,425,16,66,268,31,101,7,0,0,698318,19205,70109,664130,11257,66774,551987,90004,146129,225845,40035,49623,480460,93490,208288,352721,35003,393093,216028,76422,487242,150,0,0,140.9978452012384,0.08272445820433437
1661131746659,32.904003,0.7673267,0.72,0.72,0.5416667,0.6923077,0.76,0.84,0.84615386,1.0,55.9,55.9,55.600002,55.9,55.9,56.300003,54.9,56.300003,55.9,57.9,53.600002,53.300003,3583267,-2432557,1075200,1075200,1075200,1075200,1075200,1075200,652800,1401600,1293,13,16,1712,19,36,762,19,19,379,6,15,477,14,27,669,18,36,203,0,19,109,0,0,619649,15832,34904,590511,22449,73477,526192,44396,116059,299593,7224,79198,465630,46426,160962,539179,34191,110524,207793,0,535451,25244,0,0,175.69902167182664,0.10105263157894737
1661131747731,32.955,0.46969697,0.32,0.45833334,0.41666666,0.41666666,0.3846154,0.44,0.30769232,1.0,55.9,55.9,55.600002,56.300003,56.9,56.600002,56.300003,56.9,57.300003,58.600002,53.600002,52.9,3635624,-1781617,1075200,1075200,1075200,1075200,1075200,1075200,652800,1401600,698,0,0,383,0,0,426,7,6,425,3,4,282,6,3,178,2,4,51,1,8,8,0,0,215185,0,0,149325,0,0,162457,14943,11315,164303,4104,5314,122898,5507,4417,73493,734,8929,47583,18,30481,217,0,0,160.63650244698206,0.10597063621533442
1661131748740,32.983,0.36666667,0.27272728,0.22727273,0.4347826,0.39130434,0.18181819,0.33333334,0.27272728,0.8,55.600002,55.600002,55.300003,55.300003,55.600002,55.300003,54.600002,56.600002,55.300003,58.300003,52.9,52.9,3631537,-1835328,1075200,1075200,1075200,1075200,1075200,1075200,652800,1401600,1073,16,22,1102,14,23,660,28,37,723,18,23,681,25,30,684,21,32,75,10,57,5,0,1,563257,16358,45567,455295,13254,39812,454720,40161,86280,416626,31288,43248,439875,31087,100096,442232,43567,137229,110852,16967,240581,281,0,528,153.399950310559,0.11329192546583851
1661131749763,33.022003,0.29943502,0.22727273,0.25,0.14285715,0.42857143,0.10526316,0.18181819,0.32,0.6363636,54.600002,54.600002,54.600002,54.9,54.600002,54.600002,54.300003,55.300003,54.600002,56.300003,52.9,52.600002,3658397,-1717530,1075200,1075200,1075200,1075200,1075200,1075200,652800,1401600,1210,5,12,1470,12,6,907,21,42,896,17,35,586,21,32,645,26,36,76,15,113,108,32,101,676684,8580,25517,692903,15812,8130,553403,33292,99089,515430,18640,75373,468010,38239,105426,570086,35406,101177,101325,32675,479096,72007,48785,207190,137.41317647058824,0.10143790849673202
1661131750795,33.066,0.37128714,0.25,0.44,0.25,0.42307693,0.20833333,0.2,0.32,0.8076923,53.9,53.600002,53.300003,53.600002,53.300003,53.600002,52.9,54.600002,53.600002,55.9,52.600002,51.9,3658007,-1547852,1075200,1075200,1075200,1075200,1075200,1075200,652800,1401600,1148,35,44,1485,41,42,783,68,74,713,42,57,532,60,68,504,35,73,44,34,118,95,17,104,560508,57557,80421,686741,61517,72041,485786,108197,197319,410924,70744,113350,416225,96669,215331,347784,86432,359442,57783,96135,582015,88558,24867,244016,151.21468421052631,0.10736842105263159
1661131751797,33.098003,0.4385965,0.42857143,0.25,0.3181818,0.27272728,0.22727273,1.0,0.22727273,0.7619048,54.600002,54.300003,53.9,54.600002,54.600002,54.600002,54.300003,54.9,55.300003,56.300003,52.600002,51.9,3644383,-1716920,1075200,1075200,1075200,1075200,1075200,1075200,652800,1401600,1287,20,29,1472,15,14,786,52,71,798,36,44,465,28,65,627,36,62,61,43,126,122,14,89,609161,15538,40787,625668,18045,21810,441847,75847,134611,424984,44259,85421,317763,43377,331520,308566,76619,235743,80127,94377,559711,72120,13433,238972,165.6043842519685,0.11691338582677166
1661131752803,33.133003,0.50555557,0.59090906,0.2857143,0.5416667,0.95454544,0.1904762,0.18181819,0.3478261,0.8636364,54.300003,53.9,53.600002,53.9,53.9,53.9,53.300003,54.9,53.600002,56.300003,52.600002,51.9,3635235,-1786195,1075200,1075200,1075200,1075200,1075200,1075200,652800,1401600,1191,30,36,1374,39,45,682,48,69,1095,49,61,286,25,52,365,33,52,61,35,120,108,37,104,539221,35096,59967,655407,38026,75471,382119,79415,210899,535756,85486,136429,243703,52511,340806,259043,61496,136622,94135,98261,516113,85898,52995,166000,169.54872667757775,0.11783960720130933
1661131753819,33.171,0.44117647,0.39130434,0.33333334,0.88461536,0.32,0.16,0.46153846,0.28,0.6785714,54.600002,54.600002,54.600002,54.600002,54.600002,54.300003,53.9,54.9,54.300003,56.300003,52.600002,52.600002,3618691,-2017518,1075200,1075200,1075200,1075200,1075200,1075200,652800,1401600,1267,7,16,1563,7,12,905,13,21,798,8,18,781,6,13,695,9,10,191,11,38,327,12,36,612818,7912,26308,687867,8750,9564,603700,25315,54227,662837,11243,35758,561122,17896,105030,571427,18156,31906,444949,36884,157837,157972,8725,58019,166.30078418451401,0.11334431630971994
1661131754844,33.212,0.5114943,0.5,0.42857143,0.33333334,0.5416667,0.45454547,0.47619048,0.4347826,0.8636364,53.9,54.300003,53.300003,53.9,53.9,53.9,52.9,54.600002,53.600002,55.300003,52.600002,52.300003,3650027,-1717530,1075200,1075200,1075200,1075200,1075200,1075200,652800,1401600,1096,38,47,1150,35,50,416,45,58,725,64,63,563,40,66,879,52,55,72,38,123,103,38,99,554575,45648,83823,613060,45942,81734,262716,100522,173022,459827,114743,116585,298477,73299,254901,384220,105428,157384,81765,82371,592716,88879,56263,222654,158.51504390243903,0.1087479674796748
1661131755864,33.241,0.6888889,0.59090906,0.73913044,0.6666667,0.72,0.6315789,0.6666667,0.6818182,0.82608694,55.300003,55.300003,54.9,55.300003,55.600002,55.300003,54.9,55.600002,55.300003,56.300003,53.600002,53.600002,3629980,-1869508,1075200,1075200,1075200,1075200,1075200,1075200,652800,1401600,1425,16,12,1281,7,9,1110,19,25,1227,10,30,453,4,22,619,11,22,281,19,67,177,22,45,512004,10807,25122,485546,4563,17785,458826,28180,101251,482590,11674,70621,258684,6415,178963,324765,18015,66186,294693,56966,242559,111616,37890,78527,169.6742056074766,0.1071651090342679
1661131756896,33.289,0.32804233,0.2173913,0.14285715,0.5925926,0.33333334,0.28,0.17391305,0.2173913,0.6,55.9,56.300003,55.300003,55.9,56.300003,55.9,55.300003,56.600002,55.9,57.9,54.600002,54.600002,3608375,-1995851,1075200,1075200,1075200,1075200,1075200,1075200,652800,1401600,1201,0,0,847,0,0,930,15,24,812,17,22,604,13,16,733,22,29,444,9,78,242,14,49,448450,0,0,269696,0,0,355529,15430,49206,344827,26034,37004,267964,15103,38559,308336,34447,59506,267837,10015,241353,128748,21433,76766,171.9351461412151,0.1192775041050903
1661131757902,33.317,0.42777777,0.33333334,0.3043478,0.36363637,0.3478261,0.3478261,0.2173913,0.5416667,0.95652175,54.9,54.600002,54.600002,54.600002,54.9,54.600002,53.9,54.9,54.600002,55.300003,53.600002,53.300003,3650027,-1740723,1075200,1075200,1075200,1075200,1075200,1075200,652800,1401600,1090,0,0,1023,0,0,419,42,55,605,54,73,390,50,65,300,26,68,1061,38,133,254,23,99,666332,0,0,677949,0,0,315527,83438,134805,464425,93300,138761,326650,89149,169786,289344,53055,285501,300042,34749,289974,151799,44277,173154,176.12894409937888,0.12322981366459626
1661131758938,33.362003,0.57865167,0.27272728,0.65217394,0.42857143,0.54545456,0.6666667,0.2857143,1.0,0.6956522,54.9,54.9,54.300003,54.9,54.600002,54.9,54.600002,55.600002,55.300003,56.300003,53.300003,52.9,3604677,-2156373,1075200,1075200,1075200,1075200,1075200,1075200,652800,1401600,890,5,5,1056,1,1,517,30,42,625,32,37,374,30,58,387,27,59,1516,15,68,235,13,62,681504,5701,6446,704628,282,1466,469935,44226,118087,608929,44229,78702,438942,61176,246103,496163,40054,193403,474693,13427,184995,201844,14807,91982,173.6871296,0.1161728
1661131759942,33.394,0.36945814,0.25,0.28,0.4074074,0.4,0.32,0.2962963,0.4,0.6086956,54.9,54.9,54.300003,54.600002,54.600002,54.600002,53.600002,54.300003,54.300003,54.600002,53.300003,52.9,3603509,-2149659,1075200,1075200,1075200,1075200,1075200,1075200,652800,1401600,870,0,0,1024,0,0,575,0,0,534,0,0,142,0,0,295,0,0,1710,15,81,175,14,45,692804,0,0,716551,0,0,778586,0,0,735186,0,0,530952,0,0,651759,0,0,474899,8502,232911,249291,28024,88793,167.26014332247559,0.11986970684039087
1661131760950,33.429,0.37790698,0.4090909,0.1904762,0.3809524,0.2857143,0.45833334,0.2,0.45454547,0.6086956,54.9,54.9,54.600002,54.9,54.9,54.9,54.600002,55.600002,55.9,56.600002,53.300003,52.9,3646329,-1708985,1075200,1075200,1075200,1075200,1075200,1075200,652800,1401600,1036,0,0,1133,0,0,430,56,70,757,64,51,285,49,70,455,45,62,1155,32,139,181,28,91,731720,0,0,762026,0,0,390904,110282,168740,541200,117857,94215,350022,101272,228492,354492,85443,165124,278063,47047,283420,128735,44561,171843,181.30718196457326,0.12006441223832529
1661131761984,33.460003,0.44751382,0.23809524,0.3478261,0.22727273,0.33333334,0.72,0.3043478,0.5652174,0.7916667,54.9,54.9,54.300003,54.9,54.9,54.600002,54.600002,54.9,54.9,55.9,53.600002,52.9,3624919,-1872865,1075200,1075200,1075200,1075200,1075200,1075200,652800,1401600,925,0,0,1123,0,0,464,60,57,541,52,71,499,69,56,291,39,83,1104,32,127,151,29,85,671116,0,0,761611,0,0,371467,113553,118904,466975,89420,140125,388787,103064,140531,284996,81044,282294,269611,43508,256767,141862,38573,186846,174.25514285714286,0.12720496894409938
1661131763013,33.495003,0.34196892,0.2857143,0.2173913,0.42307693,0.2173913,0.32,0.20833333,0.33333334,0.6,55.300003,55.300003,54.600002,55.300003,54.9,55.300003,54.9,55.300003,55.600002,56.300003,53.9,53.600002,3635624,-1702271,1075200,1075200,1075200,1075200,1075200,1075200,652800,1401600,1004,0,0,916,0,0,574,73,69,695,44,60,248,25,47,186,20,38,847,36,138,338,16,96,686692,0,0,678576,0,0,416828,127275,149306,543740,69087,92301,256396,42686,188281,171867,25131,85007,238689,37825,237782,149230,21181,141276,170.60051446945337,0.12501607717041802
1661131764031,33.534,0.33918127,0.23809524,0.33333334,0.3181818,0.22727273,0.3809524,0.1904762,0.3181818,0.6956522,54.9,54.9,54.300003,54.9,55.300003,55.300003,54.300003,54.600002,54.600002,54.9,53.600002,52.9,3630174,-1895142,1075200,1075200,1075200,1075200,1075200,1075200,652800,1401600,1031,0,0,1095,0,0,493,66,75,613,62,57,202,31,63,398,68,65,1362,24,148,154,19,109,724598,0,0,725466,0,0,429641,112375,175789,537084,98561,117179,246927,67533,264833,323545,120971,183368,348685,25348,296590,145465,36944,191415,175.74398694942903,0.12319738988580752
1661131765053,33.575,0.3483146,0.2857143,0.23809524,0.59090906,0.22727273,0.18181819,0.22727273,0.2857143,0.625,55.300003,54.9,54.600002,54.600002,54.600002,54.9,54.300003,55.300003,55.300003,55.600002,53.600002,52.9,3617134,-1961671,1075200,1075200,1075200,1075200,1075200,1075200,652800,1401600,920,0,0,1028,0,0,474,56,75,473,62,88,292,47,55,419,65,76,1164,39,135,181,33,89,652948,0,0,719673,0,0,424180,99515,179621,471139,95166,178903,275706,109576,160245,379189,100252,169798,310693,28268,256428,141960,51506,175481,156.5344818481848,0.11215841584158416
1661131766081,33.604,0.3646409,0.39130434,0.33333334,0.10526316,0.3043478,0.3181818,0.36363637,0.375,0.7083333,55.300003,54.9,54.600002,54.600002,54.600002,54.600002,53.9,55.300003,54.9,55.9,53.600002,52.9,3622583,-1901856,1075200,1075200,1075200,1075200,1075200,1075200,652800,1401600,884,3,10,1064,9,6,440,68,67,568,44,70,420,63,78,218,21,70,1147,38,129,124,34,97,637140,3776,16813,765317,14053,5728,380010,114422,176735,528776,62855,149034,383310,100421,212330,234762,44267,410773,288469,30960,368519,99066,72758,204791,171.88449144634524,0.11993779160186625
1661131767098,33.632,0.33854166,0.22727273,0.33333334,0.2173913,0.25,0.48,0.25,0.25,0.59090906,54.600002,54.9,54.300003,54.9,54.9,54.600002,54.600002,54.9,55.300003,55.600002,53.600002,52.9,3647692,-1748963,1075200,1075200,1075200,1075200,1075200,1075200,652800,1401600,864,0,0,1027,0,0,475,52,64,558,63,72,483,62,53,362,47,80,1302,29,149,137,35,99,705127,0,0,749397,0,0,391674,100664,158287,507216,106682,126508,421623,82878,114881,346062,77794,235432,324510,21337,297185,134150,47926,160547,175.42345341614904,0.12124223602484473
1661131768133,33.677002,0.37096775,0.34615386,0.22727273,0.36363637,0.4347826,0.26086956,0.3043478,0.33333334,0.6086956,54.9,54.600002,54.300003,54.600002,54.600002,54.9,54.600002,54.9,54.9,55.600002,53.600002,53.300003,3627839,-1799622,1075200,1075200,1075200,1075200,1075200,1075200,652800,1401600,1036,0,0,997,0,0,618,77,75,489,57,83,277,50,46,392,69,80,1275,48,160,199,21,105,730826,0,0,668836,0,0,476783,120725,154561,503311,106222,161567,289077,104897,149033,370793,116977,210633,332528,43504,300760,166037,42522,174239,173.73864935064935,0.12467532467532468
1661131769141,33.709003,0.30898875,0.27272728,0.13043478,0.14285715,0.20833333,0.3478261,0.42857143,0.08695652,0.9130435,54.9,54.9,54.300003,54.600002,54.600002,54.600002,54.300003,55.600002,54.9,56.300003,53.600002,52.9,3630174,-1807557,1075200,1075200,1075200,1075200,1075200,1075200,652800,1401600,916,0,0,983,0,0,545,64,89,576,57,59,266,49,57,365,44,82,1210,29,139,145,26,98,725995,0,0,679806,0,0,452143,97596,159596,501821,94176,98722,312061,100515,173590,348226,74432,223904,309690,33828,255995,146367,37603,178210,166.18162057877814,0.14847588424437297
1661131770167,33.737003,0.595,0.47826087,0.625,0.5416667,0.5769231,0.56,0.41666666,0.5217391,1.0,54.9,54.600002,53.600002,53.9,54.300003,54.600002,54.9,56.300003,55.600002,57.9,52.9,52.300003,3733137,-670471,1075200,1075200,1075200,1075200,1075200,1075200,652800,1401600,747,6,18,889,27,14,362,55,86,559,54,85,360,48,58,283,29,65,692,21,98,84,21,58,606671,10225,93464,689993,41321,25516,365683,100575,228535,493081,89993,201859,289376,84598,276494,263267,43887,328689,174948,27270,451199,84734,28795,118233,-1.0,-1.0
1661131771230,33.772003,0.3131313,0.16666667,0.16,0.083333336,0.08,0.04,0.12,0.8076923,1.0,55.300003,55.600002,54.9,55.600002,56.300003,55.9,55.300003,56.300003,55.9,58.300003,52.600002,52.9,3694599,-1210022,1075200,1075200,1075200,1075200,1075200,1075200,652800,1401600,789,14,27,642,25,14,379,11,15,435,16,35,348,1,13,632,1,11,273,20,10,8,0,0,408215,28564,105766,386713,57131,34463,290732,37278,152068,313071,44074,152229,242497,638,218227,286884,4227,209969,255777,44609,21107,400,0,0,-1.0,-1.0
1661131772231,33.804,0.36263737,0.1,0.41666666,0.14285715,0.39130434,0.26086956,0.14285715,0.3181818,1.0,52.9,52.9,52.300003,52.9,53.300003,53.600002,53.600002,55.300003,54.300003,57.300003,50.9,50.600002,3743258,-556335,1075200,1075200,1075200,1075200,1075200,1075200,652800,1401600,336,10,25,503,14,24,206,33,45,139,20,28,238,30,57,346,55,49,27,32,54,4,0,0,518465,23142,103011,642875,21297,103817,490350,70061,233958,392618,73662,148629,522832,47796,155750,531518,132526,173853,16966,86575,357628,0,0,0,-1.0,-1.0
