1661125709910,27.441002,0.11413044,0.17391305,0.13043478,0.04761905,0.13043478,0.13043478,0.125,0.0,0.09090909,35.300003,35.300003,34.600002,35.300003,35.9,35.9,35.600002,35.9,36.600002,37.300003,32.9,33.300003,3847000,-473022,1075200,1075200,1075200,1075200,1075200,1075200,652800,1401600,3734378,63608,262044,3890912,68231,316750,1904119,104964,292264,1897109,106342,299870,1724338,90571,301656,1682821,91473,308774,1793200,74070,309254,1105223,75943,269152,2423069006,140292563,8346379756,2547615900,148280797,8284815990,1584733859,223778584,9155932081,1577867893,228945675,9191419619,1411033212,194893463,9095407390,1389039810,199200284,9081824037,1111038272,178680440,10119369548,746312041,185727058,9469381577,-1.0,-1.0
1661125710912,27.447,0.11585366,0.0,0.0952381,0.1,0.1,0.1,0.14285715,0.18181819,0.21052632,33.9,33.600002,33.300003,33.600002,33.9,33.600002,33.600002,34.300003,33.600002,35.300003,32.300003,32.300003,3873081,-273437,1075200,1075200,1075200,1075200,1075200,1075200,652800,1401600,425,0,2,897,0,1,273,28,71,456,48,81,378,32,80,280,39,57,216,26,100,256,10,60,634082,0,3480,724835,0,1463,310144,63339,363424,391056,89488,288188,331996,64909,339480,341903,105875,369912,206827,64819,566647,130890,22674,391496,-1.0,-1.0
1661125711916,27.444002,0.2125,0.05263158,0.055555556,0.18181819,0.15,0.95238096,0.15,0.04761905,0.1,32.600002,32.600002,32.300003,32.600002,32.600002,32.600002,32.300003,32.300003,32.9,32.600002,31.900002,31.900002,3884370,-140075,1075200,1075200,1075200,1075200,1075200,1075200,652800,1401600,523,13,36,669,11,37,263,54,73,282,36,92,486,43,70,265,24,65,96,43,97,50,25,81,576319,17174,173807,629635,22846,152305,231312,136764,395678,249672,103117,493427,217934,86044,502056,215200,36747,565675,53923,122083,682616,39586,59162,711610,-1.0,-1.0
1661125712913,27.453001,0.036585364,0.0,0.0,0.04761905,0.0,0.0,0.0,0.0,0.1,32.600002,32.300003,32.300003,32.9,32.600002,32.9,32.600002,32.600002,32.9,33.600002,31.600002,31.900002,3881451,-200195,1075200,1075200,1075200,1075200,1075200,1075200,652800,1401600,566,31,30,629,13,51,239,32,72,150,53,93,111,18,47,154,38,100,9,9,61,15,4,66,635648,63536,165684,588822,17440,257955,202885,84778,551265,181309,122279,569486,82818,35971,305435,137828,108526,638207,13835,30802,905456,20199,15724,792127,-1.0,-1.0
1661125713908,27.453001,0.048780486,0.13636364,0.05,0.0,0.04761905,0.05,0.0,0.04761905,0.14285715,32.300003,32.300003,31.600002,32.600002,32.600002,32.600002,32.300003,32.9,32.600002,33.9,31.600002,31.600002,3873665,-230713,1075200,1075200,1075200,1075200,1075200,1075200,652800,1401600,225,31,80,366,21,101,46,28,62,96,24,57,77,19,61,69,11,39,5,5,31,13,5,37,419271,49498,449699,414116,35671,489813,51599,90581,787570,77576,62096,794925,91300,52524,713243,49172,27678,636914,8844,17768,827227,17821,13535,802272,-1.0,-1.0
1661125714912,27.462002,0.15757576,0.09090909,0.13043478,0.04761905,0.0,0.0,1.0,0.04761905,0.04761905,31.600002,31.600002,31.300001,31.900002,31.900002,31.900002,31.600002,31.600002,31.900002,31.900002,31.300001,31.300001,3876390,-180359,1075200,1075200,1075200,1075200,1075200,1075200,652800,1401600,116,7,57,233,15,70,61,12,41,96,28,70,84,39,79,54,12,35,1,2,25,3,4,32,309167,14429,618007,336306,38819,569592,30300,42672,886815,77889,70322,819135,118691,141324,699960,53053,33942,882497,483,6721,929102,1143,10771,860936,-1.0,-1.0
1661125715914,27.465002,0.042944785,0.0,0.05,0.0,0.0,0.04761905,0.0,0.0,0.13636364,31.600002,31.600002,31.300001,31.600002,31.600002,31.600002,31.600002,31.900002,31.900002,31.900002,30.900002,30.900002,3885927,-119628,1075200,1075200,1075200,1075200,1075200,1075200,652800,1401600,251,28,87,454,55,81,91,7,50,177,51,102,80,9,33,29,2,26,13,11,22,4,8,37,411920,64681,472912,514122,121791,312363,85580,17952,848006,161440,144183,635336,56280,23522,614704,28329,4778,425432,2659,33581,891005,6528,31156,859720,-1.0,-1.0
1661125716914,27.477001,0.036363635,0.04761905,0.05,0.04761905,0.04761905,0.0,0.04761905,0.0,0.13636364,31.300001,31.300001,30.900002,31.600002,31.300001,31.300001,31.300001,31.600002,31.900002,32.300003,31.300001,30.900002,3886900,-134887,1075200,1075200,1075200,1075200,1075200,1075200,652800,1401600,272,23,71,351,18,87,54,6,46,154,33,90,33,10,39,18,3,24,4,1,40,8,4,38,354663,47868,518805,383677,37291,510842,39680,24507,876934,121483,83148,720703,24639,34545,889337,18691,5513,747225,6500,901,941825,17021,18066,804444,-1.0,-1.0
1661125717916,27.477001,0.04117647,0.04761905,0.04761905,0.0,0.04761905,0.045454547,0.0,0.04761905,0.09090909,31.300001,31.300001,30.600002,31.300001,31.300001,30.900002,30.900002,31.300001,31.600002,31.600002,30.600002,30.900002,3878726,-223388,1075200,1075200,1075200,1075200,1075200,1075200,652800,1401600,192,9,60,222,11,59,77,57,64,36,18,41,70,16,57,82,9,63,6,0,21,7,5,34,337311,22588,598565,355367,35343,569591,62768,194961,701036,22724,74611,864141,67249,37558,861281,53026,30282,888890,9206,0,954140,7397,8039,852285,-1.0,-1.0
1661125718917,27.480001,0.10191083,0.05263158,0.0,0.1,0.1,0.05263158,0.05263158,0.0952381,0.23809524,31.300001,31.300001,30.900002,31.300001,31.300001,31.300001,30.900002,31.900002,31.300001,32.9,30.900002,30.600002,3885927,-119628,1075200,1075200,1075200,1075200,1075200,1075200,652800,1401600,175,15,64,360,26,76,89,29,79,67,10,59,161,22,97,127,23,73,2,4,19,13,10,42,337877,40857,565658,389796,52674,503616,100464,85458,746511,49138,19580,876714,110598,48041,772168,107901,57163,771580,2757,23185,897424,5668,27592,834456,-1.0,-1.0
1661125719906,27.485,0.12953368,0.2,0.12,0.083333336,0.083333336,0.16666667,0.125,0.15384616,0.16666667,32.600002,32.600002,32.300003,32.9,32.9,33.300003,33.300003,32.9,33.300003,33.9,32.300003,32.300003,3867242,-394287,1075200,1075200,1075200,1075200,1075200,1075200,652800,1401600,755,5,14,899,9,24,405,2,20,476,13,40,368,8,19,286,2,27,182,0,8,254,4,12,618158,17461,188880,681112,23714,146226,543453,5473,277817,550344,32687,216449,492156,22908,132649,472415,3998,278298,583571,0,315687,454092,15886,270016,-1.0,-1.0
1661125720938,27.491001,0.36363637,0.5,0.23809524,0.33333334,0.36363637,0.5217391,0.3,0.13636364,0.4090909,33.600002,33.300003,32.9,33.9,33.9,33.9,33.9,33.600002,34.600002,33.9,32.300003,32.600002,3850503,-484314,1075200,1075200,1075200,1075200,1075200,1075200,652800,1401600,1068,0,0,1227,0,0,541,36,66,653,18,44,497,24,45,522,39,46,340,30,108,325,7,95,691618,0,0,757581,0,0,418057,67506,213879,392112,35755,285012,371182,32435,167826,360824,84226,102157,309440,88520,430180,218472,13955,413479,-1.0,-1.0
1661125722075,27.494001,0.25862068,0.1904762,0.14285715,0.29166666,0.22727273,0.54545456,0.1904762,0.17391305,0.36363637,33.300003,33.300003,32.9,33.600002,33.600002,33.600002,33.9,33.600002,34.300003,33.9,32.300003,32.300003,3867631,-293274,1075200,1075200,1075200,1075200,1075200,1075200,652800,1401600,1648,4,13,1317,2,6,1140,19,41,937,10,38,564,2,10,409,7,10,1134,34,64,790,8,33,547753,3347,26475,672930,1042,17296,525430,29451,128826,524422,8625,153430,298347,2419,9305,347550,15720,21518,660651,73099,145493,458926,12377,190240,-1.0,-1.0
1661125723157,27.494001,0.038674034,0.04347826,0.08695652,0.04347826,0.0,0.08695652,0.0,0.0,0.08695652,33.300003,32.9,32.600002,33.300003,33.300003,33.300003,33.300003,33.300003,33.600002,33.9,32.300003,31.900002,3876195,-228882,1075200,1075200,1075200,1075200,1075200,1075200,652800,1401600,969,1,6,979,1,9,614,38,64,396,41,78,223,16,60,304,20,44,413,39,102,292,68,112,696831,996,83301,786841,4188,75383,406041,80418,309307,387240,88978,326294,248762,30028,362813,218610,47648,315645,274003,80400,561762,187034,132438,448454,-1.0,-1.0
1661125724222,27.503002,0.097087376,0.07692308,0.074074075,0.03846154,0.083333336,0.115384616,0.28,0.0,0.074074075,31.900002,31.600002,31.300001,31.900002,31.900002,31.600002,31.600002,31.600002,31.900002,31.900002,31.300001,31.300001,3884175,-187378,1075200,1075200,1075200,1075200,1075200,1075200,652800,1401600,315,25,48,367,23,79,56,26,68,92,23,73,52,3,34,80,12,53,13,0,28,23,24,52,427357,50975,516034,397433,68818,513282,76500,60522,818438,84787,62927,801094,57122,5631,789440,75510,30971,896783,6328,0,961002,27920,76585,791602,-1.0,-1.0
1661125725313,27.509,0.107344635,0.18181819,0.0,0.08695652,0.08695652,0.2173913,0.17391305,0.0,0.09090909,31.600002,31.900002,30.900002,31.600002,31.900002,31.900002,31.300001,31.600002,31.600002,31.900002,30.900002,30.900002,3879310,-163269,1075200,1075200,1075200,1075200,1075200,1075200,652800,1401600,143,37,85,118,42,115,16,2,39,34,3,57,22,4,13,60,15,36,25,0,32,4,1,27,170294,76715,781290,135574,101841,782917,30402,8988,1050339,61492,9358,1022065,17120,11324,858046,73333,27461,836872,39481,0,1129170,22723,601,1044427,-1.0,-1.0
1661125726331,27.503002,0.039772727,0.045454547,0.045454547,0.04347826,0.083333336,0.0952381,0.08695652,0.0,0.04761905,31.900002,31.900002,31.600002,32.300003,32.300003,32.300003,31.900002,31.900002,32.300003,32.300003,31.300001,31.300001,3871913,-188903,1075200,1075200,1075200,1075200,1075200,1075200,652800,1401600,821,1,19,826,5,22,608,27,66,338,48,96,317,40,69,315,35,64,137,8,97,237,16,88,641136,573,174296,705975,6421,161384,264084,53160,542510,345948,116546,400092,292276,117009,410534,313944,59640,297182,185653,38812,711761,171781,38875,587000,-1.0,-1.0
1661125727381,27.515001,0.22857143,0.33333334,0.15,0.22727273,0.22727273,0.3043478,0.22727273,0.09090909,0.3043478,31.300001,31.600002,31.300001,31.300001,31.600002,30.900002,31.300001,31.300001,31.600002,31.600002,30.900002,30.900002,3887290,-119934,1075200,1075200,1075200,1075200,1075200,1075200,652800,1401600,389,23,55,351,17,63,59,18,42,120,43,84,84,19,55,81,22,51,2,1,32,44,50,65,528184,48330,390747,476466,48435,449919,73529,40563,821672,141431,111214,744187,91177,47512,699544,114598,65683,780628,3066,0,1011457,42938,128182,696769,-1.0,-1.0
1661125728384,27.512001,0.23837209,0.26086956,0.15,0.2,0.2,0.18181819,0.1904762,0.2173913,0.42857143,32.300003,31.900002,31.900002,32.300003,32.600002,32.300003,32.300003,31.900002,31.900002,31.900002,31.300001,31.300001,3873860,-255432,1075200,1075200,1075200,1075200,1075200,1075200,652800,1401600,688,6,34,720,11,25,328,34,72,371,49,101,253,29,47,468,36,59,126,2,78,169,7,98,627030,1695,189955,657722,17209,179841,288165,56661,541533,297333,105182,448553,239252,68147,387718,271153,64468,448382,159195,7068,639095,134855,21546,681563,-1.0,-1.0
1661125729392,27.512001,0.125,0.1,0.13043478,0.09090909,0.08695652,0.125,0.2,0.04347826,0.13043478,31.900002,32.300003,31.900002,32.300003,32.600002,32.600002,32.300003,32.600002,32.600002,32.600002,31.600002,31.600002,3867242,-335083,1075200,1075200,1075200,1075200,1075200,1075200,652800,1401600,921,5,8,921,6,27,406,44,74,520,64,79,647,37,74,412,42,79,211,0,71,249,25,105,602892,16950,142499,690040,13791,118672,290917,134944,349218,384084,128766,271652,390581,61599,360444,286942,90776,334032,195739,0,749124,160762,53762,478004,-1.0,-1.0
1661125730408,27.518002,0.1954023,0.14285715,0.13636364,0.15,0.2173913,0.22727273,0.18181819,0.17391305,0.33333334,32.300003,32.300003,31.900002,32.300003,32.600002,32.300003,32.600002,32.300003,33.300003,32.300003,31.600002,31.600002,3871135,-377502,1075200,1075200,1075200,1075200,1075200,1075200,652800,1401600,1301,5,7,1071,1,7,1016,18,49,870,28,59,523,15,46,620,8,37,311,1,82,337,15,71,652617,10378,56687,794331,501,70121,491212,44539,309126,562080,48947,230049,478269,30352,320699,444844,14445,284699,431326,513,517031,345629,33295,414658,-1.0,-1.0
1661125731431,27.524002,0.043269232,0.115384616,0.0,0.0,0.0,0.041666668,0.11111111,0.0,0.04,32.300003,32.300003,31.900002,32.600002,32.9,32.300003,31.900002,32.300003,32.600002,32.600002,31.300001,31.300001,3872692,-217285,1075200,1075200,1075200,1075200,1075200,1075200,652800,1401600,708,6,14,886,2,13,324,59,103,358,64,89,248,37,68,194,36,49,107,0,60,85,19,99,723320,15648,106640,776049,941,127968,285452,116349,461590,319121,139797,413323,185154,87319,549331,198476,78469,498346,99569,0,793768,89093,43061,651136,-1.0,-1.0
1661125732514,27.527,0.05154639,0.041666668,0.041666668,0.0,0.08,0.0,0.12,0.0,0.12,31.600002,31.300001,30.900002,31.600002,31.300001,31.300001,30.900002,31.600002,31.600002,32.300003,30.600002,30.600002,3882229,-118713,1075200,1075200,1075200,1075200,1075200,1075200,652800,1401600,261,51,55,335,14,90,78,29,72,95,19,70,49,14,39,103,18,71,2,0,17,6,1,33,312238,129138,542383,307678,26097,699690,95410,74323,857018,71794,50806,907015,52358,39835,791744,111099,31578,861018,4429,0,1016276,7828,0,961941,-1.0,-1.0
1661125733567,27.527,0.019323671,0.0,0.03846154,0.0,0.0,0.037037037,0.07692308,0.0,0.03846154,31.600002,31.900002,31.300001,31.600002,31.600002,31.600002,31.600002,31.900002,31.900002,32.600002,30.900002,30.900002,3868021,-310974,1075200,1075200,1075200,1075200,1075200,1075200,652800,1401600,307,36,67,427,19,96,160,23,43,244,4,69,224,4,75,44,2,9,86,0,26,190,2,31,166637,76724,693922,194637,25366,768091,102099,72994,799339,133007,8665,821906,139642,8685,803993,24169,4795,851724,112151,0,1002987,92176,11395,828786,-1.0,-1.0
1661125734657,27.533,0.4065934,0.5652174,0.2,0.4090909,0.59090906,0.4347826,0.4090909,0.18181819,0.4,31.300001,30.900002,30.600002,30.900002,30.900002,31.300001,31.300001,31.900002,31.300001,32.600002,30.600002,30.600002,3879699,-188293,1075200,1075200,1075200,1075200,1075200,1075200,652800,1401600,382,9,62,475,26,82,157,48,86,122,30,67,132,44,86,65,13,41,26,3,42,34,5,68,413108,12980,567925,447906,58612,513586,164167,117793,679509,127707,61348,836251,137476,99429,732271,92244,39479,752366,27773,7793,1001354,32559,9689,901878,-1.0,-1.0
1661125735692,27.533,0.22285715,0.1,0.13636364,0.2,0.41666666,0.23809524,0.3043478,0.09090909,0.27272728,31.600002,31.900002,31.300001,31.900002,31.600002,32.300003,31.900002,31.900002,32.300003,32.600002,30.900002,30.900002,3873276,-296936,1075200,1075200,1075200,1075200,1075200,1075200,652800,1401600,814,0,29,788,17,42,320,13,48,486,14,41,363,6,23,572,2,25,223,0,63,605,11,46,301203,0,490693,467828,29177,383165,267708,31217,593426,254058,36860,508334,234837,11316,582816,254204,3893,469078,284111,0,674862,282869,16914,523668,-1.0,-1.0
1661125736722,27.539001,0.072463766,0.04,0.07692308,0.0,0.04,0.11111111,0.03846154,0.07692308,0.14814815,32.600002,32.600002,32.300003,32.9,32.9,32.600002,32.600002,32.600002,32.600002,32.9,31.300001,31.600002,3862376,-335693,1075200,1075200,1075200,1075200,1075200,1075200,652800,1401600,1077,3,8,1106,3,7,514,36,84,609,39,66,427,30,56,276,21,59,202,6,85,356,25,116,734936,1406,32500,742125,5865,27274,361394,57745,275565,315103,102073,318990,292204,52855,339704,223401,52426,422278,216025,19730,649910,190376,80035,457425,-1.0,-1.0
1661125737787,27.53,0.17127071,0.1,0.13636364,0.23076923,0.0952381,0.0952381,0.17391305,0.09090909,0.28,31.900002,31.600002,31.600002,32.300003,32.300003,31.900002,31.600002,31.600002,31.900002,31.900002,30.900002,30.900002,3880867,-130920,1075200,1075200,1075200,1075200,1075200,1075200,652800,1401600,887,17,20,861,7,27,497,45,84,453,57,70,276,50,79,368,23,70,212,5,78,129,17,99,747508,61839,75696,738664,13461,128633,324431,87877,501748,344571,120487,424717,261596,126239,409487,236981,56301,527653,155199,26800,635214,109998,29829,588017,-1.0,-1.0
1661125738786,27.53,0.16304348,0.28,0.17391305,0.13043478,0.17391305,0.13043478,0.2173913,0.083333336,0.17391305,32.300003,32.300003,31.600002,31.900002,32.600002,32.300003,31.900002,31.900002,31.900002,32.300003,31.300001,31.300001,3873276,-226440,1075200,1075200,1075200,1075200,1075200,1075200,652800,1401600,1493,4,3,1290,2,5,626,24,52,1154,18,41,805,28,60,1015,6,39,395,4,101,490,6,67,618846,6482,16865,747595,8672,17418,551870,56579,159387,592856,39057,159502,632796,36701,93892,517899,19700,139501,505915,13228,464686,446049,9238,268290,-1.0,-1.0
1661125739793,27.536001,0.185567,0.09090909,0.125,0.15384616,0.083333336,0.7083333,0.17391305,0.0,0.083333336,31.600002,31.900002,31.600002,31.900002,31.600002,31.900002,31.600002,31.600002,31.900002,32.300003,30.900002,31.300001,3873665,-210876,1075200,1075200,1075200,1075200,1075200,1075200,652800,1401600,436,10,26,608,16,30,218,30,75,195,30,92,239,32,83,119,22,52,47,1,49,77,8,78,569527,22218,298440,607134,47249,257870,197981,72328,686100,181289,100619,618017,208953,60507,656531,135487,49024,621735,91288,1098,914992,95766,18434,801733,-1.0,-1.0
1661125740809,27.536001,0.1641791,0.083333336,0.12,0.115384616,0.083333336,0.48,0.08,0.18518518,0.23076923,31.600002,31.600002,31.300001,31.600002,31.600002,31.600002,31.600002,31.300001,31.600002,31.900002,30.900002,30.900002,3872692,-223083,1075200,1075200,1075200,1075200,1075200,1075200,652800,1401600,1147,2,9,1047,4,13,1026,35,104,484,28,84,454,9,43,688,12,42,135,6,102,406,9,83,721413,5742,32203,830312,6084,30407,555712,53102,266140,459451,68580,357342,282410,35150,260050,382408,24379,323901,347119,29293,560455,370484,18276,470504,-1.0,-1.0
1661125741854,27.536001,0.08717949,0.04347826,0.12,0.12,0.0,0.08,0.125,0.07692308,0.08695652,31.900002,31.900002,31.300001,31.900002,32.300003,32.300003,31.600002,32.300003,31.900002,33.300003,30.900002,31.300001,3874249,-285339,1075200,1075200,1075200,1075200,1075200,1075200,652800,1401600,455,8,18,521,13,35,131,28,75,226,52,100,98,14,40,112,23,56,48,0,57,40,20,89,742229,12294,191051,775406,30961,132237,173270,56722,684816,226891,159692,554370,88202,43008,582869,144204,50025,615289,61429,0,898445,56818,53067,784108,-1.0,-1.0
1661125742908,27.542002,0.114754096,0.16666667,0.09090909,0.04761905,0.08695652,0.13636364,0.09090909,0.08695652,0.16,31.300001,31.300001,30.900002,31.300001,31.600002,31.300001,31.300001,31.300001,31.300001,31.600002,30.600002,30.900002,3881840,-133972,1075200,1075200,1075200,1075200,1075200,1075200,652800,1401600,520,26,44,639,39,57,242,33,60,514,46,104,233,33,62,166,24,67,70,4,51,112,11,78,565180,57710,283628,603814,110778,226234,208101,81060,661734,277130,124622,539792,194107,83268,393375,170831,54039,631687,103008,5894,795984,102655,23188,737490,-1.0,-1.0
1661125743936,27.548002,0.19886364,0.1,0.25,0.1904762,0.1904762,0.2,0.26086956,0.045454547,0.375,31.900002,31.900002,31.300001,31.900002,31.900002,32.300003,31.900002,31.300001,31.900002,31.600002,31.300001,30.900002,3874833,-198364,1075200,1075200,1075200,1075200,1075200,1075200,652800,1401600,612,2,7,855,9,8,318,26,85,335,30,87,270,41,75,321,47,87,82,2,41,149,5,65,777279,8689,79749,786290,16876,57182,262625,51161,541868,300936,60782,505495,267689,93721,388066,312837,101275,387589,96028,4080,988645,91349,26945,676198,-1.0,-1.0
1661125744943,27.545002,0.03846154,0.0,0.0,0.03846154,0.0,0.074074075,0.08,0.037037037,0.07692308,32.9,32.600002,32.300003,32.600002,32.600002,32.600002,32.300003,32.300003,32.9,32.9,31.900002,31.900002,3855175,-410156,1075200,1075200,1075200,1075200,1075200,1075200,652800,1401600,785,0,0,942,0,0,483,48,80,588,51,66,319,31,69,327,59,78,145,9,72,149,13,63,820688,0,0,814912,0,0,396076,103336,288982,419105,90110,269806,283565,61799,368722,310150,128538,338176,135836,25921,745047,107540,38403,540380,0.03851393188854489,0.03287925696594427
1661125746043,27.548002,0.23383084,0.24,0.20833333,0.24,0.30769232,0.23076923,0.24,0.12,0.34615386,31.900002,31.900002,31.600002,31.900002,32.300003,31.600002,31.600002,31.900002,31.900002,32.300003,31.600002,31.300001,3885538,-146179,1075200,1075200,1075200,1075200,1075200,1075200,652800,1401600,484,4,46,695,14,58,195,31,71,237,65,82,115,31,107,66,20,54,17,3,40,25,9,62,535666,9787,441773,560295,30134,361212,173294,49965,747662,207158,171706,581933,106145,105480,680522,76744,45901,766337,32103,7661,976954,33430,16259,859892,1.9459047619047618,0.06336945812807881
1661125747089,27.551,0.02793296,0.0,0.0,0.04347826,0.0,0.0,0.13043478,0.0,0.08695652,33.600002,33.9,33.300003,33.600002,33.9,33.600002,33.300003,33.600002,33.600002,33.9,33.300003,32.9,3799703,-1029053,1075200,1075200,1075200,1075200,1075200,1075200,652800,1401600,1060,0,0,1140,0,0,935,59,60,674,40,67,360,35,71,417,40,74,244,25,130,360,18,96,778121,0,0,775342,0,0,539717,104137,132386,449775,66535,260273,332048,68018,300667,348146,85603,243232,230496,72666,621856,206708,37072,434324,-1.0,-1.0
1661125748138,27.563002,0.062801935,0.0,0.04,0.11111111,0.11111111,0.04,0.07692308,0.0,0.14814815,32.600002,32.600002,32.600002,32.600002,32.600002,32.600002,32.300003,32.600002,32.600002,32.600002,32.300003,31.900002,3853423,-523376,1075200,1075200,1075200,1075200,1075200,1075200,652800,1401600,386,19,51,354,20,55,116,32,61,156,45,71,66,18,46,73,16,46,64,12,78,32,8,48,446796,35788,415027,410520,51540,391613,114958,64195,531906,152657,114116,581111,73445,58262,657699,53322,29614,730511,45082,37336,916198,24368,23231,883706,-1.0,-1.0
1661125749163,27.566002,0.23463687,0.18181819,0.18181819,0.1904762,0.26086956,0.3181818,0.2173913,0.16666667,0.4347826,32.300003,32.300003,31.900002,32.300003,32.300003,32.300003,31.900002,32.300003,32.300003,32.300003,31.600002,31.600002,3861014,-263366,1075200,1075200,1075200,1075200,1075200,1075200,652800,1401600,258,20,66,423,32,69,73,26,41,136,37,86,247,71,111,60,13,41,13,1,38,9,3,45,425644,42277,494723,436672,60367,437087,92404,61612,541914,130533,110665,658450,192878,181471,550977,67599,24697,739163,28767,6026,970378,4984,8515,904015,0.002328173374613003,0.009003095975232198
1661125750187,27.584002,0.37433156,0.375,0.3181818,0.33333334,0.3181818,0.41666666,0.44444445,0.26086956,0.5769231,33.300003,33.300003,32.9,33.300003,33.600002,33.600002,33.300003,33.300003,33.300003,33.600002,32.600002,32.300003,3854396,-273742,1075200,1075200,1075200,1075200,1075200,1075200,652800,1401600,631,8,21,943,9,39,553,23,49,352,33,65,419,22,78,345,17,41,134,12,75,207,12,70,563985,24195,263697,590076,14378,234160,369379,41716,458917,305826,88777,373804,332719,47138,346969,284898,39111,416364,148793,42747,659514,133810,16867,537371,-1.0,-1.0
1661125751197,27.596,0.08522727,0.09090909,0.09090909,0.0952381,0.04761905,0.09090909,0.17391305,0.0,0.045454547,33.300003,32.9,32.9,33.300003,33.300003,33.300003,32.9,33.300003,33.300003,33.300003,32.300003,32.600002,3812744,-947266,1075200,1075200,1075200,1075200,1075200,1075200,652800,1401600,540,2,30,711,17,40,644,21,89,291,19,52,273,23,59,206,8,43,120,18,71,132,9,71,443139,6879,351714,525883,32212,262515,295460,31798,479725,270602,29189,499099,225993,45611,506250,173950,10662,528729,143504,29434,785312,112685,32658,625687,291.52068217054267,0.24993488372093023
1661125752227,27.607002,0.14973262,0.17391305,0.18181819,0.083333336,0.17391305,0.2,0.13636364,0.045454547,0.16,33.300003,33.300003,32.600002,32.9,32.9,33.300003,32.9,32.9,33.300003,33.300003,32.600002,32.300003,3878336,-145874,1075200,1075200,1075200,1075200,1075200,1075200,652800,1401600,757,3,9,980,2,7,534,41,77,415,49,93,692,57,86,389,34,68,1724,9,43,100,14,37,802944,2239,31992,783877,4558,27079,331628,83231,406834,341451,78549,381985,355367,146557,320211,285457,83913,356948,162415,17307,663715,81073,22659,520060,0.115140549273021,0.04634571890145396
1661125753225,27.634,0.32240438,0.375,0.4,0.29166666,0.33333334,0.3043478,0.23809524,0.13636364,0.52,33.9,33.9,32.9,33.600002,33.300003,33.300003,33.300003,33.600002,33.300003,33.600002,32.9,32.9,3869772,-444946,1075200,1075200,1075200,1075200,1075200,1075200,652800,1401600,548,6,25,934,16,22,370,30,66,494,29,56,450,25,50,363,19,60,307,62,94,204,21,69,543966,14589,131379,595462,37336,89199,303246,96871,325146,329075,50485,353693,346639,43038,270239,305944,28769,272932,256256,127147,510631,127621,42397,439088,-1.0,-1.0
1661125754248,27.649002,0.14795919,0.09090909,0.125,0.1923077,0.16,0.13043478,0.12,0.04,0.26923078,33.600002,33.9,33.600002,33.9,33.9,33.600002,33.9,33.600002,33.9,33.9,32.9,32.9,3863739,-300598,1075200,1075200,1075200,1075200,1075200,1075200,652800,1401600,524,11,57,609,8,53,429,28,51,366,38,62,208,20,58,249,21,52,172,27,127,159,9,59,452203,29804,338788,469151,8296,370895,219157,57182,570155,254679,89710,493999,182529,50177,564183,179287,35520,549896,181280,75518,700375,125782,14037,651350,195.26758974358972,0.3337307692307693
1661125755319,27.685001,0.029268293,0.0,0.0,0.0,0.0,0.07692308,0.03846154,0.0,0.115384616,35.300003,34.600002,34.600002,35.300003,34.9,34.9,34.9,35.300003,35.300003,36.600002,33.600002,33.300003,3847584,-481262,1075200,1075200,1075200,1075200,1075200,1075200,652800,1401600,649,3,4,1007,0,5,501,41,72,538,41,76,575,33,71,495,46,65,1257,12,61,193,7,56,777521,5519,22088,792662,0,23021,390794,89453,318347,411916,90955,302547,349263,65422,365623,405717,92781,314900,263918,25031,570686,143298,15072,489041,0.1121609907120743,0.04440866873065016
1661125756386,27.709002,0.16571428,0.04761905,0.10526316,0.1,0.2173913,0.14285715,0.2173913,0.2,0.25,33.600002,33.300003,32.9,32.9,33.600002,33.300003,32.9,33.300003,33.300003,33.600002,32.600002,32.600002,3824033,-501709,1075200,1075200,1075200,1075200,1075200,1075200,652800,1401600,547,6,18,836,26,30,268,29,72,395,34,74,275,28,58,161,23,52,53,9,65,79,14,69,557204,18078,326903,563450,61508,228124,225562,52224,603382,300090,63326,506500,189161,45093,535095,161182,54676,624560,87839,26604,916477,83205,26431,715749,16.761381933438983,0.14331537242472264
1661125757398,27.735,0.30054644,0.1904762,0.25,0.41666666,0.39130434,0.3043478,0.4090909,0.045454547,0.3181818,34.300003,34.300003,33.9,33.9,33.9,33.9,33.600002,33.9,33.9,33.9,33.600002,33.300003,3857510,-543213,1075200,1075200,1075200,1075200,1075200,1075200,652800,1401600,752,1,2,1129,0,0,431,56,99,567,58,91,484,58,84,292,32,88,389,13,101,233,18,65,744601,4083,3583,793724,0,0,378350,117349,291088,436884,98479,247063,334668,93679,344612,240953,63137,382764,163047,30463,652708,149953,33937,428102,0.07655886970172684,0.04453375196232339
1661125758418,27.768002,0.21505377,0.17391305,0.2173913,0.20833333,0.18181819,0.2173913,0.18181819,0.083333336,0.4,34.600002,34.600002,34.300003,34.600002,34.600002,34.600002,34.300003,33.9,34.300003,34.600002,33.600002,33.300003,3842523,-480957,1075200,1075200,1075200,1075200,1075200,1075200,652800,1401600,956,0,0,1014,0,1,466,36,74,482,46,68,383,24,76,364,40,52,215,19,85,162,19,78,771547,0,396,700067,0,706,385626,59151,208165,375141,84307,191723,334703,37294,323846,339777,77573,254582,216935,36818,661131,129548,48454,479253,-1.0,-1.0
1661125759422,27.792002,0.06632653,0.083333336,0.083333336,0.08,0.08,0.0,0.12,0.0,0.08,34.300003,34.600002,34.300003,34.300003,34.9,34.600002,34.600002,34.600002,34.600002,34.9,33.600002,33.600002,3811187,-904541,1075200,1075200,1075200,1075200,1075200,1075200,652800,1401600,563,11,39,843,35,32,979,17,59,415,44,61,239,22,59,230,18,59,198,13,96,175,6,58,503781,32875,263549,567122,98245,137557,422109,23353,296553,321566,86264,421048,203504,44073,507356,183614,25112,512175,201238,28971,664996,142436,7045,352405,48.78031924882629,0.11656964006259782
1661125760499,27.816002,0.074074075,0.04347826,0.045454547,0.083333336,0.12,0.083333336,0.16,0.0,0.16666667,33.600002,33.9,33.300003,33.600002,33.600002,33.600002,33.600002,33.600002,33.600002,33.9,32.9,33.300003,3873665,-324707,1075200,1075200,1075200,1075200,1075200,1075200,652800,1401600,395,1,5,931,0,2,355,80,106,232,40,97,198,39,91,236,64,96,273,5,38,37,9,41,872683,1025,31972,873501,4614,22953,327025,169006,408810,222920,74957,615231,230608,86106,595981,221806,147080,453018,40290,7186,917952,38112,20606,791308,-1.0,-1.0
1661125761508,27.852001,0.13793103,0.1,0.05,0.13636364,0.20833333,0.18181819,0.1904762,0.0,0.0952381,33.9,33.300003,33.300003,33.300003,33.600002,33.300003,33.300003,33.300003,33.600002,33.9,32.9,32.600002,3870746,-190735,1075200,1075200,1075200,1075200,1075200,1075200,652800,1401600,489,6,23,711,10,21,304,41,113,227,82,101,304,55,96,191,32,88,18,2,44,75,3,59,781839,12329,111312,769617,24711,86946,237775,104997,543430,278889,223599,400006,319397,123055,352731,232964,61767,588981,39629,7987,890759,104644,14896,652175,-1.0,-1.0
1661125762502,27.866001,0.0631068,0.0,0.0,0.04,0.24,0.11111111,0.0,0.037037037,0.07692308,33.300003,33.600002,32.9,33.300003,33.600002,33.300003,33.300003,33.300003,33.300003,33.300003,32.9,32.9,3830456,-671997,1075200,1075200,1075200,1075200,1075200,1075200,652800,1401600,208,49,88,249,38,120,93,23,77,57,29,51,61,4,29,49,1,29,4,0,27,14,4,36,218093,160526,532730,240753,98717,558109,87556,61931,774907,75866,87077,740493,56335,11306,467721,33785,600,802243,7486,0,1055869,9228,11260,946820,-1.0,-1.0
1661125763551,27.893002,0.034285713,0.0,0.04761905,0.0,0.045454547,0.09090909,0.0,0.0,0.125,32.9,32.600002,32.300003,32.9,32.9,32.600002,32.600002,32.9,32.9,32.9,32.600002,31.900002,3873860,-139770,1075200,1075200,1075200,1075200,1075200,1075200,652800,1401600,149,9,51,323,28,81,84,57,74,58,16,37,44,4,27,114,10,77,9,0,28,4,3,30,252716,22862,736051,325038,50127,599090,107036,197991,689640,60733,27130,764174,32638,9471,800017,94179,23533,874297,17724,0,971888,5666,8698,867344,-1.0,-1.0
1661125764599,27.908,0.08737864,0.04,0.08,0.041666668,0.14814815,0.115384616,0.04,0.0,0.15384616,32.9,32.9,32.300003,32.9,32.9,32.600002,32.300003,33.300003,32.9,33.9,32.600002,32.300003,3864906,-386352,1075200,1075200,1075200,1075200,1075200,1075200,652800,1401600,171,1,47,379,38,83,146,28,61,52,9,26,100,5,18,112,9,73,27,0,31,56,3,37,137572,4330,854565,261611,78377,634910,139447,76753,783588,83698,33517,947560,75285,10617,880294,93236,17919,777004,67581,0,1024611,68174,9352,944817,-1.0,-1.0
1661125765616,27.923002,0.04608295,0.035714287,0.0,0.035714287,0.035714287,0.11111111,0.14285715,0.0,0.071428575,32.9,32.9,32.600002,33.300003,33.300003,33.300003,32.9,33.600002,33.600002,34.600002,32.300003,32.300003,3866074,-304870,1075200,1075200,1075200,1075200,1075200,1075200,652800,1401600,575,0,0,931,0,0,459,86,92,225,35,86,283,30,73,304,75,72,53,1,79,135,7,69,847295,0,0,863281,0,0,376850,160622,328139,249510,83312,514618,208617,75043,566288,276857,174633,305659,110161,3585,865287,162731,20233,548117,-1.0,-1.0
1661125766677,27.923002,0.114832535,0.07692308,0.14814815,0.08,0.115384616,0.08,0.115384616,0.03846154,0.18518518,32.9,32.600002,32.300003,32.600002,32.9,32.600002,32.300003,32.600002,32.600002,32.9,32.300003,32.300003,3871719,-194091,1075200,1075200,1075200,1075200,1075200,1075200,652800,1401600,357,4,38,542,17,46,160,71,97,101,32,85,149,38,95,105,37,65,4,0,33,40,3,56,623066,15831,361669,610592,51001,296852,168515,189469,624746,124327,66957,793127,182803,104487,674752,160666,96587,590759,4233,0,1001357,67343,967,794648,-1.0,-1.0
1661125767690,27.941002,0.07865169,0.0,0.04761905,0.0,0.04347826,0.28,0.23809524,0.0,0.045454547,32.600002,32.600002,31.900002,32.600002,32.600002,32.600002,32.300003,32.600002,32.600002,32.600002,31.900002,31.900002,3863155,-228882,1075200,1075200,1075200,1075200,1075200,1075200,652800,1401600,212,12,39,388,22,62,156,63,98,52,21,63,111,41,77,61,7,43,14,0,41,1,5,39,364655,31477,568945,402002,48783,485328,160235,137492,635212,70587,67234,796331,126438,113533,703394,60409,13149,771278,30990,0,980436,484,27402,871142,-1.0,-1.0
1661125768700,27.95,0.11176471,0.0,0.14285715,0.0,0.13043478,0.0952381,0.18181819,0.045454547,0.2857143,32.600002,32.300003,31.900002,32.300003,32.300003,32.300003,31.900002,31.900002,32.300003,32.300003,31.600002,31.900002,3874833,-189209,1075200,1075200,1075200,1075200,1075200,1075200,652800,1401600,59,20,66,293,53,91,139,17,72,22,6,47,94,14,71,78,1,31,0,0,12,0,0,23,109793,55339,821866,209135,122135,631082,111601,40175,818722,81591,20455,865610,99095,40286,758041,70234,558,748682,0,0,942868,0,0,951884,-1.0,-1.0
1661125769716,27.959002,0.13186814,0.0,0.13043478,0.0,0.17391305,0.08695652,0.13043478,0.33333334,0.17391305,33.600002,33.300003,32.9,33.600002,33.600002,33.600002,33.300003,33.300003,33.300003,33.9,32.600002,32.300003,3814301,-886841,1075200,1075200,1075200,1075200,1075200,1075200,652800,1401600,567,6,35,698,21,49,397,26,49,256,35,53,214,24,67,184,13,65,68,12,78,122,18,68,458886,15590,429803,505997,40356,358286,282834,44575,588334,205146,72933,608766,169092,49414,639883,164767,20120,628656,112780,34474,885157,122764,47900,641652,40.7801052631579,0.22842105263157897
1661125770754,27.976002,0.26704547,0.17391305,0.23809524,0.18181819,0.22727273,0.1904762,0.13636364,0.27272728,0.6818182,33.9,34.300003,33.600002,34.300003,33.9,33.9,33.9,33.600002,34.600002,34.600002,33.300003,32.9,3784132,-1037903,1075200,1075200,1075200,1075200,1075200,1075200,652800,1401600,510,36,52,1131,37,48,288,58,90,408,97,90,281,42,87,281,68,86,187,40,131,576,55,154,682563,73136,200811,818771,39494,60462,278284,136373,544376,532184,203152,219396,260881,90458,603237,255296,139815,482754,129599,131823,520026,241527,132205,500790,161.69691866028708,0.13014354066985645
1661125771774,28.006,0.46766168,0.28,0.44,0.25,0.4074074,0.28,0.44,0.62068963,1.0,35.9,35.9,35.600002,35.600002,35.600002,35.9,35.600002,36.600002,36.300003,37.9,34.600002,34.600002,3764084,-1168824,1075200,1075200,1075200,1075200,1075200,1075200,652800,1401600,876,0,0,1389,0,0,772,68,58,621,51,71,283,33,46,417,28,57,2080,22,137,285,33,98,782961,0,0,799397,0,0,613132,98561,127728,590141,99568,150526,338118,75301,197828,392877,60514,290133,437218,40559,269683,183336,49620,195751,594.9683375,0.246
1661125772808,28.048002,0.50292397,0.6086956,0.31578946,0.35,0.3,0.2857143,0.5217391,0.59090906,1.0,38.600002,38.600002,37.9,38.300003,38.300003,38.600002,38.600002,39.600002,38.9,40.600002,36.600002,35.9,3732359,-1575013,1075200,1075200,1075200,1075200,1075200,1075200,652800,1401600,1458,0,0,1386,0,0,884,27,43,879,18,36,862,27,34,797,17,42,4997,4,25,55,4,20,748855,0,0,731583,0,0,636117,36691,58106,681149,20210,54504,565753,42520,79688,554545,17895,113151,453564,589,28260,16856,1125,21324,811.8570858034321,0.45178159126365053
1661125773821,28.093,0.45402297,0.18181819,0.25,0.59090906,0.3,0.22727273,0.5833333,1.0,0.47619048,39.600002,39.600002,38.9,39.600002,39.9,39.9,39.9,40.600002,40.600002,41.600002,37.600002,37.600002,3735278,-1521302,1075200,1075200,1075200,1075200,1075200,1075200,652800,1401600,516,0,0,1337,0,0,701,14,40,954,12,21,555,16,33,1163,15,33,1650,2,54,115,0,1,461833,0,0,709912,0,0,554106,9124,50344,574193,11693,22883,494823,22574,65306,567107,20866,51705,308071,1158,79312,19983,0,3275,837.5611317073171,0.3418536585365854
1661125774828,28.149002,0.5955056,0.68,0.45,0.27272728,0.52380955,0.4,0.4090909,1.0,1.0,40.300003,40.600002,40.300003,40.600002,40.9,40.600002,40.300003,41.600002,40.9,42.9,38.300003,38.300003,3742674,-1471863,1075200,1075200,1075200,1075200,1075200,1075200,652800,1401600,666,0,0,1572,0,0,628,10,19,1220,16,25,851,14,34,648,8,21,475,0,7,1101,0,4,632341,0,0,659853,0,0,408472,19670,33425,562085,19941,41728,462425,15154,66699,427132,12657,40816,99604,0,11212,265473,0,3767,889.8183868852459,0.3415081967213115
1661125775873,28.209002,0.6536585,0.75,0.56,0.37037036,0.7083333,0.46153846,0.5769231,0.88,1.0,41.600002,41.9,41.600002,41.9,41.9,41.9,41.9,42.9,42.9,44.300003,39.300003,39.300003,3734110,-1582337,1075200,1075200,1075200,1075200,1075200,1075200,652800,1401600,899,0,0,1847,0,0,1344,6,18,1313,4,21,1688,10,21,578,9,29,509,0,9,34,0,1,401383,0,0,582898,0,0,541253,8884,39123,497437,3390,16906,534731,9927,20198,492079,10706,44104,79779,0,4884,4657,0,14,928.488717948718,0.3523076923076923
1661125776906,28.274002,0.6882353,0.47619048,0.85,0.2857143,0.75,0.8095238,0.25,1.0,0.9583333,42.9,42.9,42.300003,42.9,43.300003,42.9,42.9,43.600002,43.600002,45.300003,40.600002,39.9,3724378,-1647645,1075200,1075200,1075200,1075200,1075200,1075200,652800,1401600,1058,0,0,1389,0,0,1301,4,7,1053,1,9,1917,2,3,745,2,10,699,0,12,37,0,0,520235,0,0,671272,0,0,632623,6602,5788,648297,582,7513,583985,605,2945,569169,3497,12009,89135,0,10080,1133,0,0,868.9095,0.342
1661125777898,28.346,0.61290324,0.5,0.5,0.47826087,0.33333334,0.48,0.65217394,0.92,1.0,42.9,42.9,42.300003,42.9,43.300003,43.300003,42.9,44.300003,44.300003,45.9,40.9,40.600002,3701606,-1857911,1075200,1075200,1075200,1075200,1075200,1075200,652800,1401600,1095,0,0,1162,0,0,1885,1,5,1021,1,7,616,4,5,1028,2,4,696,0,11,295,0,1,532459,0,0,681553,0,0,615807,404,9690,653513,365,4776,519069,3954,5089,598547,4584,10845,105323,0,7853,24055,0,557,843.8508220064724,0.3874304207119741
1661125778923,28.417002,0.77319586,0.68,0.84,0.84,0.5217391,0.9230769,0.5,0.9166667,1.0,44.600002,44.600002,43.9,44.600002,44.600002,45.300003,44.600002,45.300003,45.300003,46.600002,41.9,41.300003,3722821,-1768494,1075200,1075200,1075200,1075200,1075200,1075200,652800,1401600,1355,0,0,1399,0,0,456,3,9,1228,4,9,771,3,8,582,1,3,78,1,22,344,1,7,476268,0,0,515526,0,0,484685,2824,10757,592848,4550,12504,512806,5214,9179,354006,1542,7389,35445,469,26429,48606,307,5004,1209.7006853582554,0.5343302180685358
1661125779965,28.482002,0.765,0.8695652,0.8695652,0.44,0.53846157,0.6,0.8,1.0,1.0,45.600002,45.600002,45.300003,45.9,45.600002,45.9,45.300003,45.9,46.300003,47.600002,42.600002,42.600002,3692263,-1966248,1075200,1075200,1075200,1075200,1075200,1075200,652800,1401600,781,0,0,1184,0,0,571,0,0,916,0,0,503,0,0,676,0,1,518,1,21,107,0,5,330392,0,0,535626,0,0,378453,0,0,499443,0,0,388965,0,0,339835,0,657,69751,565,14377,7940,0,3673,1154.1930093457945,0.5366355140186916
1661125780998,28.563002,0.84313726,0.8,0.8076923,0.875,0.7037037,0.96153843,0.68,1.0,0.96153843,45.9,45.600002,45.300003,45.9,46.600002,46.300003,46.300003,47.300003,46.9,48.300003,43.600002,42.9,3687397,-1820985,1075200,1075200,1075200,1075200,1075200,1075200,652800,1401600,656,0,0,1118,0,0,473,0,0,1055,0,0,694,0,0,502,0,0,97,2,15,106,2,2,308071,0,0,550718,0,0,413066,0,0,422135,0,0,349106,0,0,376941,0,0,19302,900,7120,16633,829,713,1307.1215349593497,0.622308943089431
1661125782082,28.637001,0.7871287,0.88,0.5217391,0.96,0.7083333,0.8518519,0.4074074,1.0,1.0,47.600002,47.600002,46.600002,46.9,47.300003,47.300003,46.600002,47.9,47.9,49.600002,44.600002,44.300003,3705888,-1829224,1075200,1075200,1075200,1075200,1075200,1075200,652800,1401600,619,0,0,758,0,0,259,0,0,588,0,0,197,0,0,185,0,0,191,0,13,106,2,8,237826,0,0,390714,0,0,299879,0,0,379467,0,0,228342,0,0,207814,0,0,17770,0,10208,23889,979,4193,1316.5101118012421,0.6832298136645963
1661125783164,28.712002,0.7815534,0.65384614,0.6923077,0.7692308,0.6923077,0.7307692,0.76,0.9230769,1.0,48.300003,48.600002,47.600002,48.300003,48.300003,48.300003,47.9,48.600002,48.9,50.300003,45.300003,44.300003,3674551,-1995240,1075200,1075200,1075200,1075200,1075200,1075200,652800,1401600,240,0,0,764,0,0,520,1,0,575,0,0,541,0,0,264,0,0,126,1,13,190,2,12,128523,0,0,435432,0,0,262647,420,0,267871,0,0,227733,0,0,282637,0,0,12047,464,9381,12637,464,5584,1145.372767550702,0.5885803432137285
1661125784232,28.792002,0.8798077,1.0,0.7692308,0.7307692,0.8076923,0.8888889,0.92,0.96153843,0.96428573,48.300003,48.600002,47.600002,47.9,48.300003,48.600002,47.9,48.600002,48.600002,50.300003,45.600002,45.300003,3677860,-1918946,1075200,1075200,1075200,1075200,1075200,1075200,652800,1401600,335,0,0,880,0,0,469,0,0,628,0,0,323,0,0,584,0,0,300,2,24,137,0,3,223303,0,0,451884,0,0,286529,0,0,367593,0,0,183877,0,0,294180,0,0,84419,1784,19036,25360,0,3820,1243.2741275272163,0.5696298600311042
1661125785287,28.875002,0.84615386,0.7777778,0.75,0.962963,0.7307692,1.0,0.7083333,0.88,1.0,49.300003,49.300003,48.600002,49.300003,49.600002,49.9,49.300003,49.9,49.9,51.300003,46.300003,45.9,3665598,-2157594,1075200,1075200,1075200,1075200,1075200,1075200,652800,1401600,390,0,0,812,0,0,476,0,0,885,0,0,458,0,0,275,0,0,188,1,18,122,1,10,302986,0,0,422617,0,0,361282,0,0,412050,0,0,328393,0,0,242242,0,0,31969,25,9947,30097,396,8702,1280.333453416149,0.6862111801242236
1661125786365,28.953001,0.7283237,0.45454547,0.7368421,0.5714286,0.8333333,0.95454544,0.45454547,0.9,1.0,49.300003,49.600002,48.9,49.300003,49.9,49.600002,49.600002,50.300003,50.600002,51.9,46.9,46.300003,3683310,-1908875,1075200,1075200,1075200,1075200,1075200,1075200,652800,1401600,462,0,0,789,0,0,214,0,0,1012,0,0,298,0,0,408,0,0,197,0,14,64,0,3,470126,0,0,521663,0,0,220454,0,0,480650,0,0,222469,0,0,267763,0,0,48133,0,7909,10016,0,565,1101.536895800933,0.5683359253499223
1661125787394,29.036001,0.7892157,0.7692308,0.625,0.6296296,0.6,0.88,0.8,0.96,1.0,50.300003,50.300003,49.300003,50.300003,50.600002,50.600002,49.9,50.9,50.9,52.600002,46.9,46.600002,3672021,-1939393,1075200,1075200,1075200,1075200,1075200,1075200,652800,1401600,456,0,0,768,0,0,467,0,0,914,0,0,379,0,0,668,0,0,612,0,16,200,0,6,435183,0,0,479136,0,0,403378,0,0,539854,0,0,183645,0,0,355423,0,0,94298,0,8491,56581,0,3307,1217.9832569659443,0.6291021671826625
1661125788465,29.122002,0.81407034,1.0,0.7083333,0.5652174,0.8695652,0.68,0.8,0.9230769,1.0,50.9,50.600002,49.9,50.600002,50.600002,51.300003,50.9,51.600002,51.600002,53.300003,47.600002,47.300003,3672800,-1924134,1075200,1075200,1075200,1075200,1075200,1075200,652800,1401600,222,0,0,1095,0,0,641,0,0,1106,0,0,488,0,0,181,0,0,90,0,1,16,0,1,163885,0,0,533282,0,0,310772,0,0,532895,0,0,364983,0,0,260101,0,0,24608,0,560,2054,0,547,1181.1460093603744,0.6150390015600624
1661125789502,29.209002,0.6930693,0.53846157,0.5416667,0.083333336,0.76,0.65384614,0.875,1.0,1.0,50.600002,50.9,49.9,50.300003,50.9,51.300003,50.300003,51.9,51.300003,52.9,47.9,47.9,3695767,-1875001,1075200,1075200,1075200,1075200,1075200,1075200,652800,1401600,308,0,0,946,0,0,467,0,0,1035,0,0,208,0,0,784,0,0,678,0,27,40,0,12,289752,0,0,527893,0,0,530262,0,0,571956,0,0,187586,0,0,452434,0,0,184454,0,20108,9292,0,7357,1102.4518757763974,0.5450931677018633
1661125790572,29.292002,0.7714286,0.54545456,0.9047619,0.82608694,0.3809524,0.95652175,1.0,0.59090906,1.0,51.300003,51.600002,50.600002,50.9,51.600002,51.9,51.300003,52.300003,52.600002,53.600002,48.300003,47.9,3683699,-1772462,1075200,1075200,1075200,1075200,1075200,1075200,652800,1401600,513,0,0,907,0,0,816,0,0,945,1,0,399,0,1,358,0,0,305,0,8,165,0,11,386893,0,0,543719,0,0,511589,0,0,514413,551,0,386532,0,578,348836,0,0,73002,0,5969,18662,0,5769,1151.8566220839812,0.5643545878693623
1661125791617,29.378002,0.6965174,0.6923077,0.6,0.65384614,0.68,0.64,0.42307693,1.0,1.0,51.300003,51.9,50.9,51.9,51.9,51.600002,50.9,52.600002,51.9,53.600002,48.600002,48.600002,3676692,-1908875,1075200,1075200,1075200,1075200,1075200,1075200,652800,1401600,490,0,0,930,0,0,459,0,0,716,0,0,192,0,0,399,0,0,1015,1,17,116,0,9,363889,0,0,472128,0,0,303543,0,0,504538,0,0,298323,0,0,299734,0,0,261185,1032,10801,16214,0,3448,1117.5842857142857,0.5505590062111801
1661125792711,29.491001,0.857868,1.0,0.65217394,0.88,0.68,0.76,0.9230769,0.96,1.0,51.600002,52.300003,51.300003,51.9,51.9,52.600002,51.600002,52.300003,52.9,53.600002,49.300003,48.9,3702968,-1673890,1075200,1075200,1075200,1075200,1075200,1075200,652800,1401600,492,0,0,932,0,0,797,0,0,941,0,0,575,0,0,222,0,0,88,1,18,160,0,7,235311,0,0,508285,0,0,413683,0,0,487144,0,0,354786,0,0,350392,0,0,29670,0,10090,30626,0,5560,1091.528347826087,0.5455900621118013
1661125793766,29.584002,0.6766169,0.5,0.6,0.5217391,0.48,0.8518519,0.42307693,0.962963,1.0,52.9,52.9,51.600002,52.600002,52.9,52.9,52.300003,53.600002,53.300003,55.300003,49.300003,48.9,3673968,-1931153,1075200,1075200,1075200,1075200,1075200,1075200,652800,1401600,307,0,0,980,0,0,479,1,1,809,0,0,339,0,1,526,0,0,469,0,18,103,0,2,183190,0,0,504808,0,0,258310,943,1715,479580,0,0,244792,0,440,274106,0,0,117045,0,11514,19863,0,1033,803.9133940345369,0.3848037676609105
1661125794849,29.667002,0.7445652,0.875,0.6818182,0.65217394,0.6363636,0.65217394,0.5652174,1.0,0.95454544,52.600002,52.9,51.9,52.600002,52.600002,53.300003,52.600002,53.600002,53.300003,54.9,49.9,49.600002,3696545,-1689454,1075200,1075200,1075200,1075200,1075200,1075200,652800,1401600,284,0,0,1018,0,0,675,0,0,1541,0,0,236,0,1,429,1,1,1353,2,14,126,3,5,301221,0,0,523290,0,0,364419,0,0,581721,0,0,329880,0,761,414231,426,928,210180,469,9772,20474,1103,5258,836.9295663430421,0.41009708737864076
1661125795876,29.771002,0.40314135,0.25,0.23809524,0.375,0.26086956,0.25,0.29166666,0.9130435,0.5652174,52.9,52.9,52.300003,52.9,53.300003,53.300003,52.9,53.9,53.9,55.300003,49.9,49.300003,3686035,-1918336,1075200,1075200,1075200,1075200,1075200,1075200,652800,1401600,793,0,0,1202,0,0,567,0,2,764,0,0,759,0,0,607,0,0,1626,0,4,284,0,10,391216,0,0,488625,0,0,402844,0,1149,527268,0,0,470652,0,0,320517,0,0,260259,0,3560,42097,0,5478,721.6117125,0.3535
1661125796900,29.854002,0.029268293,0.04,0.0,0.04,0.0,0.07692308,0.03846154,0.0,0.03846154,50.600002,50.300003,49.9,50.600002,50.600002,50.300003,49.9,50.600002,50.600002,50.9,48.9,48.9,3801065,-802002,1075200,1075200,1075200,1075200,1075200,1075200,652800,1401600,784,0,3,1068,2,3,620,2,3,900,1,2,917,0,0,953,0,0,1156,0,8,71,0,15,535604,4157,16248,628665,8040,5079,509326,12515,8144,662307,4505,14583,624231,0,0,549658,0,11861,252884,0,102799,132181,0,90287,-1.0,-1.0
1661125797919,29.947,0.08839779,0.083333336,0.08695652,0.08695652,0.0,0.13636364,0.08695652,0.13043478,0.045454547,46.9,46.9,46.300003,46.600002,47.300003,46.600002,46.600002,46.600002,46.9,46.9,46.300003,45.9,3843691,-157775,1075200,1075200,1075200,1075200,1075200,1075200,652800,1401600,368,21,79,288,11,65,192,49,88,133,32,60,52,6,37,302,12,55,7,0,12,72,0,31,375718,42957,507389,346220,25886,581322,261864,136979,569727,188331,83035,685537,141820,21131,688661,201391,20428,690819,64781,0,812113,65763,0,764100,-1.0,-1.0
1661125798930,30.019001,0.024630541,0.04,0.0,0.0,0.037037037,0.037037037,0.07692308,0.0,0.11111111,45.600002,45.300003,44.9,45.600002,45.600002,45.300003,45.300003,45.600002,45.600002,45.9,44.9,44.600002,3799119,-608215,1075200,1075200,1075200,1075200,1075200,1075200,652800,1401600,355,13,79,144,7,56,106,33,89,134,36,83,39,9,38,103,23,35,5,0,32,6,3,38,294243,13015,670805,247476,6467,725535,128784,77547,750900,108702,89661,762013,44174,26291,769749,95623,62009,742166,13302,0,1009580,12356,12808,927124,-1.0,-1.0
1661125799935,30.086002,0.12087912,0.14285715,0.08695652,0.13043478,0.08695652,0.125,0.2173913,0.045454547,0.13043478,44.300003,44.300003,43.300003,43.9,43.9,43.600002,43.9,43.9,43.9,44.300003,43.600002,43.300003,3805931,-781860,1075200,1075200,1075200,1075200,1075200,1075200,652800,1401600,291,27,78,114,14,60,103,37,86,58,11,53,78,1,20,17,21,35,3,0,10,10,5,32,289885,61878,575135,165229,40982,711606,112255,76631,766514,50600,29500,847336,45573,3365,846697,22651,86918,733698,2734,0,980524,4518,19704,887390,-1.0,-1.0
1661125800944,30.143002,0.08717949,0.45833334,0.08,0.07692308,0.0,0.08,0.0,0.04,0.115384616,43.9,43.9,43.600002,43.600002,43.9,43.9,43.600002,43.9,43.9,44.300003,42.9,42.9,3819167,-570373,1075200,1075200,1075200,1075200,1075200,1075200,652800,1401600,548,29,92,455,24,92,187,19,50,215,17,69,271,10,46,129,5,32,54,0,34,72,2,47,348044,30287,462502,328989,44139,511101,150499,50426,661595,184220,32926,690078,127194,17898,708894,89201,16475,662626,77711,0,896060,72690,4485,830284,-1.0,-1.0
1661125801956,30.188002,0.28365386,0.28,0.22222222,0.32,0.35714287,0.25,0.5,0.11111111,0.22222222,42.9,42.9,42.600002,42.600002,42.600002,42.9,42.600002,42.9,43.300003,43.600002,42.300003,42.300003,3807099,-547180,1075200,1075200,1075200,1075200,1075200,1075200,652800,1401600,457,15,33,381,9,34,48,10,35,198,11,44,80,9,27,80,17,35,3,0,27,20,2,37,458234,38277,341013,537146,16048,404910,148513,18424,691828,271415,22174,666760,207537,24307,684068,212222,41248,651552,6635,0,924034,79003,6579,787006,0.0018776859504132232,0.0010578512396694215
1661125802996,30.236002,0.17714286,0.42105263,0.0952381,0.25,0.18181819,0.13636364,0.2173913,0.083333336,0.16666667,44.300003,44.9,44.300003,44.600002,44.9,44.600002,44.300003,44.300003,44.600002,44.600002,43.300003,43.300003,3803596,-586548,1075200,1075200,1075200,1075200,1075200,1075200,652800,1401600,1506,12,27,1083,22,24,586,1,3,650,8,26,752,3,10,697,3,7,338,0,3,587,0,0,600983,14099,103851,634768,38106,81471,649714,298,176948,588357,10736,126688,497070,9127,135239,501748,9190,157626,961868,6591,11521,700416,0,0,-1.0,-1.0
1661125804005,30.258001,0.17679559,0.1904762,0.05,0.13636364,0.17391305,0.24,0.14285715,0.08695652,0.29166666,43.600002,43.600002,43.300003,43.600002,43.600002,43.9,43.600002,43.600002,44.300003,44.300003,42.600002,42.9,3837657,-319214,1075200,1075200,1075200,1075200,1075200,1075200,652800,1401600,1163,0,0,888,0,0,517,34,63,584,29,51,778,20,47,517,15,32,314,8,101,401,17,78,586207,0,0,709927,0,0,410799,71760,179075,422225,51190,145568,417884,42085,241892,258175,36918,117517,340371,17683,470700,304340,35805,340580,0.0010543657331136738,0.0010543657331136738
