1657752680965,34.812,0.2345679,1.0,0.18181819,0.15,0.14285715,0.14285715,0.1,0.0,0.22727273,41.9,42.600002,41.9,42.300003,43.300003,42.9,42.600002,42.9,43.600002,44.600002,40.300003,40.600002,3834543,-610962,1075200,1075200,1075200,1075200,1075200,1075200,652800,1401600,4594478,169319,433404,4787663,156999,409668,2334361,279584,501096,2386432,274128,490161,1728545,205018,496992,1698218,204666,503661,938909,223268,573183,1361814,245347,631059,3827926758,281232672,6501375697,3954701297,263384625,6429744579,2070368760,551601984,7894352244,2124356508,543156093,7810371264,1423191117,404111514,8493149260,1406478259,406158963,8488694058,819627421,530065065,9674550898,897027023,532559472,9210924243,-1.0,-1.0
1657752681951,34.784,0.23602484,0.14285715,0.14285715,0.055555556,1.0,0.10526316,0.14285715,0.2,0.1,40.300003,40.600002,40.300003,40.600002,40.300003,40.600002,39.9,40.300003,40.300003,40.9,39.300003,39.300003,3867047,-296631,1075200,1075200,1075200,1075200,1075200,1075200,652800,1401600,874,0,0,871,0,0,372,47,95,396,48,74,338,52,77,297,40,75,61,5,52,83,11,63,789761,0,0,754475,0,0,293576,81101,274995,328638,100943,343814,270688,133614,327694,291790,86476,416173,73850,12943,715531,31292,34203,497984,-1.0,-1.0
1657752682958,34.761,0.22619048,0.1,1.0,0.13636364,0.0952381,0.14285715,0.14285715,0.0,0.0952381,39.300003,39.300003,38.9,39.300003,39.300003,39.300003,38.9,39.300003,39.300003,39.600002,38.600002,38.600002,3875417,-188598,1075200,1075200,1075200,1075200,1075200,1075200,652800,1401600,391,11,34,484,12,58,156,29,83,210,26,89,173,35,71,197,48,73,4,3,37,10,4,48,414726,32748,440586,457724,34255,418129,147061,65799,673514,176007,50236,677824,141417,82216,687526,156251,123800,617791,3303,7495,877407,19327,14296,851676,-1.0,-1.0
1657752683956,34.726,0.26993865,1.0,0.0,0.05,0.0,0.0,1.0,0.0,0.04761905,39.300003,39.300003,38.9,38.9,38.9,39.300003,38.9,39.300003,39.300003,39.300003,38.600002,38.9,3869578,-239563,1075200,1075200,1075200,1075200,1075200,1075200,652800,1401600,629,5,19,600,11,25,240,34,80,269,48,87,212,32,84,257,56,98,10,7,36,15,7,61,690656,12557,181133,692519,35352,138501,233750,76271,581463,182782,123048,579212,177876,67788,647203,262163,120864,490721,13816,31728,916152,18307,15985,855019,-1.0,-1.0
1657752684956,34.698,0.2125,0.14285715,0.05,1.0,0.1,0.1,0.05263158,0.05263158,0.23809524,38.9,39.300003,38.300003,38.9,38.9,39.300003,38.9,39.300003,39.300003,39.300003,38.300003,38.300003,3866658,-302124,1075200,1075200,1075200,1075200,1075200,1075200,652800,1401600,218,8,61,361,46,64,101,19,70,130,41,97,125,8,69,81,11,42,9,4,19,6,5,28,351835,20065,562638,411599,100117,413477,65445,53809,813538,106774,105738,729218,87188,12855,833145,50286,16510,543531,15058,5617,868416,9306,26027,883357,-1.0,-1.0
1657752685972,34.688004,0.5260417,0.8695652,0.5833333,0.45833334,0.64,0.4814815,0.45833334,0.3043478,0.41666666,41.300003,41.300003,40.600002,41.300003,41.9,41.600002,41.300003,41.600002,41.600002,42.300003,39.9,39.9,3837463,-733032,1075200,1075200,1075200,1075200,1075200,1075200,652800,1401600,1563,4,3,1860,2,5,578,5,21,936,12,34,496,3,11,435,2,11,344,17,22,336,4,14,792436,10804,16006,850159,4308,21938,703965,12578,115538,721667,21616,117266,624906,3848,59643,561352,2035,98275,765263,38921,164755,603056,7666,153778,-1.0,-1.0
1657752687118,34.65,0.36548224,0.33333334,1.0,0.33333334,0.28,0.24,0.375,0.125,0.20833333,40.600002,40.9,40.600002,41.300003,40.9,40.9,40.9,40.9,40.9,41.9,39.300003,39.9,3858678,-300293,1075200,1075200,1075200,1075200,1075200,1075200,652800,1401600,945,6,19,1040,7,16,521,27,63,498,45,82,419,17,53,423,6,27,321,56,97,335,13,69,632379,10925,75288,618742,21662,64249,370031,56150,311075,356030,93243,245654,331250,36051,295845,260608,7528,134244,259209,146024,383366,129184,35946,517098,-1.0,-1.0
1657752688208,34.615,0.44878048,0.44,1.0,0.4,0.5769231,0.32,0.33333334,0.2962963,0.25925925,39.9,39.600002,39.300003,39.600002,39.600002,39.9,39.600002,39.9,39.9,40.300003,38.9,38.9,3850893,-401306,1075200,1075200,1075200,1075200,1075200,1075200,652800,1401600,665,8,39,1028,13,49,336,48,82,192,41,83,237,24,60,178,20,59,94,4,66,253,41,39,495447,24585,409386,539559,34065,367805,257459,109961,561276,219081,78784,648106,205356,48602,687565,142668,60171,604373,136226,10284,923503,185835,106373,681291,55.18600634920635,1.0080380952380952
1657752689714,34.574,0.3465909,0.8181818,0.7826087,0.15,0.1904762,0.13636364,0.2173913,0.26086956,0.26086956,42.300003,42.300003,41.9,41.9,41.600002,40.9,41.300003,41.300003,41.600002,41.9,41.300003,40.9,3794448,-1291810,1075200,1075200,1075200,1075200,1075200,1075200,652800,1401600,1069,32,49,1313,42,54,719,75,112,691,76,106,573,92,129,417,57,122,368,92,139,595,138,189,818976,38709,88980,798230,57377,95494,529118,125018,274185,547056,139273,275551,460697,154386,352851,338599,99869,593733,303405,126969,762267,398823,261641,519938,965.5047907742999,0.7291993410214168
1657752690944,34.555,0.5074627,0.65384614,0.5,0.61538464,0.47826087,0.8,0.53846157,0.25925925,0.1923077,43.600002,43.600002,42.9,42.9,42.600002,42.600002,41.9,42.9,42.600002,43.600002,42.300003,41.9,3782575,-1210328,1075200,1075200,1075200,1075200,1075200,1075200,652800,1401600,917,28,48,1028,14,28,591,66,102,610,68,107,364,61,95,295,55,111,768,97,217,941,174,89,549412,31570,55415,564196,16697,25968,481203,103112,245298,546269,109149,220863,310675,116620,423003,287511,93990,500675,459045,118532,291622,587517,252660,148279,624.0776645962733,0.5335652173913044
1657752692260,34.555,0.591133,0.84,0.75,0.41666666,0.36,0.76,1.0,0.33333334,0.29166666,44.300003,44.300003,43.600002,44.300003,44.300003,43.600002,43.300003,43.600002,43.9,43.9,42.9,42.600002,3775179,-1380005,1075200,1075200,1075200,1075200,1075200,1075200,652800,1401600,1139,22,31,1023,8,37,727,79,84,654,78,131,216,44,83,263,31,89,457,138,243,1049,117,123,576171,23474,27607,563538,7226,46477,497308,147120,200050,503225,118180,263133,176913,90780,379513,239563,39730,406324,389511,216875,381654,720331,192648,204357,635.503900621118,0.5187080745341615
1657752693600,34.567,0.49,0.6,0.45454547,0.375,0.32,0.375,0.5,0.30769232,1.0,44.9,45.300003,44.600002,44.600002,44.300003,44.300003,43.600002,43.9,43.9,44.600002,43.600002,43.300003,3795810,-1231079,1075200,1075200,1075200,1075200,1075200,1075200,652800,1401600,1101,19,27,1097,11,29,642,60,73,720,53,89,433,51,97,184,22,42,467,184,164,891,105,174,618592,21551,29651,589020,14189,42164,490612,95584,214794,551658,104676,144475,308237,89607,295688,127171,44418,349638,371854,279104,293488,588078,188097,296666,645.8686247987117,0.4588727858293076
1657752694852,34.599003,0.4226804,0.53846157,0.5,0.3043478,0.3181818,0.25,0.28,0.083333336,1.0,45.600002,45.9,45.300003,45.600002,45.300003,45.600002,44.600002,47.300003,45.300003,48.600002,44.300003,43.9,3781796,-1302185,1075200,1075200,1075200,1075200,1075200,1075200,652800,1401600,1146,31,40,1084,12,26,792,69,91,886,79,81,553,52,112,458,52,92,240,160,223,2104,79,74,582642,23552,35237,538027,11803,21703,549533,107977,142140,557208,105760,127869,309573,90974,331303,340581,103578,311919,268153,314663,435533,198506,174787,194696,672.5364736,0.49597440000000004
1657752695902,34.634003,0.435,0.5185185,0.53846157,0.41666666,0.41666666,0.3043478,0.30769232,0.07692308,1.0,46.600002,46.300003,45.600002,46.300003,46.600002,45.9,45.600002,48.300003,46.600002,49.300003,44.600002,43.9,3782575,-1387940,1075200,1075200,1075200,1075200,1075200,1075200,652800,1401600,955,10,15,980,10,19,477,59,85,759,39,78,302,42,77,494,59,80,202,106,144,186,0,1,512934,9872,17559,508518,8634,18282,370264,98804,188699,482578,48298,121258,242750,83202,312721,341381,81533,228645,212656,224018,423592,2550,0,11,678.3026457680251,0.48185579937304074
1657752697000,34.675003,0.5681818,0.5,0.47619048,0.4347826,0.5,1.0,0.39130434,0.27272728,1.0,47.300003,47.300003,46.600002,46.9,46.9,46.600002,45.9,48.600002,46.9,49.9,45.300003,44.9,3771675,-1351624,1075200,1075200,1075200,1075200,1075200,1075200,652800,1401600,958,19,40,947,13,27,615,61,73,648,62,96,462,73,89,451,47,89,339,118,187,200,0,0,539617,20949,42632,516563,13743,34748,460842,86122,135324,450004,88061,155127,355611,136737,232519,374726,58400,273316,293719,226038,347864,2335,0,0,692.777984,0.4818944
1657752698029,34.72,0.4679803,0.48,0.5833333,0.41666666,0.41666666,0.34615386,0.39285713,0.083333336,1.0,48.300003,47.9,46.9,47.600002,47.600002,47.600002,46.9,49.300003,47.9,50.600002,45.600002,45.300003,3772454,-1358948,1075200,1075200,1075200,1075200,1075200,1075200,652800,1401600,944,12,16,923,5,21,627,58,78,634,35,77,296,47,62,383,43,60,369,139,121,181,0,0,529600,13822,16224,485216,8251,25278,451415,68176,129551,422096,53010,144072,228855,87316,219838,280740,79982,272851,283934,271072,212481,2463,0,0,706.9443042789223,0.47203803486529317
1657752699106,34.774002,0.42,0.5,0.6666667,0.2173913,0.34615386,0.125,0.34615386,0.16666667,1.0,48.600002,47.9,47.300003,48.300003,48.300003,48.300003,47.600002,49.9,48.300003,50.9,46.300003,45.600002,3767977,-1428528,1075200,1075200,1075200,1075200,1075200,1075200,652800,1401600,1041,12,16,909,9,17,679,50,80,711,47,95,532,65,87,412,51,75,281,167,154,212,0,0,526723,12611,20937,474537,4786,24085,447992,66169,140444,482438,54396,139308,395133,107126,189608,303693,70554,298115,267092,297421,289228,2429,0,0,715.8031592356688,0.491515923566879
1657752700186,34.825,0.425,0.56,0.625,0.22727273,0.32,0.16666667,0.08695652,0.32142857,1.0,48.600002,48.300003,47.600002,47.9,47.9,48.300003,47.600002,49.600002,48.300003,51.300003,46.600002,45.600002,3773622,-1452942,1075200,1075200,1075200,1075200,1075200,1075200,652800,1401600,850,21,52,840,7,22,600,63,96,577,71,115,354,39,77,548,74,81,285,140,163,190,0,5,496538,17447,53663,437531,5417,17832,482485,102466,182158,472951,103065,179537,294925,64795,329676,412517,124335,203361,282765,251429,302915,3834,0,7308,736.4665874587458,0.5024950495049505
1657752701229,34.895,0.61714286,0.5652174,0.59090906,0.36363637,0.5,0.47826087,0.95652175,0.45,0.95454544,48.9,48.600002,47.9,48.300003,48.300003,47.9,47.9,49.9,48.600002,51.600002,46.9,46.300003,3776930,-1300660,1075200,1075200,1075200,1075200,1075200,1075200,652800,1401600,842,8,18,878,7,27,565,54,71,677,59,89,299,45,71,449,65,78,211,100,170,215,0,5,486601,6733,18694,457742,4955,28246,444456,68370,107491,488932,80504,129308,297719,79171,242031,369346,116146,235062,223287,177097,305030,6304,0,2057,766.7018019169329,0.48843450479233225
1657752702248,34.946003,0.45026177,0.45833334,0.5652174,0.4,0.2857143,0.36,0.3846154,0.2173913,1.0,49.9,49.600002,48.9,49.600002,49.600002,49.300003,48.600002,50.9,49.300003,52.300003,47.300003,46.600002,3764668,-1431275,1075200,1075200,1075200,1075200,1075200,1075200,652800,1401600,940,12,12,967,4,11,563,56,76,621,30,51,358,47,76,298,36,65,225,99,164,220,0,0,509934,15683,13047,502058,4844,11150,426917,90724,123358,387230,31829,93109,275559,68774,207320,213287,55888,205690,198327,163772,296479,2927,0,0,833.1029873417722,0.529873417721519
1657752703306,35.017002,0.47317073,0.5,0.60714287,0.33333334,0.42307693,0.33333334,0.25,0.34615386,1.0,49.9,49.9,49.300003,49.600002,49.600002,49.9,49.600002,51.300003,50.300003,52.600002,47.600002,46.9,3757078,-1512452,1075200,1075200,1075200,1075200,1075200,1075200,652800,1401600,806,22,33,1004,13,36,537,48,75,523,59,94,363,57,80,228,57,76,406,107,185,229,0,0,462051,25412,28892,535589,8653,36516,401580,94788,131934,363088,99911,144645,256612,105324,285600,207110,118351,280945,352201,146452,260249,3037,0,0,919.7437503900156,0.5990140405616224
1657752704390,35.078003,0.47894737,0.6,0.6086956,0.41666666,0.33333334,0.4074074,0.20833333,0.29166666,1.0,50.300003,50.300003,49.600002,49.600002,49.9,49.9,49.9,51.600002,50.600002,52.9,48.600002,47.300003,3762138,-1567994,1075200,1075200,1075200,1075200,1075200,1075200,652800,1401600,914,12,23,1098,8,25,636,58,78,667,50,88,291,45,75,325,55,82,378,77,183,212,0,1,470410,14500,23881,576265,7156,28253,456270,82748,143269,427158,54558,128377,223587,92024,368729,255902,105360,282023,331344,116300,261135,2787,0,13,1014.8185460218408,0.5938221528861155
1657752705474,35.152,0.48,0.64,0.5416667,0.3846154,0.32,0.20833333,0.34615386,0.41666666,1.0,50.600002,50.600002,49.9,50.300003,50.600002,50.600002,49.9,51.9,51.300003,53.600002,48.300003,47.9,3746567,-1542054,1075200,1075200,1075200,1075200,1075200,1075200,652800,1401600,926,8,18,1003,10,29,684,53,78,559,46,71,365,49,77,302,42,78,436,117,142,201,0,0,489203,7490,17594,550184,13434,33199,472476,78528,146368,359939,61914,110613,270256,78556,171751,268325,76629,270931,319628,160148,199065,2912,0,0,770.297,0.48989473684210527
1657752706506,35.226,0.6236559,0.5,0.64,0.39130434,0.45833334,1.0,0.6086956,0.44,1.0,50.9,50.9,49.9,50.300003,50.9,50.9,50.300003,52.600002,50.9,53.9,48.600002,48.300003,3759024,-1456605,1075200,1075200,1075200,1075200,1075200,1075200,652800,1401600,784,27,46,979,9,20,619,50,80,583,55,80,343,55,78,303,40,87,650,91,145,181,0,6,487562,28992,34174,573199,8731,24252,405472,76631,153096,413472,79773,147116,299182,89457,268394,253477,68784,341031,400373,88750,164909,3567,0,6814,726.1103603305786,0.482697520661157
1657752707515,35.294003,0.42288557,0.46153846,0.61538464,0.32,0.30769232,0.1923077,0.26923078,0.20833333,1.0,51.300003,51.300003,50.600002,50.9,51.300003,51.600002,50.9,52.600002,51.600002,53.9,48.9,48.300003,3748708,-1445008,1075200,1075200,1075200,1075200,1075200,1075200,652800,1401600,957,16,19,937,9,20,655,55,61,705,58,64,194,18,41,221,28,57,316,103,156,242,0,0,501901,17993,25751,505291,8455,23627,441604,77298,79178,462290,82038,90854,128287,35835,144563,167589,48104,282749,276797,150350,271752,3039,0,0,723.8758009630818,0.46140609951845907
1657752708551,35.365,0.4180791,0.5217391,0.5,0.36363637,0.25,0.20833333,0.22727273,0.18181819,1.0,51.9,50.9,50.300003,50.600002,50.600002,50.600002,50.600002,52.600002,50.9,53.9,48.9,48.600002,3772454,-1332703,1075200,1075200,1075200,1075200,1075200,1075200,652800,1401600,1005,18,22,854,2,17,660,61,93,830,51,90,361,55,88,293,51,78,349,98,161,159,0,1,570127,19954,23020,417665,4867,19816,475975,73623,167673,518595,65895,128164,314816,93517,358153,235360,87858,402734,281637,128748,265200,2238,0,514,727.5266224328594,0.4659462875197472
1657752709571,35.439003,0.45595855,0.39130434,0.6923077,0.41666666,0.375,0.28,0.24,0.28,1.0,51.600002,51.300003,50.300003,50.9,50.9,51.300003,50.300003,52.9,50.9,54.300003,48.9,48.600002,3767004,-1399231,1075200,1075200,1075200,1075200,1075200,1075200,652800,1401600,867,17,31,1054,12,25,718,45,89,681,54,90,404,56,78,390,52,78,421,130,130,191,0,0,468066,19529,33614,576682,11067,24908,468718,44198,114473,426723,70567,150086,308676,97199,306940,311056,81457,257914,340418,207238,215948,2135,0,0,721.3688482871125,0.4628254486133768
1657752710574,35.5,0.5294118,0.41666666,0.5833333,0.44,0.29166666,0.56,0.34615386,0.53846157,1.0,51.600002,51.600002,50.600002,50.9,50.9,50.9,50.600002,52.9,51.300003,54.300003,49.300003,48.9,3760970,-1422425,1075200,1075200,1075200,1075200,1075200,1075200,652800,1401600,847,12,31,789,4,13,485,41,58,421,51,74,363,39,63,264,29,55,536,78,161,179,0,6,435141,14188,34799,382837,2428,12798,323230,67071,91525,304404,91683,144545,241218,68267,157403,201071,43844,256016,380019,98323,217258,5835,0,3327,727.0377967213115,0.47396721311475415
1657752711586,35.567,0.4224599,0.52,0.47619048,0.28,0.27272728,0.3043478,0.25,0.27272728,0.95652175,51.9,51.600002,50.9,51.9,51.9,51.600002,50.9,52.9,52.300003,54.9,49.300003,48.9,3761360,-1404419,1075200,1075200,1075200,1075200,1075200,1075200,652800,1401600,948,16,23,889,12,30,640,72,89,659,75,103,364,50,69,290,43,77,578,130,111,168,0,0,531522,13446,22282,497029,9827,34517,426468,109841,130103,465378,111603,129510,258691,72663,193321,245069,92467,343250,365615,143759,149024,2122,0,0,720.5011409836065,0.4753311475409836
1657752712629,35.638,0.47894737,0.6956522,0.54545456,0.375,0.26086956,0.29166666,0.26086956,0.36363637,1.0,51.9,51.9,50.9,51.600002,51.300003,51.600002,50.9,53.300003,51.600002,54.9,49.600002,48.9,3750071,-1427002,1075200,1075200,1075200,1075200,1075200,1075200,652800,1401600,805,18,22,946,12,24,641,66,102,637,64,89,316,55,85,298,45,63,476,138,97,183,0,2,482663,18179,23553,520953,17024,20887,429672,107573,225808,487743,106115,154801,247819,101181,317015,220124,93303,432695,381407,155529,136626,2575,0,835,719.4405787781351,0.46415434083601287
1657752713666,35.713,0.45,0.54545456,0.6086956,0.48,0.27272728,0.26086956,0.22727273,0.23809524,1.0,51.9,52.300003,51.300003,51.600002,51.600002,51.600002,50.9,53.600002,51.600002,54.600002,49.9,48.9,3758051,-1394349,1075200,1075200,1075200,1075200,1075200,1075200,652800,1401600,818,16,22,932,6,12,753,55,84,688,56,91,320,48,90,407,50,74,562,141,123,160,0,0,450600,22714,24289,525364,5745,11569,497407,81440,137550,489443,65327,129025,272212,86427,362817,329358,77476,292097,388017,190655,154995,2077,0,0,720.6685433715221,0.49126022913256956
1657752714671,35.787003,0.43333334,0.54545456,0.6956522,0.23809524,0.25,0.17391305,0.18181819,0.41666666,0.95652175,52.300003,52.300003,51.600002,51.600002,51.9,51.9,51.300003,53.600002,51.9,54.9,49.9,49.300003,3751238,-1371155,1075200,1075200,1075200,1075200,1075200,1075200,652800,1401600,967,17,29,967,5,17,666,63,76,594,54,82,372,56,81,335,46,85,411,113,136,162,0,0,524560,13409,25906,489188,4029,18198,475984,79311,88833,400963,69868,136785,287320,92912,303462,264350,83998,344276,330358,191095,223266,2206,0,0,723.8336628477905,0.46297872340425533
1657752715718,35.858,0.4680851,0.5,0.6086956,0.47826087,0.22727273,0.25,0.32,0.44,1.0,52.600002,52.600002,51.300003,51.9,51.9,52.300003,51.600002,53.9,52.600002,55.300003,50.300003,49.600002,3762138,-1488953,1075200,1075200,1075200,1075200,1075200,1075200,652800,1401600,908,22,44,835,9,30,631,66,86,620,68,87,336,52,89,426,60,85,837,140,76,186,0,0,530361,25108,47844,450710,9572,42718,456966,96522,130526,476716,96492,146034,298405,90576,380009,325221,93838,283340,438777,137414,90819,2464,0,0,725.300546310832,0.4715102040816327
1657752716736,35.922,0.44329897,0.5833333,0.5217391,0.25,0.375,0.20833333,0.20833333,0.4,1.0,52.600002,52.9,51.9,51.9,52.300003,51.9,51.600002,53.9,52.300003,55.300003,50.300003,49.600002,3765058,-1413270,1075200,1075200,1075200,1075200,1075200,1075200,652800,1401600,845,18,40,903,12,21,635,50,76,680,75,98,352,50,83,354,35,71,483,119,111,189,0,1,502362,21012,35800,484582,8382,28484,398881,65033,113943,499955,96077,149922,293014,80261,331017,229613,59503,332912,362393,168056,161915,2536,0,407,725.7821006289308,0.47486792452830184
1657752717759,35.986,0.29896906,0.24,0.32,0.16666667,0.125,0.13043478,0.125,0.25,1.0,52.600002,52.600002,51.9,52.300003,51.9,52.300003,51.9,53.9,52.600002,55.300003,50.600002,49.600002,3765836,-1383973,1075200,1075200,1075200,1075200,1075200,1075200,652800,1401600,877,24,32,925,8,21,448,69,93,601,60,101,415,58,84,306,44,82,475,132,108,185,0,4,488513,20938,24962,490272,8387,24757,366184,111149,178015,446575,81140,155692,314024,100355,287664,250984,72954,365900,368463,189723,146114,6304,0,2819,720.0333071895425,0.4615424836601307
1657752718764,36.047,0.2371134,0.12,0.16,0.083333336,0.18518518,0.16666667,0.12,0.16666667,1.0,51.300003,51.300003,50.600002,51.300003,51.600002,51.300003,51.300003,53.600002,52.300003,55.300003,49.600002,49.300003,3812744,-817566,1075200,1075200,1075200,1075200,1075200,1075200,652800,1401600,751,18,25,849,14,23,449,46,89,585,62,98,309,48,71,322,39,65,471,123,85,146,0,6,560230,21889,67898,535325,18545,30844,351666,82328,260562,425006,101138,222488,244561,77869,306273,247756,64931,282245,307841,161207,209937,7437,0,5918,0.006513157894736842,0.005802631578947368
1657752719768,36.112003,0.37980768,0.3181818,0.24,0.28,0.33333334,0.32142857,0.34615386,0.08695652,1.0,49.9,49.600002,49.300003,49.600002,49.9,49.600002,49.600002,51.9,50.300003,53.600002,48.300003,47.9,3844664,-302734,1075200,1075200,1075200,1075200,1075200,1075200,652800,1401600,560,29,49,666,34,50,178,29,82,182,31,78,187,31,60,141,20,66,10,15,64,47,0,0,619124,69981,228298,627560,81287,169851,144771,59004,683553,176869,72517,672580,153113,75538,573850,133818,44311,692105,17081,67304,765928,745,0,0,-1.0,-1.0
1657752720833,36.162003,0.58878505,0.5555556,0.48,0.4642857,0.60714287,0.5833333,0.8148148,0.18518518,1.0,50.300003,50.600002,50.300003,50.600002,50.9,50.9,50.9,52.300003,51.600002,53.9,48.300003,48.300003,3818972,-679016,1075200,1075200,1075200,1075200,1075200,1075200,652800,1401600,1918,14,25,2423,23,32,829,13,23,489,15,39,600,3,22,730,31,34,371,0,17,51,0,0,539717,27606,163387,669021,51985,114755,429899,47228,355488,420721,38129,288563,450559,4230,359478,420336,66794,234773,499996,0,496775,17850,0,0,-1.0,-1.0
1657752721929,36.196003,0.28248587,0.1904762,0.1,0.14285715,0.13043478,0.26086956,0.1,0.22727273,1.0,49.9,50.300003,49.600002,50.300003,50.300003,50.600002,49.9,52.300003,50.600002,53.9,48.300003,47.9,3798535,-851746,1075200,1075200,1075200,1075200,1075200,1075200,652800,1401600,912,0,0,856,0,0,536,29,38,415,20,27,399,6,15,293,3,6,613,22,65,31,1,2,654355,0,0,643097,0,0,518835,40711,92737,491771,43486,127163,405955,9839,23540,316139,7432,18876,512191,60420,265907,16689,2773,376,-1.0,-1.0
1657752722975,36.22,0.23391813,0.23809524,0.1,0.09090909,0.0952381,0.2173913,0.13636364,0.045454547,1.0,48.9,48.600002,48.300003,48.600002,49.300003,49.300003,49.300003,50.9,49.600002,52.300003,46.9,46.9,3837463,-612183,1075200,1075200,1075200,1075200,1075200,1075200,652800,1401600,929,3,12,1020,6,22,337,42,74,318,23,84,185,30,49,315,42,79,560,47,123,23,0,3,629715,7732,156851,704398,18701,129957,278703,81078,475337,263767,27873,547745,157452,60299,485909,267515,76141,453734,252163,157325,422525,6940,0,2221,-1.0,-1.0
1657752723997,36.237003,0.4244186,0.33333334,0.29166666,0.3,0.2857143,0.3809524,1.0,0.4090909,0.45454547,48.300003,48.300003,47.600002,48.300003,48.600002,48.9,48.600002,50.600002,49.300003,51.9,46.600002,46.300003,3832402,-431824,1075200,1075200,1075200,1075200,1075200,1075200,652800,1401600,907,6,25,1110,11,38,335,31,58,345,25,57,418,14,47,180,26,52,289,68,110,15,1,3,523495,15932,314952,556465,27927,256723,279572,39130,545493,279126,50552,540291,234348,24633,585516,201257,73962,517913,264688,193191,391619,1851,237,2702,-1.0,-1.0
1657752725033,36.237003,0.03723404,0.0,0.0,0.0,0.041666668,0.08695652,0.041666668,0.0,0.0,48.600002,48.600002,47.9,48.600002,48.9,49.300003,48.9,48.9,48.9,50.300003,47.300003,47.600002,3823059,-652161,1075200,1075200,1075200,1075200,1075200,1075200,652800,1401600,695,25,26,850,22,56,407,27,58,402,21,79,270,18,44,30,2,20,442,32,102,281,5,17,501663,59774,236327,555249,43067,237218,293214,42747,481381,278635,33770,518554,188631,40622,508924,32228,879,440441,243392,90436,518372,143426,6257,224578,0.03021395348837209,0.025413953488372092
1657752726100,36.264,0.04255319,0.12,0.083333336,0.04347826,0.041666668,0.125,0.041666668,0.0,0.0,46.300003,45.9,45.300003,45.9,45.9,45.9,45.300003,45.600002,45.9,45.9,45.300003,44.9,3846221,-392761,1075200,1075200,1075200,1075200,1075200,1075200,652800,1401600,263,4,24,453,12,45,93,15,37,170,25,68,187,34,53,114,19,48,224,8,65,172,2,51,441031,11630,385646,494047,37277,352075,78833,31058,613316,118125,66080,616669,163770,82782,525028,108271,36705,674621,119351,8555,824596,30262,5788,842001,-1.0,-1.0
1657752727124,36.257,0.18090452,0.16666667,0.2,0.2,0.125,0.1923077,0.13043478,0.12,0.28,45.300003,45.300003,44.600002,44.9,45.300003,44.9,44.600002,44.9,44.9,45.300003,44.600002,44.600002,3846027,-324402,1075200,1075200,1075200,1075200,1075200,1075200,652800,1401600,333,7,30,414,39,51,189,21,66,86,22,45,100,12,50,109,13,49,4,0,43,22,9,54,462632,15506,507836,479746,121018,326816,167228,40655,782589,102561,55530,758343,110491,24068,616892,101067,28649,748030,8844,0,706685,27252,27621,958163,0.0041216000000000004,0.0068864
1657752728151,36.253002,0.15025906,0.33333334,0.17391305,0.2173913,0.0,0.1923077,0.0,0.24,0.0,45.9,45.9,45.600002,45.9,45.600002,45.600002,45.300003,45.300003,45.600002,45.600002,45.300003,44.600002,3782380,-1277161,1075200,1075200,1075200,1075200,1075200,1075200,652800,1401600,688,4,33,870,11,55,361,32,78,231,20,59,128,24,54,230,46,75,112,26,86,164,18,75,515842,6638,346762,533966,17098,328871,317164,52417,484153,157523,42738,769139,132893,48635,610964,185406,111598,542987,164135,60888,946509,130415,49127,776970,720.4692105263158,0.6525789473684211
1657752729156,36.264,0.17204301,0.25,0.0952381,0.18181819,0.0952381,0.13043478,0.20833333,0.26086956,0.041666668,47.600002,47.300003,46.9,46.600002,46.600002,46.600002,45.9,45.9,46.300003,46.300003,46.300003,45.9,3777904,-1205140,1075200,1075200,1075200,1075200,1075200,1075200,652800,1401600,988,16,25,1018,23,44,455,62,73,257,52,88,91,13,38,153,25,69,346,94,117,9,9,68,774482,13969,21444,734797,29147,63807,509145,120962,179049,222724,116085,521031,102363,31017,320943,173446,51340,487931,315958,207155,305564,15965,41309,924180,724.3157774244833,0.4398092209856916
1657752730182,36.264,0.17142858,0.33333334,0.22727273,0.22727273,0.2173913,0.23809524,0.045454547,0.17391305,0.0,47.600002,47.600002,47.300003,47.300003,46.9,46.600002,45.9,46.300003,46.300003,46.600002,46.9,46.300003,3773232,-1278077,1075200,1075200,1075200,1075200,1075200,1075200,652800,1401600,933,59,60,1011,47,66,439,91,83,236,39,74,271,50,93,113,24,78,276,97,111,12,3,55,780440,80566,57802,746787,49456,78885,506289,213645,164433,219568,61554,600276,282012,77810,422082,126722,64043,695690,321447,225938,331221,23925,8132,969927,725.8783338632751,0.4268362480127186
1657752731182,36.284,0.13043478,0.20833333,0.17391305,0.17391305,0.045454547,0.16666667,0.08695652,0.17391305,0.125,47.9,47.9,47.300003,47.600002,47.300003,46.9,46.600002,46.600002,46.9,46.9,47.300003,46.600002,3770313,-1305542,1075200,1075200,1075200,1075200,1075200,1075200,652800,1401600,918,36,46,1043,32,46,473,74,90,187,39,86,130,24,65,125,26,41,356,95,91,19,14,74,741882,45397,51845,733161,34392,59053,477877,142851,190475,174840,84368,535325,127904,52603,521386,117112,61965,320706,365009,203584,254757,29971,52184,879653,721.8022988505747,0.4282955665024631
1657752732222,36.314003,0.22222222,0.2,0.1,0.18181819,0.04761905,0.14285715,0.6818182,0.27272728,0.08695652,48.600002,47.9,47.600002,47.300003,47.600002,47.300003,46.9,47.300003,47.300003,47.300003,47.300003,46.600002,3774206,-1314698,1075200,1075200,1075200,1075200,1075200,1075200,652800,1401600,1020,52,52,1038,52,65,473,79,79,231,48,91,88,13,45,237,43,90,325,97,97,8,8,64,780055,72721,58395,754743,52900,83077,516827,156617,151967,244046,112723,542581,95716,26228,736063,222605,73575,647111,379785,220680,322212,11998,39245,930898,724.698939044481,0.43972322899505767
1657752733266,36.348003,0.14130434,0.22727273,0.20833333,0.25,0.13043478,0.045454547,0.16666667,0.13043478,0.0,48.300003,47.9,47.600002,47.600002,47.600002,47.300003,46.9,47.300003,47.600002,47.600002,47.600002,46.9,3782964,-1214600,1075200,1075200,1075200,1075200,1075200,1075200,652800,1401600,1095,36,25,997,40,79,423,73,97,148,30,79,124,21,51,95,26,67,265,95,121,14,4,63,773165,44508,35061,757664,52669,126482,505727,137983,222797,162886,68281,767475,121026,34354,674789,108106,58967,515162,307077,251764,391866,22061,10090,1052359,726.3474213836478,0.4532830188679245
1657752734353,36.385002,0.09313726,0.16,0.12,0.18518518,0.11111111,0.074074075,0.08,0.083333336,0.0,48.300003,48.300003,47.300003,47.600002,47.9,47.300003,46.9,47.300003,46.9,47.600002,47.600002,46.9,3783159,-1135865,1075200,1075200,1075200,1075200,1075200,1075200,652800,1401600,936,28,30,923,43,65,395,71,67,234,58,112,299,59,83,218,48,82,256,97,126,9,21,75,791542,28761,31231,774273,71745,95636,489852,151210,155741,279520,132311,546096,299344,101572,442589,242518,105594,519527,312175,227273,402457,15092,77351,975582,721.1047193798449,0.44953798449612403
1657752735447,36.443,0.08139535,0.13636364,0.05263158,0.13636364,0.04761905,0.0,0.09090909,0.0952381,0.0,48.600002,48.300003,48.600002,48.300003,47.9,47.600002,46.9,47.600002,47.600002,47.600002,47.9,47.600002,3765642,-1262818,1075200,1075200,1075200,1075200,1075200,1075200,652800,1401600,1053,47,52,941,57,70,441,82,77,380,86,105,281,54,103,164,26,55,206,117,120,15,1,58,800177,54565,55558,754950,83336,120591,555718,173305,147888,409478,157276,330376,301598,98096,491223,132382,56264,676966,231479,287790,393347,26869,828,947478,718.2203197389887,0.43432300163132137
1657752736453,36.483,0.18,0.2,0.12,0.16,0.12,0.68,0.14814815,0.115384616,0.0,48.9,48.600002,47.9,48.600002,48.300003,47.9,47.600002,47.9,47.600002,47.9,48.300003,47.300003,3759413,-1276856,1075200,1075200,1075200,1075200,1075200,1075200,652800,1401600,1069,37,36,1004,43,70,388,88,83,423,106,118,172,31,89,130,15,64,237,87,115,16,11,72,785237,41695,39109,741411,52116,108759,478291,172241,194873,466561,199022,250801,174579,70389,650991,135329,27066,664849,287561,216003,356816,28289,41178,990559,722.1287001620746,0.4604991896272285
1657752737475,36.514,0.09313726,0.16666667,0.14814815,0.15384616,0.0,0.07692308,0.08,0.14814815,0.0,48.9,48.600002,47.9,48.300003,48.300003,47.9,47.300003,47.9,47.9,47.9,48.300003,47.300003,3770118,-1214600,1075200,1075200,1075200,1075200,1075200,1075200,652800,1401600,1006,45,45,835,49,76,453,70,87,416,85,112,160,18,65,204,31,67,260,97,108,18,13,63,761865,50386,55781,717945,75130,117661,503699,142182,188273,411757,145932,294073,150102,38365,539605,187683,54714,562852,320896,225416,344740,27783,49216,897074,724.2816520325202,0.44238048780487804
1657752738485,36.554,0.08866995,0.16666667,0.08695652,0.12,0.04,0.07692308,0.0,0.12,0.0,48.9,48.9,47.9,48.300003,47.9,47.600002,47.600002,47.9,47.600002,47.9,47.9,47.300003,3772843,-1181336,1075200,1075200,1075200,1075200,1075200,1075200,652800,1401600,979,35,52,954,45,66,402,79,92,308,74,102,253,61,95,193,41,67,284,90,97,17,10,62,773507,38111,50191,762319,55435,91800,475535,169179,211771,313476,140152,461255,269852,121765,467154,187933,112401,535545,333677,236428,300502,31007,47608,868919,724.7702068965517,0.43812151067323485
1657752739494,36.588,0.22772278,0.16666667,0.16,0.15384616,0.6,0.0,0.4814815,0.15384616,0.04,49.300003,48.9,48.600002,48.600002,48.9,48.600002,47.9,48.300003,48.300003,48.300003,48.600002,47.9,3759413,-1269532,1075200,1075200,1075200,1075200,1075200,1075200,652800,1401600,1073,37,37,1030,32,49,507,71,82,394,82,110,120,23,57,144,27,79,251,99,115,14,10,70,794949,45197,41154,791756,42893,70045,518326,137530,161166,414821,136596,330331,147396,63071,653379,140927,70744,644050,294959,227283,353868,21851,33948,963650,725.3495008264463,0.44271074380165293
1657752740501,36.639,0.095,0.2,0.083333336,0.12,0.0,0.08,0.07692308,0.15384616,0.0,49.600002,49.300003,48.300003,48.9,48.9,48.9,48.300003,48.600002,48.600002,48.600002,48.600002,47.9,3776541,-1232300,1075200,1075200,1075200,1075200,1075200,1075200,652800,1401600,1024,48,31,965,43,80,372,73,72,96,38,72,157,31,70,164,29,62,232,103,120,126,62,117,755252,58018,39899,692312,49701,109854,451503,140681,185490,128551,102522,501220,144627,90832,572501,204794,48132,438617,275194,250221,386152,128903,117672,699285,718.4085789473684,0.4365263157894737
1657752741509,36.683002,0.12935324,0.13636364,0.16,0.083333336,0.03846154,0.115384616,0.33333334,0.12,0.0,49.300003,49.300003,48.600002,48.600002,48.600002,48.300003,47.9,48.300003,48.300003,48.600002,48.600002,47.9,3786273,-1192627,1075200,1075200,1075200,1075200,1075200,1075200,652800,1401600,1008,41,52,899,39,73,388,80,97,98,22,83,251,60,84,213,65,89,263,87,104,75,33,88,760686,36719,44508,751588,43318,89679,468883,174876,230556,124371,54885,747625,263904,113298,348990,259057,151365,476467,316071,228663,313713,82337,74011,809319,722.6200774193547,0.43948387096774194
1657752742532,36.72,0.114583336,0.16666667,0.125,0.1923077,0.041666668,0.125,0.16,0.2,0.0,49.600002,49.300003,48.600002,48.9,48.600002,48.600002,48.300003,48.600002,48.600002,48.9,48.600002,47.9,3774595,-1280823,1075200,1075200,1075200,1075200,1075200,1075200,652800,1401600,956,32,44,1059,52,54,381,86,98,195,37,103,39,2,19,167,30,55,294,104,108,2,3,48,744125,35491,41511,763884,61884,68897,491847,187842,209744,195099,79767,672705,47007,8337,376589,185744,51396,408184,339758,225610,345022,3506,14616,973619,726.13485,0.44655
1657752743550,36.77,0.09625668,0.16666667,0.13043478,0.13043478,0.04347826,0.16,0.04347826,0.125,0.0,49.9,49.9,48.9,49.300003,48.9,48.9,48.600002,49.300003,48.9,49.300003,48.9,48.300003,3763890,-1297608,1075200,1075200,1075200,1075200,1075200,1075200,652800,1401600,1102,33,35,1011,39,55,472,75,91,212,42,107,236,53,76,361,85,96,287,107,97,26,7,73,813100,36346,34490,780293,41159,71063,499767,149800,208300,204047,86170,639917,263857,100763,414423,349940,157679,397785,332729,249024,292144,23997,23048,913964,727.5077079365079,0.45165714285714287
1657752744557,36.808002,0.17910448,0.28,0.16666667,0.17391305,0.115384616,0.15384616,0.32,0.15384616,0.074074075,49.300003,49.300003,48.600002,48.600002,48.600002,48.600002,47.9,48.600002,48.300003,48.600002,48.300003,47.9,3786078,-1184693,1075200,1075200,1075200,1075200,1075200,1075200,652800,1401600,1049,31,57,892,48,81,391,85,78,353,75,112,74,21,69,243,48,81,297,93,103,8,0,38,774731,31789,60787,751050,63052,111813,465183,188397,196272,387568,145336,366424,92442,77479,742297,241594,94703,500059,352757,222645,336489,10146,0,949542,721.352651465798,0.43226058631921827
1657752745562,36.855003,0.13157895,0.16666667,0.17391305,0.17391305,0.083333336,0.16,0.13043478,0.17391305,0.0,49.9,49.600002,48.9,49.300003,48.9,48.600002,47.9,48.9,48.9,48.9,48.9,47.9,3776152,-1273194,1075200,1075200,1075200,1075200,1075200,1075200,652800,1401600,988,50,54,985,39,60,588,63,60,194,44,96,150,39,79,187,36,66,206,106,126,25,17,71,716858,67627,66301,731205,46489,87862,578912,109313,129844,198550,99142,616141,161755,92032,581897,211884,67812,506212,251750,255117,376778,35624,37062,933281,725.8566876033058,0.44694214876033056
1657752746606,36.916,0.09268293,0.2,0.115384616,0.115384616,0.0,0.04,0.04,0.12,0.0,49.9,50.300003,49.300003,49.300003,49.600002,49.300003,48.9,48.9,49.300003,49.300003,49.300003,48.9,3758051,-1355591,1075200,1075200,1075200,1075200,1075200,1075200,652800,1401600,1089,41,42,1140,29,44,565,82,71,239,52,104,201,30,65,400,77,103,329,85,106,23,10,86,818418,49345,35740,808252,31269,53895,585560,145169,142780,247440,98158,533173,161313,68790,602425,390839,134101,356666,362360,185319,276897,34517,36867,945780,725.3379487179486,0.4433333333333333
1657752747625,36.960003,0.08988764,0.17391305,0.13636364,0.13636364,0.045454547,0.0,0.08695652,0.09090909,0.0,49.9,49.600002,49.300003,49.300003,48.9,48.600002,47.9,48.600002,48.600002,48.9,48.9,48.300003,3780239,-1189576,1075200,1075200,1075200,1075200,1075200,1075200,652800,1401600,1020,53,54,920,55,75,392,87,87,127,42,81,245,65,106,125,21,55,298,95,100,5,6,38,752944,58959,43557,706088,77088,130814,504895,187671,205065,130716,122147,683454,296695,140473,475775,106568,55475,706866,359085,225454,335261,8957,17118,882072,727.3629184,0.439296
1657752748666,36.997,0.13872832,0.18181819,0.14285715,0.25,0.0952381,0.0952381,0.04761905,0.23809524,0.04347826,49.9,49.600002,48.9,49.300003,48.600002,48.9,48.300003,48.600002,48.600002,48.9,48.9,48.300003,3775763,-1184998,1075200,1075200,1075200,1075200,1075200,1075200,652800,1401600,905,59,71,966,51,70,503,74,95,178,41,92,256,57,93,136,19,59,287,88,109,13,5,54,744098,79242,87448,741881,66017,97701,544267,149861,197010,177497,100368,646947,286162,96642,535025,124454,44117,676219,341626,221479,315143,23519,14664,1022699,720.6784843492586,0.43450411861614496
1657752749701,37.034,0.0882353,0.24,0.08,0.15384616,0.04,0.0,0.07692308,0.08,0.0,50.300003,49.9,49.300003,49.300003,49.600002,49.600002,49.300003,49.300003,49.300003,49.300003,49.600002,48.600002,3761943,-1272278,1075200,1075200,1075200,1075200,1075200,1075200,652800,1401600,1115,27,27,1114,25,30,585,78,79,361,60,106,144,41,66,244,49,100,237,83,119,17,11,86,836824,33921,28327,828931,24435,35763,549775,151352,146169,331968,97596,496643,164434,95429,627609,256935,87924,498114,266190,204616,357503,32789,35894,985904,726.8564045676998,0.4397520391517129
1657752750708,37.088,0.24623115,0.16,0.125,0.2,0.16666667,0.32,0.6,0.28,0.03846154,49.9,49.600002,49.300003,49.300003,48.9,48.9,48.300003,48.9,48.600002,49.300003,49.300003,48.300003,3768172,-1239930,1075200,1075200,1075200,1075200,1075200,1075200,652800,1401600,859,60,71,733,79,111,448,77,79,287,74,101,81,26,60,71,13,45,209,119,111,0,1,21,685616,77120,67010,634489,115701,183890,515328,169342,167588,305123,135440,488487,76433,81693,784071,74813,30241,741688,247185,295219,372969,2038,3262,990733,722.9761045751634,0.44386928104575163
1657752751716,37.132,0.097087376,0.12,0.15384616,0.22222222,0.0,0.08,0.11111111,0.14814815,0.0,50.300003,50.300003,49.9,49.9,49.600002,49.9,49.300003,49.600002,49.9,49.300003,49.600002,48.9,3763306,-1458130,1075200,1075200,1075200,1075200,1075200,1075200,652800,1401600,1075,22,20,1032,21,32,445,75,87,441,75,131,245,56,88,148,20,65,246,65,118,21,8,90,805957,28050,24821,821107,16426,40048,496922,144260,196303,417885,115102,314835,213025,159517,397009,160390,34144,490922,301234,164396,339544,39264,31923,898533,722.5579321486268,0.45229079159935376
1657752752719,37.173,0.07514451,0.25,0.16666667,0.05,0.0,0.09090909,0.09090909,0.05,0.0,49.9,49.600002,48.9,48.9,48.9,48.9,48.600002,48.9,48.600002,48.9,49.300003,48.600002,3763890,-1192322,1075200,1075200,1075200,1075200,1075200,1075200,652800,1401600,869,67,87,911,64,94,396,83,72,270,69,113,193,40,78,166,40,59,211,111,111,4,3,43,725449,90083,90689,722643,75237,123193,520053,185096,174124,291168,144883,492714,200998,86115,564125,184320,77953,566837,248099,285400,388385,12672,12812,984276,722.2876037151702,0.4398266253869969
1657752753750,37.210003,0.16666667,0.18181819,0.20833333,0.18181819,0.16666667,0.04761905,0.13043478,0.29166666,0.083333336,49.9,49.9,48.9,49.300003,49.300003,48.9,48.300003,48.9,48.9,48.9,49.300003,48.600002,3778098,-1250916,1075200,1075200,1075200,1075200,1075200,1075200,652800,1401600,956,50,77,1028,58,73,504,98,86,403,92,130,221,54,80,150,32,60,261,100,104,10,3,59,798787,68069,77186,768850,67103,87391,528376,198559,163530,380861,187767,337980,235522,127369,523233,179835,58026,607184,316164,250326,329842,12489,5559,988112,720.5991831442464,0.4328557536466775
1657752754791,37.25,0.09615385,0.1923077,0.12,0.115384616,0.074074075,0.0,0.07692308,0.08,0.0,50.300003,50.300003,49.600002,49.600002,49.600002,49.600002,49.300003,49.300003,49.9,49.600002,49.600002,48.9,3775179,-1199341,1075200,1075200,1075200,1075200,1075200,1075200,652800,1401600,1172,23,22,1178,24,34,620,65,57,457,103,118,197,39,72,150,24,69,229,98,125,7,14,79,853664,36344,25503,834546,33197,46762,642365,114166,104361,499432,160048,243327,185919,90526,614353,141793,65394,652109,276344,252217,350715,15299,44969,889129,719.5876273291925,0.43667080745341613
1657752755819,37.274002,0.071428575,0.13043478,0.16,0.15384616,0.0,0.0,0.083333336,0.04347826,0.0,50.300003,50.300003,49.600002,49.9,49.300003,49.600002,48.9,49.300003,49.300003,49.600002,49.600002,48.9,3774011,-1187744,1075200,1075200,1075200,1075200,1075200,1075200,652800,1401600,911,76,85,924,71,105,519,91,79,248,101,116,136,16,62,80,14,51,241,106,112,2,5,44,757406,90720,80471,681133,89614,145141,580107,161605,133831,324459,219301,395728,106268,41509,763768,64564,38313,768951,291322,264854,364488,3173,19652,1015922,719.3988608,0.425984
1657752756828,37.315002,0.1641791,0.13043478,0.2,0.23076923,0.08,0.12,0.15384616,0.25,0.11111111,50.600002,49.9,49.600002,49.9,49.600002,49.300003,48.9,49.9,49.600002,50.300003,49.300003,48.600002,3785689,-1174012,1075200,1075200,1075200,1075200,1075200,1075200,652800,1401600,930,53,64,948,61,76,391,90,92,183,57,94,210,35,59,184,39,75,265,93,111,6,0,30,759896,62440,73313,685762,78077,109079,472864,211411,202554,217595,149962,573935,180242,58307,657082,205018,75089,552375,316330,241669,338787,11242,0,968771,722.7862570532916,0.4375172413793103
1657752757841,37.358,0.030612245,0.0,0.0,0.0,0.0,0.0,0.083333336,0.0,0.0,50.600002,50.300003,49.9,49.9,49.600002,49.600002,49.300003,49.300003,49.9,49.600002,49.600002,49.300003,3764668,-1339722,1075200,1075200,1075200,1075200,1075200,1075200,652800,1401600,1034,21,23,1118,19,24,491,76,74,326,83,107,115,12,57,298,64,89,236,105,113,12,2,56,853551,26206,21610,814963,23225,23124,540083,142211,170958,329861,161114,403853,99459,28625,674253,319291,123977,450157,269452,245826,345073,26523,7083,903882,115.57161996779388,0.08498550724637681
1657752758885,37.389,0.043269232,0.0,0.11111111,0.03846154,0.074074075,0.074074075,0.08,0.03846154,0.0,48.300003,47.9,47.600002,48.300003,48.300003,47.600002,47.600002,47.9,47.9,47.9,47.300003,47.300003,3814495,-712891,1075200,1075200,1075200,1075200,1075200,1075200,652800,1401600,385,38,48,685,21,61,128,28,63,146,36,100,117,17,40,145,32,57,32,14,40,10,7,53,550118,88817,339131,633104,32890,299137,147222,64658,778403,172490,80671,737947,109780,49030,689146,144459,76050,711349,36137,39202,893626,18515,18218,1027149,-1.0,-1.0
1657752759943,37.412003,0.04812834,0.04347826,0.0,0.083333336,0.12,0.08695652,0.083333336,0.0,0.0,47.300003,46.9,46.600002,46.9,46.600002,46.600002,46.300003,46.9,46.600002,47.300003,46.300003,46.300003,3856342,-189819,1075200,1075200,1075200,1075200,1075200,1075200,652800,1401600,277,10,48,337,13,66,85,26,66,125,36,82,70,14,42,93,21,56,0,0,21,8,5,41,550916,25407,395023,524811,31978,421434,98346,52389,819723,99647,81619,795475,77653,37412,785928,106693,51440,750108,0,0,758514,14559,29930,943971,-1.0,-1.0
1657752760960,37.423,0.11290322,0.12,0.16666667,0.045454547,0.125,0.17391305,0.13043478,0.0,0.20833333,46.600002,46.300003,45.600002,45.9,46.300003,45.9,45.9,45.9,46.300003,46.300003,45.9,45.600002,3825590,-545654,1075200,1075200,1075200,1075200,1075200,1075200,652800,1401600,174,18,68,197,22,78,85,5,65,57,17,64,48,1,30,57,2,33,0,0,10,8,2,26,272832,35591,633135,240654,64282,631590,55165,11125,890596,63683,46730,816011,40975,310,767121,41929,1005,896227,0,0,988864,11627,6277,961516,-1.0,-1.0
1657752761989,37.423,0.3452381,0.4,0.15789473,0.15,0.2,0.36363637,0.2,0.18181819,0.9583333,47.600002,47.600002,47.600002,47.9,48.300003,47.9,47.9,47.9,48.300003,48.600002,46.9,46.9,3822670,-533142,1075200,1075200,1075200,1075200,1075200,1075200,652800,1401600,1058,7,27,1280,6,42,627,2,20,467,5,32,333,0,9,500,0,8,205,0,7,374,0,12,594506,20098,227070,622952,10474,215736,588096,885,257898,583155,10499,231445,510610,0,242069,566035,0,228553,642262,0,510529,554600,0,343163,-1.0,-1.0
