1657668947019,32.02,0.121212125,0.05,0.14285715,0.055555556,0.1,0.05,0.1,0.09090909,0.23809524,37.600002,38.300003,37.600002,38.300003,39.300003,38.9,38.600002,39.300003,39.300003,40.600002,35.9,35.9,4122800,-662231,1075200,1075200,1075200,1075200,1075200,1075200,652800,1401600,3328415,125041,322598,3558975,119570,315642,1473915,205089,380749,1492065,194854,355924,1102069,143798,355955,1086054,142926,360735,582178,145161,376360,621359,136117,394197,2890813067,207189683,4823970013,2954116387,198075729,4776603053,1371030869,428290161,6098679877,1445564260,412193244,5991633620,964090680,302659963,6424297271,958372946,301451029,6435169121,571958732,375162563,7390437506,518077656,333285588,7310839659,-1.0,-1.0
1657668948002,32.017002,0.14201184,0.05,0.1,0.14285715,0.13636364,0.14285715,0.1904762,0.18181819,0.22727273,36.600002,36.300003,35.9,36.300003,36.300003,36.300003,36.300003,36.300003,36.300003,37.300003,35.300003,35.300003,4144405,-305481,1075200,1075200,1075200,1075200,1075200,1075200,652800,1401600,561,0,0,696,0,0,324,25,79,342,58,91,223,37,61,207,27,61,76,7,43,89,11,60,728363,0,2659,750088,0,0,288060,42259,287870,364373,130480,263420,237845,74388,230584,193243,58567,426908,71275,14450,749128,42495,27942,511678,-1.0,-1.0
1657668949008,32.001003,0.19871795,0.3809524,0.23809524,0.21052632,0.21052632,0.16666667,0.16666667,0.0,0.23809524,35.300003,35.300003,34.9,35.300003,35.600002,35.600002,35.300003,35.600002,35.600002,35.9,34.600002,34.9,4158030,-273437,1075200,1075200,1075200,1075200,1075200,1075200,652800,1401600,243,0,17,422,5,44,154,36,66,172,28,94,103,18,57,98,19,54,19,2,45,13,7,41,426461,0,473786,462402,10940,470377,161403,79163,690972,164824,60100,708203,92436,48961,806840,91779,45485,779287,38639,5679,897070,14176,18639,848846,-1.0,-1.0
1657668949998,31.994001,0.16216215,0.04761905,0.2,0.125,0.04347826,0.20833333,0.3043478,0.04347826,0.3478261,36.9,36.9,36.9,37.300003,37.600002,37.600002,37.300003,37.300003,37.600002,38.300003,36.300003,36.600002,4126888,-479431,1075200,1075200,1075200,1075200,1075200,1075200,652800,1401600,1450,0,4,959,0,15,933,1,8,752,3,10,905,2,9,843,6,26,238,1,10,435,0,5,545910,0,152066,650565,0,144735,542125,2910,228960,536026,8710,224405,526339,2507,222318,563580,16866,191134,663114,5814,238749,537851,0,236642,-1.0,-1.0
1657668951050,31.988,0.022727273,0.035714287,0.0,0.0,0.035714287,0.035714287,0.11111111,0.0,0.0,36.9,37.300003,36.600002,37.300003,37.300003,37.9,36.9,37.300003,37.300003,38.600002,35.600002,35.600002,4138761,-380859,1075200,1075200,1075200,1075200,1075200,1075200,652800,1401600,936,0,2,1032,0,0,716,31,42,578,31,42,271,17,32,252,13,28,275,0,62,381,2,45,876293,0,1811,881142,0,0,664812,67121,144190,660546,67847,152212,471188,39435,180041,487776,36566,198847,592443,0,348224,504770,2748,258398,-1.0,-1.0
1657668952199,31.972002,0.04347826,0.0,0.04,0.03846154,0.03846154,0.115384616,0.07692308,0.0,0.0,36.300003,36.300003,35.9,36.300003,35.9,36.300003,35.9,35.9,36.300003,36.300003,35.300003,35.300003,4160560,-249939,1075200,1075200,1075200,1075200,1075200,1075200,652800,1401600,360,6,34,756,4,31,344,52,66,294,44,109,249,30,71,204,29,46,92,22,80,78,16,75,442811,21116,338788,545534,21853,321146,223021,131456,551717,243854,80091,579596,199829,43681,548355,151163,51885,508165,77393,63783,891044,51879,18446,841968,-1.0,-1.0
1657668953248,31.966002,0.12871288,0.23076923,0.2,0.2,0.2857143,0.04,0.08,0.03846154,0.03846154,35.9,35.600002,35.300003,35.600002,35.600002,35.300003,35.300003,35.300003,35.600002,35.600002,34.9,34.9,4162506,-190735,1075200,1075200,1075200,1075200,1075200,1075200,652800,1401600,352,5,34,471,12,59,232,14,70,202,17,65,187,18,37,262,20,49,48,6,49,99,4,64,449711,8027,486681,513068,29330,422591,180180,30491,757377,188084,34925,756380,149682,39398,689385,154498,53287,668179,109421,14305,888511,128123,2116,946583,2.7265746388443017,0.07512038523274478
1657668954318,31.956001,0.2263158,0.3181818,0.26086956,0.45833334,0.5,0.2,0.04347826,0.125,0.04,36.600002,36.9,36.600002,36.600002,36.600002,36.600002,35.9,36.300003,36.600002,36.600002,36.600002,36.300003,4089128,-1046143,1075200,1075200,1075200,1075200,1075200,1075200,652800,1401600,930,17,17,933,22,40,432,40,86,494,74,94,220,32,84,213,17,49,132,17,118,161,27,142,788465,25659,37281,709731,37340,94968,362577,74027,378514,358126,180157,295812,194957,64251,564006,173234,33878,450011,116025,49476,786486,134297,84167,676434,384.2746666666667,3.2725128205128207
1657668955368,31.963001,0.23383084,0.34615386,0.34615386,0.5769231,0.125,0.32,0.12,0.04,0.0,39.300003,38.9,38.600002,38.9,38.300003,38.300003,37.9,37.600002,38.300003,38.300003,38.300003,37.9,4061295,-1177674,1075200,1075200,1075200,1075200,1075200,1075200,652800,1401600,777,14,33,966,20,45,343,38,45,328,25,69,219,33,75,152,23,50,391,109,129,203,72,143,650293,12764,39552,648610,15015,55910,415601,95310,113620,329455,39248,254702,210474,58250,353028,127688,45570,412467,280729,193072,370864,144832,151863,604790,899.4544024960999,6.490758190327613
1657668956460,31.972002,0.4,0.4090909,0.36363637,0.6666667,0.3809524,0.32,0.41666666,0.2173913,0.39130434,39.9,40.300003,39.600002,39.600002,39.600002,38.9,38.300003,39.300003,39.300003,39.300003,39.300003,39.300003,4075114,-1193848,1075200,1075200,1075200,1075200,1075200,1075200,652800,1401600,912,26,40,1208,32,56,214,27,46,416,59,119,254,39,69,287,49,91,197,119,157,1463,35,138,729873,32048,51788,676277,41470,80736,328622,67069,181638,424093,111519,321451,237191,92399,437906,296173,89259,403876,197601,270335,512582,298101,87363,557678,1089.6928104575165,4.8832941176470595
1657668957510,32.007,0.4852941,0.41666666,0.3478261,0.64,0.6666667,0.7307692,0.5925926,0.16,0.26923078,41.600002,41.600002,41.300003,40.9,40.9,40.600002,40.300003,40.9,40.600002,41.300003,40.600002,40.300003,4065577,-1312867,1075200,1075200,1075200,1075200,1075200,1075200,652800,1401600,815,18,31,1163,25,56,350,35,59,482,54,78,120,21,39,218,37,63,361,119,174,1512,76,162,620132,21263,31563,623961,28221,75601,383320,77771,153032,411652,96503,157702,100068,45470,284417,180036,73713,273488,276844,191736,363364,362789,125060,318741,1031.3967682119205,6.3342516556291395
1657668958607,32.045002,0.23076923,0.20833333,0.25925925,0.37037036,0.36,0.1923077,0.42307693,0.03846154,0.10344828,42.600002,42.300003,41.600002,42.300003,42.300003,41.9,41.300003,41.600002,41.9,42.300003,41.300003,40.9,4059933,-1255494,1075200,1075200,1075200,1075200,1075200,1075200,652800,1401600,816,28,40,1172,27,63,325,34,66,398,65,79,113,15,38,81,8,43,349,87,224,1779,108,120,676657,31308,47611,650702,25486,72580,431695,66821,179017,400113,138173,228960,78489,25156,439565,56968,23986,461217,281302,151637,505669,444041,163494,231408,1068.5605481239804,4.667301794453508
1657668959713,32.115,0.083333336,0.041666668,0.115384616,0.14814815,0.08,0.07692308,0.08,0.115384616,0.0,41.600002,41.300003,40.9,40.9,41.300003,40.9,40.300003,40.9,40.600002,41.300003,40.9,40.300003,4139734,-316772,1075200,1075200,1075200,1075200,1075200,1075200,652800,1401600,768,20,46,1070,30,64,328,44,75,281,61,95,259,44,85,268,55,83,155,57,174,238,96,138,681891,22018,166448,675558,43828,147746,387513,95761,252588,312303,149363,397360,233398,67614,479824,270769,97308,350180,140634,151571,703414,157512,210805,620272,0.09168539325842696,0.004211878009630818
1657668960779,32.172,0.37572256,0.5,0.45,0.45454547,0.5217391,0.36363637,0.3809524,0.1904762,0.14285715,39.9,39.9,39.300003,39.600002,39.600002,39.600002,39.300003,39.600002,39.300003,39.600002,39.300003,38.600002,4154332,-205993,1075200,1075200,1075200,1075200,1075200,1075200,652800,1401600,447,12,44,650,7,43,117,28,63,119,36,94,100,21,67,186,46,85,4,6,58,16,24,88,742321,18973,195632,672502,10357,286770,124585,58165,678621,153888,96028,733305,121535,51446,794035,195238,119190,512809,5424,27561,837824,15490,95561,849541,138.71655305466237,0.25841800643086815
1657668961814,32.233,0.4611111,0.6818182,0.54545456,0.6086956,0.65217394,0.17391305,0.41666666,0.3181818,0.33333334,41.300003,41.300003,40.600002,40.9,40.9,40.600002,40.300003,40.9,40.600002,41.300003,40.600002,39.9,4055261,-1341858,1075200,1075200,1075200,1075200,1075200,1075200,652800,1401600,354,7,37,895,11,68,235,17,46,335,40,69,145,15,46,269,17,81,169,30,127,684,18,106,434689,11836,409914,521857,9453,385297,210417,29900,695618,324324,88753,477860,105049,21385,667461,213841,30102,514265,135910,56659,877053,179585,18978,809459,1903.289169129721,10.877004926108375
1657668962871,32.284,0.36082473,0.5652174,0.39130434,0.22727273,0.41666666,0.26923078,0.26086956,0.4074074,0.34615386,43.600002,43.600002,42.9,43.300003,43.300003,43.300003,42.300003,42.9,42.9,43.300003,42.300003,41.9,4025677,-1670533,1075200,1075200,1075200,1075200,1075200,1075200,652800,1401600,785,8,11,1422,7,32,691,25,55,446,30,62,206,45,83,321,45,80,443,46,288,2148,44,172,656711,7219,11270,638478,7717,35595,565252,28941,101556,521280,94074,174598,195003,104441,390176,246658,73823,357637,320195,60814,464209,494454,42395,203080,2179.108792511701,7.511613104524181
1657668963967,32.335003,0.38372093,0.5714286,0.47368422,0.3043478,0.6086956,0.36363637,0.22727273,0.14285715,0.2857143,45.300003,45.300003,44.600002,44.9,44.300003,43.9,43.300003,43.9,43.9,44.600002,43.9,43.300003,4025677,-1544190,1075200,1075200,1075200,1075200,1075200,1075200,652800,1401600,781,6,18,1545,12,33,799,51,84,388,31,64,295,25,69,323,44,85,402,56,262,1765,46,196,635398,7898,29312,691475,12759,45012,588135,84339,182065,416819,62725,191990,244381,27780,267262,278699,76729,324264,315527,71429,497437,491254,44470,269482,2244.4063475409835,6.393337704918032
1657668964995,32.398003,0.37362638,0.4090909,0.47826087,0.41666666,0.45833334,0.22727273,0.3181818,0.27272728,0.33333334,46.300003,45.9,44.9,45.300003,44.9,44.9,44.600002,45.300003,44.9,45.600002,44.9,43.9,4024703,-1585084,1075200,1075200,1075200,1075200,1075200,1075200,652800,1401600,766,9,15,1515,8,23,672,49,83,376,23,67,250,41,63,450,37,79,412,61,275,1509,65,169,659680,12791,18516,688224,8103,22095,497268,91949,164688,393086,28388,205841,229422,97762,376305,302244,49879,342003,315648,83939,462268,434282,59834,244766,2232.0353226837065,5.262466453674122
1657668966042,32.459003,0.31578946,0.4090909,0.5,0.36,0.56,0.08695652,0.17391305,0.22222222,0.20833333,46.600002,46.600002,45.9,46.300003,45.600002,45.300003,44.9,45.9,45.600002,46.600002,45.9,45.300003,4019448,-1656495,1075200,1075200,1075200,1075200,1075200,1075200,652800,1401600,813,26,36,1348,22,50,620,48,74,431,50,75,309,48,87,536,68,77,427,81,232,1056,69,198,670996,35044,50086,673066,26888,56950,517780,90559,170736,448868,101096,170222,266426,93565,412363,418969,81210,144072,296395,121400,481376,379861,94042,358901,1956.36741864139,5.144467614533966
1657668967095,32.535,0.40865386,0.5,0.5185185,0.42307693,0.5555556,0.375,0.22222222,0.20833333,0.42857143,47.9,47.600002,46.300003,46.600002,46.300003,46.300003,45.9,46.600002,46.300003,47.300003,46.600002,45.300003,4023536,-1618653,1075200,1075200,1075200,1075200,1075200,1075200,652800,1401600,800,22,27,1263,13,32,722,41,58,375,45,89,286,46,79,212,32,52,310,85,268,1103,64,191,668684,30839,32219,640300,9363,34462,535219,54531,84032,414391,107581,248591,238538,85624,395407,204518,61434,275604,245393,151968,511700,414050,83922,358016,2241.0351282051283,5.942769230769231
1657668968169,32.611,0.37980768,0.46153846,0.45833334,0.5,0.5769231,0.1923077,0.23076923,0.25925925,0.37037036,48.300003,48.300003,47.300003,47.300003,46.9,46.600002,46.300003,47.300003,46.9,47.600002,47.300003,46.300003,4021589,-1661988,1075200,1075200,1075200,1075200,1075200,1075200,652800,1401600,762,25,34,1390,15,41,664,58,94,384,33,72,315,40,64,309,44,85,477,112,239,2124,53,124,657298,39215,33919,656349,16970,41795,515628,126913,195965,378059,55885,226033,256634,52923,357005,267251,81923,421866,324321,156181,440454,505693,45312,211693,2228.0278352553546,5.9881647446457995
1657668969212,32.688,0.28901735,0.35,0.5,0.23809524,0.52380955,0.0952381,0.17391305,0.13636364,0.1904762,49.300003,49.300003,48.300003,48.300003,47.9,47.9,46.600002,47.9,47.600002,48.300003,47.9,46.600002,4014582,-1736756,1075200,1075200,1075200,1075200,1075200,1075200,652800,1401600,682,25,29,1422,17,33,636,48,73,432,38,79,357,55,78,373,62,113,389,59,299,1922,35,149,601888,44060,49446,644300,16746,32421,493878,83502,139891,455452,93621,230683,281630,93917,347194,337270,92447,299880,307536,92108,520171,484699,36949,237070,2210.6866108527133,6.218220155038759
1657668970279,32.77,0.31213874,0.4347826,0.33333334,0.36363637,0.54545456,0.22727273,0.17391305,0.25,0.2173913,49.9,49.600002,48.600002,48.9,48.300003,47.9,47.300003,48.600002,48.300003,48.9,48.300003,47.600002,4016723,-1688538,1075200,1075200,1075200,1075200,1075200,1075200,652800,1401600,769,18,31,1479,12,37,647,49,76,421,47,68,313,44,96,413,78,91,419,82,292,1717,50,201,691053,20872,43161,694372,16294,37845,518995,79590,168132,434995,100515,202099,263436,66392,380010,365476,133658,247165,299345,114488,518049,454268,60650,261628,2270.2382280130296,6.683205211726384
1657668971291,32.850002,0.30813953,0.42857143,0.3809524,0.3809524,0.5,0.04761905,0.25,0.18181819,0.2,50.300003,49.600002,49.300003,49.300003,48.9,48.600002,47.9,49.300003,48.300003,49.600002,48.600002,48.300003,4019643,-1670228,1075200,1075200,1075200,1075200,1075200,1075200,652800,1401600,649,22,24,1542,17,49,551,41,63,339,33,55,347,44,70,284,43,80,357,65,255,1801,39,157,600882,32525,32781,676596,15379,68692,455963,62961,173612,412907,73668,181397,291585,61289,266685,229938,82956,328645,278191,88201,448933,412227,39606,255624,2171.9386417445485,7.453009345794393
1657668972355,32.929,0.28176796,0.3,0.5,0.4090909,0.5,0.09090909,0.0,0.18181819,0.20833333,50.600002,50.600002,49.300003,49.600002,49.300003,48.600002,48.300003,49.600002,48.300003,50.300003,49.300003,48.300003,4009716,-1692200,1075200,1075200,1075200,1075200,1075200,1075200,652800,1401600,788,23,33,1473,19,55,596,50,89,405,40,57,253,29,72,332,50,94,340,67,273,2247,48,138,676365,37746,36908,687868,15173,61260,515867,80802,184038,479355,107407,149560,226079,52375,467631,260667,88275,402191,266126,87582,559522,493521,54847,205961,2347.712746500778,7.13550233281493
1657668973405,33.025,0.33507854,0.625,0.41666666,0.5652174,0.52,0.13043478,0.041666668,0.125,0.25,51.300003,50.9,49.9,49.9,49.9,49.600002,48.600002,49.9,49.600002,50.300003,49.9,48.600002,4001931,-1631776,1075200,1075200,1075200,1075200,1075200,1075200,652800,1401600,714,24,32,1580,14,41,776,48,73,388,44,69,393,46,60,213,49,78,345,78,262,1951,49,166,639595,37216,46495,681850,11017,42715,550447,79114,145835,454173,89590,171131,283911,83960,395632,191418,96067,466981,244890,128167,494028,464346,42824,258330,2248.0038867924527,5.676327044025157
1657668974466,33.101,0.39130434,0.52,0.46153846,0.5,0.53846157,0.34615386,0.24,0.18518518,0.32,51.300003,50.9,50.300003,50.600002,50.300003,49.9,49.600002,50.9,49.9,51.300003,50.300003,49.300003,4005629,-1720887,1075200,1075200,1075200,1075200,1075200,1075200,652800,1401600,785,21,25,1428,12,37,660,64,78,396,30,53,428,70,96,318,45,73,320,49,234,1977,47,166,665594,38855,34424,679438,9159,54405,512333,116310,142640,436609,74087,184771,358172,107011,322316,264048,74401,381502,255807,73704,529882,431977,53199,289133,2251.8413179571667,5.94699176276771
1657668975523,33.187,0.35135135,0.47826087,0.36363637,0.3043478,0.5,0.27272728,0.33333334,0.26923078,0.27272728,51.9,51.300003,50.9,51.300003,50.9,51.300003,49.9,50.9,50.600002,51.600002,50.600002,49.600002,4001542,-1874696,1075200,1075200,1075200,1075200,1075200,1075200,652800,1401600,769,19,26,1482,11,32,774,41,95,391,39,78,277,59,78,336,52,95,330,89,261,1648,59,150,675483,32910,34331,684728,19121,26217,574812,62827,190639,448309,83358,230425,245021,131001,358137,253137,106742,301632,250516,117584,543385,443649,54158,256667,2294.2464507936506,6.945371428571428
1657668976576,33.273003,0.34946236,0.47619048,0.5833333,0.45833334,0.56,0.20833333,0.08,0.13636364,0.3181818,52.600002,52.300003,51.600002,51.600002,51.300003,51.300003,50.9,51.9,51.600002,52.600002,51.300003,50.300003,4008354,-1680299,1075200,1075200,1075200,1075200,1075200,1075200,652800,1401600,779,13,13,1474,6,23,792,44,84,340,43,66,355,54,92,264,45,72,435,109,257,1735,58,163,673247,18642,13911,700461,5094,22481,610815,65873,154164,443951,111213,155465,292027,112862,343388,226650,90331,273569,313664,152493,425134,437991,58900,218380,2287.9464595469253,5.7566860841423955
1657668977605,33.346,0.43137255,0.5,0.44,0.5,0.6,0.45833334,0.24,0.4074074,0.33333334,52.9,52.600002,51.600002,51.600002,51.600002,51.300003,50.300003,52.300003,50.9,52.600002,51.300003,50.300003,4016334,-1695863,1075200,1075200,1075200,1075200,1075200,1075200,652800,1401600,663,27,41,1231,19,47,671,50,73,341,42,62,291,54,78,181,42,77,373,147,214,1726,49,133,590792,46807,57903,604972,19000,50260,499482,68147,216813,375468,110977,205496,262174,92531,362875,161590,80335,521207,262428,235851,428341,467113,49198,263888,2225.441937888199,7.5718757763975155
1657668978668,33.419003,0.34444445,0.3809524,0.4,0.33333334,0.5,0.3478261,0.23809524,0.17391305,0.27272728,53.600002,52.9,51.9,52.600002,52.300003,51.9,51.600002,52.600002,51.9,52.9,51.600002,50.9,4001347,-1736756,1075200,1075200,1075200,1075200,1075200,1075200,652800,1401600,632,3,8,1386,2,9,641,34,63,306,21,51,414,49,75,382,54,90,406,64,262,2096,34,150,599146,4941,13532,675331,3915,12542,512959,64267,149605,422679,47191,142350,329470,71966,119105,311195,97168,270351,268139,109824,424963,445744,29155,215257,2307.909052631579,6.186309409888357
1657668979689,33.508003,0.36,0.5833333,0.4090909,0.3809524,0.65217394,0.0952381,0.23809524,0.17391305,0.4090909,53.600002,52.9,52.300003,52.600002,52.300003,51.600002,51.300003,52.600002,51.600002,52.9,51.9,50.9,3992978,-1907350,1075200,1075200,1075200,1075200,1075200,1075200,652800,1401600,766,26,29,1250,17,36,521,55,97,307,40,72,241,39,68,317,59,89,323,98,243,2219,41,142,629159,35070,33401,633208,15509,36291,459889,87667,228366,440444,86325,223136,227495,80534,427948,245410,114360,349969,283593,144178,468082,482330,39088,253103,2299.8528,6.8894
1657668980774,33.594,0.3387978,0.4347826,0.4347826,0.33333334,0.5833333,0.18181819,0.18181819,0.26086956,0.26086956,53.9,53.600002,52.600002,52.9,52.600002,52.600002,51.9,53.300003,52.600002,53.9,52.300003,51.600002,3994729,-1839295,1075200,1075200,1075200,1075200,1075200,1075200,652800,1401600,826,19,31,1514,17,39,832,42,63,336,29,63,250,39,83,344,56,94,427,125,230,2733,28,130,689277,32661,33516,709643,14074,44840,600802,58280,102535,430467,69355,172272,215532,74983,522913,270732,111081,348067,323031,173756,404113,521032,27323,154928,2275.981425867508,6.114927444794953
1657668981837,33.674,0.29069766,0.4347826,0.36842105,0.3181818,0.47619048,0.13636364,0.1,0.1904762,0.1904762,54.600002,54.300003,53.600002,53.300003,53.300003,52.600002,51.9,53.600002,52.600002,53.9,52.9,52.300003,3997260,-1837159,1075200,1075200,1075200,1075200,1075200,1075200,652800,1401600,829,25,35,1361,16,46,665,52,83,359,32,63,417,68,96,369,66,109,431,78,247,2082,52,131,717433,43846,48019,674037,14509,47086,484430,78557,173799,453517,71406,215139,359463,133756,255044,308096,127464,343508,262446,112021,505715,464522,63730,229727,2271.8888976897692,6.058244224422443
1657668982861,33.759003,0.38333333,0.45454547,0.4090909,0.5,0.6086956,0.3181818,0.14285715,0.27272728,0.3478261,54.600002,54.300003,53.600002,53.300003,53.300003,52.300003,51.9,52.9,52.600002,53.300003,52.9,51.9,3999984,-1578370,1075200,1075200,1075200,1075200,1075200,1075200,652800,1401600,794,11,33,1384,9,31,609,58,94,293,28,56,333,52,92,507,71,101,376,73,273,1696,51,187,672685,20808,51583,640979,6971,38367,472579,92005,163718,388155,67674,217677,283036,88718,287131,360075,116342,277218,266551,118085,492731,428182,49427,281596,2257.0643968000004,6.901248
1657668983922,33.852,0.42222223,0.5,0.47619048,0.42857143,0.6818182,0.17391305,0.41666666,0.22727273,0.3809524,54.9,54.600002,53.9,53.9,53.9,53.600002,53.300003,54.300003,53.600002,54.600002,53.300003,52.600002,3984219,-1828614,1075200,1075200,1075200,1075200,1075200,1075200,652800,1401600,754,24,31,1496,21,39,705,50,86,247,34,55,213,48,77,504,58,117,334,69,235,2402,49,119,650815,26917,43140,702226,20374,46724,495871,80372,167944,393412,91518,204405,212876,83332,416943,389218,82204,342550,218067,127871,535525,449918,54593,199298,2259.365990147783,5.7850640394088675
1657668984927,33.931,0.33888888,0.4347826,0.36363637,0.39130434,0.75,0.13636364,0.13043478,0.13636364,0.36363637,55.600002,55.300003,54.300003,54.9,54.300003,53.9,53.300003,54.600002,53.300003,55.300003,53.9,52.600002,3991420,-1842652,1075200,1075200,1075200,1075200,1075200,1075200,652800,1401600,661,24,25,1218,12,30,628,40,77,235,29,50,304,42,80,364,54,106,285,74,257,2510,34,113,612793,37757,33455,599327,11486,34502,483735,47321,147040,373431,84578,178359,264261,61583,401180,303225,79557,278930,229186,116767,535231,414361,31886,205038,2245.99499844479,5.937965785381026
1657668985982,34.02,0.44041452,0.5652174,0.5416667,0.4,0.64,0.20833333,0.3478261,0.32,0.36363637,55.600002,54.9,54.300003,54.300003,54.300003,53.9,53.600002,54.9,54.300003,55.600002,53.9,52.9,3995508,-1805421,1075200,1075200,1075200,1075200,1075200,1075200,652800,1401600,704,25,34,1405,19,45,667,50,76,189,30,52,437,81,101,284,38,66,297,71,257,3253,44,93,650485,47439,46597,661137,18192,59725,528812,79295,131362,281937,91364,206874,337445,166356,268381,230290,62342,436061,236595,107371,540795,452983,45212,138198,2240.050285714286,6.92944099378882
1657668987051,34.097,0.33333334,0.36363637,0.42857143,0.29166666,0.5,0.24,0.14285715,0.24,0.4,55.9,55.600002,54.600002,54.9,54.600002,54.300003,53.9,55.300003,54.300003,55.9,54.300003,53.300003,3980715,-1830445,1075200,1075200,1075200,1075200,1075200,1075200,652800,1401600,605,15,19,1177,7,31,577,47,96,227,19,51,443,65,107,358,58,79,438,75,277,3354,28,84,547195,22701,24664,579334,10502,31667,427381,62760,280234,301978,61338,181097,358536,100352,278397,300754,102838,301684,278298,107176,510081,508938,15225,128436,2258.9617832817335,6.611120743034055
1657668988106,34.205,0.36945814,0.5217391,0.5185185,0.375,0.53846157,0.2,0.1923077,0.23076923,0.37037036,55.600002,55.600002,54.9,54.600002,54.600002,54.300003,53.600002,54.600002,53.9,54.9,54.300003,53.600002,3998622,-1726380,1075200,1075200,1075200,1075200,1075200,1075200,652800,1401600,654,26,33,1405,16,36,652,55,97,297,34,69,347,50,123,329,52,93,345,74,287,2694,41,102,620907,36552,48807,660958,18924,44858,495175,82535,202505,341378,90735,238239,279661,101532,379825,245495,85857,407628,256186,118716,558191,494254,32147,171465,2223.2579837925446,6.900019448946515
1657668989173,34.271,0.44262296,0.54545456,0.5217391,0.5833333,0.7083333,0.27272728,0.3478261,0.29166666,0.39130434,56.9,56.300003,55.600002,55.9,55.600002,55.600002,54.600002,56.300003,55.600002,57.300003,54.600002,53.600002,3980715,-1919251,1075200,1075200,1075200,1075200,1075200,1075200,652800,1401600,868,11,25,1552,12,22,534,35,69,504,21,58,344,55,73,360,44,92,568,62,281,2492,35,146,710867,14423,26809,674237,12759,26686,474492,35851,140887,482295,41884,152538,299442,115892,316657,266354,55931,415574,339673,94110,412747,467761,29655,164730,2187.464671949287,8.108526148969888
1657668990247,34.361,0.48255813,0.7,0.6,0.5217391,0.9166667,0.3,0.2173913,0.22727273,0.42857143,56.600002,56.300003,55.600002,56.300003,54.9,54.9,54.300003,55.9,54.600002,56.300003,54.9,53.9,3999011,-1628724,1075200,1075200,1075200,1075200,1075200,1075200,652800,1401600,821,4,5,1218,0,8,581,24,67,376,13,37,327,36,64,252,42,63,658,67,211,2208,26,207,693285,3224,5861,550599,0,6884,542408,43624,170254,440719,30857,99507,251369,50942,158423,210958,86384,365587,358532,69477,323022,441455,22123,274324,2209.4897836065575,9.238085245901638
1657668991272,34.440002,0.52459013,0.7083333,0.5652174,0.6666667,0.88,0.17391305,0.4090909,0.27272728,0.48,56.600002,56.300003,55.600002,55.600002,55.600002,55.600002,54.600002,55.600002,55.300003,55.600002,55.300003,53.9,3993561,-1751099,1075200,1075200,1075200,1075200,1075200,1075200,652800,1401600,507,15,14,1255,7,30,667,33,47,261,14,26,243,44,62,304,41,77,381,58,302,2324,30,165,439233,27684,14182,545250,5796,34325,557920,54669,98579,341073,43039,80607,182785,99665,297011,241022,73784,293017,258666,82793,426004,410808,25920,223041,2238.001139318885,9.264544891640867
1657668992328,34.526,0.42528737,0.52380955,0.52380955,0.4090909,0.8095238,0.22727273,0.1904762,0.18181819,0.45454547,57.300003,56.9,55.9,56.300003,55.9,55.600002,54.9,56.600002,55.600002,57.300003,55.600002,54.300003,3988501,-1753541,1075200,1075200,1075200,1075200,1075200,1075200,652800,1401600,611,5,15,1364,12,22,611,27,49,181,17,37,428,44,79,316,44,80,457,71,247,2677,23,118,532280,5707,14622,610136,14570,21760,526455,62555,103518,290368,34934,132385,317762,72930,238215,270045,64553,274125,302901,87807,446123,439374,23401,141884,2180.3451353135315,9.359419141914193
1657668993348,34.612003,0.51,0.7083333,0.5416667,0.48,0.9259259,0.42307693,0.4,0.2,0.36,57.300003,57.300003,56.300003,56.300003,55.600002,55.600002,54.9,56.600002,55.9,57.600002,55.600002,54.600002,3985971,-1795655,1075200,1075200,1075200,1075200,1075200,1075200,652800,1401600,761,7,6,1243,7,31,512,23,50,169,14,23,350,49,91,328,62,82,369,66,310,3616,18,61,632144,11086,9299,564207,7213,31761,497065,47010,156997,274243,30374,93853,308639,67780,303207,311706,108856,202125,281768,87267,496180,480505,9814,98615,2249.367801242236,9.584745341614905
1657668994416,34.701,0.45810056,0.61904764,0.5714286,0.4347826,0.82608694,0.5217391,0.13043478,0.2173913,0.39130434,57.600002,57.600002,56.600002,56.9,56.300003,55.9,55.300003,56.600002,55.9,56.600002,55.9,54.600002,3989279,-1738587,1075200,1075200,1075200,1075200,1075200,1075200,652800,1401600,582,9,7,1304,8,13,622,16,61,126,8,18,395,44,86,362,43,66,575,66,308,2849,20,133,494540,13716,6632,574066,13401,11538,535815,37711,122051,224159,25544,77675,289043,62964,236992,290212,54867,230448,346298,73597,445744,453594,19932,237500,2222.804344715447,9.749073170731707
1657668995436,34.774002,0.38764045,0.5217391,0.5,0.39130434,0.6818182,0.3043478,0.23809524,0.13636364,0.27272728,58.300003,57.9,57.300003,56.9,56.9,56.9,56.600002,57.600002,56.600002,58.600002,56.300003,55.300003,3991420,-1820374,1075200,1075200,1075200,1075200,1075200,1075200,652800,1401600,658,6,8,1436,4,17,570,37,69,139,10,17,409,56,72,324,46,86,512,51,258,3626,22,96,610386,5988,7612,641731,5262,15872,496551,59876,156308,207941,44914,53856,296396,93657,208402,252200,75885,372111,299240,71189,471604,444284,23244,111586,2269.725023255814,9.163113178294573
1657668996496,34.857002,0.46268657,0.5652174,0.68,0.6923077,0.88461536,0.26923078,0.115384616,0.20833333,0.29166666,58.300003,57.600002,57.300003,57.300003,56.9,56.300003,55.9,57.300003,56.600002,57.9,56.300003,55.300003,3982662,-1843873,1075200,1075200,1075200,1075200,1075200,1075200,652800,1401600,638,16,34,1461,11,42,677,32,62,143,17,33,283,51,79,235,51,85,409,59,296,2787,21,141,595256,24074,46316,633030,9949,46331,504846,42622,130684,221069,44357,131051,246220,98312,270389,223755,107150,340430,289593,92641,530888,472722,11184,206810,2300.077908496732,8.944732026143791
1657668997534,34.946003,0.41573033,0.55,0.5217391,0.47619048,0.72727275,0.15,0.39130434,0.0952381,0.3043478,58.300003,58.300003,57.300003,57.600002,57.300003,56.600002,56.300003,57.300003,56.600002,57.600002,56.9,55.600002,3986944,-1831361,1075200,1075200,1075200,1075200,1075200,1075200,652800,1401600,722,11,22,1260,7,22,590,34,46,112,16,23,346,59,91,345,48,81,476,48,306,3560,61,44,644510,13494,29683,582727,7088,31012,449143,48951,104692,169388,54820,72716,288277,98127,306291,289193,67061,422729,291965,71582,475692,494747,64991,59542,2248.9686315789477,8.000052631578948
1657668998559,35.034,0.43781096,0.5769231,0.6,0.44,0.6785714,0.24,0.33333334,0.2962963,0.44,58.300003,57.9,57.300003,56.9,56.9,56.600002,55.9,57.300003,56.600002,57.600002,56.600002,55.9,3983830,-1879273,1075200,1075200,1075200,1075200,1075200,1075200,652800,1401600,666,16,28,1437,8,20,711,27,88,147,19,30,323,46,93,387,75,86,356,66,263,3351,21,107,614844,20084,33410,630627,7754,34119,515990,42442,182532,225445,43403,136858,275247,59971,388590,312307,157487,233128,245212,101762,522728,462766,17552,177744,2220.4902273476114,8.608421746293246
1657668999607,35.125,0.4021739,0.5652174,0.45833334,0.5714286,0.76,0.26086956,0.24,0.16666667,0.3043478,59.300003,58.600002,57.9,57.9,57.9,57.600002,57.600002,58.300003,57.9,58.9,57.300003,56.300003,3982467,-1883851,1075200,1075200,1075200,1075200,1075200,1075200,652800,1401600,781,4,8,1595,3,8,655,57,81,210,21,41,503,67,118,354,52,69,364,58,272,3217,26,101,653725,5273,9188,670814,4101,7908,511463,116708,164615,295486,66458,169713,392178,103634,298147,290186,105362,267409,269379,72673,468637,475851,15913,120701,2269.176658227848,8.237974683544303
1657669000660,35.219,0.49261084,0.5833333,0.47826087,0.48,0.72,0.33333334,0.42307693,0.4074074,0.44,58.9,58.300003,57.600002,57.9,57.600002,56.9,56.300003,57.9,56.9,58.300003,57.300003,56.300003,4000179,-1766663,1075200,1075200,1075200,1075200,1075200,1075200,652800,1401600,555,22,31,1557,22,41,669,46,79,136,25,33,289,55,104,251,29,77,329,68,282,3621,18,78,541881,33820,32890,655041,28012,43609,490190,68819,138489,193215,88898,118318,254551,98125,361608,217053,44285,547110,216280,110099,592026,513820,19858,157900,2191.158805194805,7.506753246753247
1657669001695,35.297,0.45641026,0.68,0.5416667,0.625,0.75,0.33333334,0.17391305,0.16,0.32,59.600002,58.9,58.300003,58.600002,57.9,57.600002,56.9,58.600002,57.9,59.300003,57.600002,56.600002,3978964,-1853944,1075200,1075200,1075200,1075200,1075200,1075200,652800,1401600,710,12,21,1532,9,24,576,53,82,180,19,31,436,56,86,429,60,97,369,49,258,3626,25,57,628423,22918,28931,670054,11189,33966,429549,110475,206619,250672,67879,120078,346051,82756,204663,331206,91209,308955,258316,86208,499284,474029,13475,85880,2205.668926984127,7.362234920634921
1657669002743,35.378002,0.38693467,0.56,0.4,0.53846157,0.7307692,0.083333336,0.23076923,0.2,0.3846154,59.600002,58.9,57.9,58.300003,57.9,57.9,57.300003,58.9,57.600002,59.300003,57.600002,56.9,3973514,-1883241,1075200,1075200,1075200,1075200,1075200,1075200,652800,1401600,636,15,32,1362,17,42,582,42,86,105,19,31,406,48,87,352,57,98,402,44,299,3719,16,78,566691,19332,40967,654611,12497,50668,436826,71565,246267,179483,68422,147773,326175,53729,244999,311798,68085,329699,262255,67497,583059,541129,15121,144430,2320.2752833876225,7.1333941368078175
1657669003791,35.49,0.4949495,0.64,0.5833333,0.5416667,0.7692308,0.375,0.4,0.16666667,0.44444445,59.300003,59.300003,58.600002,58.300003,58.300003,57.9,57.600002,58.600002,57.9,58.9,58.300003,56.9,3973514,-1857911,1075200,1075200,1075200,1075200,1075200,1075200,652800,1401600,797,20,33,1341,12,48,582,38,77,268,28,53,351,52,106,405,47,106,275,53,259,3527,24,69,611973,35150,38619,666286,10617,61882,471671,57690,178203,358386,65816,154247,295802,115683,362985,361189,57169,340726,235795,79678,535854,519388,16942,91339,2238.9243671497584,6.547684380032206
1657669004852,35.557003,0.3857868,0.36363637,0.5,0.36,0.6666667,0.3846154,0.17391305,0.2962963,0.4,59.9,59.600002,58.9,58.600002,58.9,58.600002,57.9,58.9,58.300003,59.300003,57.9,57.300003,3985581,-1861878,1075200,1075200,1075200,1075200,1075200,1075200,652800,1401600,666,26,30,1361,16,39,545,40,83,271,37,55,327,44,91,358,37,79,377,80,243,2994,33,111,615677,38650,44508,663528,14078,45513,422517,74942,277032,391900,89835,204293,286819,65831,377170,286415,47158,334677,275192,120051,480420,490694,23568,164560,2259.931292561984,6.197051239669421
1657669005858,35.625,0.38277513,0.4,0.375,0.3846154,0.60714287,0.34615386,0.3846154,0.1923077,0.36,59.9,59.600002,58.9,59.300003,58.600002,57.9,57.600002,59.600002,57.9,59.9,58.300003,56.9,3989474,-1768189,1075200,1075200,1075200,1075200,1075200,1075200,652800,1401600,741,24,32,1142,12,37,558,51,85,260,28,54,202,28,62,384,41,92,369,60,246,2764,28,107,637005,38390,41926,564149,10570,47937,448645,80815,226089,392275,55555,176334,197430,51808,394924,294292,54910,429793,268318,99568,463527,464790,24576,138368,2283.9462360248444,6.0371180124223605
1657669006913,35.696003,0.4065934,0.6956522,0.42857143,0.33333334,0.73913044,0.22727273,0.22727273,0.20833333,0.36363637,59.9,59.600002,58.9,59.600002,58.9,58.300003,57.600002,59.600002,58.300003,60.300003,58.300003,57.300003,3975266,-1834412,1075200,1075200,1075200,1075200,1075200,1075200,652800,1401600,800,21,39,1560,27,51,721,48,83,337,33,63,376,40,85,456,77,109,332,46,238,2625,50,111,721152,33575,41728,743466,25048,47311,542779,70519,154547,402891,76887,225759,297701,55107,380025,389225,110375,260355,238754,67592,601276,470223,41889,186282,2287.60885,6.9515
1657669007940,35.77,0.37185928,0.45833334,0.375,0.5,0.47826087,0.3478261,0.24,0.32142857,0.30769232,60.300003,59.9,58.9,58.9,58.9,58.600002,57.9,59.9,58.600002,60.300003,58.9,57.600002,3975460,-1806336,1075200,1075200,1075200,1075200,1075200,1075200,652800,1401600,650,14,23,1524,12,33,575,51,83,255,23,49,382,67,85,334,40,80,334,61,262,3208,23,77,581644,20221,28468,656524,7681,40332,449692,121695,227371,317587,56590,203912,305536,125624,261870,265870,61912,369301,236336,92277,526855,493801,20006,103278,2287.5581460317458,6.294806349206349
1657669008984,35.845,0.42372882,0.42105263,0.5,0.5,0.54545456,0.39130434,0.3181818,0.22727273,0.33333334,60.600002,60.600002,59.300003,59.300003,58.9,58.9,58.300003,58.9,58.9,59.300003,58.9,57.600002,3986165,-1865846,1075200,1075200,1075200,1075200,1075200,1075200,652800,1401600,718,24,36,1297,16,55,470,61,88,368,29,67,273,37,93,311,56,85,246,61,224,1980,62,140,647665,33677,43091,633559,17353,67746,409488,139971,288025,434894,58595,235813,233707,71893,456741,303524,110629,346687,224374,97592,557611,444048,68575,242631,2272.27705400982,6.340451718494272
1657669009996,35.912003,0.34319526,0.42857143,0.3809524,0.4,0.54545456,0.42857143,0.14285715,0.14285715,0.2857143,60.600002,60.600002,59.600002,59.600002,59.600002,59.300003,58.300003,59.600002,58.9,60.300003,58.9,57.9,3986555,-1686707,1075200,1075200,1075200,1075200,1075200,1075200,652800,1401600,704,24,38,1394,15,52,506,56,101,326,41,71,219,36,76,457,71,106,278,61,237,2371,35,85,627362,36734,53980,623688,15391,72528,394552,99535,251774,411211,104290,182293,180709,62936,482977,376121,97385,283884,228825,111468,532381,466932,33147,150261,2149.423578294574,5.723683720930232
1657669011011,35.980003,0.43367347,0.5416667,0.3478261,0.48,0.5416667,0.53846157,0.26086956,0.25,0.41666666,60.300003,59.9,58.9,59.600002,59.300003,58.600002,57.9,59.600002,58.600002,60.300003,58.600002,57.300003,4005240,-1571961,1075200,1075200,1075200,1075200,1075200,1075200,652800,1401600,1056,6,12,1335,9,23,569,32,75,403,28,53,264,39,66,420,48,123,304,27,257,3033,29,117,744376,6238,28758,712216,8890,19236,514843,48956,165625,466588,65655,195448,244556,67730,383357,332467,65217,436704,239057,40011,608584,500765,27181,148562,2104.1671277258565,6.0962492211838
1657669012056,36.051003,0.39423078,0.48,0.36,0.53571427,0.53846157,0.32,0.34615386,0.2,0.35714287,60.300003,59.9,59.300003,59.300003,58.9,58.600002,57.9,59.600002,58.600002,60.300003,58.300003,57.300003,3992783,-1646119,1075200,1075200,1075200,1075200,1075200,1075200,652800,1401600,1061,0,7,1497,7,25,488,30,77,369,30,64,247,37,80,199,45,63,239,40,203,3078,34,90,712379,0,6605,756364,4028,22353,436435,50910,339285,475597,70140,229745,185131,52207,477983,199234,113992,500127,220323,53428,643834,528571,32474,134809,2253.745855799373,6.261216300940439
1657669013104,36.118,0.4827586,0.36363637,0.5,0.33333334,0.6666667,0.8148148,0.52,0.24,0.2962963,60.9,60.300003,59.300003,59.9,59.600002,58.9,58.600002,60.600002,59.300003,61.9,58.9,57.600002,3967480,-1913148,1075200,1075200,1075200,1075200,1075200,1075200,652800,1401600,859,17,27,1489,11,33,502,52,95,329,43,66,404,53,76,385,52,101,316,54,224,2405,37,117,661520,26732,34721,712414,12680,36485,389207,102986,282345,416912,92902,205867,305181,80101,340668,329753,83384,352097,232498,100472,556936,471347,30053,164204,2286.034762052877,6.5204852255054435
1657669014167,36.179,0.6467662,0.6666667,0.5416667,0.7826087,0.8076923,0.65384614,0.7826087,0.3846154,0.48,60.600002,60.300003,59.300003,59.9,59.300003,59.600002,58.600002,59.300003,59.300003,59.9,59.300003,57.9,3980910,-1746522,1075200,1075200,1075200,1075200,1075200,1075200,652800,1401600,646,22,33,1360,20,44,635,53,100,317,43,50,219,22,50,211,25,69,328,74,205,2282,67,106,567291,39405,43280,647977,21927,61509,445657,60466,225281,386621,97700,117769,184638,53413,429155,209179,52479,404211,268793,118740,472907,467327,75776,179364,2316.010280065898,5.99902471169687
1657669015194,36.260002,0.53367877,0.72,0.72,0.65384614,0.9166667,0.3043478,0.26086956,0.2173913,0.4090909,60.9,60.9,59.9,60.9,60.300003,59.600002,59.300003,60.600002,59.9,62.300003,59.600002,58.300003,3979353,-1808778,1075200,1075200,1075200,1075200,1075200,1075200,652800,1401600,639,29,40,1214,22,39,543,42,85,281,18,45,277,53,84,163,30,63,423,71,202,2576,44,111,538125,47377,51132,583436,33923,47998,405005,60592,226650,349491,53123,194535,242845,90963,271546,128431,65719,412213,256550,97249,474838,434223,37872,208320,2323.978207336523,6.92659649122807
1657669016207,36.314003,0.40983605,0.52380955,0.4090909,0.45454547,0.73913044,0.18181819,0.22727273,0.28,0.4090909,61.300003,60.9,60.300003,60.600002,60.300003,59.9,58.9,60.600002,59.300003,61.300003,59.300003,58.300003,3985776,-1810304,1075200,1075200,1075200,1075200,1075200,1075200,652800,1401600,617,18,28,1240,12,28,661,42,78,216,25,55,421,51,92,299,47,86,344,73,278,2941,28,84,583966,27470,31872,599730,10771,33116,471666,78163,198014,328362,58137,157324,338658,72563,291170,253621,76117,368468,233669,94270,513445,481402,23194,132894,2289.0500476947536,6.515637519872814
1657669017222,36.382,0.33888888,0.4,0.47619048,0.27272728,0.6818182,0.2173913,0.18181819,0.20833333,0.22727273,61.600002,61.300003,60.600002,60.600002,60.300003,60.300003,59.300003,60.300003,59.9,60.9,59.600002,58.600002,3974098,-1901246,1075200,1075200,1075200,1075200,1075200,1075200,652800,1401600,693,24,38,1369,18,56,558,47,75,255,33,54,357,57,82,364,58,98,390,56,257,3313,49,83,614941,28722,36945,660074,14268,69547,430562,79337,173656,311304,83705,189266,277559,90385,366522,307321,90118,322751,268270,75554,526015,478311,48651,106630,2300.5652,6.26865
1657669018239,36.449,0.2872928,0.3181818,0.3478261,0.3043478,0.53846157,0.09090909,0.14285715,0.17391305,0.2857143,61.600002,61.600002,60.9,60.9,60.300003,60.300003,59.300003,60.9,59.9,61.600002,59.9,58.9,3970789,-1845399,1075200,1075200,1075200,1075200,1075200,1075200,652800,1401600,735,28,38,1201,22,43,568,49,98,290,36,61,325,62,97,311,41,72,341,58,250,2402,29,101,671010,39951,39032,588279,16814,42224,399205,103047,303926,397705,68231,201382,276784,110808,339025,233811,77747,447096,228779,95067,574550,482896,26037,172021,2293.7259707317075,6.73800325203252
1657669019286,36.514,0.40223464,0.5652174,0.5714286,0.36363637,0.6956522,0.23809524,0.13636364,0.13636364,0.4347826,61.600002,60.9,60.300003,60.300003,59.9,59.300003,59.300003,60.9,59.300003,60.9,59.9,58.600002,3988501,-1744080,1075200,1075200,1075200,1075200,1075200,1075200,652800,1401600,924,19,33,1425,19,41,516,48,77,385,35,77,320,58,95,501,68,100,313,58,251,2603,46,94,746162,28022,39119,670168,18326,64759,465391,93044,276311,453843,87927,203260,265613,92941,401646,401418,98593,281275,259899,98561,507677,498436,39978,130601,2321.8815503875967,5.437320930232558
1657669020293,36.581,0.2802198,0.47619048,0.3478261,0.25,0.45833334,0.13043478,0.08695652,0.09090909,0.375,61.600002,61.600002,60.9,60.300003,60.300003,59.9,59.300003,60.9,59.9,61.600002,60.300003,58.9,3976823,-1862794,1075200,1075200,1075200,1075200,1075200,1075200,652800,1401600,711,19,25,1298,21,28,597,51,90,289,36,67,291,50,68,341,47,116,293,78,243,2017,56,112,596230,26789,29265,628850,24110,29786,467974,78388,226833,373235,100058,201181,239876,98380,412321,326667,65459,367820,216109,140940,514698,415384,60332,224281,2350.300388714734,6.535724137931034
1657669021299,36.656002,0.31343284,0.44,0.39130434,0.32,0.5,0.15384616,0.20833333,0.041666668,0.29166666,61.9,61.600002,60.600002,60.9,60.9,60.600002,59.300003,61.300003,59.9,61.600002,59.9,59.300003,3973125,-1908265,1075200,1075200,1075200,1075200,1075200,1075200,652800,1401600,669,21,28,1300,20,34,614,39,75,278,38,78,312,54,79,261,38,74,365,45,278,2775,23,109,590852,33499,29186,651957,19858,45635,441382,83990,228904,321084,100472,257116,267372,99148,328664,220908,70879,346433,257484,72582,525792,493722,12503,146881,2297.0366905132196,6.559601866251944
1657669022337,36.713,0.31632653,0.41666666,0.375,0.26086956,0.61538464,0.16,0.41666666,0.12,0.115384616,61.9,61.300003,60.600002,60.600002,60.600002,60.300003,59.9,61.300003,60.300003,61.600002,60.300003,59.300003,3973514,-1721802,1075200,1075200,1075200,1075200,1075200,1075200,652800,1401600,846,20,25,1524,15,34,650,61,89,330,26,59,250,45,74,480,64,100,302,59,255,2535,43,130,692294,29115,26691,714985,15686,33588,511932,106471,161363,400207,63590,213327,188095,108867,420021,391341,85407,259626,235329,101628,575021,464451,43155,167501,2301.4747145187603,6.491301794453507
1657669023378,36.791,0.3,0.39130434,0.36,0.36,0.5416667,0.13636364,0.08695652,0.125,0.3181818,62.300003,61.600002,61.300003,60.9,60.600002,60.300003,59.600002,61.600002,60.600002,61.600002,60.300003,59.300003,3975655,-1805726,1075200,1075200,1075200,1075200,1075200,1075200,652800,1401600,711,20,27,1393,14,43,656,47,98,339,23,60,210,35,79,429,58,90,368,56,254,2181,40,130,618024,29260,41127,671933,14905,62269,472520,82837,287861,393344,49876,196415,218496,74270,440739,346040,88523,215681,258697,106273,535886,405213,57033,286459,2263.8374983713356,5.617068403908795
1657669024379,36.855003,0.37288135,0.5217391,0.54545456,0.4347826,0.65217394,0.0952381,0.22727273,0.17391305,0.33333334,62.300003,61.9,61.300003,61.300003,60.9,60.600002,59.9,61.600002,60.300003,62.600002,60.9,59.600002,3962420,-1880189,1075200,1075200,1075200,1075200,1075200,1075200,652800,1401600,776,21,25,1292,18,35,706,47,94,372,21,64,287,50,73,393,60,77,319,58,237,2385,28,102,640034,30573,34092,655545,23506,41664,510008,59764,240275,437638,50145,226878,241387,86047,402664,361854,98772,274762,238996,93772,533283,485047,19966,165516,2293.2911235584847,6.722438220757826
1657669025381,36.923,0.31491712,0.4,0.2857143,0.33333334,0.47826087,0.23809524,0.20833333,0.13636364,0.36363637,62.300003,61.600002,60.9,60.600002,60.600002,60.300003,59.600002,60.9,59.9,61.600002,60.600002,59.600002,3975071,-1803895,1075200,1075200,1075200,1075200,1075200,1075200,652800,1401600,708,13,26,1236,16,42,613,40,81,297,16,58,195,35,80,248,37,73,260,45,247,2660,28,119,594827,19856,33453,591461,20128,63808,470136,57152,160648,400316,53711,179323,179473,74561,543844,214370,65739,299048,229568,75883,586405,442839,33025,193222,2258.32249589491,6.159776683087028
1657669026380,36.977,0.26857144,0.42857143,0.3809524,0.22727273,0.54545456,0.17391305,0.1,0.16666667,0.17391305,62.600002,61.600002,60.9,60.9,61.300003,60.9,59.9,61.600002,60.600002,61.9,60.600002,59.9,3978574,-1794434,1075200,1075200,1075200,1075200,1075200,1075200,652800,1401600,723,21,34,1413,19,35,477,45,70,289,41,73,254,50,84,428,64,79,385,53,218,2579,31,95,627586,37794,49931,689039,20797,48418,419538,79606,234340,374456,92237,265791,225764,91819,295715,361203,113740,278471,275591,74636,490600,450274,36243,161096,2205.008,4.679376623376624
1657669027420,37.044003,0.27604166,0.3478261,0.45833334,0.24,0.64,0.125,0.08695652,0.083333336,0.2,62.300003,61.9,60.9,60.600002,60.600002,60.600002,59.600002,61.300003,60.300003,61.300003,60.600002,59.600002,3989669,-1762696,1075200,1075200,1075200,1075200,1075200,1075200,652800,1401600,779,32,36,1274,32,63,347,54,112,318,37,54,329,58,84,373,66,87,280,79,226,1095,59,169,668432,47758,46455,638312,37133,89099,306417,116733,398309,404356,88077,148138,305819,96515,356533,330832,97672,322713,217437,132801,563671,351141,80494,407537,2180.8474719471947,4.8142178217821785
1657669028462,37.105003,0.28961748,0.47826087,0.27272728,0.47826087,0.4347826,0.26086956,0.13043478,0.08695652,0.2,62.9,62.600002,61.600002,61.9,61.300003,60.9,60.300003,62.300003,60.600002,62.9,61.300003,60.300003,3969816,-1918946,1075200,1075200,1075200,1075200,1075200,1075200,652800,1401600,807,28,37,1267,26,37,353,59,106,353,46,58,314,45,105,460,63,89,295,60,232,1823,50,145,713173,44904,49030,658009,24036,52017,350452,124895,323751,435621,99532,142711,281038,53619,415280,403359,85010,358782,219847,104186,556407,436620,72877,279704,2183.026832298137,4.3202484472049685
1657669029499,37.169003,0.23563218,0.3,0.35,0.2173913,0.4347826,0.05,0.09090909,0.0952381,0.22727273,62.600002,62.300003,61.600002,61.600002,60.9,61.300003,60.300003,61.600002,60.9,61.9,60.9,59.9,3971762,-1887208,1075200,1075200,1075200,1075200,1075200,1075200,652800,1401600,808,23,30,1360,16,32,457,58,72,300,42,69,428,70,103,143,35,61,278,54,234,1402,56,153,682790,37439,36119,705634,19007,40714,416070,91937,194164,345818,89147,204480,346211,113548,281157,125575,90551,496547,226179,89099,577919,435777,73902,301328,2221.480694533762,4.851292604501608
1657669030541,37.227,0.36666667,0.54545456,0.4090909,0.3809524,0.5416667,0.2173913,0.29166666,0.17391305,0.3181818,62.300003,62.600002,61.9,61.600002,60.9,60.600002,59.9,60.9,60.600002,61.600002,61.300003,59.9,3970984,-1826173,1075200,1075200,1075200,1075200,1075200,1075200,652800,1401600,801,22,43,1355,28,67,346,57,90,345,50,84,277,63,120,234,35,77,343,51,217,1552,108,122,674999,43034,46506,690589,33106,87443,340611,127223,302238,367049,115174,228300,290464,119534,462111,217693,67865,467591,241770,88295,612666,467321,162508,230092,2258.3196510903426,6.189457943925234
1657669031563,37.287003,0.12376238,0.08,0.23076923,0.1923077,0.083333336,0.1923077,0.22222222,0.0,0.04,62.9,62.600002,61.9,62.300003,61.9,61.600002,60.600002,61.9,60.9,61.600002,61.300003,60.300003,3972151,-1867066,1075200,1075200,1075200,1075200,1075200,1075200,652800,1401600,850,11,20,1657,16,30,552,46,89,387,33,56,480,47,96,396,29,59,317,54,211,2591,55,39,630204,17831,18792,688924,21020,30549,475577,74453,186004,353363,71016,184373,372173,82444,362863,256455,36770,389780,257030,87060,524990,473383,84724,103440,-1.0,-1.0
1657669032568,37.338,0.014492754,0.0,0.0,0.037037037,0.0,0.07692308,0.0,0.0,0.0,58.600002,58.300003,57.600002,57.9,57.9,57.9,57.600002,57.9,57.9,58.300003,57.300003,56.600002,4077255,-463257,1075200,1075200,1075200,1075200,1075200,1075200,652800,1401600,678,2,11,1005,4,14,418,54,105,297,36,85,323,35,62,232,26,82,72,5,77,100,34,110,811655,4728,56349,777967,4087,70128,326709,108979,384978,263169,54559,532196,202916,112129,473776,233083,56497,413239,96649,8049,596220,99954,69592,618053,-1.0,-1.0
1657669033624,37.382,0.13930348,0.04347826,0.125,0.1923077,0.1923077,0.23076923,0.125,0.07692308,0.083333336,55.600002,55.600002,55.300003,55.300003,55.600002,55.600002,55.300003,55.300003,55.600002,55.300003,54.600002,53.9,4088544,-435791,1075200,1075200,1075200,1075200,1075200,1075200,652800,1401600,104,27,50,232,16,72,115,14,81,50,7,35,37,2,31,47,5,37,2,0,13,1,2,23,255293,67347,695304,268062,21566,667825,86307,29052,876719,28202,23661,957841,28978,1683,863035,49904,10431,871274,4422,0,766698,1039,10737,964472,-1.0,-1.0
1657669034634,37.402,0.24431819,0.27272728,0.26086956,0.3478261,0.22727273,0.3478261,0.44,0.08695652,0.17391305,54.9,55.300003,54.300003,54.9,54.9,54.9,54.9,55.600002,55.300003,55.9,53.9,53.600002,4100612,-608215,1075200,1075200,1075200,1075200,1075200,1075200,652800,1401600,475,1,16,739,1,17,229,21,46,250,13,51,98,4,27,343,17,38,68,1,39,124,6,41,440228,4302,443783,477388,2771,446299,164783,53355,698526,163822,31725,745223,75890,8802,753977,144848,38484,729308,120798,669,1328175,99328,17698,895729,-1.0,-1.0
1657669035674,37.412003,0.027173912,0.041666668,0.0,0.0,0.041666668,0.04347826,0.09090909,0.0,0.0,53.300003,53.300003,52.9,53.600002,53.300003,53.300003,52.9,53.300003,52.9,53.600002,52.600002,52.600002,4114626,-223388,1075200,1075200,1075200,1075200,1075200,1075200,652800,1401600,520,8,24,977,10,35,226,20,69,315,18,60,154,5,42,188,7,33,74,5,34,130,3,53,519020,19766,318998,569000,26138,296256,178025,51592,660975,196886,33067,679283,172489,13722,680845,144549,19424,654926,128881,9777,859811,112831,4913,832241,-1.0,-1.0
1657669036683,37.409,0.09714286,0.17391305,0.13636364,0.04761905,0.09090909,0.16,0.13636364,0.045454547,0.04761905,52.300003,52.300003,51.9,52.300003,52.600002,52.300003,51.9,51.9,52.300003,52.300003,51.600002,51.300003,4112679,-597839,1075200,1075200,1075200,1075200,1075200,1075200,652800,1401600,300,3,29,523,11,69,119,17,52,130,13,54,146,10,76,180,7,32,57,1,23,47,7,39,386847,3126,548637,411520,17281,517532,98889,57793,806423,103711,23131,829104,121962,16872,762820,93820,10532,754077,56873,433,747038,51836,20566,857082,-1.0,-1.0
1657669037705,37.396,0.10055866,0.09090909,0.0952381,0.125,0.09090909,0.08695652,0.17391305,0.0,0.13043478,52.300003,51.9,51.9,51.600002,51.9,51.9,51.600002,52.300003,51.9,52.9,51.300003,50.9,4100028,-488586,1075200,1075200,1075200,1075200,1075200,1075200,652800,1401600,712,0,24,1208,3,37,286,13,45,246,24,73,447,8,45,226,7,39,104,1,53,186,6,55,477010,0,446488,517415,7503,376014,231280,34308,667880,251948,62109,609376,209458,23268,645368,225180,10224,649790,187312,1377,904826,186925,14680,738725,-1.0,-1.0
1657669038717,37.379,0.04812834,0.04347826,0.12,0.041666668,0.041666668,0.083333336,0.04347826,0.041666668,0.08,51.300003,51.300003,50.600002,51.300003,51.300003,50.9,50.9,51.300003,50.9,51.300003,50.300003,50.300003,4105283,-389099,1075200,1075200,1075200,1075200,1075200,1075200,652800,1401600,1342,2,5,1931,2,6,447,12,72,855,32,62,445,6,47,655,18,53,163,6,97,418,11,48,757467,8364,46833,830398,12438,34673,394182,22164,464426,433445,76490,372901,361792,19669,444380,409651,46385,364426,331421,11594,636237,381279,20863,552278,-1.0,-1.0
1657669039727,37.358,0.014354067,0.0,0.0,0.0,0.037037037,0.10714286,0.0,0.0,0.0,50.9,50.600002,50.300003,50.600002,50.300003,50.600002,50.300003,50.600002,50.600002,51.300003,49.600002,49.300003,4108008,-298156,1075200,1075200,1075200,1075200,1075200,1075200,652800,1401600,785,6,30,1026,12,38,625,16,57,203,17,63,322,18,54,255,16,53,84,4,59,195,17,54,612361,5604,256765,668123,23361,223128,268353,22337,620920,224148,45489,652766,238408,47748,561505,227082,48291,582077,179893,15130,818138,201135,30291,697939,-1.0,-1.0
1657669040795,37.331,0.10891089,0.0,0.08,0.03846154,0.0,0.07692308,0.7037037,0.03846154,0.0,49.300003,49.600002,48.600002,49.300003,49.600002,48.9,48.9,48.9,48.9,49.300003,48.600002,48.300003,4126693,-166015,1075200,1075200,1075200,1075200,1075200,1075200,652800,1401600,126,6,78,180,3,71,14,7,31,72,6,70,34,4,25,60,1,31,0,0,4,1,0,25,265098,5101,745038,241454,2071,776920,25796,19553,991748,50473,19152,948369,18313,16917,873164,60684,444,943157,0,0,975144,0,0,956533,-1.0,-1.0
1657669041832,37.298,0.03954802,0.0,0.0,0.0,0.04347826,0.0952381,0.045454547,0.0,0.0,48.9,48.600002,48.300003,48.600002,48.9,48.9,48.300003,48.300003,48.600002,48.600002,47.9,47.9,4117351,-252075,1075200,1075200,1075200,1075200,1075200,1075200,652800,1401600,117,10,66,185,26,69,65,10,54,17,5,30,34,6,26,16,2,26,0,0,4,0,0,20,199428,34422,773432,262656,63956,649905,34140,39706,943975,23448,10338,968590,31676,18976,837725,9832,8465,706255,0,0,990332,0,0,1133439,-1.0,-1.0
1657669042850,37.267002,0.06818182,0.04761905,0.0952381,0.045454547,0.04761905,0.08695652,0.13043478,0.045454547,0.045454547,47.600002,48.300003,47.600002,47.9,47.9,47.9,47.9,47.600002,47.9,48.300003,47.300003,47.600002,4125915,-182190,1075200,1075200,1075200,1075200,1075200,1075200,652800,1401600,183,26,47,253,25,54,148,22,67,123,18,72,107,9,32,98,2,33,44,21,53,49,13,62,248529,39202,540139,259019,35344,453642,103976,51794,661764,91588,31678,723303,82782,15438,573952,55798,4932,616656,57092,56130,843458,33600,35117,797111,-1.0,-1.0
1657669043855,37.247,0.024509804,0.03846154,0.04,0.03846154,0.0,0.04,0.0,0.0,0.0,47.9,47.9,47.600002,47.600002,47.600002,47.9,47.600002,48.300003,47.9,48.600002,46.600002,46.9,4113847,-320739,1075200,1075200,1075200,1075200,1075200,1075200,652800,1401600,739,2,30,996,4,41,506,21,66,326,23,97,284,13,48,226,14,47,99,7,66,177,8,61,508406,0,350328,557561,4764,315060,252329,48881,585745,278311,47114,554024,206233,28181,617457,204946,45761,568574,171109,19054,915130,190063,13070,745577,-1.0,-1.0
1657669044901,37.203003,0.06666667,0.04347826,0.12,0.083333336,0.08,0.083333336,0.083333336,0.04,0.0,47.300003,47.300003,46.9,47.300003,47.300003,47.300003,46.9,47.300003,47.600002,47.9,46.600002,46.300003,4114820,-414429,1075200,1075200,1075200,1075200,1075200,1075200,652800,1401600,612,5,19,887,4,29,332,10,47,318,26,58,342,16,61,257,8,37,84,1,42,144,9,39,549348,16554,331012,595449,12567,306440,192056,18907,705352,219336,57587,646100,217330,41629,631180,180846,21520,652388,141767,1643,817192,122703,34625,733667,-1.0,-1.0
1657669045909,37.166,0.11731844,0.13043478,0.13636364,0.13636364,0.2,0.13636364,0.125,0.13043478,0.09090909,47.600002,47.9,47.300003,47.9,47.600002,47.9,47.300003,48.600002,47.9,49.9,46.300003,46.300003,4104894,-436401,1075200,1075200,1075200,1075200,1075200,1075200,652800,1401600,762,5,24,1099,4,14,424,31,66,351,30,59,482,11,48,292,14,41,105,4,61,151,11,49,660062,7574,106736,708207,4113,99947,284761,70562,476428,267153,69780,506375,221818,24055,553409,191838,36468,494061,155872,6600,855904,124728,22082,729617,-1.0,-1.0
1657669046922,37.139,0.23163842,0.36363637,0.3478261,0.5,0.05,0.25,0.13636364,0.04347826,0.18181819,47.300003,47.600002,46.9,47.600002,47.9,47.300003,46.9,46.9,47.300003,47.300003,46.9,46.600002,4103921,-499573,1075200,1075200,1075200,1075200,1075200,1075200,652800,1401600,615,14,50,1017,18,55,469,51,59,366,42,92,228,17,52,178,17,46,83,8,74,173,20,98,562841,26204,239050,582916,31313,241593,325934,116596,372917,264209,92271,481297,131263,40234,540228,130462,35310,618938,93983,17595,806858,138575,53555,580375,70.86166096423017,1.1793965785381026
1657669047972,37.095,0.42937854,0.7619048,0.6363636,0.95652175,0.045454547,0.26086956,0.09090909,0.045454547,0.59090906,49.9,49.9,49.600002,49.600002,49.600002,49.600002,48.600002,49.9,48.9,50.9,48.300003,47.9,4024703,-1481019,1075200,1075200,1075200,1075200,1075200,1075200,652800,1401600,660,19,32,895,21,36,287,39,66,233,53,80,401,47,69,324,31,60,134,34,87,145,49,126,651084,37629,98766,628163,31209,114764,327380,112497,264944,232171,104966,477475,339675,101625,324089,249553,61954,351614,109128,63809,781867,128419,121713,539927,1270.8395162790696,8.148142635658914
1657669048997,37.068,0.38918918,0.47826087,0.45454547,0.8,0.1904762,0.2173913,0.20833333,0.083333336,0.65217394,51.300003,51.300003,50.300003,50.600002,50.600002,50.600002,50.300003,51.300003,50.600002,51.9,50.300003,49.300003,4005629,-1709595,1075200,1075200,1075200,1075200,1075200,1075200,652800,1401600,634,15,16,1199,12,38,171,6,12,347,64,108,212,34,52,129,26,60,319,119,123,2679,30,96,586207,23734,26562,599434,16788,48440,300852,12076,43354,298990,122392,398402,153162,69569,530339,115771,58161,619537,266128,207130,368863,443157,48586,162509,2047.448832,10.429696
1657669050026,37.061,0.32748538,0.4347826,0.36363637,0.71428573,0.1904762,0.23809524,0.27272728,0.2173913,0.23809524,52.9,52.9,51.9,51.9,51.600002,51.300003,50.600002,52.300003,50.9,53.300003,51.300003,50.9,4009132,-1630250,1075200,1075200,1075200,1075200,1075200,1075200,652800,1401600,813,3,13,1594,5,21,184,10,26,470,51,97,517,54,82,331,35,78,88,44,138,3636,9,21,701514,5414,22933,709385,8558,20075,289259,42683,71585,342639,71504,265985,367446,62434,231468,270322,44208,415744,85346,110652,730428,476047,6930,37427,1981.2614449612404,8.873426356589148
1657669051069,37.075,0.4,0.39130434,0.3846154,0.68,0.3478261,0.3846154,0.4,0.23076923,0.29166666,53.600002,53.300003,53.300003,52.600002,52.300003,52.600002,52.300003,53.600002,52.600002,54.300003,52.600002,51.9,4004267,-1627808,1075200,1075200,1075200,1075200,1075200,1075200,652800,1401600,768,12,16,1475,13,40,284,22,39,431,68,100,203,38,68,304,37,77,239,27,105,2333,53,125,642084,12654,16270,693491,10121,41776,378559,40584,87646,364512,102797,289801,175284,103875,496401,229900,77713,431535,119226,76170,715975,424777,62876,212091,1730.3529470404985,8.764959501557632
1657669052110,37.105003,0.30653265,0.5,0.44,0.78571427,0.083333336,0.2857143,0.083333336,0.04,0.32,54.600002,54.300003,53.9,53.300003,52.9,53.300003,53.300003,53.600002,53.300003,53.600002,53.300003,52.300003,4000568,-1625367,1075200,1075200,1075200,1075200,1075200,1075200,652800,1401600,783,11,18,1434,26,27,173,7,21,414,54,84,150,20,45,73,12,35,298,74,175,3385,20,106,740223,19791,20262,723378,32316,31247,282894,19163,66612,331749,90790,224824,114598,45792,378962,54945,31528,407380,233668,114365,432069,446204,23614,175378,1578.8546928104574,7.459503267973856
1657669053121,37.125,0.3756906,0.5,0.39130434,0.6666667,0.18181819,0.26086956,0.29166666,0.0952381,0.5652174,54.600002,54.300003,53.600002,53.9,53.9,53.300003,52.600002,54.300003,52.9,54.9,53.300003,52.600002,4008354,-1588441,1075200,1075200,1075200,1075200,1075200,1075200,652800,1401600,758,6,11,1253,8,14,281,15,30,380,55,69,287,45,84,277,37,57,299,53,152,1963,51,116,669452,6285,11331,612509,8086,14252,359129,36318,60281,322542,98396,193235,237664,71098,358439,219016,69883,319865,166293,107943,607313,416211,58662,198488,1592.3972755417958,8.230191950464397
1657669054167,37.162003,0.27222222,0.45454547,0.4090909,0.75,0.04347826,0.083333336,0.09090909,0.08695652,0.26086956,55.300003,55.300003,54.600002,54.300003,54.300003,53.9,53.300003,54.600002,53.9,55.600002,53.9,53.300003,4004072,-1652222,1075200,1075200,1075200,1075200,1075200,1075200,652800,1401600,767,16,28,1471,18,54,305,12,28,390,66,80,148,30,55,445,73,107,223,44,139,2135,42,128,753790,23188,30693,769305,15325,57207,483077,28804,72376,333678,125552,377624,122978,65630,516379,394199,104604,271054,128513,96196,675941,431969,52692,229718,1605.9736529968454,8.708542586750788
1657669055183,37.210003,0.33673468,0.42307693,0.375,0.71428573,0.24,0.16,0.32,0.1923077,0.41666666,55.600002,55.300003,54.9,54.600002,54.600002,54.300003,53.600002,54.9,53.9,55.9,53.9,53.300003,4006018,-1540528,1075200,1075200,1075200,1075200,1075200,1075200,652800,1401600,734,8,23,1506,7,26,260,16,31,370,42,80,315,50,95,211,31,85,67,25,104,2298,50,126,636294,10142,32411,766773,7933,25682,446089,27649,81741,313530,73504,415151,280033,90613,400119,169572,77625,533662,64713,73771,815800,463026,52243,191152,1624.6689211356465,8.301640378548896
1657669056247,37.25,0.28292683,0.46153846,0.44,0.6666667,0.08,0.20833333,0.0,0.04,0.24,55.600002,55.300003,54.9,54.9,54.300003,53.9,53.600002,54.600002,53.9,54.9,53.9,53.600002,4012052,-1466675,1075200,1075200,1075200,1075200,1075200,1075200,652800,1401600,854,21,40,1326,26,49,322,15,42,489,65,99,233,60,60,216,36,83,139,11,77,1970,57,121,778573,32139,40532,672430,30008,55862,463063,38574,81159,420167,86405,226448,204404,120249,524860,185045,70770,585367,66646,24336,872014,486489,81979,201635,1491.2844086687305,7.23322600619195
1657669057291,37.298,0.3505747,0.52380955,0.35,0.6818182,0.18181819,0.26086956,0.2,0.0952381,0.4,55.9,55.9,54.9,54.9,54.600002,54.300003,53.600002,54.9,53.9,54.9,54.600002,53.600002,3996870,-1648865,1075200,1075200,1075200,1075200,1075200,1075200,652800,1401600,843,11,22,1398,16,34,281,24,31,349,57,85,361,42,76,327,40,107,19,21,92,1365,70,171,758699,13483,25451,708750,18412,43931,423259,54617,69629,270296,124115,390696,273535,61822,415886,292376,67600,451704,31886,67809,804654,367611,97574,353606,1797.9742630744847,8.687112519809824
1657669058288,37.342003,0.3604651,0.5714286,0.45454547,0.6956522,0.45,0.2173913,0.14285715,0.09090909,0.33333334,56.300003,55.9,55.300003,55.300003,54.9,54.9,54.300003,55.300003,54.600002,55.600002,54.600002,54.300003,3999401,-1582337,1075200,1075200,1075200,1075200,1075200,1075200,652800,1401600,750,27,34,1301,25,61,319,26,37,258,53,92,316,49,93,255,39,65,106,22,90,1785,31,130,677974,49528,40841,645661,22208,78492,486314,72975,99916,241873,96955,367130,272858,95610,420938,219845,57572,487720,56991,53426,895075,443758,49824,238760,1682.5845008025683,8.516982343499196
1657669059295,37.392002,0.519774,0.6,0.5,0.82608694,0.5416667,0.5,0.42857143,0.18181819,0.47619048,56.600002,56.300003,55.9,55.600002,55.300003,55.600002,54.600002,55.600002,55.300003,55.9,55.300003,54.300003,4002709,-1538392,1075200,1075200,1075200,1075200,1075200,1075200,652800,1401600,747,11,22,1330,16,28,324,15,27,496,66,110,356,61,90,335,43,66,58,19,119,1739,37,151,644309,15150,25618,653414,12454,35138,436986,27167,60623,387003,91470,214108,317264,122352,268965,265597,88897,366209,28991,65485,838451,433986,51003,256899,1654.561900481541,8.503678972712681
1657669060333,37.45,0.40865386,0.56,0.375,0.7037037,0.32,0.4074074,0.33333334,0.11111111,0.3846154,56.9,56.9,55.9,56.300003,56.300003,55.600002,54.9,56.600002,55.300003,57.600002,55.300003,54.600002,4001931,-1565247,1075200,1075200,1075200,1075200,1075200,1075200,652800,1401600,767,10,27,1481,26,77,307,13,34,387,75,109,316,51,92,196,33,77,219,32,100,2237,43,105,677168,9182,23598,753267,27062,79137,479418,43242,102217,375066,107050,273234,255694,69632,334557,171437,73489,533016,99268,84126,779150,499483,42253,165019,1654.2287243066885,7.31552365415987
1657669061340,37.504,0.38285714,0.47826087,0.45454547,0.72727275,0.18181819,0.4347826,0.3181818,0.09090909,0.41666666,56.9,56.600002,56.300003,56.300003,56.300003,55.9,54.9,56.600002,55.600002,57.300003,55.600002,54.600002,4000568,-1543885,1075200,1075200,1075200,1075200,1075200,1075200,652800,1401600,816,6,19,1506,13,30,373,19,34,355,48,88,306,45,85,345,65,79,80,45,130,1835,42,131,741826,10849,24823,749568,13585,33195,499713,37807,57872,309373,82395,424141,282685,69795,300687,289042,109920,277676,79604,113206,724047,469394,52275,199299,1724.0913628899837,8.668584564860428
1657669062361,37.551003,0.42105263,0.47619048,0.47826087,0.77272725,0.25,0.45454547,0.25,0.17391305,0.47619048,57.300003,56.9,56.600002,56.300003,56.600002,55.9,54.9,56.300003,55.300003,56.600002,55.600002,54.600002,4010106,-1514893,1075200,1075200,1075200,1075200,1075200,1075200,652800,1401600,759,12,21,1314,16,28,330,11,31,351,45,90,286,45,84,203,33,70,371,15,112,1563,49,181,652152,12623,24173,647584,14657,31043,446844,19439,70074,300575,85517,470555,249675,79305,341559,186691,66447,413910,140736,41299,707723,407333,60875,295149,1759.285,8.252684210526317
1657669063363,37.615,0.38764045,0.54545456,0.3809524,0.6956522,0.5,0.18181819,0.22727273,0.17391305,0.36363637,57.600002,57.300003,56.600002,56.600002,56.300003,55.9,55.300003,56.9,55.600002,57.9,55.9,54.9,3999595,-1629334,1075200,1075200,1075200,1075200,1075200,1075200,652800,1401600,851,6,17,1319,16,50,288,19,32,401,63,110,218,44,69,289,43,85,99,18,92,1829,29,110,723129,8434,21726,665165,20943,52817,458770,37870,66578,341426,79080,378468,206850,81775,434277,253764,75535,499493,57822,45620,817684,509838,27481,167886,1816.6165534591196,8.485635220125786
1657669064408,37.679,0.39772728,0.45,0.45454547,0.7619048,0.5217391,0.23809524,0.3043478,0.04761905,0.36363637,57.300003,57.300003,56.600002,56.300003,56.300003,55.9,55.300003,56.9,55.600002,57.600002,55.9,55.300003,3993756,-1612244,1075200,1075200,1075200,1075200,1075200,1075200,652800,1401600,858,8,16,1554,13,32,334,14,40,370,73,101,263,44,68,396,54,96,162,20,107,1982,22,123,739143,8619,17478,738572,12848,26595,513045,24303,60698,311847,123938,307371,262445,85668,338451,306710,73742,362416,82897,43915,806029,468235,22584,207811,1900.6602732919255,8.633391304347827
1657669065425,37.734,0.3505747,0.4,0.4,0.72727275,0.47619048,0.0952381,0.0952381,0.2173913,0.4,57.9,57.600002,57.300003,56.9,56.9,56.600002,55.600002,57.600002,56.600002,58.300003,56.600002,55.600002,3998038,-1540528,1075200,1075200,1075200,1075200,1075200,1075200,652800,1401600,836,13,10,1490,8,29,359,24,39,382,56,92,354,56,86,260,39,89,212,28,101,1264,53,179,692423,18388,14483,687789,9901,26186,469539,45978,78456,294045,79615,369790,298721,82651,359011,245925,68196,480727,85869,66534,732960,407141,52847,283244,1950.1584548286605,8.935426791277258
1657669066416,37.798,0.45856354,0.5714286,0.52380955,0.8333333,0.4090909,0.36363637,0.3478261,0.045454547,0.4347826,58.300003,57.9,57.600002,56.9,57.300003,56.600002,55.600002,56.9,56.300003,57.600002,56.600002,55.600002,4003293,-1584778,1075200,1075200,1075200,1075200,1075200,1075200,652800,1401600,896,10,19,1459,13,28,433,16,35,311,55,99,284,52,101,256,49,79,207,41,108,1538,82,84,766425,15459,23283,689310,11670,26428,530256,28853,71689,292862,91411,393618,224630,111494,503793,238416,96921,405767,110531,80095,661081,486590,103897,125722,1943.664049689441,8.872496894409938
1657669067412,37.842003,0.35897437,0.5416667,0.375,0.68,0.2173913,0.2,0.20833333,0.12,0.52,58.300003,57.9,57.600002,57.300003,56.9,56.9,55.600002,58.300003,56.300003,58.600002,56.9,55.9,3992004,-1618653,1075200,1075200,1075200,1075200,1075200,1075200,652800,1401600,742,6,19,1358,16,40,300,5,25,318,39,101,252,38,74,195,39,81,111,30,117,1738,71,93,651975,7094,23816,637329,18242,40428,389577,7713,55471,269865,67467,467563,199545,70115,522032,188451,81998,517748,91651,51002,816386,475137,75674,145477,2002.2914828150572,8.855306055646482
1657669068446,37.896,0.275,0.5,0.33333334,0.6296296,0.16666667,0.115384616,0.08,0.04,0.3478261,58.9,58.600002,57.9,57.600002,57.300003,56.9,56.300003,58.300003,56.9,58.9,56.9,55.9,3992588,-1643067,1075200,1075200,1075200,1075200,1075200,1075200,652800,1401600,806,5,14,1782,12,28,348,7,27,450,76,105,461,64,101,316,42,98,97,15,107,1726,31,146,751348,5884,16875,819168,8391,29247,486684,8807,47282,389483,104805,258772,375980,90765,293803,260042,49684,438590,59457,41941,833268,462468,24294,212768,2075.1177216,10.036531199999999
1657669069464,37.940002,0.33502537,0.4347826,0.375,0.65384614,0.24,0.08,0.42307693,0.08,0.41666666,58.9,58.9,57.9,57.9,57.9,57.600002,56.300003,58.300003,56.9,58.600002,57.300003,56.300003,3992004,-1650086,1075200,1075200,1075200,1075200,1075200,1075200,652800,1401600,835,6,13,1559,9,37,453,9,33,426,82,80,307,35,99,345,57,105,65,22,86,2047,31,94,734222,9134,16944,730178,10301,34033,639585,12339,72376,369698,151682,222178,252852,53413,429264,301816,114365,391903,56253,51060,838785,464368,29774,154597,2089.1953986928106,9.93364705882353
1657669070484,37.994003,0.34269664,0.6,0.5,0.6666667,0.1904762,0.14285715,0.14285715,0.041666668,0.3809524,59.300003,58.9,58.300003,58.300003,57.600002,57.300003,56.9,58.600002,57.300003,59.300003,57.600002,56.600002,3998622,-1597596,1075200,1075200,1075200,1075200,1075200,1075200,652800,1401600,894,3,12,1664,5,20,419,5,19,378,53,102,183,27,75,465,61,80,138,6,77,2154,30,99,780136,2837,14160,759571,4244,16438,547816,10743,31383,305894,85993,437137,152630,51515,601672,360056,97760,262538,60765,5637,854198,483957,24755,156112,2102.895542857143,10.592812698412697
1657669071481,38.041,0.25862068,0.31578946,0.3478261,0.22727273,0.22727273,0.22727273,0.23809524,0.13636364,0.27272728,59.9,59.600002,58.600002,58.9,58.600002,58.300003,57.600002,59.600002,58.9,60.9,57.9,56.9,3979353,-1818848,1075200,1075200,1075200,1075200,1075200,1075200,652800,1401600,811,1,3,1635,1,11,449,13,24,463,51,88,379,40,74,514,66,84,174,12,97,1973,30,115,626313,1171,4727,682730,776,7894,571071,30977,54121,374602,81725,283718,270630,62856,374176,365821,127404,233255,162467,38094,730831,424340,30734,192407,-1.0,-1.0
1657669072514,38.092003,0.1262136,0.07692308,0.07692308,0.03846154,0.03846154,0.65384614,0.12,0.0,0.03846154,55.600002,55.300003,54.600002,55.300003,55.600002,54.9,54.9,55.300003,54.9,55.600002,53.9,53.600002,4104699,-290222,1075200,1075200,1075200,1075200,1075200,1075200,652800,1401600,783,0,15,1119,0,12,222,16,63,378,38,58,258,20,59,540,31,79,94,1,62,187,9,81,681589,0,169487,704734,0,173426,229050,33669,595921,285370,100784,458751,249234,53229,508838,307169,72650,483727,132260,993,726770,160668,23489,657484,-1.0,-1.0
1657669073524,38.109,0.13529412,0.08695652,0.09090909,0.04761905,0.045454547,0.54545456,0.45454547,0.0,0.0,53.300003,53.600002,53.300003,53.600002,53.9,53.600002,53.300003,53.300003,53.300003,53.600002,52.600002,52.300003,4108981,-265503,1075200,1075200,1075200,1075200,1075200,1075200,652800,1401600,376,0,11,717,10,37,256,30,60,270,29,76,243,16,33,232,38,80,105,8,50,71,9,44,532021,0,318626,576642,16692,288373,211180,56775,635091,223962,76415,575037,116023,38275,422231,184937,89875,490322,111925,12972,749945,71439,28026,791159,0.031323763955342906,0.08905901116427432
1657669074576,38.122,0.11235955,0.2173913,0.0952381,0.04761905,0.09090909,0.2173913,0.08695652,0.04347826,0.13043478,52.300003,52.600002,51.9,52.300003,52.300003,51.9,51.9,52.300003,51.9,52.300003,51.600002,51.600002,4111511,-210571,1075200,1075200,1075200,1075200,1075200,1075200,652800,1401600,1181,8,42,1429,18,50,418,7,28,455,8,23,379,0,18,478,0,21,661,27,47,412,4,42,378249,11739,430807,433998,39272,331692,230114,23798,437684,236789,28487,403096,194078,0,295034,264478,0,381570,383033,73734,437632,197780,19969,579798,-1.0,-1.0
1657669075574,38.132,0.2893401,0.41666666,0.29166666,0.625,0.375,0.08,0.16666667,0.125,0.24,51.600002,51.300003,50.9,50.9,51.600002,51.300003,50.9,51.300003,51.300003,51.300003,50.300003,50.300003,4085625,-422363,1075200,1075200,1075200,1075200,1075200,1075200,652800,1401600,702,8,40,905,18,45,399,17,53,319,13,61,308,22,61,237,26,68,107,3,61,161,8,63,512590,25757,237489,567218,59062,199383,192311,42115,711980,224914,31446,716138,237790,40378,426575,240409,88376,475045,191135,1545,740051,157737,25434,699629,0.9424755700325733,0.037628664495114005
1657669076582,38.112003,0.3880597,0.5,0.42307693,0.65384614,0.375,0.20833333,0.53846157,0.1923077,0.16666667,52.9,52.9,52.300003,52.300003,52.300003,52.300003,51.9,52.9,52.600002,53.300003,51.9,50.9,4028207,-1353150,1075200,1075200,1075200,1075200,1075200,1075200,652800,1401600,681,6,27,932,14,39,443,22,40,448,48,67,173,24,77,171,28,56,121,34,119,690,35,120,521657,7727,285960,567458,23189,245679,401961,29571,336160,346859,108351,401897,162640,51385,611040,164482,48707,520429,131777,100894,795018,234542,51818,536673,1283.5589656301145,8.016497545008184
1657669077585,38.098003,0.3988764,0.42105263,0.5,0.6086956,0.45833334,0.5217391,0.2173913,0.29166666,0.3043478,54.300003,53.9,53.9,53.9,53.600002,53.300003,52.300003,52.9,52.9,53.300003,52.9,52.300003,4004267,-1572266,1075200,1075200,1075200,1075200,1075200,1075200,652800,1401600,691,21,20,1282,22,29,197,27,38,574,44,68,269,36,65,275,54,92,172,49,193,1558,68,204,670937,26512,23235,678578,23807,44458,307155,66599,151989,524142,76344,141470,232314,57063,462876,266842,99787,368890,194730,89647,566837,378177,90714,365759,1581.2156836902802,9.445693574958815
1657669078609,38.102,0.45549738,0.625,0.5,0.7083333,0.47826087,0.45833334,0.3478261,0.17391305,0.36,55.600002,54.9,54.9,54.600002,54.300003,54.300003,53.300003,54.600002,53.9,55.300003,54.300003,53.600002,3997843,-1580201,1075200,1075200,1075200,1075200,1075200,1075200,652800,1401600,732,12,16,1341,8,27,310,23,47,616,53,74,249,43,97,278,53,79,430,51,254,1917,61,157,677105,23004,21966,639063,9064,33505,463977,53424,118979,558007,90817,128141,221727,83555,380400,250804,101897,324891,284907,83973,487992,456751,65739,219557,1560.4207816091955,8.341911330049262
1657669079604,38.115,0.43820226,0.6086956,0.52380955,0.75,0.5416667,0.27272728,0.23809524,0.25,0.3043478,56.300003,56.300003,55.600002,55.300003,54.9,54.600002,54.300003,54.9,54.600002,55.600002,54.600002,53.9,4006991,-1607056,1075200,1075200,1075200,1075200,1075200,1075200,652800,1401600,730,18,19,1296,12,33,284,28,33,632,38,69,399,43,89,239,44,81,309,46,255,1998,42,135,667262,21699,25079,643680,15412,43558,403254,80781,90024,546927,70616,143738,318416,57162,250114,205860,66968,409484,263785,86265,519792,449247,43611,210870,1556.5052852459016,8.400786885245903
1657669080611,38.125,0.32417583,0.54545456,0.2857143,0.6086956,0.52,0.09090909,0.17391305,0.2173913,0.18181819,56.300003,56.300003,55.600002,55.300003,54.9,54.9,54.600002,55.300003,54.600002,55.300003,54.9,54.300003,4012831,-1486207,1075200,1075200,1075200,1075200,1075200,1075200,652800,1401600,642,20,23,1143,21,40,329,31,51,519,32,75,313,51,80,245,34,76,320,40,227,1732,45,169,631218,25128,24282,597542,21112,39847,437673,69982,123539,478305,65024,132669,276558,84624,359050,194624,49190,478743,247309,77313,537213,436351,60590,245695,1653.4650892018778,9.616075117370892
1657669081623,38.149002,0.34,0.53846157,0.4,0.61538464,0.375,0.08,0.24,0.23076923,0.28,56.600002,56.600002,55.9,56.600002,55.9,55.600002,54.9,56.300003,55.300003,56.600002,55.600002,54.600002,4000763,-1552430,1075200,1075200,1075200,1075200,1075200,1075200,652800,1401600,718,16,17,1291,5,30,314,23,37,482,45,64,305,25,45,193,38,61,266,66,230,2043,57,162,685139,17576,20497,628743,5568,44187,463923,50542,86875,457324,66394,147429,213489,34083,263276,184641,56164,301986,246651,107254,471865,461993,55239,219854,1607.8324736,8.4184576
1657669082717,38.186,0.30150753,0.5416667,0.44,0.64,0.33333334,0.04347826,0.12,0.1923077,0.125,56.9,57.300003,56.300003,56.300003,55.9,55.9,54.9,56.600002,55.600002,56.9,55.600002,54.9,4005434,-1528931,1075200,1075200,1075200,1075200,1075200,1075200,652800,1401600,681,16,29,1445,14,45,340,28,51,585,42,86,256,37,79,343,58,103,316,66,255,2177,41,173,660588,23132,35501,696005,13877,56308,494935,70397,118476,507975,77558,179771,207138,72046,573485,317282,87233,352328,287956,111118,542377,545771,45866,233797,1686.3292794830372,9.390681744749596
1657669083759,38.234,0.30612245,0.39130434,0.4,0.6296296,0.32,0.125,0.12,0.2,0.28,57.600002,57.9,56.9,57.300003,56.9,56.300003,55.9,57.300003,56.600002,58.300003,56.300003,55.600002,3991226,-1752625,1075200,1075200,1075200,1075200,1075200,1075200,652800,1401600,664,13,20,1360,9,20,272,23,38,646,43,86,391,63,74,276,32,72,383,57,251,2242,48,121,618724,22729,27710,631590,8781,21658,434419,53166,89762,523452,71074,154640,298084,110040,353233,203072,65648,468808,307732,67427,500771,440069,49166,174543,1616.1773443163097,8.263485996705107
1657669084829,38.24,0.42307693,0.4,0.36363637,0.64,0.45833334,0.8636364,0.08695652,0.13043478,0.33333334,57.600002,57.600002,56.600002,56.9,56.600002,56.600002,55.9,56.9,56.300003,57.300003,56.300003,55.600002,3999206,-1689454,1075200,1075200,1075200,1075200,1075200,1075200,652800,1401600,761,16,30,1369,9,37,365,28,47,572,42,84,304,59,86,148,35,89,431,53,209,1940,51,169,699421,23440,35261,708502,8321,37860,506185,49322,102927,557336,60973,160047,244050,117388,336281,163387,75238,597819,261615,86462,513586,530638,55270,236737,1644.8815627906977,9.583925581395349
1657669085871,38.278004,0.3901099,0.61904764,0.54545456,0.76,0.52380955,0.2173913,0.25,0.16,0.16666667,58.300003,57.600002,57.300003,57.600002,57.300003,56.600002,56.300003,57.600002,56.600002,58.300003,56.600002,55.600002,4011468,-1487733,1075200,1075200,1075200,1075200,1075200,1075200,652800,1401600,755,8,18,1531,12,37,334,23,50,613,51,97,305,54,74,265,44,75,312,79,232,2796,34,111,694002,12292,28395,737591,8840,35251,534177,63684,135821,554176,83678,152947,255718,85354,229269,249771,76845,412707,279054,112794,463442,555131,17728,120974,1224.1512249589491,5.9463776683087035
1657669086925,38.318,0.4857143,0.61904764,0.5714286,0.71428573,0.5217391,0.36363637,0.42857143,0.3478261,0.33333334,58.300003,57.9,57.600002,57.600002,57.300003,56.9,56.300003,57.600002,57.300003,58.600002,56.600002,55.9,3999790,-1585999,1075200,1075200,1075200,1075200,1075200,1075200,652800,1401600,788,13,19,1338,18,32,360,28,49,495,58,82,294,55,90,333,58,94,289,78,234,1356,70,186,704924,20709,29328,687983,21232,47758,433431,64116,111535,454713,119012,185664,288033,96517,415726,317385,86307,368765,243046,158166,538971,365272,122693,331074,1694.520328407225,9.191146141215107
1657669087942,38.355003,0.37209302,0.4,0.3809524,0.59090906,0.42857143,0.21052632,0.27272728,0.3043478,0.3,58.9,58.9,57.9,58.300003,57.600002,57.600002,56.9,58.300003,57.9,59.600002,56.9,56.300003,3998817,-1589051,1075200,1075200,1075200,1075200,1075200,1075200,652800,1401600,679,1,7,1302,5,13,311,19,30,548,44,81,368,50,76,269,44,73,333,56,245,2089,29,140,625356,1081,13222,653249,6351,20198,455469,29706,83193,457055,66969,121379,305257,73158,343955,236891,85553,275495,257700,78188,485038,477743,28474,175561,1551.47105,7.0615625
1657669088970,38.399002,0.3837838,0.625,0.4090909,0.6666667,0.44,0.22727273,0.41666666,0.2,0.13636364,58.9,58.600002,58.300003,58.300003,58.300003,57.9,57.300003,58.300003,58.300003,58.600002,57.600002,56.300003,3999790,-1620484,1075200,1075200,1075200,1075200,1075200,1075200,652800,1401600,706,10,13,1257,15,29,304,28,47,520,39,55,306,38,66,109,18,59,304,65,243,1714,45,165,649369,9278,16138,656642,17903,34332,460546,90397,115654,452703,60542,82350,243540,80695,279389,118482,35547,472840,300880,85082,449385,443622,55869,225492,1524.92863261944,8.502141680395388
1657669090018,38.443,0.35714287,0.52,0.41666666,0.7037037,0.4,0.115384616,0.15384616,0.115384616,0.33333334,58.600002,58.600002,57.9,57.600002,57.600002,57.300003,56.600002,57.9,57.300003,58.9,56.9,56.600002,4000568,-1564942,1075200,1075200,1075200,1075200,1075200,1075200,652800,1401600,681,14,24,1436,20,59,357,37,51,558,58,88,203,25,89,262,40,82,277,83,269,2450,41,125,640012,23353,22418,737095,26342,65847,539828,78216,118526,521412,81962,184496,223636,50996,598555,237681,74324,449564,297908,136249,525389,572362,38438,174533,1543.7714136807817,8.335687296416939
1657669091058,38.49,0.2777778,0.4,0.3181818,0.5416667,0.3181818,0.13636364,0.08695652,0.16666667,0.29166666,58.9,58.9,57.9,58.300003,58.300003,57.600002,57.300003,58.300003,57.600002,59.300003,57.300003,56.600002,4002125,-1570740,1075200,1075200,1075200,1075200,1075200,1075200,652800,1401600,650,15,25,1301,17,38,289,21,39,587,52,88,244,38,72,138,24,72,329,70,273,2853,44,114,613938,27887,28160,654047,17015,43517,457099,41329,123927,579347,88293,143693,215855,67264,466162,136929,56322,561761,316472,107955,463752,509306,33296,154940,1544.754970684039,7.3150228013029315
1657669092074,38.531002,0.39378238,0.5,0.375,0.72,0.375,0.29166666,0.28,0.3846154,0.3846154,59.300003,58.600002,58.600002,58.300003,57.9,57.300003,56.9,57.9,57.300003,58.300003,57.300003,56.600002,3992394,-1629639,1075200,1075200,1075200,1075200,1075200,1075200,652800,1401600,763,18,31,1289,22,51,353,25,45,667,48,88,335,59,94,194,34,82,370,84,237,1367,58,187,733621,28072,37767,656814,26783,50627,463485,81910,90875,572525,59542,134569,318910,132531,288951,152993,84091,560358,324105,141651,438442,407303,76181,287066,1544.671791869919,8.308240650406503
1657669093076,38.585003,0.2956989,0.4090909,0.3478261,0.65217394,0.3478261,0.08695652,0.0,0.20833333,0.3846154,58.9,58.9,58.300003,58.300003,57.600002,57.600002,57.300003,58.300003,57.300003,58.9,57.600002,56.600002,3995313,-1652528,1075200,1075200,1075200,1075200,1075200,1075200,652800,1401600,838,7,12,1409,8,20,379,20,36,693,56,86,278,44,57,388,47,83,372,76,234,2043,45,122,752710,10771,12579,685207,10739,15932,507029,45155,71858,572495,98933,121958,229398,91942,352867,331847,77235,349572,281496,108997,428460,478727,49753,168510,1553.9765872756934,8.076789559543231
1657669094079,38.622,0.3442623,0.45454547,0.4090909,0.56,0.4090909,0.13043478,0.22727273,0.20833333,0.33333334,59.300003,58.9,58.600002,58.600002,58.300003,57.600002,57.600002,58.300003,57.9,58.600002,57.600002,56.600002,3999595,-1586915,1075200,1075200,1075200,1075200,1075200,1075200,652800,1401600,800,19,35,1362,26,65,368,30,46,611,45,93,160,27,62,317,49,91,271,87,251,1852,48,174,722615,26378,36362,702803,29492,70932,476110,62484,105258,571552,66713,162243,127038,66063,595694,286191,82292,489021,279869,147344,468732,514229,51140,220846,1544.5577821782178,8.224686468646865
1657669095100,38.673,0.39444444,0.5,0.45,0.73913044,0.39130434,0.24,0.13043478,0.3181818,0.47826087,59.300003,58.9,58.300003,58.300003,58.300003,57.9,57.600002,58.600002,57.9,59.600002,57.600002,56.9,4005045,-1580811,1075200,1075200,1075200,1075200,1075200,1075200,652800,1401600,627,8,12,1213,15,37,273,13,30,529,59,62,243,46,89,322,43,89,353,51,271,2152,29,141,589781,13568,17735,651199,17438,45963,447964,26919,72925,524360,113614,129781,222561,85893,482266,290427,68134,267452,357345,63656,466907,461235,24265,179160,1555.3636704361875,8.211282714054928
1657669096132,38.727,0.31073445,0.4090909,0.3809524,0.6,0.3181818,0.22727273,0.2173913,0.13636364,0.22727273,59.600002,59.600002,58.600002,58.9,58.300003,58.300003,57.600002,59.300003,58.300003,59.600002,58.300003,57.300003,3998233,-1535035,1075200,1075200,1075200,1075200,1075200,1075200,652800,1401600,764,7,15,1404,11,27,280,18,36,637,51,73,332,56,82,343,46,92,405,48,268,2688,22,98,732233,7028,16662,690034,15127,33147,426540,53662,91436,558113,64269,103965,286556,119456,326412,294551,59315,383870,315082,90799,411940,517263,26973,107619,1547.4630440251572,8.50108176100629
1657669097139,38.778004,0.3010204,0.25,0.3846154,0.29166666,0.25,0.29166666,0.29166666,0.26923078,0.375,59.600002,59.600002,59.300003,58.9,58.9,58.9,58.300003,59.300003,58.600002,60.300003,58.600002,57.600002,3989279,-1657105,1075200,1075200,1075200,1075200,1075200,1075200,652800,1401600,794,23,28,1337,24,50,352,30,49,636,47,106,244,50,88,316,31,80,354,81,256,1799,40,126,726880,32327,32835,646117,25509,60339,475254,78407,113726,533903,61083,180138,249709,98296,413653,269755,53689,396587,300740,120057,464057,474244,37458,184897,1088.9203137254904,6.095542483660131
1657669098140,38.815002,0.36363637,0.28,0.26086956,0.25,0.68,0.44,0.5652174,0.115384616,0.36,59.300003,59.300003,58.600002,58.9,59.600002,58.9,57.9,58.9,58.9,59.600002,57.600002,57.300003,4059543,-706787,1075200,1075200,1075200,1075200,1075200,1075200,652800,1401600,1169,2,5,1673,3,9,391,28,39,818,33,57,516,37,71,350,30,54,306,20,123,1118,19,103,707987,2553,6394,672876,3136,8941,425988,53636,125737,483552,66508,180856,371158,61606,265018,223077,75555,360838,339150,28858,435709,335668,19973,315812,-1.0,-1.0
