1660250858562,27.78,0.90555555,1.0,1.0,1.0,1.0,1.0,1.0,0.26086956,1.0,36.600002,36.9,36.600002,36.600002,37.300003,37.300003,36.600002,37.300003,37.9,38.600002,34.600002,34.300003,3885733,-1282959,1075200,1075200,1075200,1075200,1075200,1075200,652800,1401600,1041229,37455,102066,1057395,33205,96783,487366,55699,115593,494775,57030,115792,323772,41748,112095,307767,38089,108117,358671,63224,135156,312761,53787,132013,813312024,69967047,1971921116,867209426,64313277,1984732859,466682880,114780686,2273059218,463516202,117906089,2284799891,298774507,89920523,2378819398,281672638,82605228,2364407213,268692278,135080030,2669295319,195398329,118388330,2550201310,-1.0,-1.0
1660250860071,27.765001,0.8988764,1.0,1.0,1.0,1.0,1.0,1.0,0.1,1.0,37.300003,37.300003,36.600002,37.600002,37.600002,37.600002,36.9,38.600002,37.600002,38.600002,34.300003,34.300003,3947627,-558166,1075200,1075200,1075200,1075200,1075200,1075200,652800,1401600,4,0,1,3,0,0,1,0,0,0,0,0,1,0,0,0,0,0,447,117,40,1,0,0,3991,0,1067,2638,0,0,733,0,0,0,0,0,13,0,0,0,0,0,310668,184098,88512,570,0,0,0.07963218390804598,0.012045977011494253
1660250861096,27.783,0.89880955,1.0,1.0,1.0,1.0,1.0,1.0,0.14285715,1.0,37.300003,37.600002,36.600002,37.300003,37.600002,37.600002,36.9,38.300003,37.300003,38.9,34.600002,34.300003,3949379,-1009217,1075200,1075200,1075200,1075200,1075200,1075200,652800,1401600,0,0,0,0,0,0,0,0,0,0,0,0,0,0,0,0,0,0,571,125,73,0,0,0,0,0,0,0,0,0,0,0,0,0,0,0,0,0,0,0,0,0,362754,215902,133195,0,0,0,-1.0,-1.0
1660250862121,27.795002,0.9356725,1.0,1.0,1.0,1.0,1.0,1.0,0.45,1.0,37.300003,37.300003,36.600002,37.300003,37.9,37.300003,36.600002,38.600002,36.9,38.600002,33.9,33.9,3961641,-423889,1075200,1075200,1075200,1075200,1075200,1075200,652800,1401600,0,0,0,1,0,0,1,0,0,1,0,0,1,0,0,0,0,1,285,165,96,1,0,0,0,0,0,530,0,0,315,0,0,9,0,0,494,0,0,0,0,3005,243089,279845,195213,448,0,0,0.09073719008264464,0.047616528925619836
1660250863119,27.813002,0.99421966,1.0,1.0,1.0,1.0,1.0,1.0,0.90909094,1.0,38.300003,38.600002,37.9,38.9,38.9,38.9,37.9,38.600002,38.9,39.600002,34.9,34.9,3939063,-657349,1075200,1075200,1075200,1075200,1075200,1075200,652800,1401600,0,0,0,0,0,0,0,0,0,0,0,0,0,0,0,0,0,0,588,86,59,0,0,0,0,0,0,0,0,0,0,0,0,0,0,0,0,0,0,0,0,0,320323,195443,161549,0,0,0,-1.0,-1.0
1660250864192,27.834002,0.8888889,1.0,1.0,1.0,1.0,1.0,1.0,0.03846154,1.0,38.300003,38.600002,37.9,38.600002,38.9,39.300003,38.600002,39.600002,39.300003,39.9,34.9,35.300003,3936144,-563049,1075200,1075200,1075200,1075200,1075200,1075200,652800,1401600,0,0,0,0,0,0,0,0,0,0,0,0,0,0,0,0,0,0,811,13,8,0,0,0,0,0,0,0,0,0,0,0,0,0,0,0,0,0,0,0,0,0,498805,18235,22268,0,0,0,-1.0,-1.0
1660250865561,27.866001,0.8927039,1.0,1.0,1.0,1.0,1.0,1.0,0.10714286,1.0,37.9,37.9,37.300003,37.9,37.9,37.9,37.300003,39.300003,37.9,39.600002,34.9,34.9,3964950,-352478,1075200,1075200,1075200,1075200,1075200,1075200,652800,1401600,0,0,0,0,0,0,0,0,0,0,0,0,0,0,0,0,0,0,415,165,88,0,0,0,0,0,0,0,0,0,0,0,0,0,0,0,0,0,0,0,0,0,311061,288864,204842,0,0,0,-1.0,-1.0
1660250866792,27.887001,0.9404762,1.0,1.0,1.0,1.0,1.0,1.0,0.48387095,1.0,37.300003,37.9,36.9,37.600002,37.600002,37.600002,36.9,38.9,37.300003,38.9,34.600002,34.600002,3967285,-859985,1075200,1075200,1075200,1075200,1075200,1075200,652800,1401600,0,0,0,0,0,0,0,0,0,0,0,0,0,0,0,0,0,0,236,237,139,0,0,0,0,0,0,0,0,0,0,0,0,0,0,0,0,0,0,0,0,0,171772,506176,349683,0,0,0,-1.0,-1.0
1660250868061,27.917002,0.90909094,1.0,1.0,1.0,1.0,1.0,1.0,0.18518518,1.0,38.600002,38.9,38.300003,39.300003,39.300003,39.300003,38.600002,39.9,38.9,39.9,36.300003,36.600002,3957359,-440979,1075200,1075200,1075200,1075200,1075200,1075200,652800,1401600,0,0,0,0,0,0,0,0,0,0,0,0,0,0,0,0,0,0,1692,62,18,0,0,0,0,0,0,0,0,0,0,0,0,0,0,0,0,0,0,0,0,0,633133,89419,30237,0,0,0,-1.0,-1.0
1660250869364,27.941002,0.99545455,0.96428573,1.0,1.0,0.9655172,1.0,1.0,1.0,1.0,38.300003,38.600002,37.9,38.600002,38.600002,38.9,38.300003,39.9,38.600002,39.600002,35.9,35.9,3959305,-453796,1075200,1075200,1075200,1075200,1075200,1075200,652800,1401600,0,0,0,0,0,0,0,0,0,0,0,0,1,0,0,0,0,0,1066,181,100,0,0,0,0,0,0,0,0,0,0,0,0,0,0,0,8,0,0,0,0,0,485894,307168,186873,0,0,0,0.11716998468606432,0.13331699846860642
1660250870695,27.974,0.5952381,0.5,0.46153846,0.375,0.55172414,0.7407407,0.8333333,0.44,0.84,38.9,39.300003,38.9,39.600002,39.600002,39.600002,39.300003,40.600002,39.9,40.9,36.300003,36.300003,3919405,-811768,1075200,1075200,1075200,1075200,1075200,1075200,652800,1401600,9,0,0,10,0,0,6,0,0,5,0,0,0,0,0,0,0,0,172,2,0,0,1,2,5148,0,0,2482,0,0,3219,0,0,2329,0,0,0,0,0,0,0,0,5854,0,0,0,423,1046,0.005045751633986928,0.018980392156862744
1660250871771,28.000002,0.21578947,0.04761905,0.13043478,0.20833333,0.0952381,0.45833334,0.25,0.16,0.26923078,37.300003,37.300003,36.9,37.300003,37.9,37.9,37.600002,37.600002,37.9,37.9,35.9,35.600002,3959889,-295410,1075200,1075200,1075200,1075200,1075200,1075200,652800,1401600,953,0,0,841,0,0,618,23,52,608,37,44,442,7,21,221,13,29,260,37,47,69,25,28,523638,0,0,440721,0,0,329432,35133,132896,359760,53803,130669,253529,5662,44936,152107,15389,51709,118968,93330,132741,69879,62493,81554,-1.0,-1.0
1660250872853,28.036001,0.13636364,0.05,0.13636364,0.17391305,0.17391305,0.17391305,0.13636364,0.0,0.28,37.600002,37.9,37.600002,38.300003,38.600002,37.9,37.600002,37.600002,37.600002,38.600002,36.300003,36.300003,3943929,-458374,1075200,1075200,1075200,1075200,1075200,1075200,652800,1401600,1615,5,13,1407,2,10,413,5,23,668,11,28,269,0,3,350,0,1,721,56,47,754,56,39,677746,11615,29066,700068,1534,42908,600299,12956,90036,613437,28893,94178,331603,0,24920,383266,0,3854,614387,139485,141855,545795,116552,103715,0.04104012841091493,0.06251043338683789
1660250873944,28.081001,0.028571429,0.03846154,0.0,0.0,0.037037037,0.037037037,0.07692308,0.0,0.0,36.300003,36.600002,35.9,36.600002,36.300003,36.600002,36.300003,36.600002,36.9,36.9,35.600002,35.600002,3955218,-518494,1075200,1075200,1075200,1075200,1075200,1075200,652800,1401600,1144,0,0,1153,0,0,507,37,75,462,62,76,192,24,58,290,35,61,381,63,96,487,42,138,801932,0,0,784917,0,0,421512,62830,265728,419170,118516,230626,179057,67710,324305,205919,81584,339850,272060,162070,459835,218609,108322,419185,-1.0,-1.0
1660250875046,28.11,0.5794872,0.53846157,0.56,0.52,0.5833333,0.6666667,0.68,0.39130434,0.7916667,34.9,34.9,34.600002,34.600002,34.9,34.600002,34.600002,34.600002,34.9,34.9,34.300003,34.600002,3984803,-136413,1075200,1075200,1075200,1075200,1075200,1075200,652800,1401600,381,5,65,424,6,41,145,20,69,224,22,63,150,9,69,141,12,49,78,0,34,57,5,37,288017,8675,710223,256768,18056,733216,136083,46284,832417,160538,34525,829372,125515,11278,868569,83252,17023,798834,92700,0,971980,69187,10553,946978,-1.0,-1.0
1660250876105,28.155,0.14285715,0.09090909,0.0,0.14285715,0.0952381,0.14285715,0.3043478,0.045454547,0.1904762,36.9,37.300003,36.9,37.300003,37.600002,37.300003,37.600002,37.9,37.600002,39.600002,35.300003,35.300003,3950547,-451355,1075200,1075200,1075200,1075200,1075200,1075200,652800,1401600,1000,0,0,964,0,0,620,35,70,601,25,60,388,26,55,327,20,41,366,41,104,359,27,75,643472,0,0,623322,0,0,329730,74320,194934,294566,48711,238278,237647,41014,207754,224446,48121,184297,282291,77931,442221,164277,75512,278552,-1.0,-1.0
1660250877146,28.182001,0.5388889,0.47619048,0.5217391,0.6086956,0.5,0.5833333,0.5416667,0.36363637,0.6666667,35.9,36.300003,35.600002,36.300003,36.600002,36.300003,35.9,36.300003,36.600002,36.600002,35.300003,34.9,3963782,-298767,1075200,1075200,1075200,1075200,1075200,1075200,652800,1401600,1056,0,0,1004,0,0,587,35,73,468,29,78,344,25,49,476,39,61,362,38,110,305,18,79,706585,0,0,742806,0,0,326782,72798,276118,330120,54614,297818,230131,52901,300164,282228,104477,235188,282927,89494,494233,173041,28397,412239,-1.0,-1.0
1660250878199,28.218,0.1388889,0.04761905,0.04761905,0.13636364,0.17391305,0.25,0.18181819,0.04347826,0.29166666,36.600002,36.600002,36.300003,36.600002,36.600002,36.9,36.9,36.600002,37.300003,36.9,35.300003,35.600002,3976044,-224609,1075200,1075200,1075200,1075200,1075200,1075200,652800,1401600,1084,0,0,978,0,0,472,37,63,474,30,57,550,19,49,401,15,51,475,53,81,381,13,105,677150,0,0,679096,0,0,352242,79545,232508,299014,52039,302398,309798,46970,248591,298431,21121,269479,310951,103078,409154,210792,54396,428869,-1.0,-1.0
1660250879255,28.238,0.45614034,0.59090906,0.5,0.42857143,0.5,0.42857143,0.4090909,0.22727273,0.5,36.300003,35.9,35.9,36.300003,36.600002,36.300003,36.300003,36.300003,36.600002,37.300003,34.9,34.600002,3934003,-734863,1075200,1075200,1075200,1075200,1075200,1075200,652800,1401600,1160,0,0,1057,0,0,525,34,82,501,35,66,488,30,61,281,20,53,294,45,99,398,23,83,759304,0,0,767549,0,0,321197,54599,366534,325889,58766,292881,275001,56090,329874,195394,55489,407766,230867,109851,565077,188449,48661,502249,-1.0,-1.0
1660250880294,28.262001,0.02247191,0.0,0.0,0.0,0.0,0.09090909,0.0,0.0,0.0,36.600002,36.600002,36.300003,36.600002,36.300003,36.600002,36.300003,36.300003,36.600002,37.600002,34.9,35.300003,3968064,-350342,1075200,1075200,1075200,1075200,1075200,1075200,652800,1401600,804,4,17,674,0,3,451,27,63,307,31,60,284,18,51,359,17,45,271,27,97,236,52,55,549729,5421,213697,540468,0,244048,278747,44498,431726,227449,66523,462539,201912,51152,430091,255432,34449,502755,227546,66096,607242,121951,114209,484467,-1.0,-1.0
1660250881296,28.292002,0.09836066,0.08695652,0.04761905,0.09090909,0.04761905,0.2173913,0.16666667,0.04347826,0.08695652,34.9,35.300003,34.9,34.9,34.9,35.300003,34.9,34.9,34.9,34.9,34.9,34.600002,3936533,-723572,1075200,1075200,1075200,1075200,1075200,1075200,652800,1401600,629,17,40,476,5,24,226,29,82,168,29,61,177,10,50,235,26,69,63,10,62,119,6,56,591759,39355,259576,492732,16720,342458,181884,81258,618202,128450,74855,648540,108807,10849,728820,155685,52291,549025,63550,11996,768766,61258,14694,511836,-1.0,-1.0
1660250882333,28.307001,0.03076923,0.04,0.0,0.0,0.0,0.0,0.083333336,0.04,0.04,35.600002,35.600002,35.600002,35.9,36.300003,36.300003,35.9,35.600002,36.300003,35.9,34.9,34.9,3968648,-276794,1075200,1075200,1075200,1075200,1075200,1075200,652800,1401600,639,5,21,569,3,20,294,37,78,279,30,66,204,22,55,273,25,40,118,11,67,164,20,83,590964,16609,264702,580971,8741,273061,246599,72682,504862,220219,36839,624543,159531,44625,518381,169884,54281,477979,109604,20630,907619,98678,45520,1046214,-1.0,-1.0
1660250883425,28.337002,0.014354067,0.0,0.037037037,0.0,0.0,0.0,0.04,0.0,0.0,34.9,34.600002,34.300003,34.300003,34.600002,34.600002,34.600002,34.600002,34.600002,34.600002,33.9,34.300003,3977796,-188903,1075200,1075200,1075200,1075200,1075200,1075200,652800,1401600,298,18,69,236,4,55,62,10,40,102,18,64,123,18,61,38,2,23,0,0,19,71,8,40,340966,45130,617621,336174,6095,684115,98979,23405,805100,126966,41139,836720,137574,48021,753523,57782,3289,756319,0,0,1051436,23412,34763,989720,-1.0,-1.0
1660250884507,28.357002,0.04494382,0.04347826,0.045454547,0.04347826,0.0,0.045454547,0.04761905,0.0,0.04347826,34.300003,34.300003,33.9,33.9,34.300003,34.300003,34.300003,33.9,34.300003,34.600002,33.600002,33.300003,3987138,-122985,1075200,1075200,1075200,1075200,1075200,1075200,652800,1401600,444,10,48,431,10,54,146,33,57,220,38,63,196,30,67,116,20,50,46,45,87,152,15,87,463417,21872,386454,399461,23457,391922,134313,70883,645904,140982,96505,596704,176418,43214,529619,100355,38122,632764,38866,153452,789101,88450,25467,588456,-1.0,-1.0
1660250885522,28.384,0.043062203,0.0,0.03846154,0.0,0.0,0.03846154,0.07692308,0.0,0.0,34.300003,33.9,33.300003,33.9,33.9,34.300003,33.9,33.9,33.9,33.9,33.600002,33.600002,3984608,-154113,1075200,1075200,1075200,1075200,1075200,1075200,652800,1401600,427,9,41,373,9,39,101,20,64,179,36,80,185,43,82,175,39,79,16,4,45,113,14,102,545480,11415,324018,524410,31245,359162,95045,44156,806489,158753,82575,713588,192490,78145,569279,174192,74472,617568,31409,9688,661602,62191,33375,878771,-1.0,-1.0
1660250886582,28.399002,0.26943004,0.1904762,0.24,0.3846154,0.3478261,0.56,0.26923078,0.08,0.15384616,33.9,33.9,33.600002,33.600002,33.600002,33.9,33.600002,33.600002,33.600002,33.9,33.300003,33.300003,3982856,-165710,1075200,1075200,1075200,1075200,1075200,1075200,652800,1401600,292,19,80,235,23,57,112,19,76,166,9,42,156,20,93,141,13,48,86,10,33,100,9,33,359285,33515,573297,313371,48842,591869,98478,73901,818650,89755,9517,839761,141780,29268,754093,101207,17400,684575,58324,15091,844413,36759,16706,813267,0.007621533442088092,0.01204567699836868
1660250887598,28.423002,0.3646409,0.5,0.47826087,0.45454547,0.59090906,0.27272728,0.2857143,0.045454547,0.17391305,34.9,34.9,34.300003,34.9,34.600002,34.600002,34.300003,33.9,34.300003,34.300003,34.300003,34.300003,3945097,-735779,1075200,1075200,1075200,1075200,1075200,1075200,652800,1401600,853,4,17,666,11,17,347,51,61,515,38,65,137,22,32,161,22,57,99,43,123,231,28,130,568539,9217,156599,587165,24985,152438,290820,97747,318970,334455,63987,353563,113961,49341,261845,149648,35335,468518,85735,93642,1064360,158557,62937,905338,97.58145990180033,1.9274369885433718
1660250888604,28.432001,0.18857142,0.3478261,0.22727273,0.4090909,0.25,0.0952381,0.09090909,0.0,0.04761905,35.9,36.300003,35.600002,35.9,35.600002,35.600002,35.600002,35.300003,35.9,35.600002,35.600002,35.300003,3896827,-1096192,1075200,1075200,1075200,1075200,1075200,1075200,652800,1401600,704,57,66,681,42,77,348,52,98,276,48,78,249,50,75,311,58,79,98,44,87,210,54,154,594512,84927,108305,542665,57710,187602,370942,93308,329392,271596,94121,362999,234401,100441,434611,282027,110369,393041,82387,116646,751829,142521,156629,642367,705.3565901639345,0.6028590163934426
1660250889623,28.45,0.12643678,0.23809524,0.14285715,0.13636364,0.2173913,0.05,0.13636364,0.0,0.08695652,36.600002,36.600002,36.300003,36.600002,36.300003,35.9,35.9,36.300003,35.9,36.600002,36.300003,35.9,3889041,-1164856,1075200,1075200,1075200,1075200,1075200,1075200,652800,1401600,936,42,74,832,54,87,282,71,84,449,61,98,165,53,88,262,49,79,12,11,67,322,89,179,741719,47234,111193,657555,77864,149397,319273,143637,345218,488607,114656,255402,209077,129480,551842,271754,86957,425665,17230,37400,943023,268172,191448,500698,454.46642904290434,0.3404884488448845
1660250890648,28.482002,0.14594595,0.17391305,0.045454547,0.2173913,0.13636364,0.13043478,0.09090909,0.15384616,0.13043478,36.9,36.9,36.300003,36.300003,36.300003,35.9,35.9,36.300003,35.9,36.300003,36.300003,35.9,3880477,-1225586,1075200,1075200,1075200,1075200,1075200,1075200,652800,1401600,827,67,78,642,63,114,238,63,94,407,91,81,284,67,109,96,21,61,4,2,43,194,89,145,682180,93827,108727,568947,92502,251185,282256,140055,466686,462985,186517,218491,321467,127138,465660,119281,57164,651339,6866,8428,935559,158890,255145,552715,463.58851410658303,0.34101567398119126
1660250891674,28.539001,0.22167487,0.32,0.23076923,0.28,0.26923078,0.32142857,0.1923077,0.07692308,0.125,37.300003,37.300003,36.9,37.300003,37.300003,36.600002,36.300003,36.9,36.9,36.9,36.9,36.600002,3883397,-1246643,1075200,1075200,1075200,1075200,1075200,1075200,652800,1401600,914,44,51,704,52,75,367,83,84,497,83,68,213,40,82,134,39,83,33,4,63,232,86,132,696251,58513,72630,627906,97567,141670,427337,167813,280637,471841,154591,158176,237682,65500,498091,173144,84948,561958,40263,6482,939588,217642,233922,485917,473.9296150234742,0.3561064162754304
1660250892728,28.616001,0.12315271,0.16,0.2,0.15384616,0.041666668,0.115384616,0.14814815,0.04,0.041666668,37.9,38.300003,37.600002,37.300003,37.300003,37.300003,36.600002,37.600002,36.9,37.600002,37.300003,36.600002,3890793,-1038208,1075200,1075200,1075200,1075200,1075200,1075200,652800,1401600,937,59,50,692,56,89,439,86,89,389,78,101,116,24,46,133,28,48,19,3,53,193,120,143,681379,95243,73485,657886,108320,162895,420968,166119,279677,416977,154035,258288,96653,45688,414745,142564,61117,607217,32009,7000,948467,170117,351644,452927,484.29052631578946,0.3646842105263158
1660250893742,28.676,0.16494845,0.26923078,0.13043478,0.22727273,0.25925925,0.045454547,0.125,0.125,0.12,37.9,37.9,36.9,37.600002,37.600002,37.300003,36.9,37.600002,36.9,37.300003,37.600002,36.9,3893129,-1062928,1075200,1075200,1075200,1075200,1075200,1075200,652800,1401600,1032,42,41,896,41,44,279,76,92,328,99,88,151,30,71,240,59,90,7,1,42,178,115,145,775890,53754,53453,736110,52688,79659,388590,180969,336021,415299,213540,262017,175374,60051,632088,281436,111907,448126,10700,20,1055712,151701,332671,460508,491.4192231139647,0.360577849117175
1660250894759,28.744001,0.17757009,0.25,0.1923077,0.27586207,0.15384616,0.14814815,0.23076923,0.07692308,0.11111111,38.600002,37.9,37.9,37.9,37.9,37.300003,36.9,37.9,36.9,37.9,37.600002,37.300003,3891572,-1086121,1075200,1075200,1075200,1075200,1075200,1075200,652800,1401600,997,46,57,749,60,74,346,74,91,392,94,108,291,63,106,89,23,60,9,1,27,182,115,143,721342,53828,91947,688267,88308,132585,407273,163483,301260,421802,195212,269852,255216,135682,455753,110028,48768,681864,3326,5464,941694,177456,312352,471423,506.6853125972006,0.3448335925349922
1660250895811,28.819002,0.10404624,0.1,0.17391305,0.0952381,0.14285715,0.0952381,0.04761905,0.083333336,0.08695652,38.600002,38.600002,37.9,37.600002,37.9,37.600002,36.9,37.9,37.600002,38.300003,38.300003,37.600002,3880477,-1181641,1075200,1075200,1075200,1075200,1075200,1075200,652800,1401600,934,59,76,736,65,90,353,89,76,321,102,112,160,46,58,158,31,81,0,0,28,191,124,152,755985,82183,92551,695314,93085,140478,420930,183883,271137,400775,214644,308664,161836,103638,570300,158287,74494,705826,0,0,971823,135759,381121,487455,539.2673440514469,0.38590353697749197
1660250896819,28.896002,0.16201118,0.18181819,0.14285715,0.28,0.3043478,0.13043478,0.13636364,0.045454547,0.04761905,38.9,38.600002,37.9,37.9,37.9,38.300003,37.600002,37.9,37.9,38.300003,38.300003,37.300003,3882618,-1233521,1075200,1075200,1075200,1075200,1075200,1075200,652800,1401600,1137,24,35,835,36,48,343,79,89,344,89,100,127,31,82,221,61,96,9,2,49,249,103,140,801581,28617,51536,757250,53164,84568,419086,141425,290083,402051,187529,297151,164611,65188,656379,232841,141902,477735,19900,6358,930020,189157,283558,470347,587.7823267973856,0.407843137254902
1660250897859,28.979002,0.2752809,0.27272728,0.2173913,0.26086956,0.27272728,0.96,0.13043478,0.04347826,0.08695652,38.9,38.9,38.300003,38.300003,38.300003,37.9,37.600002,38.300003,38.300003,38.300003,37.9,37.9,3877947,-1103516,1075200,1075200,1075200,1075200,1075200,1075200,652800,1401600,1028,36,61,880,35,73,405,78,73,310,87,94,211,39,84,191,56,86,16,3,49,209,118,145,774679,43934,77500,712485,50908,151803,524868,156868,196436,387997,204177,286135,234069,72983,598157,233643,136650,451326,28523,8147,949537,171650,324708,470970,640.5315297906602,0.41733977455716587
1660250898888,29.042002,0.14146341,0.33333334,0.23076923,0.16,0.25925925,0.115384616,0.08,0.0,0.03846154,39.9,39.300003,38.9,39.300003,39.300003,39.300003,38.300003,38.600002,38.600002,38.600002,38.9,38.300003,3876974,-1159973,1075200,1075200,1075200,1075200,1075200,1075200,652800,1401600,981,51,64,788,63,84,411,102,76,417,76,95,77,22,42,84,26,81,14,0,54,132,123,163,745550,45081,69235,675000,102731,137969,469858,206640,209236,436727,150794,267753,68830,47277,510519,109301,60469,624018,24878,0,1013402,127620,335008,496322,702.4066666666666,0.4446666666666667
1660250899924,29.113,0.11931818,0.17391305,0.13043478,0.2857143,0.18181819,0.09090909,0.09090909,0.0,0.0,39.600002,39.300003,38.9,39.300003,38.9,38.600002,38.600002,39.300003,38.600002,39.300003,38.9,38.300003,3884370,-1036377,1075200,1075200,1075200,1075200,1075200,1075200,652800,1401600,993,28,49,956,37,41,397,77,93,417,84,99,143,26,76,251,47,102,15,4,54,209,118,147,746551,35130,70718,774557,60667,72311,439925,161018,263816,444603,162502,265027,174855,42835,585561,266971,81902,369823,31231,12866,887729,169894,318125,453869,518.6723696369637,0.3555907590759076
1660250900927,29.182001,0.21142857,0.2857143,0.18181819,0.3478261,0.6363636,0.045454547,0.0952381,0.0,0.0,39.9,39.600002,39.300003,39.300003,38.9,38.9,38.600002,39.300003,38.600002,39.9,39.300003,38.600002,3883592,-1061096,1075200,1075200,1075200,1075200,1075200,1075200,652800,1401600,932,58,87,781,51,78,226,97,101,314,93,99,187,40,78,418,81,92,11,3,47,196,106,122,723590,81319,119932,688568,71599,153529,274989,236772,352246,408709,199052,256184,214907,86012,516745,464959,132015,260532,22663,14361,1040571,196897,291624,437097,514.3203708609271,0.34230463576158937
1660250901962,29.253002,0.13592233,0.2857143,0.12,0.2173913,0.115384616,0.08,0.115384616,0.0,0.04,40.300003,39.9,39.9,39.600002,39.600002,39.300003,38.600002,39.300003,38.9,39.600002,38.9,38.9,3876390,-1223145,1075200,1075200,1075200,1075200,1075200,1075200,652800,1401600,1091,28,27,940,25,44,415,74,95,265,81,84,107,36,83,80,15,36,15,2,53,213,105,126,797559,42240,40119,772642,29113,75366,419503,150707,231157,321007,169852,256773,130155,96362,622324,105376,21710,188903,29537,8267,984687,201325,304473,449432,516.7113043478261,0.3565714285714286
1660250903015,29.325,0.13297872,0.13636364,0.09090909,0.08695652,0.33333334,0.08695652,0.09090909,0.0,0.083333336,40.300003,39.9,39.300003,39.9,39.600002,39.300003,38.600002,39.600002,38.9,39.600002,39.300003,38.600002,3877752,-1192627,1075200,1075200,1075200,1075200,1075200,1075200,652800,1401600,1000,49,61,919,55,74,234,80,125,341,119,84,105,28,58,153,54,94,11,4,47,214,91,128,774995,68734,80394,695667,82326,119390,302914,180930,445449,444534,264948,227084,100153,82003,690839,200578,123578,637796,22769,10471,948454,225957,279475,464246,517.1713406593407,0.36506122448979594
1660250904030,29.387001,0.12021858,0.14285715,0.13043478,0.13043478,0.3043478,0.09090909,0.09090909,0.0,0.04347826,40.300003,39.9,39.9,39.9,39.600002,39.300003,39.300003,39.600002,39.300003,39.600002,39.600002,39.300003,3875611,-1174927,1075200,1075200,1075200,1075200,1075200,1075200,652800,1401600,909,54,75,810,49,77,249,96,102,251,102,97,140,26,57,411,98,121,14,3,56,209,86,124,731269,73089,117032,706755,67646,122825,339612,206612,365672,351351,215211,288329,180059,55036,593265,425756,187096,254523,33131,13877,987052,213883,256486,452605,517.3175069767442,0.36182325581395347
1660250905061,29.456001,0.12244898,0.125,0.12,0.2,0.125,0.12,0.24,0.0,0.07692308,40.300003,39.9,39.300003,39.600002,39.600002,39.600002,38.9,39.600002,39.300003,39.600002,39.300003,38.9,3873276,-1071472,1075200,1075200,1075200,1075200,1075200,1075200,652800,1401600,1043,45,56,795,51,65,231,89,116,366,96,96,137,35,76,95,36,64,14,14,40,203,96,148,783875,58883,68412,697598,99392,131962,288650,211807,443569,465108,186345,217829,133288,77709,696491,95988,115696,633800,11653,26304,877188,160360,316879,507310,517.0409674418604,0.3521488372093023
1660250906105,29.518002,0.31840795,0.28,0.4,0.26086956,0.32,0.36,0.6666667,0.074074075,0.16,40.600002,39.9,39.600002,39.9,39.600002,39.600002,38.9,39.9,39.300003,39.9,39.9,39.300003,3854396,-1267701,1075200,1075200,1075200,1075200,1075200,1075200,652800,1401600,974,46,73,725,75,79,386,100,106,306,103,101,153,41,93,203,47,77,0,0,27,197,103,147,780741,58878,84461,694061,105875,154390,421470,196144,285826,401545,224989,283285,179908,87895,661641,212499,81100,505143,0,0,901574,187890,300519,499906,519.3158449612403,0.357953488372093
1660250907154,29.593002,0.11235955,0.125,0.13043478,0.13043478,0.13636364,0.04761905,0.13636364,0.18181819,0.0,40.9,40.9,40.600002,40.600002,40.300003,40.300003,40.300003,40.600002,40.300003,40.9,40.300003,39.600002,3860624,-1243897,1075200,1075200,1075200,1075200,1075200,1075200,652800,1401600,1011,37,52,1016,41,39,415,78,100,447,101,78,258,53,71,108,18,50,12,13,77,295,107,152,789736,45301,72773,729871,63046,58909,428041,139266,306628,474593,186448,188940,245467,112436,508855,89369,42242,586958,11836,42357,1057311,284102,242348,433417,290.9697105263158,0.21405263157894736
1660250908154,29.652002,0.09770115,0.04761905,0.04761905,0.23809524,0.045454547,0.13043478,0.0952381,0.0,0.08695652,39.9,39.9,39.300003,40.300003,39.600002,39.300003,38.9,39.300003,39.300003,39.600002,38.600002,38.600002,3960473,-232849,1075200,1075200,1075200,1075200,1075200,1075200,652800,1401600,806,25,48,625,27,40,308,65,103,270,84,90,178,38,84,121,39,72,18,4,86,123,61,93,781321,45061,93117,649501,69071,202311,342182,120121,443848,303450,194061,406336,216766,92490,587554,145765,94253,539582,31203,7696,866010,92174,175506,609634,-1.0,-1.0
1660250909174,29.706001,0.4198895,0.3,0.375,0.41666666,0.3181818,0.47826087,0.41666666,0.44,0.6,38.600002,38.300003,37.9,38.600002,38.600002,38.300003,37.9,38.600002,38.600002,38.600002,37.600002,37.600002,3966118,-172424,1075200,1075200,1075200,1075200,1075200,1075200,652800,1401600,418,18,56,359,17,38,183,37,112,157,62,90,149,36,75,151,33,73,12,3,85,80,23,67,536659,32401,359074,533317,49053,361316,188673,75655,600753,172541,184925,569279,166640,90598,673539,177098,69141,542822,24211,18622,877824,31164,95332,855985,-1.0,-1.0
1660250910180,29.744001,0.4072165,0.375,0.39130434,0.27272728,0.41666666,0.64,0.5833333,0.16666667,0.32,38.600002,38.9,38.300003,38.600002,38.600002,38.600002,37.9,38.300003,38.9,38.600002,37.300003,37.300003,3952688,-273437,1075200,1075200,1075200,1075200,1075200,1075200,652800,1401600,395,7,75,315,16,33,259,22,96,170,30,100,189,12,77,165,16,57,88,5,74,125,7,42,383197,12194,480185,356898,38378,459812,165590,42946,654206,136607,76538,638349,124438,26154,602870,127605,25173,668595,46850,18627,809282,45576,14728,852857,-1.0,-1.0
1660250911214,29.765001,0.1693989,0.33333334,0.24,0.39130434,0.08695652,0.13043478,0.08695652,0.0,0.16666667,38.600002,38.9,38.300003,38.9,39.300003,39.300003,38.9,38.9,38.9,38.9,37.9,37.600002,3876779,-1065674,1075200,1075200,1075200,1075200,1075200,1075200,652800,1401600,484,2,60,470,5,31,254,8,52,242,24,92,90,1,38,69,6,40,78,27,71,203,14,65,325097,1367,561121,287640,7772,560062,148035,7648,724043,155417,41639,638602,46329,5565,670606,45370,13142,674876,74113,49395,856953,97581,26586,793625,575.1436026490067,1.9735629139072848
1660250912254,29.801,0.15789473,0.29166666,0.20833333,0.36363637,0.08,0.125,0.12,0.083333336,0.041666668,39.9,39.9,38.9,39.300003,39.300003,38.9,38.600002,39.300003,38.600002,39.300003,38.600002,38.600002,3877363,-1152954,1075200,1075200,1075200,1075200,1075200,1075200,652800,1401600,1000,28,27,968,36,49,426,50,39,322,66,119,411,79,113,161,36,76,18,6,64,549,84,167,773375,33715,29157,762647,55080,86375,539547,107152,123249,321375,127032,427910,380055,147311,329720,177428,79485,551619,34445,19967,924471,264220,189680,431345,1338.8797355371903,0.965395041322314
1660250913255,29.819002,0.13450292,0.23809524,0.1904762,0.4090909,0.045454547,0.09090909,0.13043478,0.08695652,0.04761905,40.9,40.300003,40.300003,40.300003,39.9,39.600002,39.600002,39.600002,39.9,40.600002,39.9,39.600002,3859262,-1267090,1075200,1075200,1075200,1075200,1075200,1075200,652800,1401600,1045,28,55,1077,39,61,539,44,30,230,37,88,284,59,95,212,55,100,4,4,69,328,128,189,749708,34579,48352,731078,39444,80623,581711,77088,56573,245263,80010,557039,305126,97161,368813,249891,128004,536644,7329,10397,933872,267001,238130,437784,1024.6883902439024,0.6419252032520325
1660250914288,29.845001,0.16384181,0.14285715,0.27272728,0.4090909,0.09090909,0.16,0.05,0.04347826,0.16666667,41.600002,40.9,40.600002,40.600002,40.300003,40.300003,39.9,40.300003,39.9,40.300003,40.300003,40.300003,3871329,-1280518,1075200,1075200,1075200,1075200,1075200,1075200,652800,1401600,1065,48,52,1120,30,61,572,45,18,256,67,84,311,58,94,293,50,95,3,4,80,250,142,181,782316,58729,50576,779043,37130,72420,642132,78573,26138,274823,139020,466142,299400,103130,435113,304248,83782,458123,6396,18681,907771,164396,329576,471032,1036.8591451876018,0.640626427406199
1660250915323,29.896002,0.4120603,0.17391305,0.20833333,0.39130434,0.1923077,1.0,1.0,0.083333336,0.16,41.300003,40.9,40.9,40.9,40.600002,40.600002,39.9,40.600002,40.300003,40.9,40.600002,40.300003,3875028,-1248169,1075200,1075200,1075200,1075200,1075200,1075200,652800,1401600,1136,37,37,1196,27,44,588,38,25,349,76,109,169,30,71,110,35,68,15,2,68,233,127,182,808022,39696,34400,733383,27222,48626,625101,60348,41903,315930,164864,375400,192016,72886,613126,135659,89320,594499,30458,7777,972908,189194,291544,469402,1046.4145408805032,0.7255849056603774
1660250916382,29.944002,0.17877094,0.15,0.18181819,0.375,0.08695652,0.17391305,0.13636364,0.125,0.2173913,42.300003,42.300003,41.600002,42.300003,41.9,42.300003,41.600002,41.9,42.300003,42.9,41.300003,40.9,3868799,-1265259,1075200,1075200,1075200,1075200,1075200,1075200,652800,1401600,1136,43,53,1166,33,55,536,53,40,325,73,99,30,8,36,158,25,67,154,72,61,336,113,170,868416,50437,59775,823487,38111,71294,598663,90836,82132,333165,152358,467152,26505,21854,481413,175903,41057,335640,140473,123727,714742,340188,238234,411911,1065.6986376360808,0.6573188180404355
1660250917431,29.994001,0.18539326,0.18181819,0.13636364,0.36363637,0.13636364,0.22727273,0.20833333,0.18181819,0.13043478,42.300003,42.300003,41.600002,41.600002,41.600002,41.300003,41.300003,41.600002,40.9,41.600002,41.300003,40.9,3853228,-1250916,1075200,1075200,1075200,1075200,1075200,1075200,652800,1401600,990,37,49,1035,39,71,581,49,31,338,72,115,86,15,44,274,59,115,49,26,87,250,145,179,782248,49588,59313,768096,46726,105157,621261,76893,58380,350888,104521,437301,91411,31170,605831,280043,112587,494747,48461,61132,857888,199457,312744,442937,1064.7413333333334,0.6905874587458746
1660250918472,30.061,0.14044943,0.23809524,0.18181819,0.4347826,0.045454547,0.13043478,0.04347826,0.083333336,0.125,42.300003,42.300003,41.9,41.9,41.600002,41.300003,40.9,41.600002,41.300003,41.9,41.9,40.9,3865296,-1229248,1075200,1075200,1075200,1075200,1075200,1075200,652800,1401600,1040,28,31,967,37,69,568,56,27,406,72,97,113,20,53,383,51,126,17,21,81,295,136,165,833121,25353,30499,766705,43801,108144,628292,80761,53725,366346,125601,405100,118844,47944,621320,389581,87538,421864,18963,72345,857615,228679,309703,431856,1036.3641307189544,0.7008104575163399
1660250919510,30.108002,0.171123,0.20833333,0.28,0.375,0.125,0.045454547,0.16,0.041666668,0.2,42.9,42.300003,41.9,42.300003,41.9,41.300003,41.300003,41.9,41.600002,41.9,41.9,41.300003,3867047,-1211853,1075200,1075200,1075200,1075200,1075200,1075200,652800,1401600,1055,31,33,1084,35,54,570,46,29,444,83,105,243,41,62,246,46,102,9,12,74,260,139,165,810709,27120,33029,810046,34833,78050,624303,78885,56616,454782,149116,319005,238256,72582,516697,269324,79750,572146,17908,47292,924987,180434,319680,461672,1030.5664736842105,0.6595789473684212
1660250920515,30.169,0.17435898,0.20833333,0.16666667,0.4,0.16,0.16666667,0.26923078,0.0,0.14814815,42.9,42.9,42.600002,42.600002,42.300003,41.9,41.600002,41.9,41.600002,42.300003,42.300003,41.300003,3869967,-1181641,1075200,1075200,1075200,1075200,1075200,1075200,652800,1401600,1006,32,50,1080,42,43,588,28,19,365,71,114,93,28,42,243,60,93,19,10,64,163,137,166,802496,34127,45607,729610,61173,48535,640512,45351,32834,385512,115253,394814,107570,66287,623454,265373,113859,499624,41995,34542,883488,157096,320965,448954,1033.6266914728683,0.6868837209302325
1660250921542,30.229002,0.15508021,0.041666668,0.27272728,0.2857143,0.09090909,0.08695652,0.16,0.08,0.08695652,42.9,42.9,42.300003,42.300003,41.9,41.600002,41.300003,42.300003,41.9,42.600002,41.9,41.600002,3867437,-1202698,1075200,1075200,1075200,1075200,1075200,1075200,652800,1401600,1012,43,51,1019,51,60,623,37,21,445,80,116,171,23,62,179,35,68,15,9,70,232,140,171,800192,46361,51352,774494,59927,82654,664245,59996,37249,431338,129945,320987,157991,43777,648908,199188,82006,293070,23583,37301,948104,198359,301647,456936,1035.8856237623763,0.6768580858085809
1660250922565,30.296001,0.14450867,0.04761905,0.2857143,0.31578946,0.0,0.04761905,0.2173913,0.045454547,0.04761905,43.600002,43.300003,42.600002,42.600002,42.300003,42.300003,41.600002,42.600002,42.300003,42.9,42.9,41.9,3854785,-1342469,1075200,1075200,1075200,1075200,1075200,1075200,652800,1401600,517,38,52,1031,22,31,601,33,25,441,80,113,251,48,100,106,15,50,13,16,62,202,150,179,676833,48558,192896,821313,21830,28724,649504,57795,46880,448915,131453,302600,230123,97380,555448,114726,38491,657062,22012,55460,921899,159774,313096,468492,1029.4649123966942,0.6621619834710744
1660250923613,30.357002,0.14035088,0.05,0.2,0.4090909,0.04761905,0.0952381,0.0952381,0.08695652,0.045454547,43.300003,42.9,42.600002,42.600002,42.600002,42.600002,41.600002,42.600002,42.300003,42.9,42.600002,42.300003,3860430,-1179505,1075200,1075200,1075200,1075200,1075200,1075200,652800,1401600,510,35,53,1036,26,41,672,31,14,374,79,107,410,103,113,158,25,62,12,4,63,207,150,205,693056,68653,183231,859864,32166,47799,693651,49762,23487,370678,142375,439898,443703,160262,263765,168731,46682,608920,22368,10051,924256,155109,320536,523972,1033.0228482003129,0.658829420970266
1660250924616,30.420002,0.2754491,0.1,0.42857143,0.35,1.0,0.13636364,0.05,0.04761905,0.09090909,43.300003,43.600002,43.300003,42.9,42.600002,42.600002,41.9,42.600002,42.300003,42.9,42.9,42.300003,3858483,-1248169,1075200,1075200,1075200,1075200,1075200,1075200,652800,1401600,569,46,61,961,22,32,585,28,15,299,86,120,321,54,101,104,19,58,10,6,58,206,133,188,657378,69707,143567,781112,24754,41177,632345,42617,29365,321961,154225,377191,314406,78597,437435,118053,32358,613568,20521,31276,891669,163171,293959,479473,1031.340275409836,0.662872131147541
1660250925657,30.474,0.16949153,0.13636364,0.2857143,0.4347826,0.13636364,0.09090909,0.09090909,0.045454547,0.04761905,43.9,43.9,43.300003,43.300003,43.300003,42.600002,41.9,43.300003,42.600002,43.300003,42.9,42.300003,3853228,-1267090,1075200,1075200,1075200,1075200,1075200,1075200,652800,1401600,673,45,49,947,28,41,598,31,20,136,29,61,106,25,84,147,31,58,4,8,51,211,157,191,722706,54851,97277,731595,29917,37405,655309,48265,41441,150363,58856,292838,126801,56780,680004,149020,68846,627655,6216,37908,897325,176484,333230,472745,1035.2801568627451,0.6505098039215687
1660250926704,30.544,0.14917128,0.13636364,0.3181818,0.4,0.04347826,0.0,0.17391305,0.0,0.08695652,44.300003,43.600002,43.300003,43.300003,43.300003,42.600002,42.300003,42.9,42.600002,42.9,42.9,42.600002,3869967,-1172486,1075200,1075200,1075200,1075200,1075200,1075200,652800,1401600,624,54,57,1019,29,49,625,48,22,150,37,94,158,20,51,193,33,76,11,9,60,173,153,181,715970,71716,78237,818337,33763,46400,643183,78885,41921,165249,92760,656871,151893,41868,656498,204003,56651,656870,20202,29944,1052693,153054,348501,471263,1036.81,0.6773684210526316
1660250927704,30.589,0.12972973,0.08695652,0.26086956,0.3181818,0.083333336,0.04347826,0.17391305,0.0,0.083333336,43.9,43.9,43.600002,43.300003,42.9,42.9,42.300003,43.300003,42.9,43.300003,43.300003,42.600002,3868410,-1192627,1075200,1075200,1075200,1075200,1075200,1075200,652800,1401600,534,32,46,975,23,33,616,27,18,208,66,106,200,42,99,292,59,80,11,10,70,220,122,177,642144,64809,162410,795858,22219,31289,634920,45073,27359,239695,152133,485772,257856,75146,508217,319807,105205,371758,14420,37412,793289,190846,269029,448724,1036.050220095694,0.6866985645933014
1660250928706,30.640001,0.13559322,0.09090909,0.3043478,0.36363637,0.05,0.04761905,0.09090909,0.04347826,0.045454547,44.300003,43.9,43.300003,43.600002,42.9,43.300003,42.600002,43.600002,42.9,43.9,42.9,42.600002,3867242,-1147156,1075200,1075200,1075200,1075200,1075200,1075200,652800,1401600,474,46,48,915,32,39,623,30,23,155,47,105,239,42,89,230,46,75,6,5,52,224,131,191,603023,89118,198277,774311,32973,41479,657962,39713,37589,195488,106814,586651,229707,54932,578117,254097,76051,493391,10879,13910,921458,195800,272826,471894,1037.644039087948,0.6707491856677524
1660250929746,30.69,0.12352941,0.04761905,0.2857143,0.35,0.0,0.05,0.13043478,0.045454547,0.125,44.300003,43.9,43.300003,43.300003,43.300003,42.9,42.9,43.300003,42.600002,43.300003,43.300003,42.9,3854396,-1273499,1075200,1075200,1075200,1075200,1075200,1075200,652800,1401600,527,56,55,982,32,41,618,35,20,318,76,124,174,38,85,157,23,51,0,1,45,251,141,204,651490,97439,176137,842138,35633,40211,656370,57496,39958,354269,139177,397150,179960,78363,654668,163195,39257,670669,0,340,1113855,198379,311632,492587,1032.0766967741936,0.7118967741935484
1660250930791,30.741001,0.11627907,0.09090909,0.14285715,0.09090909,0.13636364,0.13636364,0.13636364,0.2173913,0.0952381,44.600002,44.300003,43.600002,43.600002,43.600002,42.9,42.600002,43.300003,43.300003,43.9,43.600002,42.9,3851671,-1217347,1075200,1075200,1075200,1075200,1075200,1075200,652800,1401600,461,40,41,841,32,40,599,41,27,370,77,128,212,44,90,185,61,94,0,5,48,269,151,185,633661,114298,197829,751310,48428,41930,644850,71080,52778,360991,108376,445718,223293,79059,516650,212855,144839,528354,0,13408,958193,215082,307938,462650,833.7419009900991,0.6410429042904291
1660250931807,30.789001,0.036082473,0.0,0.08,0.04,0.07692308,0.0,0.115384616,0.0,0.0,43.300003,43.300003,42.9,42.9,42.9,43.300003,42.600002,43.600002,43.600002,43.9,42.600002,42.300003,3948016,-196533,1075200,1075200,1075200,1075200,1075200,1075200,652800,1401600,535,22,22,889,9,15,441,39,68,310,53,100,355,50,73,188,33,64,95,16,124,297,86,131,775766,32690,38280,791398,7968,18419,400679,81966,311841,307762,109683,432039,328482,95350,399138,196168,76184,442556,94081,43906,713149,217202,159540,434873,-1.0,-1.0
1660250932819,30.830002,0.033333335,0.0,0.0,0.04347826,0.083333336,0.0,0.08695652,0.0,0.04347826,41.600002,41.600002,41.300003,41.9,41.9,41.600002,41.300003,41.300003,41.600002,41.300003,40.600002,40.9,3954829,-390320,1075200,1075200,1075200,1075200,1075200,1075200,652800,1401600,326,17,41,446,21,59,98,29,67,130,36,83,108,23,87,111,34,70,13,0,82,62,31,60,559519,34724,352734,533431,55091,337505,128681,68264,719702,187814,78782,701259,160324,37278,689958,147877,90051,581007,27401,0,892940,19741,113335,751695,-1.0,-1.0
1660250933874,30.856,0.029126214,0.074074075,0.074074075,0.0,0.0,0.03846154,0.07692308,0.0,0.03846154,40.600002,40.600002,40.300003,40.300003,40.300003,40.300003,40.300003,40.600002,40.300003,40.600002,39.9,39.600002,3962225,-135803,1075200,1075200,1075200,1075200,1075200,1075200,652800,1401600,206,32,74,314,31,91,141,33,75,223,34,105,158,20,71,122,17,54,0,3,70,66,1,29,303287,80899,560511,294387,68049,476927,111051,91486,755233,191871,84896,687395,159843,48901,720598,111897,39803,715921,0,17537,996738,12072,5504,872403,-1.0,-1.0
1660250934902,30.859001,0.1741573,0.04761905,0.4347826,0.125,0.20833333,0.18181819,0.09090909,0.22727273,0.13043478,40.300003,39.9,39.600002,40.300003,40.300003,39.9,39.9,40.300003,40.300003,40.300003,39.300003,39.600002,3952688,-262756,1075200,1075200,1075200,1075200,1075200,1075200,652800,1401600,282,18,48,470,17,62,273,30,91,169,26,81,136,23,64,201,21,55,109,9,53,82,13,52,407703,43572,431211,427939,33168,408180,179245,66849,514100,135244,68777,674780,125148,51626,702722,130101,43790,557839,65465,16742,668781,49448,22160,824577,13.417091492776885,0.28290208667736755
1660250935941,30.856,0.16483517,0.09090909,0.33333334,0.13043478,0.26086956,0.13636364,0.125,0.13043478,0.13043478,41.9,42.300003,40.9,41.600002,41.300003,41.300003,41.300003,41.300003,41.600002,41.9,41.300003,40.9,3835905,-1387024,1075200,1075200,1075200,1075200,1075200,1075200,652800,1401600,486,23,50,900,4,30,304,37,81,425,47,87,307,34,85,261,25,53,321,52,138,380,51,148,551765,49518,241333,613313,5815,197125,234720,52686,618497,373803,74640,360424,240918,64557,480700,184661,49034,493982,264110,94714,728708,228210,87312,700299,1036.1722710743802,0.9227636363636363
1660250936972,30.843002,0.2215909,0.1,0.47619048,0.1,0.36363637,0.13043478,0.1,0.3478261,0.09090909,42.9,42.600002,41.600002,42.300003,42.300003,41.9,41.600002,41.9,41.9,42.300003,42.300003,41.300003,3856148,-1172791,1075200,1075200,1075200,1075200,1075200,1075200,652800,1401600,612,52,57,898,23,38,262,44,109,319,64,97,318,63,97,138,36,87,436,71,165,447,92,199,661164,87281,104106,812526,23878,35984,266177,101543,536881,373169,151114,332541,338137,119144,379998,180956,83043,622422,439339,141980,334763,366303,166115,376511,1525.147942947702,1.1273534072900158
1660250937992,30.846,0.17582418,0.22727273,0.4090909,0.0,0.3478261,0.08695652,0.083333336,0.17391305,0.08695652,43.9,43.9,42.9,42.9,42.9,42.600002,42.600002,42.9,43.300003,43.600002,43.300003,42.300003,3839798,-1390076,1075200,1075200,1075200,1075200,1075200,1075200,652800,1401600,532,32,50,864,12,22,368,64,100,297,78,92,202,33,75,442,69,94,489,50,221,478,88,259,635137,38608,189288,792882,15085,25237,361540,103609,395793,346297,173415,288546,218729,74944,503302,403570,143247,261874,405575,84669,358529,367648,125294,419313,1288.9499587955625,0.951987321711569
1660250939016,30.862001,0.17894737,0.13043478,0.48,0.08695652,0.27272728,0.08,0.083333336,0.23076923,0.04347826,44.600002,44.600002,43.9,43.9,43.9,43.9,42.9,43.9,43.600002,44.600002,43.600002,42.9,3834543,-1348572,1075200,1075200,1075200,1075200,1075200,1075200,652800,1401600,585,23,37,914,13,17,329,66,113,412,70,85,327,64,96,169,26,68,424,70,185,557,83,190,696354,27707,130830,821443,13181,15962,330856,113890,448934,431580,125690,243046,325817,125333,383366,169534,47882,587317,401580,127407,307684,411597,127710,340360,1299.90535504886,0.9905407166123779
1660250940022,30.881,0.16483517,0.04347826,0.36363637,0.083333336,0.39130434,0.041666668,0.18181819,0.13636364,0.09090909,44.600002,44.300003,43.600002,43.9,43.600002,43.600002,43.300003,43.9,43.600002,44.300003,43.600002,42.9,3845248,-1329957,1075200,1075200,1075200,1075200,1075200,1075200,652800,1401600,436,35,64,837,27,34,329,62,98,276,62,87,274,33,107,113,23,72,365,72,176,570,77,190,587107,57790,216970,751480,31984,36997,311886,94196,447839,297358,149414,370550,282596,50317,558152,157106,54491,612308,392571,134733,331125,445633,125372,336745,1308.6903639191291,0.9355147744945567
1660250941060,30.913002,0.20930232,0.17391305,0.4,0.3181818,0.2173913,0.13636364,0.09090909,0.27272728,0.0952381,44.9,44.9,44.300003,43.9,44.300003,44.300003,43.9,44.600002,44.300003,44.600002,43.9,43.300003,3849141,-1242981,1075200,1075200,1075200,1075200,1075200,1075200,652800,1401600,430,23,49,844,14,22,248,41,105,277,64,104,59,14,35,140,23,45,369,73,199,813,146,103,669140,27258,251401,754612,18669,26820,264274,71610,595339,346775,138956,345399,76670,27310,371241,153468,49280,274447,392949,133016,360250,494234,187914,186341,1319.8061557632398,0.8721744548286605
1660250942067,30.926,0.19298245,0.04761905,0.4090909,0.09090909,0.3181818,0.3181818,0.09090909,0.3043478,0.0952381,45.600002,45.300003,44.600002,44.600002,44.9,44.9,44.300003,44.9,44.9,45.300003,44.600002,43.9,3837657,-1412049,1075200,1075200,1075200,1075200,1075200,1075200,652800,1401600,534,22,32,869,13,22,329,70,107,363,52,83,136,35,72,284,50,100,416,66,158,617,177,134,664879,30193,127087,771528,8944,21645,347048,126511,310032,372863,87041,358596,154267,79294,560195,270125,72882,444312,375137,102115,290023,416711,267809,202125,1331.8875286821703,0.9990449612403101
1660250943070,30.970001,0.21890548,0.16,0.41666666,0.08,0.23076923,0.4,0.12,0.2,0.15384616,45.9,45.600002,44.600002,44.9,44.9,44.9,44.600002,44.9,44.9,45.600002,44.600002,43.9,3844470,-1397400,1075200,1075200,1075200,1075200,1075200,1075200,652800,1401600,495,26,42,838,23,38,325,63,104,399,60,89,160,40,65,214,48,102,444,60,157,516,182,141,640423,44015,166714,784817,30203,38844,310676,112087,454591,394277,89579,341535,173090,82346,494315,206978,108797,610076,420107,111372,277784,358313,285155,250150,1348.688686468647,0.9686072607260726
1660250944075,31.002,0.20454545,0.17391305,0.4090909,0.09090909,0.2,0.27272728,0.09090909,0.3043478,0.08695652,46.300003,45.600002,44.9,45.300003,45.300003,45.300003,44.600002,46.600002,45.300003,47.300003,44.9,43.9,3825006,-1459961,1075200,1075200,1075200,1075200,1075200,1075200,652800,1401600,543,48,49,842,21,40,420,76,118,389,66,100,164,35,70,264,64,113,416,76,177,444,90,190,600847,84850,158914,777191,27491,46986,386194,125599,343816,383374,130504,346042,119542,107002,592865,274072,127554,402155,405348,143596,320424,385518,145879,307129,1387.5705210608426,0.9929485179407176
1660250945073,31.04,0.1773399,0.083333336,0.4,0.12,0.23076923,0.1923077,0.041666668,0.16666667,0.115384616,46.300003,46.300003,45.600002,45.9,45.600002,45.300003,45.300003,45.600002,45.600002,45.9,45.300003,44.600002,3825395,-1492310,1075200,1075200,1075200,1075200,1075200,1075200,652800,1401600,514,2,13,949,10,14,236,45,99,497,59,98,291,77,91,260,49,83,352,60,167,513,90,250,714931,2264,168382,797344,9920,13797,256412,99542,542968,470710,104504,244069,297292,135558,354229,264224,92391,430393,342894,112650,310210,367624,136439,416967,1437.9857170731707,1.0281626016260164
1660250946096,31.085001,0.12886597,0.12,0.33333334,0.0,0.23076923,0.08,0.045454547,0.13043478,0.041666668,46.300003,45.9,44.9,45.600002,45.300003,45.300003,44.9,45.600002,45.300003,45.9,45.300003,44.9,3848752,-1349183,1075200,1075200,1075200,1075200,1075200,1075200,652800,1401600,461,42,61,836,17,34,278,61,126,357,70,103,81,17,51,263,63,105,381,69,191,461,105,229,486251,80032,263478,805121,22068,39647,298191,133595,463142,427792,150837,278907,83893,44771,710568,307550,98623,390565,372876,110432,372936,377057,174549,384944,1486.7230376432078,1.0233191489361704
1660250947107,31.12,0.21925133,0.24,0.4347826,0.13043478,0.3043478,0.16666667,0.125,0.2173913,0.17391305,46.9,46.300003,45.600002,45.9,45.600002,45.300003,44.9,45.9,45.300003,46.300003,45.300003,44.600002,3838241,-1381531,1075200,1075200,1075200,1075200,1075200,1075200,652800,1401600,520,37,56,871,16,28,268,49,116,436,64,94,153,42,62,296,66,107,402,64,201,444,119,193,598586,71049,136981,816966,23119,36003,269291,93090,534056,483695,122704,214238,169626,103209,608104,295035,107546,369509,402474,104380,326356,343425,197512,324015,1571.4718006230528,1.0561993769470404
1660250948129,31.174002,0.15116279,0.0,0.42857143,0.04761905,0.27272728,0.13043478,0.18181819,0.18181819,0.04761905,47.300003,46.600002,46.300003,46.300003,46.600002,46.600002,45.9,46.300003,46.300003,46.600002,45.600002,45.300003,3823449,-1578065,1075200,1075200,1075200,1075200,1075200,1075200,652800,1401600,643,25,31,930,10,13,337,68,107,519,43,90,204,40,70,217,45,86,455,63,181,588,193,149,740016,37102,59656,817968,7921,11775,337586,100370,421340,468314,65102,279169,205418,62744,327024,233775,90963,488966,395304,95214,290845,387962,286670,228746,1652.1792813990462,1.1474721780604134
1660250949134,31.222002,0.15254237,0.13636364,0.45454547,0.08695652,0.27272728,0.045454547,0.09090909,0.13636364,0.08695652,46.600002,46.600002,45.9,46.300003,46.300003,46.300003,45.300003,45.9,45.9,46.600002,45.600002,45.300003,3843886,-1333619,1075200,1075200,1075200,1075200,1075200,1075200,652800,1401600,544,64,84,854,12,36,339,78,120,458,38,67,93,15,72,148,21,80,408,73,216,534,149,162,561940,107693,169365,791880,16770,44182,346452,129148,396694,458801,56730,291056,89109,31591,714348,144832,49010,653459,389579,122643,356354,389273,240642,302109,1749.474583196046,1.1547940691927514
1660250950169,31.260002,0.20231214,0.04761905,0.3809524,0.13043478,0.23809524,0.18181819,0.1,0.3,0.0952381,47.300003,47.300003,46.300003,46.600002,46.600002,46.300003,45.600002,46.600002,46.300003,46.9,45.9,45.600002,3836295,-1390992,1075200,1075200,1075200,1075200,1075200,1075200,652800,1401600,665,50,63,944,11,22,154,38,63,465,34,66,127,46,88,231,49,68,386,62,231,581,193,166,573399,82690,120608,819354,11489,20399,178154,74556,530756,479751,54964,146828,146015,131306,559401,211996,95321,361869,371144,97669,384203,405067,290503,234585,1684.0923096366507,1.1961832543443918
1660250951177,31.307001,0.15566038,0.2,0.3846154,0.074074075,0.23076923,0.0,0.14285715,0.12,0.074074075,47.9,47.9,46.9,47.300003,46.600002,46.9,46.600002,46.9,47.600002,47.300003,46.9,45.9,3827925,-1480103,1075200,1075200,1075200,1075200,1075200,1075200,652800,1401600,684,12,25,927,9,8,423,70,125,564,45,85,125,36,69,325,50,100,426,57,207,568,195,118,727752,33567,85349,827970,6658,8806,412412,105933,344281,539119,69922,193804,147314,76792,568364,328606,66766,469822,353105,90165,345371,415110,285446,171598,1722.3422967741935,1.1936516129032257
1660250952223,31.349,0.15625,0.083333336,0.3478261,0.08695652,0.26086956,0.083333336,0.04347826,0.20833333,0.0,47.600002,47.300003,46.300003,46.9,46.600002,46.300003,45.9,46.600002,46.600002,46.9,46.600002,45.9,3830845,-1354981,1075200,1075200,1075200,1075200,1075200,1075200,652800,1401600,557,52,90,810,14,31,183,40,92,514,48,88,269,53,99,110,19,67,443,81,226,479,130,216,541771,72484,203552,810358,22235,34709,196493,77522,628677,540956,84539,176307,268239,109866,496761,108593,54541,647173,403989,123300,368204,383045,206886,369503,1762.5195162790696,1.1847937984496124
1660250953245,31.412,0.38043478,0.3043478,0.47619048,0.22727273,0.39130434,0.22727273,0.73913044,0.39130434,0.25,47.9,47.9,46.9,47.300003,46.9,46.600002,45.9,46.9,46.9,47.600002,46.600002,45.9,3827731,-1460877,1075200,1075200,1075200,1075200,1075200,1075200,652800,1401600,600,37,59,923,15,19,390,76,113,572,49,76,417,69,119,105,26,83,416,59,213,398,86,243,607650,69178,211325,879455,21221,19406,380041,128071,320455,575617,80972,168733,404085,110018,364357,123392,54830,667676,386659,103630,347676,355524,142801,433442,1615.2162972136223,1.0707616099071207
1660250954262,31.460001,0.17977528,0.16666667,0.42857143,0.09090909,0.3478261,0.13043478,0.09090909,0.14285715,0.09090909,48.300003,47.9,47.300003,47.300003,47.600002,46.9,46.9,47.600002,47.300003,47.600002,46.9,46.300003,3823449,-1420289,1075200,1075200,1075200,1075200,1075200,1075200,652800,1401600,681,13,21,782,8,10,227,51,83,469,51,69,431,62,83,220,31,70,399,40,205,483,67,248,698197,29384,74093,751088,15679,13345,221224,123578,459089,453113,82638,195101,368738,86427,253458,231593,50017,325251,360347,62920,339834,405634,111472,377548,1637.154947368421,1.157
1660250955312,31.495,0.06818182,0.0,0.045454547,0.0,0.045454547,0.09090909,0.08695652,0.045454547,0.0952381,48.600002,48.300003,47.600002,47.9,47.600002,47.600002,47.300003,47.600002,47.9,48.300003,47.300003,46.600002,3818388,-1496277,1075200,1075200,1075200,1075200,1075200,1075200,652800,1401600,570,61,68,776,21,32,377,62,100,510,43,74,210,38,80,179,27,89,426,74,228,524,95,238,582168,109859,148251,751064,31762,40605,356706,108922,338379,487415,71509,249218,214561,71945,502088,180143,49890,606156,412485,123352,367524,397275,159802,390108,369.7702800658979,0.23428006589785833
1660250956336,31.549002,0.09424084,0.04347826,0.04347826,0.08695652,0.2173913,0.125,0.08,0.041666668,0.083333336,46.300003,45.9,45.600002,45.600002,45.9,45.600002,45.600002,45.9,45.9,46.600002,44.9,44.600002,3921935,-609741,1075200,1075200,1075200,1075200,1075200,1075200,652800,1401600,720,6,13,658,2,14,205,45,96,321,53,103,221,36,74,340,52,106,72,35,131,223,35,151,827673,16660,37757,808951,1073,43316,209514,90048,556432,310728,130110,451908,231822,73165,509403,335153,100194,446954,59983,106492,714673,131392,81853,621149,-1.0,-1.0
1660250957337,31.590002,0.08888889,0.09090909,0.045454547,0.13043478,0.045454547,0.16666667,0.09090909,0.045454547,0.08695652,44.300003,44.300003,43.9,44.300003,44.300003,44.300003,43.9,43.9,43.9,44.300003,43.300003,43.600002,3929137,-340576,1075200,1075200,1075200,1075200,1075200,1075200,652800,1401600,329,20,62,223,8,44,145,29,84,124,33,83,131,8,54,160,10,79,28,20,83,71,1,36,327710,53920,469841,261092,17705,553533,148502,57610,614288,124760,86933,600831,95139,20143,646220,141101,22910,701873,27995,71620,852816,24930,5008,850323,-1.0,-1.0
1660250958358,31.613,0.029268293,0.03846154,0.0,0.074074075,0.0,0.08,0.0,0.0,0.0,44.300003,44.300003,43.9,43.9,44.300003,44.300003,43.9,44.600002,44.600002,45.300003,42.600002,42.600002,3917653,-535583,1075200,1075200,1075200,1075200,1075200,1075200,652800,1401600,279,18,71,195,4,76,132,22,81,132,10,78,103,10,54,141,12,72,130,5,60,85,0,60,231301,31499,622589,207860,4915,705166,97904,60574,742652,103280,18542,773889,54632,26874,715591,66418,33051,769406,64664,14971,847103,35976,423,842927,-1.0,-1.0
1660250959415,31.613,0.23033708,0.0952381,0.33333334,0.26086956,0.4347826,0.25,0.13636364,0.16666667,0.25,43.300003,43.300003,42.9,43.300003,43.600002,43.9,42.9,43.600002,43.600002,44.600002,41.9,41.9,3928942,-493164,1075200,1075200,1075200,1075200,1075200,1075200,652800,1401600,335,7,63,268,3,58,173,24,43,127,5,29,40,2,25,48,7,38,95,11,51,222,13,34,332646,10652,567325,320617,9123,580636,100165,67618,739045,63783,11711,822848,23349,927,785616,32010,12568,789542,48712,25785,925707,80723,33949,838119,213.82772368421053,1.8173815789473686
1660250960444,31.613,0.20114942,0.09090909,0.5,0.16666667,0.5,0.0952381,0.13043478,0.09090909,0.09090909,44.300003,44.300003,43.600002,43.9,43.9,43.600002,43.300003,43.600002,43.600002,43.600002,43.600002,43.300003,3814690,-1438904,1075200,1075200,1075200,1075200,1075200,1075200,652800,1401600,953,12,27,757,21,22,592,60,84,446,48,52,307,38,96,343,62,115,147,50,173,349,130,125,739692,17614,50481,724069,44609,40412,450056,91004,280691,499318,91448,168263,300063,58521,432722,319622,115045,394734,164680,119889,651850,207690,232708,394918,1084.7071103789126,0.7970477759472817
1660250961449,31.616001,0.18343195,0.18181819,0.4,0.04761905,0.47619048,0.13043478,0.18181819,0.0952381,0.0952381,45.600002,45.300003,44.600002,44.600002,44.300003,44.300003,43.9,44.300003,44.600002,44.300003,44.300003,43.9,3831429,-1440735,1075200,1075200,1075200,1075200,1075200,1075200,652800,1401600,646,50,92,670,31,36,439,69,110,535,36,34,311,55,100,216,37,91,198,70,230,307,88,228,551665,73403,250674,669192,53186,46526,424050,139205,302474,524070,71389,66009,324289,81191,441006,220837,69295,512821,221062,136607,575779,220264,173560,564969,2105.4241317957167,1.5152817133443164
1660250962488,31.632002,0.26857144,0.17391305,0.45,0.10526316,0.5,0.18181819,0.22727273,0.41666666,0.09090909,46.600002,46.600002,45.600002,45.9,45.600002,45.300003,44.600002,45.600002,45.300003,45.600002,45.600002,44.9,3826563,-1362305,1075200,1075200,1075200,1075200,1075200,1075200,652800,1401600,716,28,51,873,0,3,562,59,97,846,5,23,308,52,102,398,40,111,347,78,286,466,101,283,632750,45692,136738,822154,0,2973,461373,94567,239376,630822,3788,25231,289371,89151,399393,381534,51087,361157,323712,112599,509102,344131,123193,420787,2102.054231023102,1.4491353135313532
1660250963528,31.654001,0.39408866,0.2962963,0.44,0.2,0.45833334,0.71428573,0.7407407,0.2,0.16,47.300003,46.9,46.300003,46.9,46.300003,45.9,45.300003,46.300003,45.9,46.300003,46.300003,45.300003,3831234,-1404114,1075200,1075200,1075200,1075200,1075200,1075200,652800,1401600,799,15,28,858,0,1,490,58,98,833,4,21,273,49,104,462,56,119,339,67,259,444,64,288,762279,33043,69232,832263,0,870,415102,82629,243234,632900,4994,18537,280055,79844,434029,396300,83326,302895,312657,97951,472540,342202,87119,498365,2076.448446511628,1.5304930232558138
1660250964607,31.699001,0.21717171,0.20833333,0.45454547,0.15384616,0.39130434,0.15384616,0.041666668,0.18518518,0.2,48.300003,47.9,46.9,47.600002,47.600002,47.600002,46.9,47.600002,47.300003,47.9,46.9,45.9,3815274,-1495972,1075200,1075200,1075200,1075200,1075200,1075200,652800,1401600,777,33,72,853,8,12,387,53,84,829,19,46,181,31,71,241,46,80,451,65,275,717,107,245,654313,43940,185702,837304,12251,15459,387063,88932,393827,676269,25559,50995,184892,57303,422665,246129,69796,312240,367683,90733,462972,435541,130345,375557,1695.5868672000001,1.3465088
1660250965678,31.734001,0.2361809,0.083333336,0.39130434,0.24,0.46153846,0.07692308,0.20833333,0.25925925,0.16,47.9,47.9,47.300003,47.9,47.300003,46.9,46.600002,47.300003,47.300003,47.600002,46.9,46.300003,3827925,-1459656,1075200,1075200,1075200,1075200,1075200,1075200,652800,1401600,723,23,56,815,15,24,254,49,85,714,33,50,273,57,96,276,37,74,422,51,273,658,180,148,640657,36559,197759,805133,21851,28615,272321,109892,473547,626280,40950,66264,291873,91414,405379,245546,69422,265062,407791,93702,422929,411487,229842,220149,1726.0474779771616,1.3559021207177813
1660250966682,31.784002,0.18,0.125,0.375,0.23076923,0.39130434,0.07692308,0.08,0.14814815,0.07692308,48.300003,47.9,47.300003,47.600002,47.300003,46.9,46.600002,47.300003,47.300003,47.600002,47.300003,46.300003,3823059,-1516114,1075200,1075200,1075200,1075200,1075200,1075200,652800,1401600,750,34,44,757,17,28,320,65,96,690,21,53,234,40,91,323,56,98,373,58,260,560,201,171,677077,47851,85105,758138,21485,34303,332669,130816,355157,606683,24898,59221,229995,62380,520951,334613,92274,397854,349039,88422,434481,379163,265427,265565,1736.0211021671828,1.290501547987616
1660250967718,31.823002,0.24,0.3181818,0.3809524,0.2173913,0.52,0.13043478,0.13636364,0.13636364,0.2173913,48.300003,48.600002,47.300003,47.600002,47.300003,46.9,46.600002,47.600002,47.300003,47.9,47.300003,46.300003,3827731,-1403199,1075200,1075200,1075200,1075200,1075200,1075200,652800,1401600,752,34,57,839,7,18,367,69,96,724,27,50,164,18,71,401,60,107,346,54,266,663,199,198,674457,54874,137912,817478,9933,18333,356702,143875,311276,624231,34228,59941,171519,19707,608589,367244,92232,318434,359029,74271,455770,406994,242227,291415,1774.7332939244664,1.405793103448276
1660250968737,31.874002,0.3559322,0.22727273,0.61904764,0.45,0.45454547,0.26086956,0.3181818,0.3043478,0.17391305,48.9,48.600002,47.9,48.300003,47.9,47.9,47.300003,47.9,47.9,48.600002,47.9,46.9,3816831,-1536255,1075200,1075200,1075200,1075200,1075200,1075200,652800,1401600,647,47,67,822,8,13,403,44,114,699,18,48,202,43,90,198,57,88,404,55,263,586,174,175,602665,92271,156121,768428,8729,12177,385085,73759,392033,619938,22618,57964,204612,92607,549526,221367,102807,511985,374090,84503,442510,399858,246852,262972,1817.0349773462785,1.5273527508090616
1660250969767,31.921001,0.16568047,0.13636364,0.35,0.13636364,0.41666666,0.13636364,0.04761905,0.04761905,0.13043478,48.9,48.9,47.9,48.600002,48.300003,48.300003,47.600002,48.600002,48.300003,49.300003,47.9,47.600002,3822086,-1561890,1075200,1075200,1075200,1075200,1075200,1075200,652800,1401600,848,35,55,761,8,18,363,58,103,758,27,49,180,35,55,263,40,89,358,57,266,555,198,189,671154,44194,83293,717393,11426,18620,393760,106178,318185,644570,34665,55766,178294,66634,516978,248404,72118,502196,346130,79987,437469,367239,267159,278041,1870.9008650406504,1.531889430894309
1660250970777,31.972002,0.30232558,0.14285715,0.55,0.2857143,0.5,0.18181819,0.1904762,0.22727273,0.22727273,49.300003,48.9,48.300003,48.300003,48.300003,48.300003,47.600002,47.9,47.600002,48.300003,48.300003,47.300003,3820140,-1507874,1075200,1075200,1075200,1075200,1075200,1075200,652800,1401600,800,29,51,801,7,17,525,56,100,763,28,53,374,67,115,140,25,64,402,48,290,569,184,185,655963,42649,102935,804240,11271,22370,493599,99315,267104,668903,30994,50523,354008,112298,324116,138108,53208,616649,381992,67860,441664,390510,231489,276617,1937.5557901430843,1.5337106518282988
1660250971814,32.023003,0.22222222,0.16,0.48,0.29166666,0.46153846,0.12,0.08,0.1923077,0.12,49.600002,49.300003,48.300003,48.600002,48.300003,48.300003,47.9,48.9,48.300003,48.9,47.9,47.600002,3817415,-1471863,1075200,1075200,1075200,1075200,1075200,1075200,652800,1401600,770,38,56,834,4,15,539,47,107,831,14,36,348,51,108,107,22,80,406,65,284,545,195,174,639695,64360,148418,808600,4543,15175,520000,84812,277464,677160,15367,32003,302189,87800,430696,115720,46574,650113,388655,91034,433168,396840,253216,272897,2011.1582250803858,1.565684887459807
1660250972837,32.067,0.41025642,0.2173913,0.5416667,0.48,0.45833334,0.20833333,0.84,0.2173913,0.28,49.600002,49.600002,48.9,48.600002,48.600002,48.600002,47.9,48.9,48.300003,48.9,48.600002,47.600002,3827925,-1351319,1075200,1075200,1075200,1075200,1075200,1075200,652800,1401600,748,32,45,777,5,6,649,47,70,790,13,39,332,53,102,152,37,69,430,41,319,507,115,257,633340,47104,105612,733282,7804,5405,524858,78248,169509,645851,13983,41320,298767,90980,440304,159019,94133,478998,373433,54246,474620,362260,146101,352590,2091.577113268608,1.6032621359223302
1660250973849,32.125,0.3115578,0.24,0.47826087,0.30769232,0.48,0.30769232,0.28,0.12,0.23076923,50.300003,49.600002,49.300003,49.600002,49.600002,49.600002,48.600002,49.300003,49.300003,49.600002,48.600002,47.9,3810797,-1502686,1075200,1075200,1075200,1075200,1075200,1075200,652800,1401600,726,48,52,740,1,1,625,38,80,869,9,28,239,43,86,97,33,48,439,54,303,493,73,300,625904,82073,117029,667987,1335,2581,582713,60240,135743,647760,12471,29906,233574,82352,383104,93539,77501,332388,351604,55066,468618,357911,88089,437994,2098.9291768388107,1.6190798122065728
1660250974892,32.172,0.27319586,0.28,0.48,0.29166666,0.4090909,0.16,0.1923077,0.32,0.12,50.300003,49.9,49.600002,49.600002,48.9,48.9,48.600002,49.300003,49.300003,49.300003,48.600002,47.9,3813133,-1594544,1075200,1075200,1075200,1075200,1075200,1075200,652800,1401600,790,39,48,863,0,4,677,35,82,872,13,38,318,56,87,222,42,72,401,34,296,583,76,307,641432,60729,121171,817568,0,4447,615500,47867,118677,667642,11962,31755,298710,84250,327346,221851,66329,484354,349925,51657,438891,405098,88837,409558,2102.400315270936,1.7172807881773398
1660250975944,32.230003,0.2366864,0.14285715,0.5,0.2857143,0.3809524,0.23809524,0.045454547,0.26086956,0.24,50.600002,50.300003,49.300003,49.600002,49.300003,48.9,48.600002,49.600002,48.9,49.600002,48.9,47.9,3815469,-1450501,1075200,1075200,1075200,1075200,1075200,1075200,652800,1401600,767,53,64,893,1,5,683,43,74,871,9,28,330,49,119,167,41,77,346,66,270,490,82,331,649302,68880,91717,816729,986,4386,669876,58573,96410,686220,10252,27626,315457,82543,508368,164213,107324,569356,324755,90617,466548,373416,100858,486376,2098.0448208469056,1.6152182410423452
1660250976942,32.271,0.25139666,0.1,0.52380955,0.2857143,0.4090909,0.14285715,0.13043478,0.17391305,0.04761905,50.600002,50.300003,49.600002,49.300003,49.600002,49.300003,48.600002,49.9,49.300003,50.300003,49.300003,48.300003,3827341,-1460877,1075200,1075200,1075200,1075200,1075200,1075200,652800,1401600,770,47,61,829,1,4,734,42,67,827,7,33,240,46,83,250,47,90,282,64,242,493,98,270,626955,69469,108249,757630,1183,3773,663099,49832,91881,679354,5549,27130,216820,75725,516386,216301,102636,473354,288508,103780,465277,354986,129884,432031,2099.822459627329,1.5767950310559005
1660250977952,32.322002,0.25581396,0.05263158,0.5,0.3043478,0.42105263,0.22727273,0.13636364,0.26086956,0.0952381,50.600002,50.600002,49.9,49.9,49.600002,49.300003,48.9,49.600002,49.300003,49.9,49.300003,48.600002,3815079,-1482850,1075200,1075200,1075200,1075200,1075200,1075200,652800,1401600,815,32,40,838,1,10,720,29,68,840,9,27,389,77,109,135,24,83,251,72,242,507,94,290,675726,46357,77224,746346,1497,9451,645118,38812,120744,681333,12832,28399,332928,150493,272076,183532,46320,602998,286310,135864,449776,361169,120468,434519,2086.9527368421054,1.4621578947368423
1660250978971,32.389,0.14361702,0.13636364,0.14285715,0.125,0.2173913,0.083333336,0.16,0.09090909,0.04347826,50.9,50.600002,49.9,49.9,49.9,49.600002,48.9,49.9,49.600002,49.9,49.600002,48.600002,3814106,-1469422,1075200,1075200,1075200,1075200,1075200,1075200,652800,1401600,800,42,56,803,3,10,589,31,81,779,19,41,246,53,103,151,40,69,267,60,215,445,97,288,660627,45415,109996,758724,5532,9546,575598,40310,173881,634007,18716,43638,222984,100253,476375,160182,95258,603682,275281,107813,467730,353891,129807,452569,2092.5670275526745,1.53387358184765
1660250979972,32.443,0.15151516,0.083333336,0.115384616,0.16666667,0.08,0.4,0.083333336,0.25,0.04,49.9,49.600002,49.300003,49.300003,49.600002,48.9,48.9,49.300003,49.300003,49.600002,48.9,48.300003,3870940,-849915,1075200,1075200,1075200,1075200,1075200,1075200,652800,1401600,911,32,42,731,3,12,561,35,63,604,16,43,306,59,100,163,22,55,300,49,202,498,134,164,650882,39923,65968,741231,3706,14032,475837,67985,223538,458839,35627,198777,325354,121013,318035,142370,34400,451622,240908,83733,492337,285594,177572,384296,-1.0,-1.0
1660250980978,32.494003,0.06111111,0.18181819,0.0,0.0,0.08695652,0.045454547,0.125,0.0,0.0,47.300003,47.300003,46.9,47.300003,47.9,47.300003,47.300003,47.300003,47.600002,47.600002,46.300003,46.300003,3894686,-270996,1075200,1075200,1075200,1075200,1075200,1075200,652800,1401600,550,6,33,282,0,16,141,31,89,164,29,99,125,39,72,141,23,84,20,0,90,80,42,109,697772,10075,226917,682367,0,278164,156417,63557,661240,200621,65773,665854,154591,95217,476419,144218,45573,643272,44252,0,817436,38598,138409,808377,-1.0,-1.0
1660250982012,32.522003,0.12886597,0.125,0.083333336,0.083333336,0.24,0.2173913,0.125,0.04,0.12,46.300003,45.9,45.300003,45.600002,45.9,45.600002,45.600002,45.9,45.600002,45.9,44.9,44.600002,3935754,-179443,1075200,1075200,1075200,1075200,1075200,1075200,652800,1401600,667,31,80,304,3,21,254,9,47,141,26,78,212,18,77,152,13,52,34,22,88,283,66,126,439837,38339,371640,543129,5870,288956,536013,15620,354262,182288,74199,589295,212321,33086,637380,150119,35867,580555,96206,102581,790517,172420,79462,693612,-1.0,-1.0
1660250983035,32.545002,0.41975307,0.3125,0.31578946,0.5652174,0.55,0.61904764,0.55,0.05,0.25,45.300003,44.600002,44.300003,44.9,44.600002,44.9,44.600002,45.300003,44.9,45.300003,43.9,43.9,3896827,-522766,1075200,1075200,1075200,1075200,1075200,1075200,652800,1401600,629,79,123,311,0,0,322,0,0,155,33,96,165,25,63,134,14,57,1,16,65,288,138,264,534251,135911,239110,927445,0,0,926305,0,0,144572,86083,694415,126123,52918,663284,136421,25504,721040,1494,78072,925972,261795,167939,523475,-1.0,-1.0
1660250984072,32.548,0.47126436,0.3809524,0.4347826,0.64,0.5217391,0.47826087,0.3809524,0.2857143,0.73913044,46.600002,46.600002,46.600002,46.9,47.600002,46.9,46.300003,46.9,46.600002,47.300003,44.9,44.9,3903639,-586853,1075200,1075200,1075200,1075200,1075200,1075200,652800,1401600,1992,32,55,1886,0,0,809,0,0,783,9,20,618,13,22,528,1,9,393,3,9,1002,37,81,528671,45955,107345,748398,0,0,681683,0,0,389731,22023,239911,366592,39148,211114,377763,522,297382,649916,9689,280079,605825,46838,146336,-1.0,-1.0
1660250985113,32.545002,0.22404371,0.2857143,0.29166666,0.26086956,0.17391305,0.2173913,0.2173913,0.08695652,0.3478261,46.9,46.9,46.600002,47.300003,47.9,47.600002,47.600002,48.300003,48.300003,49.300003,44.9,45.300003,3897995,-936279,1075200,1075200,1075200,1075200,1075200,1075200,652800,1401600,1322,0,0,826,0,0,640,0,0,542,8,13,414,4,11,461,4,11,474,3,29,715,1,11,737195,0,0,722532,0,0,680500,0,0,691544,10845,16128,632968,4022,27370,644840,1229,41100,692628,2715,109358,468956,322,17575,-1.0,-1.0
1660250986129,32.535,0.8756757,0.77272725,0.9166667,0.7083333,0.90909094,0.73913044,0.9166667,1.0,1.0,46.300003,46.300003,45.600002,46.300003,46.300003,46.300003,45.9,46.600002,46.600002,47.600002,44.600002,44.300003,3864906,-1073303,1075200,1075200,1075200,1075200,1075200,1075200,652800,1401600,1239,0,0,972,0,0,676,0,0,577,19,39,362,15,24,439,14,32,660,10,74,500,12,52,472759,0,0,479050,0,0,412894,0,0,311952,33305,136757,241607,34442,127630,288612,27408,131429,284353,14677,249721,168737,11607,140829,-1.0,-1.0
1660250987137,32.525,1.0,1.0,1.0,1.0,1.0,1.0,1.0,1.0,1.0,47.300003,47.600002,46.300003,46.9,47.300003,47.9,47.9,49.300003,48.300003,49.300003,44.300003,43.9,3899941,-910950,1075200,1075200,1075200,1075200,1075200,1075200,652800,1401600,1126,0,0,963,0,0,550,0,0,634,27,33,565,24,44,309,20,31,118,0,11,2,0,2,424061,0,0,331504,0,0,464809,0,0,326797,42125,87221,294122,31697,126273,201017,21439,58434,56263,0,43919,124,0,1615,0.46550544323483667,0.01716951788491446
1660250988229,32.503002,1.0,1.0,1.0,1.0,1.0,1.0,1.0,1.0,1.0,47.600002,47.9,47.600002,47.9,48.300003,48.600002,48.300003,49.600002,48.600002,49.600002,44.600002,44.300003,3913955,-488586,1075200,1075200,1075200,1075200,1075200,1075200,652800,1401600,65,0,0,29,0,0,39,0,0,6,2,1,7,0,1,13,0,0,0,0,0,0,0,0,23268,0,0,5015,0,0,14263,0,0,3006,2981,909,2295,0,2881,5906,0,0,0,0,0,0,0,0,0.4226687402799378,0.1774059097978227
1660250989440,32.497,0.9237668,1.0,1.0,1.0,1.0,1.0,1.0,0.29166666,1.0,48.9,48.9,48.600002,49.600002,49.600002,49.600002,49.600002,50.300003,49.600002,50.9,46.300003,45.600002,3822281,-1309815,1075200,1075200,1075200,1075200,1075200,1075200,652800,1401600,0,0,0,21,0,0,0,0,0,0,0,0,0,0,0,0,0,0,0,1,0,0,0,0,0,0,0,6984,0,0,0,0,0,0,0,0,0,0,0,0,0,0,0,593,0,0,0,0,0.16450077279752706,0.03459659969088099
1660250990695,32.481003,0.912037,1.0,1.0,1.0,1.0,1.0,1.0,0.26923078,1.0,48.600002,48.600002,48.300003,48.9,48.9,48.9,48.300003,50.300003,48.600002,50.300003,45.300003,45.300003,3903055,-505066,1075200,1075200,1075200,1075200,1075200,1075200,652800,1401600,0,0,0,0,0,0,0,0,0,0,0,0,0,0,0,0,0,0,730,116,40,0,0,0,0,0,0,0,0,0,0,0,0,0,0,0,0,0,0,0,0,0,417131,171699,82427,0,0,0,-1.0,-1.0
1660250991821,32.471,0.94520545,1.0,1.0,1.0,1.0,1.0,1.0,0.53846157,1.0,47.300003,47.600002,47.300003,47.9,48.300003,47.9,47.300003,49.300003,48.300003,49.600002,44.9,44.600002,3854785,-1119995,1075200,1075200,1075200,1075200,1075200,1075200,652800,1401600,0,0,0,0,0,1,0,0,0,0,0,0,0,0,0,0,0,0,570,163,128,0,0,0,0,0,0,0,0,41,0,0,0,0,0,0,0,0,0,0,0,0,356695,316733,266979,0,0,0,576.9827644305772,1.6629890795631825
1660250993046,32.452,0.9255814,1.0,1.0,1.0,1.0,1.0,1.0,0.37037036,1.0,49.300003,48.9,48.600002,48.9,48.9,48.9,47.9,50.300003,48.9,50.300003,46.600002,45.600002,3817026,-1516419,1075200,1075200,1075200,1075200,1075200,1075200,652800,1401600,0,0,1,6,0,1,1,0,0,0,0,0,0,0,0,0,0,0,818,100,60,2,0,0,0,0,462,2337,0,824,13,0,0,0,0,0,0,0,0,0,0,0,448935,129844,75433,58,0,0,1117.5214,0.353975
1660250994198,32.459003,0.92410713,1.0,1.0,1.0,1.0,1.0,1.0,0.39285713,1.0,49.9,50.300003,49.300003,49.600002,49.9,49.9,49.300003,51.300003,50.300003,51.600002,47.300003,46.600002,3802039,-1546631,1075200,1075200,1075200,1075200,1075200,1075200,652800,1401600,0,0,0,0,0,0,0,0,0,0,0,0,0,0,0,0,0,1,734,139,85,0,0,0,0,0,0,0,0,0,0,0,0,0,0,0,0,0,0,0,0,348,454346,145631,104138,0,0,0,1365.1620923076923,0.34496
1660250995329,32.468002,0.9483568,1.0,1.0,1.0,1.0,1.0,1.0,0.5769231,1.0,50.9,50.9,49.9,50.9,50.9,50.600002,49.600002,51.9,49.9,51.9,47.9,47.300003,3803985,-1670533,1075200,1075200,1075200,1075200,1075200,1075200,652800,1401600,0,0,0,0,0,0,0,0,1,0,0,0,0,0,0,0,0,0,610,133,87,0,0,0,0,0,0,0,0,0,0,0,1466,0,0,0,0,0,0,0,0,0,437662,147616,99530,0,0,0,1387.3520870917573,0.3577729393468118
1660250996457,32.494003,0.9245283,1.0,1.0,1.0,1.0,1.0,1.0,0.4074074,1.0,51.600002,51.600002,50.9,51.300003,51.600002,51.300003,50.300003,52.300003,50.9,52.9,48.300003,47.9,3803012,-1581422,1075200,1075200,1075200,1075200,1075200,1075200,652800,1401600,0,0,0,0,0,0,0,0,0,0,0,0,0,0,0,1,0,1,667,131,70,0,0,0,0,0,0,0,0,0,0,0,0,0,0,0,0,0,0,1510,0,468,423619,147926,87330,0,0,0,1482.6195895865237,0.4182052067381317
1660250997575,32.532,0.913242,1.0,1.0,1.0,1.0,1.0,1.0,0.2962963,1.0,51.9,51.9,51.300003,51.9,51.9,51.600002,50.600002,52.9,51.300003,52.9,48.9,47.9,3810213,-1578370,1075200,1075200,1075200,1075200,1075200,1075200,652800,1401600,0,0,0,0,0,0,0,0,0,0,0,0,0,0,1,0,0,0,629,132,81,0,0,0,0,0,0,0,0,0,0,0,0,0,0,0,0,0,32,0,0,0,409832,129492,114171,0,0,0,1383.1582865947612,0.25254853620955314
1660250998694,32.567,0.93203884,1.0,1.0,1.0,1.0,1.0,0.96153843,0.4814815,1.0,52.300003,52.300003,51.9,52.300003,51.9,51.9,50.9,53.300003,51.600002,53.600002,49.300003,48.600002,3824422,-1614381,1075200,1075200,1075200,1075200,1075200,1075200,652800,1401600,0,0,0,0,0,0,0,0,0,0,0,0,0,0,0,0,0,0,628,143,64,0,0,0,0,0,0,0,0,0,0,0,0,0,0,0,0,0,0,0,0,0,441567,166431,74745,0,0,0,1247.0961854714064,0.20767851622874806
1660250999832,32.602,0.95022625,1.0,1.0,1.0,1.0,1.0,1.0,0.5769231,1.0,52.600002,52.9,51.9,52.300003,52.300003,51.9,51.300003,53.600002,51.9,53.9,49.600002,48.9,3809435,-1452637,1075200,1075200,1075200,1075200,1075200,1075200,652800,1401600,0,0,0,0,0,0,0,0,0,0,0,0,0,0,0,0,1,0,604,131,76,0,0,0,0,0,0,0,0,0,0,0,0,0,0,0,0,0,0,0,443,0,405461,149572,101953,0,0,0,1209.9261806853583,0.2760373831775701
1660251000976,32.640003,0.93436295,1.0,1.0,1.0,1.0,1.0,1.0,0.41379312,1.0,52.9,52.9,51.9,52.600002,52.600002,52.600002,51.9,53.9,52.600002,54.300003,49.9,49.300003,3821892,-1647340,1075200,1075200,1075200,1075200,1075200,1075200,652800,1401600,0,0,0,0,0,0,0,0,0,0,0,0,0,0,0,0,0,0,632,124,71,0,0,0,0,0,0,0,0,0,0,0,0,0,0,0,0,0,0,0,0,0,405698,134795,97446,0,0,0,1531.5133707165107,0.516436137071651
1660251002186,32.7,0.9099526,1.0,1.0,1.0,1.0,1.0,1.0,0.24,1.0,53.300003,53.600002,52.600002,53.300003,53.300003,53.300003,51.9,54.600002,52.600002,54.600002,49.9,49.300003,3833959,-1171875,1075200,1075200,1075200,1075200,1075200,1075200,652800,1401600,0,0,0,0,0,0,0,0,0,0,0,0,0,0,0,0,0,1,730,113,79,0,0,0,0,0,0,0,0,0,0,0,0,0,0,0,0,0,0,0,0,26,446514,115934,95612,0,0,0,1427.0842426127526,0.6572690513219284
1660251003292,32.729,0.954955,1.0,1.0,1.0,1.0,1.0,1.0,0.6296296,1.0,53.9,54.300003,53.300003,53.300003,53.600002,53.600002,52.9,54.9,54.300003,54.9,50.600002,49.9,3826758,-1451417,1075200,1075200,1075200,1075200,1075200,1075200,652800,1401600,0,0,0,0,0,0,0,0,0,0,0,0,0,0,0,0,0,0,625,130,51,0,0,0,0,0,0,0,0,0,0,0,0,0,0,0,0,0,0,0,0,0,421375,135923,69918,0,0,0,1459.3965785381026,0.6197947122861586
1660251004390,32.764,0.93838865,1.0,1.0,1.0,1.0,1.0,1.0,0.48,1.0,54.300003,54.300003,53.600002,53.600002,53.9,53.9,52.9,55.300003,53.300003,55.300003,50.9,49.9,3814495,-1445313,1075200,1075200,1075200,1075200,1075200,1075200,652800,1401600,0,0,0,0,0,0,0,0,0,0,0,0,0,0,0,0,0,0,659,124,50,0,0,0,0,0,0,0,0,0,0,0,0,0,0,0,0,0,0,0,0,0,433761,147393,66119,0,0,0,1412.2772018489984,0.5049984591679507
1660251005501,32.815002,0.920354,1.0,1.0,1.0,1.0,1.0,1.0,0.30769232,1.0,54.600002,54.600002,53.600002,53.9,53.9,53.9,52.9,55.300003,53.600002,55.600002,50.9,49.9,3809240,-1563721,1075200,1075200,1075200,1075200,1075200,1075200,652800,1401600,0,0,0,0,0,0,0,0,0,0,0,0,0,0,0,0,0,0,603,124,53,0,0,0,0,0,0,0,0,0,0,0,0,0,0,0,0,0,0,0,0,0,414909,116702,75304,0,0,0,1398.3927250384024,0.5533886328725038
1660251006633,32.856003,0.93301433,1.0,1.0,1.0,1.0,1.0,1.0,0.44,1.0,54.300003,53.9,53.600002,53.600002,53.600002,53.600002,52.300003,54.9,53.300003,55.300003,50.600002,49.9,3807488,-1372071,1075200,1075200,1075200,1075200,1075200,1075200,652800,1401600,0,0,0,0,0,0,0,0,0,0,0,0,0,0,0,1,0,0,649,151,71,0,0,0,0,0,0,0,0,0,0,0,0,0,0,0,0,0,0,78,0,0,436492,181709,86742,0,0,0,1257.7479,0.2483
1660251007763,32.907,0.91780823,1.0,1.0,1.0,1.0,1.0,1.0,0.33333334,1.0,54.600002,54.600002,53.600002,53.9,54.300003,54.300003,53.600002,55.600002,54.300003,55.9,51.300003,50.600002,3802623,-1443787,1075200,1075200,1075200,1075200,1075200,1075200,652800,1401600,0,0,0,0,0,0,0,0,0,0,0,0,0,0,0,0,0,0,533,140,73,0,0,0,0,0,0,0,0,0,0,0,0,0,0,0,0,0,0,0,0,0,351807,159744,107698,0,0,0,1284.4680062208397,0.3040746500777605
1660251008861,32.964,0.92727274,1.0,1.0,1.0,1.0,1.0,1.0,0.44827586,1.0,54.600002,54.600002,53.600002,53.9,53.9,53.9,52.9,55.9,53.9,55.9,51.300003,50.600002,3811771,-1542664,1075200,1075200,1075200,1075200,1075200,1075200,652800,1401600,0,0,0,0,0,0,0,0,0,0,0,0,0,0,0,1,0,0,564,145,97,0,0,0,0,0,0,0,0,0,0,0,0,0,0,0,0,0,0,8,0,0,423764,188805,132199,0,0,0,1286.8841114551085,0.2279628482972136
1660251009987,33.012,0.95652175,1.0,1.0,1.0,1.0,1.0,1.0,0.625,1.0,54.600002,54.9,53.9,54.300003,54.600002,54.600002,53.300003,55.600002,54.300003,55.9,51.300003,50.600002,3805542,-1542054,1075200,1075200,1075200,1075200,1075200,1075200,652800,1401600,0,0,0,0,0,0,0,0,0,0,0,0,0,0,0,0,0,0,556,131,83,0,0,0,0,0,0,0,0,0,0,0,0,0,0,0,0,0,0,0,0,0,385258,149024,96322,0,0,0,1253.4586542635657,0.1986480620155039
1660251011103,33.063,0.92626727,1.0,1.0,1.0,1.0,1.0,1.0,0.4074074,1.0,54.9,55.300003,54.300003,54.9,54.9,54.600002,53.600002,55.9,54.300003,55.9,51.600002,51.300003,3795421,-1603089,1075200,1075200,1075200,1075200,1075200,1075200,652800,1401600,0,0,0,0,0,0,0,0,0,0,0,0,0,0,0,0,0,0,508,124,77,0,0,0,0,0,0,0,0,0,0,0,0,0,0,0,0,0,0,0,0,0,376964,162640,83055,0,0,0,1387.5911277258567,0.25400623052959503
1660251012246,33.13,0.8831776,1.0,1.0,1.0,1.0,1.0,1.0,0.03846154,1.0,55.600002,54.9,54.600002,54.9,54.9,54.9,54.300003,56.300003,54.9,56.300003,52.300003,51.300003,3798924,-1731873,1075200,1075200,1075200,1075200,1075200,1075200,652800,1401600,0,0,0,0,0,0,0,0,0,0,0,0,0,0,0,0,0,0,559,145,86,0,0,0,0,0,0,0,0,0,0,0,0,0,0,0,0,0,0,0,0,0,384433,195760,115827,0,0,0,8.785619937694705,0.00714018691588785
1660251013363,33.165,0.88789237,1.0,1.0,1.0,1.0,1.0,1.0,0.074074075,1.0,52.300003,51.9,51.300003,51.9,52.300003,52.300003,52.300003,54.300003,52.9,54.300003,49.300003,48.9,3892934,-501709,1075200,1075200,1075200,1075200,1075200,1075200,652800,1401600,0,0,0,0,0,0,0,0,0,0,0,0,0,0,0,0,0,0,318,187,119,0,0,0,0,0,0,0,0,0,0,0,0,0,0,0,0,0,0,0,0,0,247242,359602,266727,0,0,0,-1.0,-1.0
1660251014597,33.2,0.94618833,1.0,1.0,1.0,1.0,1.0,1.0,0.5714286,1.0,50.9,50.9,50.600002,50.9,51.300003,51.300003,50.600002,52.9,51.300003,52.9,47.9,47.600002,3890015,-610657,1075200,1075200,1075200,1075200,1075200,1075200,652800,1401600,0,0,0,0,0,0,0,0,0,0,0,0,0,0,0,0,0,0,392,195,142,0,0,0,0,0,0,0,0,0,0,0,0,0,0,0,0,0,0,0,0,0,188683,446274,355646,0,0,0,309.57526479750777,1.4758504672897195
1660251015723,33.212,0.94063926,1.0,1.0,1.0,1.0,1.0,1.0,0.5,1.0,52.9,52.9,51.9,52.600002,52.600002,52.600002,51.600002,53.600002,52.300003,53.9,49.300003,48.9,3805931,-1519166,1075200,1075200,1075200,1075200,1075200,1075200,652800,1401600,0,0,0,0,0,0,0,0,0,0,0,0,0,0,0,0,0,0,646,99,39,0,0,0,0,0,0,0,0,0,0,0,0,0,0,0,0,0,0,0,0,0,422026,112181,65397,0,0,0,1609.969040247678,0.6274179566563467
1660251016801,33.232002,0.9395349,1.0,1.0,1.0,1.0,1.0,1.0,0.48,1.0,53.9,54.300003,53.300003,53.600002,53.600002,53.600002,52.600002,54.9,53.600002,54.9,50.600002,49.600002,3793085,-1758729,1075200,1075200,1075200,1075200,1075200,1075200,652800,1401600,0,0,0,0,0,0,0,0,0,0,0,0,0,0,0,0,0,0,550,125,51,0,0,0,0,0,0,0,0,0,0,0,0,0,0,0,0,0,0,0,0,0,429920,138721,66152,0,0,0,2006.452667706708,0.5198377535101404
1660251017905,33.257,0.93457943,1.0,1.0,1.0,1.0,1.0,1.0,0.4814815,1.0,54.9,54.9,53.9,54.600002,54.600002,54.600002,53.300003,55.300003,54.300003,55.9,51.600002,50.600002,3792696,-1695863,1075200,1075200,1075200,1075200,1075200,1075200,652800,1401600,0,0,0,0,0,0,0,0,0,0,0,0,0,0,0,0,0,0,488,109,55,0,0,0,0,0,0,0,0,0,0,0,0,0,0,0,0,0,0,0,0,0,387930,139075,73549,0,0,0,1869.7485536547435,0.45949611197511664
1660251019025,33.286003,0.9198113,1.0,1.0,1.0,1.0,1.0,1.0,0.32,1.0,55.600002,55.600002,54.9,55.300003,55.300003,54.9,54.300003,55.9,54.9,56.600002,52.300003,51.600002,3789387,-1791993,1075200,1075200,1075200,1075200,1075200,1075200,652800,1401600,0,0,0,0,0,0,0,0,0,0,0,0,0,0,0,0,0,1,439,146,83,0,0,0,0,0,0,0,0,0,0,0,0,0,0,0,0,0,0,0,0,30,365057,185184,113297,0,0,0,1894.7484116743472,0.5029062980030722
1660251020143,33.327003,0.9357798,1.0,1.0,1.0,1.0,1.0,1.0,0.39130434,1.0,55.9,55.9,54.9,55.300003,55.600002,55.300003,54.300003,56.600002,54.9,56.9,52.300003,51.600002,3794837,-1491395,1075200,1075200,1075200,1075200,1075200,1075200,652800,1401600,0,0,0,0,0,0,0,0,0,0,0,0,0,0,0,1,0,0,462,152,39,0,0,0,0,0,0,0,0,0,0,0,0,0,0,0,0,0,0,67,0,0,396198,181201,63569,0,0,0,1946.2992721617418,0.6299968895800934
1660251021254,33.384003,0.9201878,1.0,1.0,1.0,1.0,1.0,1.0,0.32,1.0,55.9,55.9,55.300003,55.600002,55.600002,55.600002,54.600002,56.9,55.300003,57.300003,52.600002,51.600002,3784521,-1807862,1075200,1075200,1075200,1075200,1075200,1075200,652800,1401600,0,0,0,0,0,0,0,0,0,0,0,0,0,0,0,1,0,0,533,111,63,0,0,0,0,0,0,0,0,0,0,0,0,0,0,0,0,0,0,28,0,0,389689,144365,100930,0,0,0,1731.00700621118,0.6504844720496894
1660251022411,33.438,0.9209302,1.0,1.0,1.0,1.0,1.0,1.0,0.29166666,1.0,56.600002,56.300003,55.600002,55.9,55.9,55.300003,54.600002,57.300003,55.600002,57.300003,52.9,52.300003,3787636,-1690064,1075200,1075200,1075200,1075200,1075200,1075200,652800,1401600,0,0,0,0,0,0,0,0,0,0,0,0,0,0,0,0,0,0,538,107,54,0,0,0,0,0,0,0,0,0,0,0,0,0,0,0,0,0,0,0,0,0,408586,136760,75500,0,0,0,1724.1435257410294,0.6366552262090484
1660251023519,33.47,0.93457943,1.0,1.0,1.0,1.0,1.0,1.0,0.4,1.0,56.300003,56.600002,55.9,55.9,55.9,55.9,54.9,57.9,55.9,57.600002,53.300003,52.300003,3795421,-1674195,1075200,1075200,1075200,1075200,1075200,1075200,652800,1401600,0,0,0,0,0,0,0,0,0,0,0,0,0,0,0,0,0,0,475,127,65,0,0,0,0,0,0,0,0,0,0,0,0,0,0,0,0,0,0,0,0,0,394490,167632,79735,0,0,0,1631.6851918876755,0.2777659906396256
1660251024621,33.527,0.90697676,1.0,1.0,1.0,1.0,1.0,1.0,0.23076923,1.0,56.9,56.600002,55.9,56.300003,56.600002,56.600002,55.9,57.9,56.600002,57.9,53.600002,52.600002,3783937,-1694947,1075200,1075200,1075200,1075200,1075200,1075200,652800,1401600,0,0,0,0,0,0,0,0,0,0,0,0,2,0,0,0,0,0,423,138,73,0,0,0,0,0,0,0,0,0,0,0,0,0,0,0,49,0,0,0,0,0,349735,181847,94703,0,0,0,1266.6135163806553,0.20897347893915755
1660251025769,33.578003,0.938326,1.0,1.0,1.0,1.0,1.0,1.0,0.46153846,1.0,56.600002,56.600002,55.9,56.300003,56.300003,56.300003,54.9,57.600002,55.9,57.9,53.300003,52.600002,3791918,-1702576,1075200,1075200,1075200,1075200,1075200,1075200,652800,1401600,0,0,0,0,0,0,0,0,0,0,0,0,0,0,0,0,0,0,427,159,111,0,0,0,0,0,0,0,0,0,0,0,0,0,0,0,0,0,0,0,0,0,380929,201125,178724,0,0,0,1350.203987616099,0.25981424148606813
1660251026971,33.632,0.9348837,1.0,1.0,1.0,1.0,1.0,1.0,0.41666666,1.0,56.9,56.9,56.600002,56.600002,56.9,56.600002,55.9,57.9,56.9,58.300003,53.600002,52.600002,3786662,-1655884,1075200,1075200,1075200,1075200,1075200,1075200,652800,1401600,0,0,0,0,0,0,0,0,0,0,0,0,0,0,0,0,0,0,462,128,89,0,0,0,0,0,0,0,0,0,0,0,0,0,0,0,0,0,0,0,0,0,382479,158007,136525,0,0,0,1584.391066874028,0.5673903576982892
1660251028097,33.677002,0.9136364,1.0,1.0,1.0,1.0,1.0,1.0,0.3448276,1.0,56.9,57.300003,56.300003,56.9,56.600002,56.600002,55.600002,57.9,55.9,57.9,53.300003,52.9,3800092,-1718446,1075200,1075200,1075200,1075200,1075200,1075200,652800,1401600,0,0,0,0,0,0,0,0,0,0,0,0,0,0,0,0,0,0,489,128,81,0,0,0,0,0,0,0,0,0,0,0,0,0,0,0,0,0,0,0,0,0,384997,196510,125273,0,0,0,1072.269925925926,0.2803456790123457
1660251029207,33.718002,0.9201878,1.0,1.0,1.0,1.0,1.0,1.0,0.32,1.0,56.600002,56.600002,55.600002,56.300003,56.300003,55.9,54.9,57.9,55.600002,57.9,53.300003,52.300003,3817999,-1377869,1075200,1075200,1075200,1075200,1075200,1075200,652800,1401600,0,0,0,0,0,0,0,0,0,0,0,0,0,0,0,0,0,0,563,115,85,0,0,0,0,0,0,0,0,0,0,0,0,0,0,0,0,0,0,0,0,0,428535,181260,130183,0,0,0,1639.5967109737248,0.5156599690880989
1660251030296,33.766003,0.9150943,1.0,1.0,1.0,1.0,1.0,1.0,0.28,1.0,57.300003,56.9,56.300003,56.600002,56.9,56.300003,55.300003,57.9,55.600002,57.9,53.600002,52.9,3791918,-1512147,1075200,1075200,1075200,1075200,1075200,1075200,652800,1401600,0,0,0,0,0,0,0,0,0,0,0,0,0,0,0,0,0,0,462,129,79,0,0,0,0,0,0,0,0,0,0,0,0,0,0,0,0,0,0,0,0,0,373535,161965,109781,0,0,0,1625.3286718507,0.321542768273717
1660251031378,33.81,0.9201878,1.0,1.0,1.0,1.0,1.0,1.0,0.33333334,1.0,57.300003,57.300003,56.300003,56.9,56.9,56.600002,55.300003,57.9,55.9,58.600002,53.600002,52.600002,3789582,-1642762,1075200,1075200,1075200,1075200,1075200,1075200,652800,1401600,0,0,0,0,0,0,0,0,0,0,0,0,0,0,0,0,0,0,455,129,72,0,0,0,0,0,0,0,0,0,0,0,0,0,0,0,0,0,0,0,0,0,380582,151322,104382,0,0,0,1672.2553590138673,0.5423235747303543
1660251032514,33.868,0.913242,1.0,1.0,1.0,1.0,1.0,1.0,0.38709676,1.0,57.9,57.9,56.9,57.300003,57.600002,57.600002,56.300003,58.600002,57.300003,58.600002,54.300003,53.600002,3788998,-1668397,1075200,1075200,1075200,1075200,1075200,1075200,652800,1401600,0,0,0,0,0,0,0,0,0,0,1,2,0,0,0,0,0,0,515,99,64,0,0,0,0,0,0,0,0,0,0,0,0,0,4231,4031,0,0,0,0,0,0,378215,130802,93114,0,0,0,1440.7246211180125,0.3462360248447205
1660251033594,33.909,0.93301433,1.0,1.0,1.0,1.0,1.0,1.0,0.39130434,1.0,57.600002,57.9,56.600002,57.300003,57.300003,57.300003,56.300003,58.300003,56.9,58.600002,53.9,53.600002,3784132,-1681519,1075200,1075200,1075200,1075200,1075200,1075200,652800,1401600,0,0,0,0,0,0,0,0,0,0,0,0,0,0,0,0,0,0,491,130,43,0,0,0,0,0,0,0,0,0,0,0,0,0,0,0,0,0,0,0,0,0,373282,177327,72595,0,0,0,1642.0725847589424,0.5356889580093313
1660251034655,33.953003,0.90909094,1.0,1.0,1.0,1.0,1.0,1.0,0.2857143,1.0,57.9,57.9,57.600002,57.9,57.600002,57.600002,56.300003,58.600002,57.300003,58.9,54.600002,53.600002,3786857,-1441041,1075200,1075200,1075200,1075200,1075200,1075200,652800,1401600,0,0,0,0,0,0,0,0,0,0,0,0,0,0,0,0,0,0,454,123,48,0,0,0,0,0,0,0,0,0,0,0,0,0,0,0,0,0,0,0,0,0,367228,153413,52930,0,0,0,721.1099410852712,0.2991627906976744
1660251035868,34.004,0.9147982,1.0,1.0,1.0,1.0,1.0,1.0,0.25,1.0,54.9,55.300003,54.300003,54.600002,54.9,54.9,54.9,57.300003,55.600002,57.300003,51.9,51.9,3904223,-380249,1075200,1075200,1075200,1075200,1075200,1075200,652800,1401600,0,0,0,0,0,0,0,0,0,0,0,0,0,0,0,0,0,0,555,134,105,0,0,0,0,0,0,0,0,0,0,0,0,0,0,0,0,0,0,0,0,0,370547,218457,214834,0,0,0,-1.0,-1.0
1660251037021,34.046,0.90829694,1.0,1.0,1.0,1.0,1.0,1.0,0.22222222,1.0,55.300003,55.600002,55.300003,55.300003,55.9,56.300003,55.300003,56.9,55.9,56.9,51.600002,51.300003,3882813,-981140,1075200,1075200,1075200,1075200,1075200,1075200,652800,1401600,0,0,0,0,0,0,0,0,0,0,0,0,0,0,0,0,0,0,1134,89,66,0,0,0,0,0,0,0,0,0,0,0,0,0,0,0,0,0,0,0,0,0,431861,213545,164715,0,0,0,-1.0,-1.0
1660251038271,34.065002,0.9213974,1.0,1.0,1.0,1.0,1.0,1.0,0.30769232,1.0,53.300003,53.300003,52.600002,53.300003,53.300003,53.300003,52.9,55.300003,53.600002,55.300003,49.9,49.600002,3911425,-305176,1075200,1075200,1075200,1075200,1075200,1075200,652800,1401600,0,0,0,0,0,0,0,0,0,0,0,0,0,0,0,0,0,0,874,171,56,0,0,0,0,0,0,0,0,0,0,0,0,0,0,0,0,0,0,0,0,0,480890,252383,115677,0,0,0,-1.0,-1.0
1660251039452,34.071003,0.95726496,1.0,1.0,1.0,1.0,1.0,1.0,0.6551724,1.0,52.600002,52.600002,52.300003,52.9,52.9,53.300003,52.600002,54.300003,53.300003,54.600002,49.300003,49.300003,3879893,-765686,1075200,1075200,1075200,1075200,1075200,1075200,652800,1401600,0,0,0,0,0,0,0,0,0,0,0,0,0,0,0,0,0,0,543,179,115,0,0,0,0,0,0,0,0,0,0,0,0,0,0,0,0,0,0,0,0,0,243768,365581,282160,0,0,0,-1.0,-1.0
1660251040673,34.055,0.9386792,1.0,1.0,1.0,1.0,1.0,1.0,0.45833334,1.0,52.9,53.300003,52.9,53.600002,53.600002,53.600002,53.600002,54.600002,53.9,54.9,50.300003,50.600002,3824033,-1329957,1075200,1075200,1075200,1075200,1075200,1075200,652800,1401600,0,0,0,0,0,0,0,0,0,0,0,0,0,0,0,0,0,0,544,54,37,0,0,0,0,0,0,0,0,0,0,0,0,0,0,0,0,0,0,0,0,0,283920,111700,79372,0,0,0,0.09614906832298135,0.019267080745341614
1660251041791,34.046,0.92511016,1.0,1.0,1.0,1.0,1.0,1.0,0.37037036,1.0,52.9,53.300003,52.600002,53.300003,53.300003,53.300003,52.9,53.9,53.300003,54.9,50.300003,49.9,3872497,-663452,1075200,1075200,1075200,1075200,1075200,1075200,652800,1401600,0,0,0,0,0,0,0,0,0,0,0,0,0,0,0,0,0,0,742,49,16,0,0,0,0,0,0,0,0,0,0,0,0,0,0,0,0,0,0,0,0,0,258407,54827,22343,0,0,0,-1.0,-1.0
1660251042929,34.039,0.9162996,1.0,1.0,1.0,1.0,1.0,1.0,0.32142857,1.0,51.600002,51.600002,50.9,51.9,51.9,52.300003,51.600002,53.600002,52.300003,53.600002,48.600002,48.600002,3906559,-407409,1075200,1075200,1075200,1075200,1075200,1075200,652800,1401600,0,0,0,0,0,0,0,0,0,0,0,0,0,0,0,0,0,0,937,114,42,0,0,0,0,0,0,0,0,0,0,0,0,0,0,0,0,0,0,0,0,0,385170,170060,92883,0,0,0,-1.0,-1.0
1660251044127,34.039,0.89719623,1.0,1.0,1.0,1.0,1.0,1.0,0.12,1.0,51.9,51.9,51.600002,52.300003,51.9,52.300003,51.600002,52.600002,52.9,53.9,48.600002,48.300003,3850698,-1111450,1075200,1075200,1075200,1075200,1075200,1075200,652800,1401600,0,0,0,0,0,0,0,0,0,0,0,0,0,0,0,0,0,0,765,97,59,0,0,0,0,0,0,0,0,0,0,0,0,0,0,0,0,0,0,0,0,0,396003,146268,114698,0,0,0,0.02063223787167449,0.008350547730829421
1660251045298,34.017002,0.92825115,1.0,1.0,1.0,1.0,1.0,1.0,0.33333334,1.0,50.9,50.9,50.600002,51.600002,51.600002,51.600002,50.9,52.600002,51.600002,52.9,47.9,47.9,3848946,-1086426,1075200,1075200,1075200,1075200,1075200,1075200,652800,1401600,0,0,0,0,0,0,0,0,0,0,0,0,0,0,0,0,0,0,835,157,68,0,0,0,0,0,0,0,0,0,0,0,0,0,0,0,0,0,0,0,0,0,474214,259506,125376,0,0,0,0.04745171339563863,0.04094704049844237
1660251046433,34.007,0.9266055,1.0,1.0,1.0,1.0,1.0,1.0,0.36,1.0,50.9,50.9,50.9,51.600002,51.300003,51.600002,50.9,52.600002,51.9,52.9,47.9,47.600002,3844275,-486755,1075200,1075200,1075200,1075200,1075200,1075200,652800,1401600,0,0,0,0,0,0,0,0,0,0,0,0,0,0,0,0,0,0,712,93,24,0,0,0,0,0,0,0,0,0,0,0,0,0,0,0,0,0,0,0,0,0,417969,152229,50246,0,0,0,0.031353032659409016,0.03344323483670295
1660251047581,34.001003,0.9082569,1.0,1.0,1.0,1.0,1.0,1.0,0.2857143,1.0,50.9,51.300003,50.600002,51.300003,51.300003,51.600002,50.600002,52.600002,51.300003,53.300003,47.9,47.600002,3897605,-623169,1075200,1075200,1075200,1075200,1075200,1075200,652800,1401600,0,0,0,0,0,0,0,0,0,0,0,0,0,0,0,0,0,0,1180,63,13,0,0,0,0,0,0,0,0,0,0,0,0,0,0,0,0,0,0,0,0,0,589518,71299,22721,0,0,0,1.3565785381026438,0.020118195956454123
1660251048736,34.004,0.91121495,1.0,1.0,1.0,1.0,1.0,1.0,0.24,1.0,50.300003,50.300003,49.9,50.300003,50.600002,50.600002,49.9,52.300003,50.600002,52.300003,46.9,46.9,3890988,-773315,1075200,1075200,1075200,1075200,1075200,1075200,652800,1401600,0,0,0,0,0,0,0,0,0,0,0,0,1,1,1,0,0,0,528,154,59,0,0,0,0,0,0,0,0,0,0,0,0,0,0,0,115,1048,2677,0,0,0,364689,272094,128535,0,0,0,-1.0,-1.0
1660251049909,34.001003,0.9227468,1.0,1.0,1.0,1.0,1.0,1.0,0.37931034,1.0,49.300003,49.300003,48.9,49.600002,49.600002,49.9,49.300003,51.600002,49.9,51.600002,46.600002,46.600002,3913566,-371399,1075200,1075200,1075200,1075200,1075200,1075200,652800,1401600,0,0,0,0,0,0,0,0,0,0,0,0,0,0,0,0,0,0,346,194,99,0,0,0,0,0,0,0,0,0,0,0,0,0,0,0,0,0,0,0,0,0,310517,294702,183250,0,0,0,-1.0,-1.0
1660251051098,33.992,0.96347034,1.0,1.0,1.0,1.0,1.0,1.0,0.7037037,1.0,48.9,49.300003,48.600002,49.300003,49.600002,49.600002,49.300003,50.9,49.9,51.300003,46.300003,46.300003,3858678,-1014710,1075200,1075200,1075200,1075200,1075200,1075200,652800,1401600,0,0,0,0,0,0,0,0,0,0,0,0,0,0,0,0,0,0,594,165,72,0,0,0,0,0,0,0,0,0,0,0,0,0,0,0,0,0,0,0,0,0,368435,228646,149200,0,0,0,1661.4538271604938,1.8110123456790124
1660251052290,33.979,0.9677419,1.0,1.0,1.0,1.0,1.0,1.0,0.7407407,1.0,50.9,50.9,50.300003,50.600002,50.600002,50.9,50.600002,52.600002,51.300003,52.9,48.9,48.600002,3805737,-1567078,1075200,1075200,1075200,1075200,1075200,1075200,652800,1401600,0,0,0,0,0,0,0,0,0,0,0,0,0,0,0,0,0,0,2883,14,2,0,0,0,0,0,0,0,0,0,0,0,0,0,0,0,0,0,0,0,0,0,335887,6150,3011,0,0,0,1962.8276273291924,1.5826086956521739
1660251053567,33.979,0.96744186,1.0,1.0,1.0,1.0,1.0,1.0,0.7307692,1.0,52.9,52.600002,52.300003,52.600002,52.600002,52.300003,51.600002,53.9,52.300003,53.9,49.9,49.300003,3795810,-1621705,1075200,1075200,1075200,1075200,1075200,1075200,652800,1401600,0,0,0,0,0,0,0,0,0,0,0,0,0,0,0,0,0,0,2916,6,0,0,0,0,0,0,0,0,0,0,0,0,0,0,0,0,0,0,0,0,0,0,327900,3398,0,0,0,0,2084.2407950310558,1.5063850931677016
1660251054830,34.004,0.9670782,1.0,1.0,1.0,1.0,1.0,1.0,0.6896552,1.0,53.600002,53.600002,53.300003,53.300003,53.600002,53.300003,52.600002,54.9,53.300003,54.9,50.9,50.300003,3789193,-1685792,1075200,1075200,1075200,1075200,1075200,1075200,652800,1401600,0,0,0,2,0,0,0,0,0,0,0,0,0,0,0,2,0,0,2360,9,0,0,0,0,0,0,0,688,0,0,0,0,0,0,0,0,0,0,0,306,0,0,310534,4026,0,0,0,0,2103.548765163297,1.5255489891135303
1660251055994,34.030003,0.95535713,1.0,1.0,1.0,1.0,1.0,1.0,0.61538464,1.0,54.300003,54.600002,53.600002,53.9,53.9,54.300003,52.9,55.600002,53.600002,55.600002,51.600002,50.9,3803206,-1585694,1075200,1075200,1075200,1075200,1075200,1075200,652800,1401600,0,0,0,0,0,0,0,0,0,0,0,0,0,0,0,0,0,0,1924,12,0,0,0,0,0,0,0,0,0,0,0,0,0,0,0,0,0,0,0,0,0,0,335608,6732,0,0,0,0,2098.8104586583463,1.3291232449297972
1660251057140,34.09,0.9638009,1.0,1.0,1.0,1.0,1.0,1.0,0.71428573,1.0,54.9,55.300003,54.300003,54.9,54.600002,54.600002,53.9,56.300003,54.600002,56.300003,52.300003,51.300003,3800871,-1594239,1075200,1075200,1075200,1075200,1075200,1075200,652800,1401600,0,0,0,0,0,0,0,0,0,0,0,0,1,0,0,0,0,0,1634,16,0,0,0,0,0,0,0,0,0,0,0,0,0,0,0,0,450,0,0,0,0,0,342833,11110,0,0,0,0,2104.8747993779157,1.4123297045101089
1660251058383,34.132,0.9348837,1.0,1.0,1.0,1.0,1.0,1.0,0.41666666,1.0,55.600002,55.9,54.9,55.300003,55.300003,54.9,54.600002,56.600002,55.300003,56.600002,52.600002,51.9,3791723,-1650696,1075200,1075200,1075200,1075200,1075200,1075200,652800,1401600,0,0,0,0,0,0,0,0,0,0,0,0,0,0,0,0,0,0,1566,11,0,0,0,0,0,0,0,0,0,0,0,0,0,0,0,0,0,0,0,0,0,0,347483,8793,0,0,0,0,2006.467937694704,1.6312523364485982
1660251059542,34.163002,0.9746835,1.0,1.0,1.0,1.0,1.0,1.0,0.8,1.0,54.300003,54.300003,53.300003,54.300003,54.300003,54.300003,53.600002,56.300003,54.300003,56.300003,50.9,50.9,3854396,-939942,1075200,1075200,1075200,1075200,1075200,1075200,652800,1401600,0,0,0,0,0,0,0,0,0,0,0,0,0,0,0,0,0,0,1310,67,23,0,0,0,0,0,0,0,0,0,0,0,0,0,0,0,0,0,0,0,0,0,398151,84367,35988,0,0,0,0.0923219814241486,0.06686068111455108
1660251060733,34.202003,0.9209302,1.0,1.0,1.0,1.0,1.0,1.0,0.3846154,1.0,53.600002,53.600002,52.9,53.600002,53.9,53.9,53.600002,55.300003,54.9,55.300003,50.300003,49.9,3884370,-613708,1075200,1075200,1075200,1075200,1075200,1075200,652800,1401600,0,0,0,0,0,0,0,0,0,0,0,0,0,0,0,0,0,0,644,71,25,0,0,0,0,0,0,0,0,0,0,0,0,0,0,0,0,0,0,0,0,0,334339,85960,42924,0,0,0,-1.0,-1.0
1660251061839,34.227,0.90654206,1.0,1.0,1.0,1.0,1.0,1.0,0.2,1.0,51.600002,51.9,51.300003,51.9,51.9,51.9,50.9,53.600002,51.600002,53.600002,48.300003,48.300003,3908505,-327453,1075200,1075200,1075200,1075200,1075200,1075200,652800,1401600,0,0,0,0,0,0,0,0,0,0,0,0,0,0,0,0,0,0,78,76,45,0,0,0,0,0,0,0,0,0,0,0,0,0,0,0,0,0,0,0,0,0,74836,197458,114886,0,0,0,0.08648847926267281,0.017351766513056834
1660251063003,34.24,0.95111114,1.0,1.0,1.0,1.0,1.0,1.0,0.6333333,1.0,51.600002,51.9,51.300003,51.9,51.9,52.300003,51.300003,52.9,51.600002,53.600002,48.300003,47.9,3849919,-1004639,1075200,1075200,1075200,1075200,1075200,1075200,652800,1401600,0,0,0,0,0,0,0,0,0,0,0,0,0,0,0,0,0,0,1147,120,43,0,0,0,0,0,0,0,0,0,0,0,0,0,0,0,0,0,0,0,0,0,569603,143173,74986,0,0,0,0.0031304347826086954,0.0031304347826086954
1660251064134,34.233,0.9241706,1.0,1.0,1.0,1.0,1.0,1.0,0.33333334,1.0,51.300003,51.600002,50.9,51.300003,51.9,51.600002,50.9,52.9,51.300003,52.9,48.300003,47.9,3854007,-1039124,1075200,1075200,1075200,1075200,1075200,1075200,652800,1401600,0,0,0,0,0,0,0,0,0,0,0,0,0,0,0,0,0,0,840,109,47,0,0,0,0,0,0,0,0,0,0,0,0,0,0,0,0,0,0,0,0,0,464373,169749,95788,0,0,0,0.03756521739130434,0.03443478260869565
1660251065269,34.243,0.91121495,1.0,1.0,1.0,1.0,1.0,1.0,0.23076923,1.0,50.600002,50.600002,49.9,50.9,50.600002,50.9,50.300003,52.600002,51.300003,52.300003,47.600002,47.600002,3892740,-521240,1075200,1075200,1075200,1075200,1075200,1075200,652800,1401600,0,0,0,0,0,0,0,0,0,0,0,0,0,0,0,0,0,0,869,96,21,0,0,0,0,0,0,0,0,0,0,0,0,0,0,0,0,0,0,0,0,0,528634,125430,29652,0,0,0,1.3672670807453415,0.027925465838509318
1660251066432,34.259003,0.9121339,1.0,1.0,1.0,1.0,1.0,1.0,0.32258064,1.0,50.300003,50.300003,49.600002,50.300003,50.600002,50.300003,49.9,52.300003,50.600002,52.300003,47.300003,46.9,3847973,-1077881,1075200,1075200,1075200,1075200,1075200,1075200,652800,1401600,0,0,0,0,0,0,0,0,0,0,0,0,0,0,0,0,0,0,929,108,36,0,0,0,0,0,0,0,0,0,0,0,0,0,0,0,0,0,0,0,0,0,500314,135206,70225,0,0,0,-1.0,-1.0
1660251067622,34.262,0.9214876,1.0,1.0,1.0,1.0,1.0,1.0,0.26923078,1.0,49.300003,49.300003,48.600002,49.300003,49.600002,49.600002,48.9,51.300003,49.600002,51.600002,46.300003,46.300003,3909478,-429687,1075200,1075200,1075200,1075200,1075200,1075200,652800,1401600,0,0,0,0,0,0,0,0,0,0,0,0,0,0,0,0,0,0,264,204,89,0,0,0,0,0,0,0,0,0,0,0,0,0,0,0,0,0,0,0,0,0,236326,356110,197603,0,0,0,-1.0,-1.0
1660251068745,34.249,0.9466019,1.0,1.0,1.0,1.0,1.0,1.0,0.54545456,1.0,48.9,48.9,48.600002,48.9,49.300003,49.600002,48.9,50.9,49.300003,50.600002,46.300003,45.9,3909868,-362243,1075200,1075200,1075200,1075200,1075200,1075200,652800,1401600,0,0,0,0,0,0,0,0,0,0,0,0,0,0,0,0,0,0,358,206,77,0,0,0,0,0,0,0,0,0,0,0,0,0,0,0,0,0,0,0,0,0,323072,334751,132431,0,0,0,501.1865648854961,0.9907175572519084
1660251069927,34.24,0.95412844,1.0,1.0,1.0,1.0,1.0,1.0,0.6333333,1.0,51.300003,51.300003,50.600002,51.300003,51.300003,51.300003,50.300003,52.300003,51.300003,52.300003,48.300003,47.600002,3782964,-1780091,1075200,1075200,1075200,1075200,1075200,1075200,652800,1401600,0,0,0,0,0,0,0,0,0,0,0,0,0,0,0,0,0,0,1065,66,10,0,0,0,0,0,0,0,0,0,0,0,0,0,0,0,0,0,0,0,0,0,501081,52141,12116,0,0,0,1906.14745,0.7813
1660251071062,34.233,0.9521531,1.0,1.0,1.0,1.0,1.0,1.0,0.54545456,1.0,52.9,52.9,52.300003,52.600002,52.600002,52.600002,51.9,53.9,52.300003,53.9,49.9,48.9,3799898,-1577454,1075200,1075200,1075200,1075200,1075200,1075200,652800,1401600,0,0,0,0,0,0,0,0,0,0,0,0,0,0,0,0,0,0,1044,34,1,0,0,0,0,0,0,0,0,0,0,0,0,0,0,0,0,0,0,0,0,0,411310,31430,739,0,0,0,2081.7488198757765,0.9301863354037266
1660251072254,34.243,0.95412844,1.0,1.0,1.0,1.0,1.0,1.0,0.5833333,1.0,53.9,54.300003,53.600002,53.9,53.600002,53.600002,52.300003,54.9,53.300003,54.9,51.300003,49.9,3796005,-1740113,1075200,1075200,1075200,1075200,1075200,1075200,652800,1401600,0,0,0,0,0,0,0,0,0,0,0,0,0,0,0,0,0,0,1165,26,0,0,0,0,0,0,0,0,0,0,0,0,0,0,0,0,0,0,0,0,0,0,403474,22833,0,0,0,0,2100.672348909657,0.767202492211838
1660251073349,34.262,0.95535713,1.0,1.0,1.0,1.0,1.0,1.0,0.64285713,1.0,54.9,54.9,53.9,54.300003,54.300003,54.300003,53.600002,55.600002,54.300003,55.9,51.600002,50.9,3796978,-1670838,1075200,1075200,1075200,1075200,1075200,1075200,652800,1401600,0,0,0,0,0,0,0,0,0,0,0,0,0,0,0,3,0,0,1085,31,0,0,0,0,0,0,0,0,0,0,0,0,0,0,0,0,0,0,0,89,0,0,399821,28947,0,0,0,0,2103.1598,0.74425
1660251074458,34.284,0.95022625,1.0,1.0,1.0,1.0,1.0,1.0,0.5217391,1.0,55.300003,55.300003,54.600002,54.9,54.600002,54.600002,53.9,56.300003,54.600002,56.300003,52.300003,51.300003,3783937,-1705933,1075200,1075200,1075200,1075200,1075200,1075200,652800,1401600,0,0,0,0,0,0,0,0,0,0,0,0,0,0,0,8,0,0,954,39,0,0,0,0,0,0,0,0,0,0,0,0,0,0,0,0,0,0,0,4126,0,0,391560,36305,0,0,0,0,1998.9068641975307,0.6715061728395062
1660251075597,34.326,0.9530516,1.0,1.0,1.0,1.0,1.0,1.0,0.6,1.0,55.9,55.9,54.9,55.600002,55.600002,55.600002,54.600002,56.600002,55.300003,56.9,52.600002,51.9,3790555,-1674195,1075200,1075200,1075200,1075200,1075200,1075200,652800,1401600,0,0,0,0,0,0,0,0,0,0,0,0,0,0,0,0,0,0,1144,27,0,0,0,0,0,0,0,0,0,0,0,0,0,0,0,0,0,0,0,0,0,0,418429,30002,0,0,0,0,1871.5593199381763,0.6778361669242658
1660251076742,34.345,0.9223744,1.0,1.0,1.0,1.0,1.0,1.0,0.28,1.0,56.600002,56.300003,55.600002,56.300003,55.9,55.9,55.300003,57.600002,55.9,56.9,52.9,52.300003,3795421,-1604005,1075200,1075200,1075200,1075200,1075200,1075200,652800,1401600,0,0,0,0,0,0,0,0,0,0,0,0,0,0,0,0,0,0,1055,29,0,0,0,0,0,0,0,0,0,0,0,0,0,0,0,0,0,0,0,0,0,0,434629,28510,0,0,0,0,670.8055214723926,0.5436687116564417
1660251077917,34.38,0.8947368,1.0,1.0,1.0,1.0,1.0,1.0,0.083333336,1.0,54.300003,53.9,53.600002,53.9,54.300003,54.300003,53.600002,55.9,53.9,55.9,50.9,50.300003,3890793,-386352,1075200,1075200,1075200,1075200,1075200,1075200,652800,1401600,0,0,0,0,0,0,0,0,0,0,0,0,0,0,0,0,0,0,1033,82,23,0,0,0,0,0,0,0,0,0,0,0,0,0,0,0,0,0,0,0,0,0,503876,116531,33356,0,0,0,-1.0,-1.0
1660251079143,34.402,0.8818182,1.0,1.0,1.0,1.0,1.0,1.0,0.0,1.0,53.300003,53.300003,52.9,52.9,53.300003,53.600002,52.9,54.600002,53.600002,54.600002,49.600002,49.300003,3847389,-903015,1075200,1075200,1075200,1075200,1075200,1075200,652800,1401600,0,0,0,0,0,0,0,0,0,0,0,0,0,0,0,0,0,0,729,183,101,0,0,0,0,0,0,0,0,0,0,0,0,0,0,0,0,0,0,0,0,0,318745,301177,223527,0,0,0,-1.0,-1.0
1660251080267,34.415,0.9166667,1.0,1.0,1.0,1.0,1.0,1.0,0.33333334,1.0,51.600002,51.600002,51.300003,51.600002,51.9,51.9,50.9,53.300003,51.300003,53.300003,48.300003,47.9,3887679,-544128,1075200,1075200,1075200,1075200,1075200,1075200,652800,1401600,0,0,0,0,0,0,0,0,0,0,0,0,0,0,0,0,0,0,496,183,117,0,0,0,0,0,0,0,0,0,0,0,0,0,0,0,0,0,0,0,0,0,285728,333901,266278,0,0,0,-1.0,-1.0
1660251081419,34.402,0.94208497,1.0,1.0,1.0,1.0,1.0,1.0,0.5,1.0,51.300003,51.600002,50.600002,51.600002,51.600002,51.9,51.300003,52.600002,51.9,53.300003,48.300003,47.9,3873276,-826111,1075200,1075200,1075200,1075200,1075200,1075200,652800,1401600,0,0,0,0,0,0,0,0,0,0,0,0,0,0,0,0,0,0,1110,134,62,0,0,0,0,0,0,0,0,0,0,0,0,0,0,0,0,0,0,0,0,0,415642,210128,106312,0,0,0,-1.0,-1.0
