1657471321444,29.738,0.24242425,0.05263158,0.14285715,0.2173913,0.18181819,0.15,1.0,0.0,0.1904762,37.9,38.300003,37.9,38.600002,39.300003,39.600002,38.9,39.300003,39.600002,40.600002,37.300003,37.300003,4318216,-627747,1075200,1075200,1075200,1075200,1075200,1075200,652800,1401600,411539,22761,59160,389270,15759,50392,174202,13314,45565,177714,13505,46656,163478,11334,43076,161216,12205,45508,197565,18058,32397,83313,4053,24564,323806219,44554106,699466441,303298079,31789643,750371961,161273778,28812925,853564040,165637667,28133126,862574826,150031198,23647873,859675764,150162550,26284859,830986888,99748294,44351941,937630478,50170196,9841466,995990436,-1.0,-1.0
1657471322436,29.744001,0.09375,0.05263158,0.05,0.14285715,0.0952381,0.05,0.05263158,0.15,0.10526316,36.9,37.300003,36.600002,36.9,37.300003,36.9,36.9,36.9,36.9,37.300003,35.9,35.9,4362788,-253296,1075200,1075200,1075200,1075200,1075200,1075200,652800,1401600,826,0,0,747,0,0,303,39,89,353,43,92,310,39,86,159,5,18,110,21,62,90,2,68,761734,0,0,786155,0,0,304069,68054,382065,284955,90776,346820,237841,74451,319698,121282,10125,135289,121515,64407,684199,59296,6281,514748,-1.0,-1.0
1657471323448,29.750002,0.20238096,0.27272728,0.15,0.22727273,0.2,0.25,0.3181818,0.04761905,0.17391305,35.600002,35.600002,35.300003,35.600002,35.600002,35.9,35.600002,35.9,35.9,36.300003,35.300003,34.9,4373493,-155639,1075200,1075200,1075200,1075200,1075200,1075200,652800,1401600,362,5,43,309,2,21,62,27,53,142,32,86,76,17,44,114,39,56,14,0,40,7,6,38,471277,7180,479606,456890,4412,493282,81253,70031,816948,135155,66306,751718,74446,42423,814367,126870,101620,741662,25643,2266,893559,13292,20338,882638,-1.0,-1.0
1657471324442,29.753002,0.023952097,0.04761905,0.0,0.045454547,0.0,0.0,0.04761905,0.0,0.04761905,35.9,35.9,35.600002,35.9,35.600002,35.600002,35.600002,35.600002,35.600002,36.300003,35.300003,35.300003,4366681,-179138,1075200,1075200,1075200,1075200,1075200,1075200,652800,1401600,581,1,17,550,0,12,161,34,80,131,19,65,123,29,77,110,23,68,23,6,34,25,6,66,657388,343,178098,675796,0,180667,167564,80147,622488,135524,42731,677108,135533,67730,642441,111810,64842,671583,23363,8950,898222,35427,5842,818561,-1.0,-1.0
1657471325441,29.753002,0.018518519,0.0,0.0,0.04761905,0.0,0.0,0.0,0.0,0.05,35.600002,35.600002,35.300003,35.600002,35.600002,35.300003,35.300003,35.600002,35.9,36.300003,34.9,34.9,4351888,-415039,1075200,1075200,1075200,1075200,1075200,1075200,652800,1401600,210,4,40,147,1,37,70,10,39,35,12,41,76,14,60,86,13,44,3,1,16,11,1,21,334394,2710,634127,302507,304,653198,53093,26291,878148,32731,40146,883250,58320,33075,873115,53378,27643,871200,6636,620,874071,12531,5838,901008,-1.0,-1.0
1657471326444,29.762001,0.024096385,0.0,0.0,0.045454547,0.0,0.0,0.0,0.0,0.0,34.9,34.9,34.9,34.600002,34.9,34.600002,34.9,34.9,35.300003,35.300003,34.600002,34.300003,4374077,-145568,1075200,1075200,1075200,1075200,1075200,1075200,652800,1401600,196,7,38,131,5,34,70,18,60,62,5,27,66,10,52,52,7,37,3,4,20,6,0,15,336710,8738,620839,306000,10579,666902,75171,42150,868164,38967,3452,953420,55385,27781,897949,46137,14823,932078,8578,8120,979990,6458,0,929477,-1.0,-1.0
1657471327447,29.765001,0.46385542,0.55,0.4090909,0.6818182,0.57894737,0.72727275,0.5,0.04761905,0.15,34.9,34.9,34.300003,34.600002,34.600002,34.600002,34.300003,34.600002,34.9,34.9,34.300003,34.300003,4378359,-130615,1075200,1075200,1075200,1075200,1075200,1075200,652800,1401600,267,31,78,188,10,44,99,15,63,93,19,57,44,15,35,45,12,36,1,0,16,9,0,12,405402,75113,469614,331686,23370,617309,79701,44897,826552,67272,48725,853370,54299,56621,800330,49318,29528,505541,2211,0,981386,15455,0,921118,-1.0,-1.0
1657471328450,29.768002,0.024242423,0.09090909,0.0,0.0,0.045454547,0.0,0.04761905,0.0,0.04761905,34.9,34.9,34.600002,34.9,34.9,34.600002,34.600002,34.9,35.300003,35.600002,34.600002,34.300003,4372714,-213623,1075200,1075200,1075200,1075200,1075200,1075200,652800,1401600,357,13,43,271,22,40,102,27,49,144,19,62,111,13,46,111,20,62,10,5,35,39,10,53,340095,15573,429651,307757,71942,459155,83520,66652,648004,91496,56353,586872,74684,24239,704747,77750,44259,727823,12505,11171,950064,29237,18005,837488,-1.0,-1.0
1657471329451,29.768002,0.036363635,0.04761905,0.0,0.04761905,0.0952381,0.04761905,0.0952381,0.04761905,0.04761905,34.300003,34.300003,33.9,34.300003,34.300003,34.300003,34.300003,34.300003,34.600002,34.600002,33.9,33.9,4376023,-135498,1075200,1075200,1075200,1075200,1075200,1075200,652800,1401600,216,3,35,162,8,27,25,5,28,60,8,39,92,7,55,77,16,53,3,2,23,5,1,17,320777,4285,634097,304993,8739,643989,27004,15589,924482,46866,10715,909314,57430,10734,883704,66221,44088,851758,4552,12020,935326,7745,1047,905868,-1.0,-1.0
1657471330458,29.771002,0.024242423,0.05,0.0,0.04761905,0.0,0.0,0.0,0.04761905,0.0,34.300003,34.300003,33.600002,34.300003,34.600002,34.300003,33.9,34.600002,34.300003,34.9,33.600002,33.600002,4375439,-146789,1075200,1075200,1075200,1075200,1075200,1075200,652800,1401600,223,9,51,158,3,51,31,4,28,72,19,35,65,5,36,75,10,54,5,0,17,8,2,23,348762,13444,618359,300384,8820,656922,45401,4253,925935,84125,52113,837759,48567,4905,779737,88478,21065,845932,7874,0,978377,9478,1837,921868,-1.0,-1.0
1657471331456,29.783,0.036809817,0.05,0.0,0.0,0.04761905,0.04761905,0.0,0.0,0.04761905,33.9,33.9,33.300003,33.9,33.600002,33.600002,33.300003,33.9,33.9,34.300003,33.300003,33.300003,4380500,-121460,1075200,1075200,1075200,1075200,1075200,1075200,652800,1401600,224,6,39,130,2,30,63,9,41,72,19,41,24,4,25,96,15,60,0,1,19,4,2,14,337411,7137,618053,291326,1359,681300,45970,16806,915616,58571,53648,865610,21679,9152,821594,78499,29957,851833,0,5828,970058,4877,11964,914132,-1.0,-1.0
1657471332451,29.774002,0.047904193,0.04761905,0.0,0.09090909,0.04761905,0.0,0.0,0.1904762,0.04761905,34.600002,34.300003,33.9,34.300003,34.300003,34.600002,33.9,34.9,34.600002,35.9,33.300003,33.600002,4355002,-430908,1075200,1075200,1075200,1075200,1075200,1075200,652800,1401600,250,5,41,212,3,47,119,27,59,62,11,45,72,3,36,91,7,38,48,10,24,57,5,24,312778,4991,612723,297947,2140,619800,75321,69333,765067,64835,19088,866704,53478,2017,851856,63031,14793,808172,26276,24022,898671,8437,10648,861070,-1.0,-1.0
1657471333455,29.774002,0.060606062,0.14285715,0.0,0.0952381,0.0952381,0.0,0.0,0.04761905,0.0,33.9,33.600002,33.600002,33.9,33.600002,33.600002,33.600002,33.600002,33.9,33.9,33.600002,33.300003,4373104,-208740,1075200,1075200,1075200,1075200,1075200,1075200,652800,1401600,297,24,74,283,33,59,75,21,61,98,14,67,66,4,33,82,6,31,23,3,22,21,27,55,367740,37549,417279,381959,68161,390886,101140,55888,770924,106603,29715,740643,45281,19330,577152,57285,13658,565369,11167,17860,864086,10734,86121,776529,-1.0,-1.0
1657471334459,29.774002,0.030120483,0.0,0.04761905,0.045454547,0.0,0.0,0.04761905,0.045454547,0.04761905,34.300003,33.9,33.600002,34.300003,34.300003,33.9,34.300003,34.300003,33.9,34.300003,33.600002,33.9,4370379,-122070,1075200,1075200,1075200,1075200,1075200,1075200,652800,1401600,368,10,57,435,19,48,267,30,79,235,9,38,125,5,37,114,16,47,214,56,54,25,22,47,522333,24424,336392,492784,40840,314012,226834,79580,563520,219596,19338,665596,104902,5227,508420,80981,53559,586773,114792,134026,722750,33014,97004,589289,-1.0,-1.0
1657471335458,29.774002,0.025,0.05,0.0,0.04761905,0.0952381,0.0,0.0,0.0,0.04761905,33.600002,33.600002,33.300003,33.600002,33.600002,33.9,33.300003,33.9,33.9,33.9,33.300003,33.300003,4372714,-238952,1075200,1075200,1075200,1075200,1075200,1075200,652800,1401600,228,3,59,168,4,67,71,23,46,49,12,49,50,6,29,71,19,60,8,14,38,5,3,25,333938,5289,616347,327447,6266,627515,59949,75919,825910,40757,33584,883352,21934,15627,922011,59935,34535,863381,9888,55848,913654,5284,12865,913927,-1.0,-1.0
1657471336454,29.768002,0.024242423,0.0,0.0,0.0,0.04761905,0.0,0.0,0.0,0.04761905,33.9,33.600002,33.600002,33.600002,33.300003,33.300003,33.600002,33.600002,33.600002,33.9,33.600002,33.300003,4340989,-408020,1075200,1075200,1075200,1075200,1075200,1075200,652800,1401600,311,5,44,223,2,37,49,18,51,37,8,30,61,5,41,140,17,86,5,0,24,8,4,20,331262,11783,609483,304983,276,643528,56225,58119,846913,31291,19243,908218,44515,5852,910709,115077,42753,777244,8141,0,956930,13495,14184,896876,9.55223880597015E-4,9.55223880597015E-4
1657471337458,29.774002,0.036363635,0.05,0.04761905,0.09090909,0.0,0.04761905,0.0,0.045454547,0.04761905,33.9,33.600002,33.300003,33.600002,33.600002,33.600002,33.300003,33.600002,33.9,33.9,33.300003,33.300003,4365707,-220031,1075200,1075200,1075200,1075200,1075200,1075200,652800,1401600,311,13,61,244,8,38,111,17,78,104,29,64,90,12,50,103,11,35,9,7,40,20,4,30,366266,21206,498000,316574,15772,544532,86073,32652,785028,94912,85149,701623,63602,33437,808362,62689,17565,821060,11343,25804,955667,20618,9941,907259,0.001695364238410596,7.947019867549669E-4
1657471338457,29.762001,0.018518519,0.0,0.0,0.0,0.04761905,0.0,0.0,0.0,0.09090909,33.9,33.600002,33.300003,33.600002,33.300003,33.300003,33.300003,33.600002,33.600002,33.9,33.600002,33.300003,4354808,-361938,1075200,1075200,1075200,1075200,1075200,1075200,652800,1401600,288,7,38,125,4,28,80,11,54,97,21,70,56,3,29,44,3,32,6,1,28,7,0,16,367620,8494,580599,294489,8192,672280,52749,35325,870673,95674,47640,820374,29257,5280,914132,35978,9397,869085,11080,5525,971470,7717,0,931647,-1.0,-1.0
1657471339469,29.762001,0.0121951215,0.045454547,0.04761905,0.0,0.0,0.0,0.0,0.0,0.04761905,33.300003,33.600002,32.9,33.300003,33.300003,33.300003,32.9,33.300003,33.300003,33.600002,32.9,33.300003,4379527,-116882,1075200,1075200,1075200,1075200,1075200,1075200,652800,1401600,162,3,44,153,3,34,51,21,41,98,16,65,16,7,27,48,3,33,4,5,22,4,1,14,341269,5152,637078,282662,6094,683704,46784,66267,884923,79213,31129,867628,19359,21954,944965,41993,1569,945305,7147,9469,978560,7102,11,940305,-1.0,-1.0
1657471340466,29.759,0.024390243,0.04761905,0.04761905,0.04761905,0.0,0.0,0.0,0.0,0.04761905,33.600002,33.600002,32.9,33.300003,33.300003,33.300003,33.300003,33.600002,33.600002,33.600002,33.600002,33.300003,4360841,-271301,1075200,1075200,1075200,1075200,1075200,1075200,652800,1401600,222,5,31,203,7,37,64,14,36,99,23,53,61,6,30,71,5,35,0,5,21,7,0,16,333231,8274,625232,300313,9014,628411,64335,26980,878673,107955,52022,801991,34242,14381,880068,64402,12778,895968,372,16128,971068,8013,0,920584,-1.0,-1.0
1657471341473,29.753002,0.018404908,0.04761905,0.0,0.0,0.0,0.0,0.04761905,0.045454547,0.04761905,33.600002,33.300003,32.9,33.300003,33.300003,33.300003,33.300003,33.300003,33.300003,33.600002,33.300003,32.9,4379721,-129699,1075200,1075200,1075200,1075200,1075200,1075200,652800,1401600,242,20,75,155,10,61,49,7,48,132,30,98,78,23,58,88,13,48,4,5,31,17,0,25,363867,44575,519895,305447,19229,554139,48735,9802,893428,116004,65875,744152,58842,66552,769927,67352,27804,798380,5784,30464,951958,19917,0,915946,-1.0,-1.0
1657471342473,29.753002,0.030120483,0.04761905,0.04761905,0.0,0.0,0.0,0.04761905,0.04761905,0.04761905,33.300003,33.300003,32.9,33.300003,32.9,32.9,32.600002,33.300003,33.300003,33.600002,32.9,32.600002,4377580,-161743,1075200,1075200,1075200,1075200,1075200,1075200,652800,1401600,201,11,53,142,9,45,43,1,38,97,19,59,44,14,44,74,7,43,0,4,23,3,2,19,335163,19906,609134,295637,20629,651091,37210,1779,936548,69927,61438,836818,48435,48186,849675,46112,10210,899659,0,19193,964256,5309,11387,919689,-1.0,-1.0
1657471343479,29.747002,0.018292682,0.04761905,0.04761905,0.0,0.0,0.0,0.0,0.0,0.09090909,32.9,32.9,32.600002,32.9,32.9,32.9,32.600002,32.9,32.9,33.300003,32.600002,32.600002,4379137,-118713,1075200,1075200,1075200,1075200,1075200,1075200,652800,1401600,217,8,44,155,9,39,21,3,25,73,11,58,67,3,31,111,18,44,6,0,20,2,2,16,376064,18114,577082,338688,13858,636015,32848,5075,960321,73197,23764,862215,34696,4972,955620,72373,59404,871399,8392,0,958744,2563,11776,965646,-1.0,-1.0
1657471344480,29.741001,0.018181818,0.04761905,0.0,0.0,0.0,0.045454547,0.045454547,0.0,0.0,33.600002,32.9,32.600002,33.300003,32.9,32.9,32.9,33.300003,33.300003,33.300003,32.9,32.600002,4367265,-252990,1075200,1075200,1075200,1075200,1075200,1075200,652800,1401600,222,11,55,175,5,65,47,10,47,47,18,41,70,2,27,46,23,44,3,7,21,3,4,20,336360,17900,602502,318336,5472,622863,44990,31336,888942,47719,50532,858215,23619,4948,936925,52833,77462,827918,4562,17392,948739,4634,12840,901409,-1.0,-1.0
1657471345471,29.732002,0.018518519,0.04761905,0.0,0.0,0.0,0.0,0.0,0.0,0.05,33.300003,32.9,32.9,33.300003,33.300003,32.9,32.600002,33.300003,32.9,33.600002,32.9,32.600002,4357143,-325622,1075200,1075200,1075200,1075200,1075200,1075200,652800,1401600,244,14,65,136,2,40,96,16,64,97,13,37,105,11,63,90,17,65,5,6,30,6,4,27,366766,24456,508890,310212,4517,560358,87194,36542,778217,66799,24950,836258,85854,15624,784446,96656,41793,759035,10529,18650,933669,8348,9067,901322,-1.0,-1.0
1657471346473,29.729002,0.15337424,0.05,0.05,0.9,0.05,0.0,0.0952381,0.0,0.04761905,33.300003,32.9,32.300003,32.9,32.600002,32.600002,32.600002,33.300003,32.9,33.600002,32.600002,32.600002,4380305,-145568,1075200,1075200,1075200,1075200,1075200,1075200,652800,1401600,219,8,30,145,4,27,70,10,36,36,7,37,55,6,45,85,10,69,0,3,17,5,0,17,353639,17059,601758,296385,4371,666804,34614,30968,916033,33367,22433,928081,45416,15965,912285,61455,25038,885673,0,3750,986044,9067,0,933382,-1.0,-1.0
1657471347473,29.723001,0.060606062,0.05,0.05,0.13636364,0.04761905,0.04761905,0.04761905,0.0,0.18181819,32.9,32.9,32.9,33.600002,33.300003,32.9,32.600002,33.300003,32.9,33.9,32.300003,32.300003,4377970,-166015,1075200,1075200,1075200,1075200,1075200,1075200,652800,1401600,216,18,51,175,5,41,34,5,24,31,11,25,81,19,35,75,23,59,4,1,19,15,3,14,340708,42825,575502,304404,9786,645137,28133,5513,736036,25359,23807,776526,41404,55283,874507,96712,82046,781522,9104,0,970889,13482,5370,911710,-1.0,-1.0
1657471348473,29.715002,0.030487806,0.0,0.0952381,0.045454547,0.09090909,0.05,0.04761905,0.0,0.04761905,32.600002,32.600002,32.600002,32.9,32.600002,32.600002,32.600002,32.9,32.9,32.9,32.600002,32.300003,4377775,-135498,1075200,1075200,1075200,1075200,1075200,1075200,652800,1401600,227,6,46,177,3,49,83,8,38,25,2,27,61,24,47,65,26,48,9,4,22,5,0,21,350862,8953,597311,305151,8787,647960,58581,15632,888493,22595,2400,949251,53478,66926,852377,48133,86747,826428,7165,12293,959367,6402,0,914588,-1.0,-1.0
1657471349474,29.703001,0.024242423,0.0,0.04761905,0.04761905,0.0,0.0,0.045454547,0.0,0.04761905,32.600002,32.9,32.300003,32.600002,32.600002,32.300003,32.600002,32.9,32.600002,32.9,31.900002,32.300003,4378359,-118103,1075200,1075200,1075200,1075200,1075200,1075200,652800,1401600,241,9,39,145,3,40,56,12,39,26,0,23,88,26,76,42,6,31,2,2,18,7,1,17,338295,14397,603493,282781,11109,663819,52809,39027,874345,18296,0,947889,98214,69645,779138,33426,21950,908940,2780,7525,970896,8170,4758,919725,-1.0,-1.0
1657471350475,29.703001,0.024096385,0.04761905,0.04761905,0.04761905,0.0,0.04761905,0.0,0.0,0.04761905,32.600002,32.600002,32.600002,32.600002,32.600002,32.600002,32.300003,32.600002,32.600002,32.9,32.300003,32.300003,4381084,-122680,1075200,1075200,1075200,1075200,1075200,1075200,652800,1401600,262,5,42,129,6,27,72,8,41,77,3,30,83,22,65,45,7,29,8,4,22,5,0,18,425890,6824,520435,289852,17937,665068,66227,17658,887852,27034,2297,940432,95238,49349,824645,22463,21926,933283,15361,2108,960026,5863,0,933636,-1.0,-1.0
1657471351475,29.694002,0.030303031,0.04761905,0.04761905,0.0,0.0,0.0,0.05,0.0,0.04761905,32.600002,32.600002,32.300003,32.300003,32.600002,32.300003,32.600002,32.9,32.600002,32.600002,31.900002,32.300003,4381084,-138549,1075200,1075200,1075200,1075200,1075200,1075200,652800,1401600,242,8,57,189,14,45,87,13,35,32,12,41,137,28,81,70,7,34,4,3,20,4,0,13,373433,7393,582004,340125,24665,597113,93398,26879,851511,68991,43686,867225,98094,88186,711709,59750,17908,844943,2520,12853,954122,4961,0,931671,-1.0,-1.0
1657471352477,29.688002,0.030120483,0.0,0.0952381,0.04761905,0.0,0.09090909,0.0,0.045454547,0.09090909,32.600002,32.600002,32.300003,32.300003,32.300003,32.300003,32.300003,32.300003,32.600002,32.9,32.300003,31.900002,4381278,-125427,1075200,1075200,1075200,1075200,1075200,1075200,652800,1401600,214,6,36,136,8,23,64,2,29,38,8,39,83,10,51,49,11,40,4,2,18,7,0,14,335588,9138,630039,298217,16398,660124,40207,4143,935522,28219,21967,926588,56248,19050,894704,40171,28114,897170,6871,11699,973483,8559,0,934458,-1.0,-1.0
1657471353480,29.685001,0.030487806,0.04761905,0.0,0.04761905,0.0,0.0,0.04761905,0.0,0.04761905,32.600002,32.300003,31.900002,32.300003,31.900002,32.300003,32.300003,32.300003,32.300003,32.600002,32.300003,31.900002,4378164,-129394,1075200,1075200,1075200,1075200,1075200,1075200,652800,1401600,235,8,34,178,12,34,82,12,46,42,3,27,59,10,54,74,4,35,6,0,23,8,1,17,358988,11328,624779,333481,24330,629011,53806,29621,914042,43181,2649,963571,39666,39655,910275,37978,6810,960527,11304,0,952201,7630,5922,964944,-1.0,-1.0
1657471354479,29.679,0.024390243,0.0,0.04761905,0.04761905,0.0,0.04761905,0.0,0.045454547,0.0,32.600002,32.300003,32.300003,32.300003,32.300003,32.300003,31.900002,32.600002,32.300003,32.9,31.900002,31.900002,4380694,-120544,1075200,1075200,1075200,1075200,1075200,1075200,652800,1401600,218,6,21,147,1,21,82,18,49,72,5,32,56,16,38,61,9,35,5,0,13,4,1,18,319808,7901,619331,286436,483,667736,57428,51052,837055,45021,11682,896162,40293,41990,871311,48331,24700,870939,6889,0,953981,6243,5909,905776,-1.0,-1.0
1657471355480,29.664001,0.024242423,0.04761905,0.0,0.04761905,0.04761905,0.0,0.0,0.0,0.04761905,32.300003,32.300003,31.900002,32.300003,31.900002,32.300003,31.900002,32.300003,32.300003,32.600002,31.900002,31.600002,4383225,-118713,1075200,1075200,1075200,1075200,1075200,1075200,652800,1401600,223,5,44,179,6,32,42,10,32,60,5,44,53,7,35,72,17,48,4,2,18,3,0,15,347653,6864,602949,302793,17656,648179,36967,20790,904404,56234,7956,907589,38686,14434,910230,53541,43919,864460,3564,5781,975256,4503,0,936463,-1.0,-1.0
1657471356484,29.661001,0.018292682,0.0,0.0,0.04761905,0.04761905,0.0,0.0,0.0,0.04761905,31.900002,32.300003,31.600002,32.300003,32.300003,32.300003,31.600002,32.600002,32.300003,32.300003,31.600002,31.900002,4379332,-148620,1075200,1075200,1075200,1075200,1075200,1075200,652800,1401600,197,2,31,145,7,24,51,13,34,95,23,46,49,11,27,73,11,51,0,3,16,4,0,15,341166,1706,627203,296634,24109,652673,34367,33740,919313,73289,73993,834278,36801,26077,919782,60659,25124,880746,0,13203,964547,6021,0,937964,-1.0,-1.0
1657471357492,29.655,0.024844721,0.0,0.0,0.0,0.09090909,0.0,0.0952381,0.0,0.04761905,32.300003,31.900002,31.600002,32.300003,32.300003,31.900002,31.900002,32.300003,32.300003,32.300003,31.600002,31.600002,4381668,-115966,1075200,1075200,1075200,1075200,1075200,1075200,652800,1401600,166,4,45,127,8,22,49,12,33,68,11,67,53,5,60,59,7,42,5,3,21,5,1,19,318323,4832,657908,294323,13847,674639,40480,32442,916764,54283,24499,897260,48574,4999,926468,42091,22762,921703,10082,11990,967189,4927,6112,938852,-1.0,-1.0
1657471358484,29.652002,0.024242423,0.04761905,0.0,0.0,0.0,0.04761905,0.04761905,0.0,0.0,32.300003,32.300003,31.300001,31.900002,31.900002,31.900002,31.900002,31.900002,32.300003,32.600002,31.600002,31.600002,4380305,-114135,1075200,1075200,1075200,1075200,1075200,1075200,652800,1401600,211,3,27,131,6,24,103,12,37,58,11,40,38,5,34,28,3,31,7,1,14,5,3,16,336503,3484,606915,308664,11482,644764,44777,42755,880770,31360,32445,901488,25649,15495,931045,28664,5511,932453,9506,922,972655,7980,6648,919278,-1.0,-1.0
1657471359490,29.640001,0.0061728396,0.04761905,0.0,0.04761905,0.0,0.0,0.0,0.0,0.0,32.300003,32.300003,31.600002,32.300003,31.900002,31.900002,31.600002,31.900002,32.300003,32.300003,31.900002,31.600002,4381668,-112915,1075200,1075200,1075200,1075200,1075200,1075200,652800,1401600,183,3,29,136,5,21,39,6,33,89,14,45,20,9,24,63,9,37,8,2,16,4,0,19,319738,5758,635682,286186,14921,680026,33212,16200,934048,65459,38180,878660,20290,24559,943192,51409,24530,909963,6106,12176,962301,2474,0,942664,-1.0,-1.0
1657471360479,29.631,0.024242423,0.0,0.0,0.0,0.0,0.045454547,0.045454547,0.0,0.09090909,31.900002,32.300003,31.900002,31.900002,31.900002,32.300003,31.900002,32.600002,32.300003,33.600002,31.900002,31.900002,4382057,-143127,1075200,1075200,1075200,1075200,1075200,1075200,652800,1401600,143,3,29,190,7,40,10,1,17,40,16,33,72,9,33,58,19,36,6,1,20,7,0,12,219574,1564,638168,287001,14016,636831,9570,4239,949747,41923,39134,889182,46322,30089,889227,57141,54237,829359,14214,6237,956366,9063,0,921782,-1.0,-1.0
1657471361488,29.622002,0.10493827,0.1,0.10526316,0.1,0.1,0.1,0.1904762,0.0952381,0.1,32.300003,31.900002,31.300001,31.900002,31.900002,31.900002,31.900002,31.900002,32.300003,31.900002,31.600002,31.600002,4382057,-122680,1075200,1075200,1075200,1075200,1075200,1075200,652800,1401600,215,10,33,146,2,37,25,5,24,75,15,39,51,5,29,50,10,37,2,5,19,5,0,17,316706,11617,594022,302247,2234,665449,31789,11423,932854,38411,40161,899464,36413,17281,932728,46749,36301,895131,0,30108,951387,8835,0,931488,-1.0,-1.0
1657471362491,29.604002,0.029940119,0.0,0.0,0.09090909,0.0,0.0,0.04761905,0.0,0.0,32.300003,31.900002,31.600002,31.900002,31.600002,31.900002,31.600002,31.900002,32.300003,32.300003,31.600002,31.600002,4372520,-125122,1075200,1075200,1075200,1075200,1075200,1075200,652800,1401600,212,15,46,182,10,37,82,17,53,47,25,46,70,14,43,76,17,41,5,3,20,6,6,28,325359,40652,570620,312387,20240,615806,54408,57318,850621,56696,80763,817976,49788,48501,848224,53351,39092,842040,1953,7249,967113,7923,25279,902275,-1.0,-1.0
1657471363494,29.604002,0.012121212,0.0,0.0,0.0,0.045454547,0.0,0.04761905,0.0,0.04761905,32.300003,31.900002,31.600002,31.900002,31.900002,31.600002,31.600002,31.900002,31.900002,32.300003,31.600002,31.600002,4369211,-235290,1075200,1075200,1075200,1075200,1075200,1075200,652800,1401600,193,0,41,132,6,26,46,18,41,80,17,46,47,12,39,96,12,65,2,3,23,11,2,19,320516,0,624874,300913,15269,666574,35450,46191,881560,54609,41065,888587,48924,34770,895218,57914,32090,880551,6304,2805,972944,10134,1963,932949,-1.0,-1.0
1657471364488,29.601002,0.024242423,0.0,0.05,0.0,0.0,0.04761905,0.0,0.0,0.0,31.900002,31.900002,31.600002,31.600002,31.600002,31.600002,31.900002,31.600002,31.900002,32.600002,31.300001,31.300001,4374077,-132751,1075200,1075200,1075200,1075200,1075200,1075200,652800,1401600,209,7,38,124,11,28,87,12,70,47,9,38,70,8,35,61,7,47,6,2,18,12,0,13,334189,12860,614912,295780,26630,643696,72067,24671,857817,50419,22637,896441,44599,25336,900019,66094,10458,888094,6160,17863,953825,16181,0,920813,-1.0,-1.0
1657471365494,29.590002,0.023391813,0.0,0.13043478,0.0,0.045454547,0.0,0.045454547,0.04761905,0.0,31.900002,31.900002,31.600002,31.600002,31.600002,31.900002,31.600002,31.900002,31.900002,31.900002,31.300001,31.300001,4377386,-168151,1075200,1075200,1075200,1075200,1075200,1075200,652800,1401600,241,3,39,162,1,38,35,4,35,42,9,24,68,19,35,63,11,59,8,2,26,5,1,15,353081,4512,626081,302813,23,674702,36681,6688,938209,18569,28541,936774,42718,50614,894581,55068,36519,897737,13649,5811,950385,11025,15,959950,-1.0,-1.0
1657471366490,29.575,0.024242423,0.0,0.0,0.045454547,0.04761905,0.04761905,0.0,0.0,0.04761905,31.900002,31.900002,31.300001,31.600002,31.600002,31.900002,31.600002,31.600002,31.900002,32.300003,31.300001,31.600002,4374271,-209045,1075200,1075200,1075200,1075200,1075200,1075200,652800,1401600,194,3,39,105,1,36,35,4,20,56,5,40,44,7,45,41,10,32,5,0,20,13,1,19,295964,6889,642130,273390,5106,663380,22568,11385,929042,50290,14521,886353,33559,20577,897912,42019,22979,897200,11592,0,909770,17632,5832,927115,-1.0,-1.0
1657471367520,29.572,0.084848486,0.1,0.13636364,0.17391305,0.0,0.18181819,0.0952381,0.0,0.0,31.900002,31.600002,31.300001,31.600002,31.600002,31.300001,31.600002,31.600002,31.600002,31.900002,31.300001,31.600002,4380694,-116577,1075200,1075200,1075200,1075200,1075200,1075200,652800,1401600,163,3,56,82,1,20,42,4,35,93,10,88,93,25,52,34,5,37,4,0,17,1,0,14,312007,9431,668268,284018,0,730809,40806,4746,963565,72622,18422,904566,60953,62133,885929,44032,10976,955435,5092,0,1006261,2210,0,974365,-1.0,-1.0
1657471368504,29.560001,0.018518519,0.04761905,0.0,0.0,0.0,0.0,0.04761905,0.0,0.04761905,31.900002,31.900002,31.600002,31.900002,31.600002,31.600002,31.600002,32.300003,31.900002,32.300003,31.600002,31.600002,4373688,-216369,1075200,1075200,1075200,1075200,1075200,1075200,652800,1401600,196,7,41,96,6,32,68,5,37,117,12,41,54,16,48,51,11,35,1,3,21,7,8,23,300213,7810,587981,255560,8499,653601,53189,6693,852204,70797,20977,837444,54325,52021,789891,36516,24381,863353,2218,11526,958945,9809,21646,895230,-1.0,-1.0
1657471369509,29.548002,0.024390243,0.0,0.04761905,0.0,0.0,0.05,0.0,0.0,0.0,31.900002,31.600002,31.300001,31.600002,31.600002,31.600002,31.300001,31.600002,31.600002,31.900002,31.600002,31.300001,4381278,-114135,1075200,1075200,1075200,1075200,1075200,1075200,652800,1401600,226,2,40,146,2,25,36,11,42,40,11,36,97,21,57,59,15,40,3,2,22,6,2,21,333290,843,634816,296001,2377,699389,25330,41803,927912,44753,30017,926528,83514,62983,850813,59738,40493,895390,4394,1447,987310,3991,11216,952774,-1.0,-1.0
1657471370506,29.542002,0.21084337,0.33333334,0.2631579,0.14285715,0.3,0.25,0.27272728,0.0,0.04761905,31.600002,31.900002,31.600002,31.600002,31.600002,31.300001,31.300001,31.600002,31.600002,31.600002,30.900002,31.600002,4382835,-136108,1075200,1075200,1075200,1075200,1075200,1075200,652800,1401600,222,7,27,123,3,27,39,8,23,43,5,31,111,24,69,52,24,45,3,0,20,5,5,18,316000,12764,605997,272421,3008,676465,23242,17559,911816,31704,17231,892266,69174,68435,803501,54807,71078,833167,6568,0,957594,6907,16137,904352,-1.0,-1.0
1657471371504,29.536001,0.15337424,0.0,0.04761905,0.04761905,0.04761905,0.0,0.5,0.0,0.61904764,31.900002,31.900002,31.300001,31.900002,31.900002,31.600002,31.600002,31.600002,31.900002,31.900002,31.300001,31.300001,4377970,-175171,1075200,1075200,1075200,1075200,1075200,1075200,652800,1401600,361,8,30,299,4,29,78,26,40,139,15,49,129,25,77,153,24,63,7,0,19,9,6,28,408124,8986,447572,384769,4376,459552,86581,60814,752783,112994,29061,729226,119475,54547,695060,148627,44318,701424,6750,0,976514,7062,20282,909514,-1.0,-1.0
1657471372516,29.521002,0.012269938,0.04761905,0.0,0.0,0.0,0.0,0.0,0.0,0.04761905,31.900002,31.900002,31.300001,31.900002,31.900002,31.900002,31.600002,32.300003,31.900002,32.600002,31.600002,31.300001,4381084,-147705,1075200,1075200,1075200,1075200,1075200,1075200,652800,1401600,225,30,70,182,23,65,29,8,27,43,7,35,67,10,41,745,13,33,2,8,16,697,3,18,372886,82572,520240,330150,83533,563689,23027,24897,959997,45408,18250,939206,29961,25313,885756,170565,28236,596748,6473,26954,961841,116133,12640,662472,-1.0,-1.0
1657471373509,29.509,0.029761905,0.04761905,0.0,0.04761905,0.0,0.0,0.0,0.0,0.0,31.900002,31.600002,31.300001,31.600002,31.600002,31.600002,31.600002,31.600002,31.900002,31.900002,31.300001,31.300001,4380500,-136718,1075200,1075200,1075200,1075200,1075200,1075200,652800,1401600,191,4,35,137,5,30,44,13,35,71,16,46,21,3,26,77,7,51,5,0,17,5,0,13,330929,6307,618086,288918,9764,658060,26124,49680,892427,76867,48723,841526,17790,5240,943936,59058,10225,892741,6440,0,966659,8465,0,924664,-1.0,-1.0
1657471374511,29.506,0.0295858,0.04761905,0.0,0.045454547,0.0,0.04761905,0.04761905,0.04761905,0.04761905,31.900002,31.900002,31.300001,31.900002,31.600002,31.600002,31.300001,31.600002,31.600002,32.300003,31.300001,31.300001,4379332,-130920,1075200,1075200,1075200,1075200,1075200,1075200,652800,1401600,209,3,46,136,4,34,21,9,31,63,27,38,55,14,38,58,11,45,4,1,18,4,2,17,342833,2552,615856,310452,2618,644514,27608,28183,925452,63772,91847,819400,42888,37240,896151,53297,37223,880853,7160,532,972706,3872,12282,930921,-1.0,-1.0
1657471375512,29.500002,0.024242423,0.0,0.04761905,0.04761905,0.0,0.04761905,0.0,0.0,0.04761905,31.600002,31.600002,31.300001,31.600002,31.600002,31.600002,31.300001,31.900002,31.600002,31.900002,31.300001,30.900002,4384198,-134582,1075200,1075200,1075200,1075200,1075200,1075200,652800,1401600,216,8,46,124,0,24,34,10,28,63,7,35,89,21,79,82,13,48,2,3,19,7,4,19,337065,16215,614045,281713,0,695397,34389,25033,913535,48169,10973,918500,67676,46767,827951,67387,29542,879901,4424,12497,968032,6745,12308,930992,-1.0,-1.0
1657471376512,29.482002,0.030674847,0.09090909,0.05,0.04761905,0.04761905,0.05,0.0,0.0,0.0,31.600002,31.600002,30.900002,31.600002,31.600002,31.300001,31.300001,31.600002,31.600002,31.600002,31.300001,31.300001,4382641,-138855,1075200,1075200,1075200,1075200,1075200,1075200,652800,1401600,212,11,38,142,2,40,73,12,45,57,2,26,30,1,26,73,16,67,0,0,14,9,0,17,328690,11973,627285,284291,3785,674751,47739,40807,880011,29358,2663,943838,30176,1395,958602,66480,43871,862229,0,0,986466,8868,0,935067,-1.0,-1.0
1657471377513,29.476002,0.024390243,0.0,0.0,0.0,0.0,0.04761905,0.0,0.0,0.05,31.600002,31.600002,31.300001,31.600002,31.600002,31.300001,31.600002,31.600002,31.600002,31.600002,31.300001,30.900002,4382252,-131530,1075200,1075200,1075200,1075200,1075200,1075200,652800,1401600,267,17,47,159,12,50,43,4,37,56,9,59,84,9,34,27,3,30,3,0,20,4,1,13,380252,43074,548747,321494,27460,630522,30796,14003,926007,58769,22029,897092,40252,30942,905056,21658,2884,871206,4672,0,970467,7843,1768,970506,-1.0,-1.0
1657471378516,29.471,0.023952097,0.0,0.0,0.0,0.04761905,0.0,0.045454547,0.0,0.09090909,31.600002,31.300001,31.300001,31.600002,31.300001,31.600002,31.300001,31.600002,31.600002,31.600002,31.300001,31.300001,4382057,-116272,1075200,1075200,1075200,1075200,1075200,1075200,652800,1401600,203,2,30,149,4,25,62,7,29,25,7,21,43,4,42,67,25,42,0,0,14,3,2,17,305139,1644,637077,291576,8701,665929,30091,14862,925375,25031,14525,929365,28727,21209,922470,64599,74684,825164,0,0,969115,4386,11442,919581,-1.0,-1.0
1657471379516,29.462002,0.030120483,0.0,0.04761905,0.0,0.13636364,0.09090909,0.0,0.0,0.04761905,31.600002,31.300001,30.900002,31.300001,31.300001,31.300001,31.300001,31.600002,31.300001,31.900002,30.900002,30.900002,4383030,-125427,1075200,1075200,1075200,1075200,1075200,1075200,652800,1401600,167,2,25,121,1,16,88,3,31,59,15,32,39,8,34,65,28,42,1,0,15,5,0,17,254157,5999,629947,267197,1387,701062,54379,4774,918814,40021,34306,907501,33494,17505,926308,57398,85236,837693,1610,0,987048,6472,0,940508,-1.0,-1.0
1657471380519,29.456001,0.030303031,0.05,0.04761905,0.0,0.04761905,0.0,0.0,0.0,0.09090909,31.600002,31.300001,30.900002,31.600002,31.300001,31.300001,31.300001,31.300001,31.300001,31.600002,30.900002,31.300001,4381084,-135498,1075200,1075200,1075200,1075200,1075200,1075200,652800,1401600,230,5,44,161,2,24,64,6,39,111,18,44,54,16,51,44,12,55,7,1,20,4,0,17,404307,4701,539939,380796,3243,592746,36053,18797,906788,81706,31677,851539,30741,54460,881676,46089,37054,891060,9935,962,980377,4661,0,949515,-1.0,-1.0
1657471381524,29.441002,0.024242423,0.0,0.0,0.04761905,0.0,0.05,0.0,0.0,0.04761905,31.300001,31.600002,31.300001,31.300001,31.300001,31.300001,30.900002,31.600002,31.600002,31.900002,31.300001,30.900002,4382641,-129699,1075200,1075200,1075200,1075200,1075200,1075200,652800,1401600,204,9,46,153,5,26,31,6,25,123,17,73,55,11,38,43,11,41,2,2,18,9,3,17,339714,9321,619464,317479,8286,652956,27813,13738,938146,88339,40208,831939,28378,31459,914752,55416,32757,885986,2358,10925,968370,12874,9221,920196,-1.0,-1.0
1657471382520,29.426,0.055214725,0.0,0.0,0.0,0.0,0.0,0.0,0.3809524,0.04761905,31.600002,31.600002,30.900002,31.300001,31.300001,31.300001,31.300001,31.600002,31.600002,31.600002,30.900002,31.300001,4382446,-122070,1075200,1075200,1075200,1075200,1075200,1075200,652800,1401600,223,2,51,120,0,28,47,9,48,43,5,37,69,11,60,70,24,48,7,1,20,2,1,19,323698,2026,632630,298556,0,671081,37614,26053,900967,37038,17674,926273,73487,16891,872992,65581,74689,816830,10418,546,972548,610,3263,936714,-1.0,-1.0
1657471383525,29.426,0.024242423,0.05,0.0,0.0,0.0,0.0,0.04761905,0.045454547,0.09090909,31.300001,31.300001,30.900002,31.300001,31.300001,30.900002,31.300001,31.600002,31.600002,31.600002,31.300001,30.900002,4380889,-130615,1075200,1075200,1075200,1075200,1075200,1075200,652800,1401600,175,2,41,147,1,21,48,4,25,81,10,38,66,7,44,43,12,26,3,2,18,0,0,9,320625,3854,650321,296120,399,692397,24588,9262,966217,67035,24588,904231,43670,22305,926259,16994,36521,934224,2907,12080,891308,0,0,982193,-1.0,-1.0
1657471384526,29.417002,0.036809817,0.09090909,0.0,0.0952381,0.05,0.05,0.04761905,0.0,0.04761905,31.600002,31.600002,30.900002,31.300001,31.300001,31.300001,30.900002,31.300001,31.300001,31.600002,30.600002,30.600002,4383419,-112304,1075200,1075200,1075200,1075200,1075200,1075200,652800,1401600,185,5,35,133,6,19,40,5,22,47,17,42,55,12,41,55,5,34,0,2,14,4,0,16,301908,4066,635265,293737,14013,659910,25052,13301,930541,38347,54269,877853,44224,36177,881917,28629,19173,925009,0,12618,958344,5490,0,936904,-1.0,-1.0
1657471385533,29.408,0.024539877,0.04761905,0.0,0.05,0.0,0.0,0.0,0.0,0.04761905,31.300001,31.600002,31.300001,31.300001,31.300001,31.300001,30.900002,31.600002,31.300001,31.300001,30.900002,30.900002,4384976,-114135,1075200,1075200,1075200,1075200,1075200,1075200,652800,1401600,212,7,33,170,1,27,71,11,37,56,10,29,87,16,60,42,6,37,6,0,18,1,0,15,326464,10907,619904,322247,465,656108,52349,25670,878119,34871,23094,916922,70343,47713,856546,48145,22865,916712,8068,0,999452,2210,0,953117,-1.0,-1.0
1657471386536,29.399002,0.05421687,0.05,0.09090909,0.0952381,0.04761905,0.05,0.04761905,0.04761905,0.0,31.600002,31.300001,30.600002,31.300001,31.300001,31.300001,30.900002,31.300001,31.300001,31.600002,30.900002,30.600002,4376023,-148925,1075200,1075200,1075200,1075200,1075200,1075200,652800,1401600,181,7,40,124,5,19,93,7,49,33,8,31,65,7,36,19,1,28,2,0,15,0,1,14,330805,8763,625108,289249,11433,665147,59466,17942,897539,36386,24032,915528,44301,14851,900891,24902,464,820640,4425,0,971998,0,6149,942566,-1.0,-1.0
1657471387532,29.390001,0.04375,0.1,0.0,0.04761905,0.05,0.0,0.0952381,0.0,0.04761905,31.600002,31.300001,30.600002,31.300001,31.300001,31.300001,30.900002,31.300001,31.300001,31.900002,31.300001,30.900002,4382835,-125732,1075200,1075200,1075200,1075200,1075200,1075200,652800,1401600,284,16,41,229,5,31,104,13,37,101,9,47,56,10,39,40,4,32,0,2,23,5,3,21,357373,21263,569522,340864,7470,619422,77388,24124,859207,67972,24206,865968,53747,37301,828155,47243,10670,1005448,0,11704,984310,10180,12404,924449,-1.0,-1.0
1657471388532,29.378002,0.035714287,0.0,0.04761905,0.0,0.045454547,0.04761905,0.0,0.0,0.0,32.300003,32.300003,31.900002,31.900002,31.600002,31.600002,31.600002,31.600002,31.300001,31.600002,31.900002,31.900002,4342351,-842896,1075200,1075200,1075200,1075200,1075200,1075200,652800,1401600,415,12,52,335,15,37,113,15,55,97,16,65,77,23,49,39,10,40,22,2,23,5,2,21,418112,19129,495734,441000,17039,474528,100485,37580,820303,74660,39610,819215,68220,57425,790990,46067,18554,886505,21562,6675,942993,8135,5490,948867,0.02066225165562914,0.009019867549668874
1657471389529,29.372002,0.030303031,0.05,0.13636364,0.05,0.0,0.09090909,0.0,0.0,0.04761905,32.300003,32.300003,31.900002,31.900002,31.900002,31.900002,31.600002,31.900002,31.900002,32.300003,32.300003,32.300003,4359090,-275268,1075200,1075200,1075200,1075200,1075200,1075200,652800,1401600,392,12,62,210,12,52,123,18,46,74,15,59,124,31,61,50,15,60,1,2,20,6,1,26,459634,20695,430444,340444,28876,528570,74594,41400,810467,63120,41368,801709,109680,71518,738262,55838,41671,827156,2212,4356,964346,9986,2113,929369,-1.0,-1.0
1657471390534,29.372002,0.029940119,0.04761905,0.0,0.0,0.0,0.04761905,0.04761905,0.0,0.04761905,32.600002,32.300003,31.900002,32.600002,31.900002,31.900002,31.600002,32.300003,31.900002,32.300003,32.300003,32.300003,4353251,-308532,1075200,1075200,1075200,1075200,1075200,1075200,652800,1401600,233,3,52,217,6,40,91,20,45,29,4,31,81,7,54,56,10,29,4,1,18,1,0,14,351122,2019,610597,315191,5712,648683,59724,48050,866416,32874,4835,952200,44617,15196,908890,45747,21091,916842,5929,5792,982414,2211,0,958127,-1.0,-1.0
1657471391535,29.357002,0.024096385,0.0,0.0,0.05,0.0,0.045454547,0.0,0.0,0.0,32.300003,32.300003,31.300001,31.900002,31.600002,31.900002,31.900002,31.900002,32.300003,32.300003,31.900002,31.900002,4374077,-186767,1075200,1075200,1075200,1075200,1075200,1075200,652800,1401600,189,5,35,155,3,39,68,15,44,57,9,36,32,6,28,37,3,26,0,6,21,1,0,13,309388,9810,643059,314909,7079,649481,67644,37865,873761,27295,26527,926673,30601,21952,932607,14939,8938,957969,0,30928,965955,2210,0,950869,0.0015946843853820599,0.004651162790697674
1657471392534,29.351002,0.018292682,0.0,0.0,0.0,0.0,0.0,0.04761905,0.0,0.0,32.300003,31.900002,31.600002,31.900002,31.900002,31.600002,31.600002,32.300003,32.300003,32.300003,31.900002,31.900002,4358117,-301513,1075200,1075200,1075200,1075200,1075200,1075200,652800,1401600,224,10,58,294,6,44,73,14,43,39,7,43,58,15,48,23,4,32,2,2,18,4,1,18,354398,15610,583247,401669,8721,534591,44518,37952,889301,35973,22362,918727,40876,43750,873089,28191,16395,911881,4425,11640,974769,6862,13,942921,-1.0,-1.0
1657471393547,29.340002,0.024242423,0.0,0.0,0.0,0.0,0.04761905,0.0,0.04761905,0.0,32.300003,32.300003,31.300001,31.900002,31.600002,31.600002,31.600002,31.900002,31.900002,31.900002,31.600002,31.600002,4382446,-119323,1075200,1075200,1075200,1075200,1075200,1075200,652800,1401600,199,7,35,125,7,23,35,5,29,105,15,66,64,9,44,19,6,24,0,2,15,2,1,12,320341,8408,640575,288471,28156,675706,25770,16441,947511,75198,38095,867044,51712,18270,913209,13668,11575,971969,0,6829,1002346,2510,2501,956797,-1.0,-1.0
1657471394544,29.331001,0.030120483,0.0,0.04761905,0.04761905,0.0,0.04761905,0.0,0.04761905,0.04761905,32.300003,32.300003,31.600002,31.900002,31.900002,31.600002,31.600002,31.900002,32.300003,32.300003,31.900002,31.900002,4364345,-297546,1075200,1075200,1075200,1075200,1075200,1075200,652800,1401600,226,4,44,186,13,44,25,1,33,69,13,49,66,12,50,81,10,40,0,0,13,2,1,14,415310,6758,520861,431783,29179,490681,37116,351,915794,60563,36324,802097,64513,21336,873931,47616,21815,879735,0,0,982300,2384,5768,944174,-1.0,-1.0
1657471395552,29.328001,0.024242423,0.0,0.04761905,0.0,0.045454547,0.0,0.0,0.0,0.04761905,31.900002,31.900002,31.600002,31.600002,31.600002,31.600002,31.600002,31.600002,31.600002,31.900002,31.300001,31.600002,4382835,-109558,1075200,1075200,1075200,1075200,1075200,1075200,652800,1401600,195,11,46,178,6,45,57,2,33,45,10,41,68,17,46,48,7,33,2,0,15,3,2,13,319810,21389,622873,323988,11989,637121,34009,1350,958172,40830,30502,979543,54108,46875,897710,38567,10718,951081,4369,0,1003814,4464,7288,948820,-1.0,-1.0
1657471396551,29.316002,0.012269938,0.0,0.04761905,0.0,0.0,0.04761905,0.0,0.045454547,0.0,31.900002,31.600002,31.300001,31.600002,31.600002,31.600002,31.600002,31.600002,31.600002,31.900002,31.300001,31.300001,4383614,-132751,1075200,1075200,1075200,1075200,1075200,1075200,652800,1401600,184,8,44,186,7,36,25,0,23,44,3,30,55,13,34,51,7,29,0,3,15,4,0,13,314860,9452,642420,306942,9324,644422,10487,0,968404,32725,3810,942657,36116,34793,900076,37248,15127,931660,0,18484,975213,5260,0,943969,-1.0,-1.0
1657471397546,29.313002,0.024390243,0.0,0.04761905,0.0,0.05,0.0,0.0,0.0,0.04761905,31.900002,31.900002,31.300001,31.900002,31.600002,31.600002,31.600002,31.900002,31.900002,31.900002,31.900002,31.600002,4374855,-156555,1075200,1075200,1075200,1075200,1075200,1075200,652800,1401600,189,4,43,172,10,26,74,10,28,49,7,44,51,1,21,98,14,54,1,2,15,3,2,15,342483,2057,617355,331499,16525,620158,44908,27152,893384,58292,18424,899559,23738,0,948083,52997,37073,865844,2212,11609,979834,5644,12596,932961,-1.0,-1.0
1657471398556,29.304,0.024390243,0.04761905,0.0,0.04761905,0.04761905,0.0,0.0,0.0,0.04761905,31.900002,31.900002,31.600002,31.900002,31.600002,31.600002,31.600002,31.900002,31.900002,32.300003,31.600002,31.900002,4372714,-250854,1075200,1075200,1075200,1075200,1075200,1075200,652800,1401600,167,6,43,220,4,44,54,5,27,68,19,59,24,14,33,43,8,29,5,1,17,3,2,17,255692,7241,653754,306607,6541,650170,26852,11605,950959,51552,59498,876122,26907,38707,928948,24478,24561,949836,9039,563,975109,5609,5777,950303,-1.0,-1.0
1657471399552,29.292002,0.018072288,0.045454547,0.04761905,0.0,0.0,0.04761905,0.0,0.04761905,0.0,32.300003,32.300003,31.600002,31.900002,31.900002,31.600002,31.600002,31.600002,31.900002,31.900002,32.300003,32.300003,4360063,-307007,1075200,1075200,1075200,1075200,1075200,1075200,652800,1401600,181,3,44,191,4,47,27,7,28,79,20,40,85,12,53,65,10,31,4,1,18,0,1,8,328512,3971,637963,320369,7897,638909,20851,26947,933672,73082,67749,832967,56446,29779,880838,29495,27720,918151,4099,5858,964645,0,3521,977859,-1.0,-1.0
1657471400550,29.289001,0.018072288,0.0,0.08695652,0.0,0.0,0.0,0.04761905,0.04761905,0.0,31.900002,31.900002,31.300001,31.900002,31.600002,31.600002,31.600002,31.600002,31.900002,31.900002,31.600002,31.600002,4379721,-122375,1075200,1075200,1075200,1075200,1075200,1075200,652800,1401600,191,10,33,148,2,25,48,7,26,31,8,24,32,4,34,83,11,49,6,0,16,1,0,15,315316,24833,630470,295112,1139,667412,34851,10397,920878,31405,20449,933357,18824,8140,953920,62961,31798,868374,8952,0,924032,2207,0,973043,-1.0,-1.0
1657471401554,29.283,0.11042945,0.05263158,0.14285715,0.1,0.05263158,0.0952381,0.35,0.08695652,0.1,31.900002,31.900002,31.600002,31.600002,31.600002,31.600002,31.300001,31.300001,31.600002,31.900002,31.600002,31.600002,4383225,-118103,1075200,1075200,1075200,1075200,1075200,1075200,652800,1401600,160,3,44,122,1,25,44,6,45,37,14,33,41,6,37,61,3,48,2,0,15,1,0,14,298352,5868,652010,279495,4368,696616,26761,18502,929036,33193,37401,914213,17940,24694,934992,39127,9206,919024,338,0,937978,2187,0,994310,-1.0,-1.0
1657471402545,29.283,0.024242423,0.0,0.0,0.04761905,0.04761905,0.0,0.0,0.0,0.04761905,32.9,32.9,32.300003,32.600002,32.600002,32.600002,32.300003,32.600002,32.600002,32.9,31.900002,31.600002,4369016,-303039,1075200,1075200,1075200,1075200,1075200,1075200,652800,1401600,188,5,31,189,2,23,89,15,42,106,17,41,57,8,29,55,3,26,11,9,24,23,7,29,237587,6941,603029,238142,2369,609316,53420,46424,767589,52677,54226,749251,54085,10012,787614,34273,11942,748066,5230,18860,932768,20581,29293,839542,-1.0,-1.0
1657471403550,29.271002,0.024096385,0.0,0.0,0.04761905,0.0,0.0,0.04761905,0.0,0.04761905,31.600002,31.900002,31.300001,31.300001,31.600002,31.300001,31.600002,31.600002,31.900002,31.900002,31.600002,31.300001,4383030,-119628,1075200,1075200,1075200,1075200,1075200,1075200,652800,1401600,212,3,45,153,8,26,58,4,35,50,10,47,42,5,28,85,17,46,2,3,22,7,0,24,315740,8694,638164,324583,14421,638969,26110,9017,950741,24542,34401,906028,28868,15341,936716,56940,48986,875822,1769,12200,985879,6212,0,944817,-1.0,-1.0
1657471404543,29.256,0.036363635,0.1,0.04761905,0.0,0.0,0.04761905,0.0,0.0,0.0,31.600002,31.600002,31.300001,31.300001,31.600002,31.300001,31.300001,31.900002,31.300001,32.300003,31.300001,31.300001,4380500,-143737,1075200,1075200,1075200,1075200,1075200,1075200,652800,1401600,151,2,40,115,1,30,38,4,28,46,9,31,78,14,62,58,28,43,0,2,14,16,0,9,324394,1283,641573,291220,467,671848,26957,11989,921741,30992,27551,918007,44684,42311,871953,70607,71307,808605,0,5853,972672,15835,0,922058,-1.0,-1.0
1657471405557,29.259,0.035928145,0.04761905,0.09090909,0.0,0.0,0.04761905,0.0,0.0,0.04761905,31.900002,31.600002,31.300001,31.300001,31.600002,31.300001,31.300001,31.300001,31.300001,31.600002,31.300001,31.300001,4384198,-94604,1075200,1075200,1075200,1075200,1075200,1075200,652800,1401600,159,5,48,117,2,31,72,6,32,86,15,63,26,14,34,80,19,72,2,0,16,1,0,8,331413,5731,646443,286492,4303,711413,46855,21185,923441,71718,36066,886954,22699,45444,932337,67113,59753,866844,2559,0,988723,1903,0,997272,-1.0,-1.0
1657471406559,29.250002,0.036809817,0.0,0.09090909,0.05,0.0952381,0.0,0.0,0.0,0.04761905,31.300001,31.300001,30.900002,31.600002,31.300001,31.600002,31.300001,31.600002,31.300001,31.600002,30.900002,31.300001,4383614,-118103,1075200,1075200,1075200,1075200,1075200,1075200,652800,1401600,162,3,40,137,1,23,61,9,43,53,10,40,41,5,46,93,17,51,0,0,13,0,0,15,312680,5486,638080,282862,0,678732,46576,22760,901153,45676,23099,894498,35805,19420,917486,78620,42366,845767,0,0,978720,0,0,939601,-1.0,-1.0
1657471407558,29.247002,0.030120483,0.05,0.0,0.04761905,0.045454547,0.0,0.0,0.0,0.04761905,31.300001,31.300001,31.300001,31.300001,31.300001,31.300001,30.900002,31.300001,31.300001,31.600002,30.900002,30.900002,4380889,-148315,1075200,1075200,1075200,1075200,1075200,1075200,652800,1401600,206,5,45,190,2,32,36,9,38,51,3,24,77,13,54,70,10,53,3,0,20,2,0,10,349040,5073,617759,330271,813,635054,41520,23601,920217,44971,10010,916577,50916,48531,873238,56232,25938,897628,560,0,969632,4421,0,959827,-1.0,-1.0
1657471408562,29.235,0.018181818,0.04761905,0.04761905,0.0,0.04761905,0.0,0.0,0.0,0.04761905,31.600002,31.300001,30.900002,31.300001,31.300001,31.300001,31.300001,31.600002,31.300001,31.600002,30.900002,30.900002,4382252,-125122,1075200,1075200,1075200,1075200,1075200,1075200,652800,1401600,170,9,35,155,3,37,47,7,26,64,6,24,43,5,42,39,3,36,2,0,14,0,1,15,297342,13000,637246,284683,3251,672216,19045,24468,938082,27874,15152,937925,27834,11527,935123,36940,4739,929109,4428,0,971455,0,6012,943742,-1.0,-1.0
1657471409559,29.238,0.036363635,0.0,0.0,0.0,0.09090909,0.04761905,0.04761905,0.0,0.04761905,31.600002,31.300001,30.900002,31.600002,31.300001,31.300001,31.300001,31.600002,31.300001,31.600002,31.300001,31.300001,4380500,-122680,1075200,1075200,1075200,1075200,1075200,1075200,652800,1401600,168,3,39,156,3,21,46,2,25,66,13,40,57,7,55,33,8,37,0,0,12,3,2,15,318205,8754,631679,306720,2226,663543,31739,4460,939265,36826,35394,903337,36765,15003,913053,34089,23194,914698,0,0,980053,5350,12399,932996,-1.0,-1.0
1657471410564,29.232002,0.018518519,0.04761905,0.09090909,0.0,0.0,0.0,0.04761905,0.0,0.0,31.600002,31.300001,30.900002,31.300001,31.300001,30.900002,30.900002,31.600002,31.300001,31.600002,30.900002,31.300001,4380889,-131836,1075200,1075200,1075200,1075200,1075200,1075200,652800,1401600,166,7,43,167,6,29,27,1,26,42,7,27,50,7,38,87,13,49,0,0,14,3,2,14,328336,12159,626836,317523,16407,649805,31513,4071,948404,29548,19491,933983,46358,10524,921617,62246,38776,882386,0,0,994923,2722,12201,939484,-1.0,-1.0
1657471411571,29.226002,0.018518519,0.0,0.05,0.0,0.0,0.0,0.0,0.0,0.09090909,31.300001,31.300001,30.600002,31.300001,31.300001,30.900002,30.900002,30.900002,31.300001,31.300001,30.900002,30.600002,4382446,-112915,1075200,1075200,1075200,1075200,1075200,1075200,652800,1401600,157,5,51,201,9,20,75,4,57,49,5,33,54,7,37,88,10,45,2,0,17,0,1,10,330715,4891,651431,327045,12064,647791,44208,12311,926085,34347,16754,930982,28848,21027,945567,51949,19909,919162,4386,0,979574,0,5786,977427,-1.0,-1.0
1657471412572,29.221,0.024242423,0.0,0.0,0.04761905,0.0,0.0,0.04761905,0.04761905,0.04761905,31.600002,30.900002,30.900002,31.300001,31.300001,31.300001,31.300001,31.600002,31.300001,31.600002,30.900002,30.600002,4384587,-121765,1075200,1075200,1075200,1075200,1075200,1075200,652800,1401600,201,5,38,152,9,31,54,12,41,18,1,28,37,4,40,43,13,52,0,0,11,3,1,19,313110,7125,633670,296644,12663,644036,47021,31576,891325,23385,3824,957400,39015,9164,915593,41773,40646,879616,0,0,967304,2537,6143,936862,-1.0,-1.0
1657471413566,29.212002,0.024242423,0.04761905,0.09090909,0.0,0.0,0.0,0.0,0.0,0.09090909,31.300001,30.900002,30.900002,31.300001,31.300001,30.900002,30.900002,31.300001,30.900002,31.300001,30.900002,30.600002,4383030,-125122,1075200,1075200,1075200,1075200,1075200,1075200,652800,1401600,178,1,41,188,5,26,44,8,30,49,4,27,52,9,38,67,13,50,0,0,14,7,0,13,321035,450,634668,295961,11715,650821,28578,18389,916395,31607,3958,936629,35662,25351,910528,61873,33837,863252,0,0,987480,10302,0,931009,-1.0,-1.0
1657471414571,29.212002,0.030303031,0.04761905,0.04761905,0.04761905,0.0,0.0,0.0,0.0,0.0,31.300001,30.900002,30.600002,31.300001,30.900002,30.900002,30.900002,31.300001,31.300001,31.300001,30.600002,30.600002,4382641,-115661,1075200,1075200,1075200,1075200,1075200,1075200,652800,1401600,165,3,43,139,8,27,46,1,27,57,6,33,71,17,56,64,7,34,2,0,19,3,0,19,323344,1433,645002,302418,19615,662625,24667,4328,964888,29788,9530,947493,59075,49154,869367,33337,16977,937983,2304,0,995092,2531,0,956673,-1.0,-1.0
1657471415573,29.194002,0.030120483,0.04761905,0.04761905,0.0,0.04761905,0.0,0.0,0.0,0.04761905,31.300001,31.300001,30.900002,30.900002,30.900002,30.900002,30.900002,30.900002,31.300001,31.300001,30.600002,30.900002,4377775,-193176,1075200,1075200,1075200,1075200,1075200,1075200,652800,1401600,183,1,34,159,8,26,53,6,29,40,4,30,33,3,32,37,4,32,1,0,13,3,0,14,317536,2642,631493,310043,20918,632277,34235,19150,918185,36600,14152,933037,34911,9485,936008,45767,8541,928184,609,0,988563,6628,0,940912,-1.0,-1.0
1657471416577,29.2,0.035928145,0.04761905,0.13043478,0.04761905,0.0,0.0,0.04761905,0.0,0.04761905,31.300001,31.300001,30.600002,31.300001,30.900002,30.900002,30.900002,31.300001,31.300001,31.600002,30.900002,30.600002,4376802,-114441,1075200,1075200,1075200,1075200,1075200,1075200,652800,1401600,205,4,48,138,13,38,27,4,28,50,4,30,38,9,36,89,10,37,3,0,18,3,0,15,298967,7502,653535,300328,27468,639465,19600,12573,959656,27124,14703,943620,32149,15324,947884,43514,24896,920034,7013,0,998072,2585,0,957184,-1.0,-1.0
1657471417577,29.197,0.030120483,0.0,0.0,0.0,0.0,0.09090909,0.04761905,0.04761905,0.0,31.300001,30.900002,30.900002,30.900002,31.300001,31.300001,30.600002,31.300001,30.900002,30.900002,30.600002,30.600002,4379527,-187988,1075200,1075200,1075200,1075200,1075200,1075200,652800,1401600,207,7,30,139,3,37,25,7,28,40,5,24,104,11,36,69,21,46,2,0,17,5,0,15,327956,7053,625875,243330,6119,651878,30704,19168,922752,43741,14659,932311,56731,39033,884384,64017,43403,865994,0,0,965415,6017,0,958417,-1.0,-1.0
1657471418579,29.188002,0.029761905,0.04761905,0.0,0.0,0.0,0.045454547,0.045454547,0.04761905,0.0,31.300001,31.300001,30.900002,30.900002,30.900002,30.600002,30.900002,30.900002,31.300001,31.600002,30.600002,30.600002,4379916,-173034,1075200,1075200,1075200,1075200,1075200,1075200,652800,1401600,205,6,33,160,2,28,33,8,28,61,11,31,48,7,36,22,9,29,2,0,16,0,0,16,307935,11517,637530,309424,727,645881,35418,22064,928798,40635,26647,898888,35144,14287,925422,20977,19639,933709,357,0,933762,2435,0,983096,-1.0,-1.0
1657471419592,29.173002,0.3190184,0.42105263,0.35,0.39130434,0.39130434,0.33333334,0.33333334,0.1904762,0.2631579,30.900002,30.600002,30.600002,30.900002,30.900002,31.300001,30.900002,30.900002,30.900002,31.300001,30.600002,30.900002,4382446,-125732,1075200,1075200,1075200,1075200,1075200,1075200,652800,1401600,216,12,24,138,2,16,61,14,42,45,8,41,45,6,28,68,6,34,3,0,16,4,0,18,307697,23400,635104,295318,6400,683241,51882,31490,906537,42789,20510,939232,43708,11387,939670,43203,14325,941485,2558,0,936476,4418,0,1001744,-1.0,-1.0
