1658431234966,31.562002,0.95019156,1.0,1.0,1.0,0.969697,1.0,1.0,0.6,1.0,40.9,41.600002,40.9,41.600002,41.9,42.300003,41.300003,41.9,42.300003,43.300003,37.300003,37.600002,4005824,-662537,1075200,1075200,1075200,1075200,1075200,1075200,652800,1401600,1483231,52667,226470,1551122,54534,224763,736736,77461,226003,712510,77945,227584,562270,51337,213774,525424,47038,208077,600873,117024,183483,262522,23782,97175,1206163147,109886260,5019538961,1274217965,108264422,5031614232,615595394,168356985,5596916643,595434433,173070278,5580232811,454459410,114732926,5615026824,432105537,105984103,5558721764,453140663,244494979,6005563856,146942440,56744316,5568494637,-1.0,-1.0
1658431236661,31.587002,0.9587156,1.0,1.0,1.0,1.0,1.0,1.0,0.6923077,1.0,40.600002,40.9,40.9,41.300003,41.300003,41.300003,40.600002,42.300003,41.600002,42.600002,37.9,37.9,3989279,-756226,1075200,1075200,1075200,1075200,1075200,1075200,652800,1401600,3,0,0,39,0,0,93,6,8,9,3,1,82,6,14,1,0,1,919,141,74,0,1,0,2661,0,0,25236,0,0,52941,6838,22263,7777,3402,805,45130,7445,29033,19,0,458,500795,236945,153941,0,411,0,-1.0,-1.0
1658431238201,31.622002,0.9130435,1.0,1.0,0.9655172,1.0,0.9655172,1.0,0.30769232,1.0,40.600002,40.9,40.600002,41.300003,41.300003,41.600002,40.9,42.600002,41.600002,42.9,38.300003,38.300003,4013220,-478515,1075200,1075200,1075200,1075200,1075200,1075200,652800,1401600,7,0,0,4,0,0,27,0,0,5,1,2,62,0,13,27,0,11,686,155,90,0,0,0,9261,0,0,11701,0,0,10749,0,0,8023,415,1747,35449,0,168682,24711,0,194735,339563,273038,221423,0,0,0,-1.0,-1.0
1658431239460,31.651001,0.75,1.0,0.88461536,1.0,0.52,0.5,1.0,0.0,1.0,41.600002,41.600002,41.300003,42.300003,41.9,42.300003,41.600002,42.9,42.300003,43.600002,38.300003,38.600002,4017502,-549316,1075200,1075200,1075200,1075200,1075200,1075200,652800,1401600,257,0,0,7,0,0,55,3,8,94,8,9,73,6,15,54,1,5,808,119,80,3,0,1,117588,0,0,3381,0,0,29632,5120,34278,50713,13971,34963,54776,9666,66351,28240,449,15728,404591,198554,180794,77,0,438,-1.0,-1.0
1658431240620,31.676,0.77403843,1.0,0.96153843,0.48,1.0,1.0,0.5,0.25,1.0,41.300003,41.600002,40.600002,41.600002,41.9,41.9,41.300003,42.9,41.9,42.9,38.300003,37.9,4009327,-485535,1075200,1075200,1075200,1075200,1075200,1075200,652800,1401600,44,0,0,9,0,0,73,10,17,79,14,32,82,5,21,0,0,0,599,155,92,1,0,0,20478,0,0,24744,0,0,55093,22474,70236,75025,32531,152732,48810,9545,98444,0,0,0,337492,299554,237421,25,0,0,-1.0,-1.0
1658431241891,31.708002,0.7282609,1.0,1.0,1.0,0.54545456,0.20833333,1.0,0.0,1.0,40.9,40.9,40.300003,41.300003,40.9,40.9,40.600002,42.600002,41.300003,42.9,38.300003,37.9,4029764,-320129,1075200,1075200,1075200,1075200,1075200,1075200,652800,1401600,23,0,0,6,0,0,127,20,40,55,0,5,6,2,3,167,24,36,544,136,111,14,0,0,17068,0,0,12604,0,0,94792,46424,258298,16718,0,21819,5277,4802,32167,133150,64838,280884,290259,285016,297213,4217,0,0,-1.0,-1.0
1658431242976,31.740002,0.6683938,1.0,1.0,1.0,1.0,0.2,0.08695652,0.083333336,1.0,40.300003,40.300003,39.9,40.300003,40.600002,40.600002,39.9,42.300003,40.300003,41.9,37.9,37.9,4023536,-377807,1075200,1075200,1075200,1075200,1075200,1075200,652800,1401600,140,0,0,13,0,0,61,6,15,85,22,33,36,8,19,36,0,3,439,117,127,0,0,0,38128,0,0,14909,0,0,39289,9322,89980,60955,59966,336702,35065,33021,239255,16848,0,28028,240398,281607,377133,0,0,0,-1.0,-1.0
1658431244075,31.769001,0.69417477,0.92,1.0,1.0,0.65384614,0.46153846,0.32,0.16666667,1.0,39.9,40.600002,40.300003,40.9,40.9,40.9,40.300003,42.600002,40.300003,42.300003,37.9,37.9,4029569,-368957,1075200,1075200,1075200,1075200,1075200,1075200,652800,1401600,82,0,0,51,1,2,28,6,5,1,2,2,86,8,15,73,5,23,346,122,102,69,0,1,77529,0,0,31447,862,3386,19442,13438,10033,17,5745,99219,66388,20866,214289,59113,5860,262214,254322,250256,245730,18445,0,534,-1.0,-1.0
1658431245187,31.794,0.6619718,0.11111111,1.0,1.0,1.0,0.15384616,1.0,0.0,1.0,40.300003,40.300003,39.9,39.9,40.300003,40.600002,40.300003,41.9,40.300003,41.9,37.600002,37.600002,4024898,-352478,1075200,1075200,1075200,1075200,1075200,1075200,652800,1401600,56,4,25,59,0,3,29,4,18,82,11,24,62,9,34,64,8,14,210,126,144,1,0,0,113324,10195,211704,34470,0,40370,35095,5716,219688,77491,17146,79922,72852,21498,487351,41573,20501,109521,197332,302773,494914,41,0,0,-1.0,-1.0
1658431246406,31.835001,0.67027026,0.13043478,1.0,1.0,1.0,0.13636364,1.0,0.0,1.0,39.9,40.300003,39.9,40.600002,40.9,40.9,39.9,41.9,40.600002,41.9,37.600002,37.600002,4018670,-526733,1075200,1075200,1075200,1075200,1075200,1075200,652800,1401600,109,31,72,8,0,0,134,17,39,92,15,39,9,0,11,0,0,0,192,112,147,1,0,0,125360,77757,388786,10246,0,0,117485,34942,144407,75298,13485,347896,9354,0,370963,0,0,0,188149,249890,562807,25,0,0,-1.0,-1.0
1658431247470,31.861002,0.7892377,0.44827586,1.0,1.0,1.0,0.71428573,1.0,0.15384616,1.0,39.9,40.300003,39.600002,40.300003,40.600002,40.600002,40.600002,41.600002,41.300003,42.300003,37.9,37.600002,4015945,-511780,1075200,1075200,1075200,1075200,1075200,1075200,652800,1401600,104,15,38,0,0,0,77,13,22,6,8,13,46,6,24,0,0,0,237,157,122,0,0,0,128014,42061,269703,0,0,0,46069,16090,106507,27643,26857,79932,46725,6816,333602,0,0,0,219931,351589,302235,0,0,0,-1.0,-1.0
1658431248797,31.908,0.7216981,0.46153846,1.0,0.962963,0.8076923,0.4074074,0.9230769,0.15384616,1.0,41.300003,41.600002,40.9,41.600002,41.600002,41.600002,41.300003,42.300003,41.600002,42.600002,38.600002,38.9,4000763,-620727,1075200,1075200,1075200,1075200,1075200,1075200,652800,1401600,204,40,87,30,2,3,1,0,0,32,14,10,107,31,52,0,0,0,481,52,78,0,0,0,237479,87969,325924,47572,3109,21600,0,0,0,17638,34016,21898,104709,89310,334711,0,0,0,274221,110375,651911,0,0,0,35.25378881987578,0.5510931677018633
1658431249928,31.940002,0.6904762,0.375,1.0,0.88461536,0.375,0.6666667,1.0,0.18518518,1.0,41.9,42.300003,41.300003,41.300003,41.300003,41.600002,40.600002,43.300003,41.300003,43.300003,39.9,39.300003,3968843,-1045227,1075200,1075200,1075200,1075200,1075200,1075200,652800,1401600,119,13,20,130,22,37,68,7,15,84,29,27,51,13,22,6,2,3,529,157,53,0,0,0,115267,15538,42065,127399,32165,101794,63671,19523,52236,92577,66886,63395,56653,34112,102133,5526,2837,12945,459264,272179,108043,0,0,0,74.19547826086956,0.2222111801242236
1658431251017,31.969002,0.68599033,0.96,0.88461536,0.39285713,0.12,0.96153843,1.0,0.12,1.0,42.300003,42.300003,41.300003,42.300003,42.300003,42.300003,41.300003,43.600002,41.9,43.600002,39.9,39.600002,3955413,-1152039,1075200,1075200,1075200,1075200,1075200,1075200,652800,1401600,348,19,29,172,13,19,113,16,24,275,35,59,56,13,28,5,2,5,468,137,82,0,0,0,321604,31488,45573,141151,21717,29152,93529,32955,69991,286465,71317,181428,62937,24454,217881,8456,3656,25356,431027,265804,184418,0,0,0,76.61757009345794,0.24687850467289718
1658431252188,31.998001,0.74871796,0.52,0.8333333,0.75,0.7307692,0.95652175,1.0,0.25,1.0,43.300003,43.300003,42.600002,43.600002,43.300003,43.300003,42.600002,44.600002,43.600002,44.600002,41.300003,40.9,3957359,-1062622,1075200,1075200,1075200,1075200,1075200,1075200,652800,1401600,163,3,4,258,9,11,93,30,55,189,74,73,37,9,17,0,0,0,574,117,96,0,0,0,149122,2664,9453,210368,11063,25703,117358,73591,207337,232922,166883,263388,34624,25604,108568,0,0,0,447069,245179,211175,0,0,0,74.50000622083981,0.22095178849144634
1658431253264,32.026,0.7638889,0.9655172,0.89285713,0.42307693,0.6896552,0.84615386,1.0,0.33333334,1.0,43.9,43.600002,42.9,43.600002,43.300003,43.600002,42.9,44.9,43.300003,44.9,41.300003,41.300003,3968259,-1069947,1075200,1075200,1075200,1075200,1075200,1075200,652800,1401600,321,12,22,250,17,36,96,17,22,243,27,25,74,10,20,8,1,3,521,171,72,0,0,0,274138,15993,29814,190029,40969,86757,95979,24691,53086,156959,65605,69180,55206,16254,128038,6707,776,7130,377270,285779,157251,0,0,0,73.34273291925466,0.18637267080745343
1658431254392,32.055,0.7004831,0.8518519,0.44,1.0,0.12,0.962963,1.0,0.125,1.0,43.600002,43.9,43.600002,43.9,43.600002,43.9,42.9,45.300003,43.600002,45.300003,41.600002,41.300003,3968843,-1059265,1075200,1075200,1075200,1075200,1075200,1075200,652800,1401600,198,14,18,160,6,11,117,31,32,126,25,34,96,8,26,5,0,4,558,139,66,0,0,0,175500,21256,29399,105879,16181,11949,124873,60067,112463,140970,46684,147999,84067,16585,186894,4549,0,26347,441675,280147,138957,0,0,0,72.5100062305296,0.240398753894081
1658431255503,32.087,0.6904762,0.56,0.46153846,0.75,0.8518519,0.9259259,0.84615386,0.083333336,1.0,44.600002,44.600002,44.300003,44.600002,44.600002,44.300003,43.300003,45.600002,43.9,45.600002,41.9,41.600002,3938285,-1267395,1075200,1075200,1075200,1075200,1075200,1075200,652800,1401600,217,11,20,285,18,29,71,10,20,308,69,93,18,7,8,0,0,0,447,125,109,0,0,0,209664,10846,33345,255656,37420,47705,73635,22972,51819,272458,155260,242691,15431,11612,153409,0,0,0,402874,252432,227576,0,0,0,71.11221150855366,0.20702954898911355
1658431256622,32.115,0.8064516,0.85714287,0.9130435,0.9130435,0.59090906,1.0,0.82608694,0.4,1.0,44.9,44.600002,43.9,44.600002,44.300003,44.300003,43.9,46.300003,44.300003,45.9,42.600002,42.300003,3959111,-1152039,1075200,1075200,1075200,1075200,1075200,1075200,652800,1401600,385,14,23,187,14,27,106,27,46,198,37,63,30,7,10,53,1,11,422,152,76,2,0,0,396247,25051,42196,163076,22742,62523,135951,53040,189542,179033,74395,168515,28390,15761,77015,22917,828,63398,401700,249923,160289,52,0,0,87.94684914463453,0.3143265940902022
1658431257693,32.15,0.70873785,0.48,0.96153843,0.3846154,0.88461536,0.9259259,0.72,0.2,1.0,45.300003,45.300003,44.9,45.300003,44.9,45.300003,44.300003,46.600002,44.9,46.600002,43.600002,42.600002,3951325,-1252442,1075200,1075200,1075200,1075200,1075200,1075200,652800,1401600,209,16,25,151,10,13,82,25,31,268,45,78,18,3,7,15,1,6,415,133,79,1,0,0,204889,22733,39732,129538,20566,28120,96048,51610,125082,239256,86910,238751,19009,4476,36981,16219,313,39836,350277,264744,154722,35,0,0,81.16432298136645,0.8481490683229813
1658431258755,32.185,0.7389163,0.88,0.61538464,0.76,0.6666667,0.8888889,0.76,0.36,1.0,45.300003,45.9,45.600002,45.600002,45.600002,45.300003,44.300003,46.9,44.9,46.9,43.600002,42.600002,3940426,-1173401,1075200,1075200,1075200,1075200,1075200,1075200,652800,1401600,361,19,20,75,3,5,116,25,42,197,24,40,75,10,21,32,10,10,427,159,82,0,0,0,305120,25201,31361,67594,2934,6187,121915,47398,171201,207453,39660,85521,64320,15924,160372,20029,24603,63260,373902,277027,181905,0,0,0,78.48645,0.253
1658431259848,32.227,0.735,0.7692308,0.6923077,0.5833333,0.7307692,1.0,0.75,0.3043478,1.0,46.300003,46.300003,45.600002,45.600002,46.300003,46.300003,45.600002,47.600002,45.9,47.300003,44.300003,43.600002,3946070,-1279908,1075200,1075200,1075200,1075200,1075200,1075200,652800,1401600,218,18,19,364,8,9,167,17,18,263,42,51,104,7,17,41,4,10,442,149,82,0,0,0,176427,37511,35452,284984,12461,17053,147528,26090,57808,266434,83799,185794,53862,7571,74410,38334,5414,33757,349996,241950,172959,0,0,0,69.32760124610593,0.2935327102803738
1658431260912,32.249,0.7178218,0.6,0.64,1.0,0.72,0.72,0.92,0.125,1.0,46.600002,46.600002,45.300003,46.300003,46.600002,45.9,45.300003,47.600002,45.9,47.600002,43.9,43.9,3952104,-1213990,1075200,1075200,1075200,1075200,1075200,1075200,652800,1401600,266,11,30,321,4,19,225,41,74,122,24,37,2,0,2,53,6,11,506,140,59,1,0,0,255351,16521,58880,248541,7090,83188,225684,89680,268156,127164,42976,105455,1916,0,11369,50860,9363,27403,444323,249905,116288,32,0,0,64.20892068429238,0.1979720062208398
1658431261984,32.277,0.73399013,0.68,1.0,0.96,0.5416667,0.46153846,1.0,0.25,1.0,46.300003,46.300003,45.600002,45.600002,45.600002,45.9,44.9,47.600002,45.9,47.9,43.9,43.9,3943929,-1171875,1075200,1075200,1075200,1075200,1075200,1075200,652800,1401600,163,7,19,130,20,39,46,25,34,197,42,84,51,5,14,21,0,7,548,114,83,0,0,0,141774,15597,58409,139285,35123,130609,65248,55377,117131,237406,95414,329061,41684,7544,110654,34173,0,91462,436645,243132,196240,0,0,0,71.01357387247278,0.1863265940902022
1658431263113,32.312,0.684466,0.52,0.6,0.7777778,0.44,0.962963,1.0,0.08,1.0,46.300003,46.600002,45.9,46.300003,46.300003,46.600002,45.9,47.9,46.300003,47.9,44.300003,43.600002,3949768,-1212464,1075200,1075200,1075200,1075200,1075200,1075200,652800,1401600,415,24,32,206,20,33,69,5,12,169,32,23,93,14,31,35,8,15,481,117,87,0,0,0,340710,38957,67160,188225,29990,103981,75290,13092,58837,135586,50551,57463,64177,40311,128071,48015,6706,51256,388884,224174,251042,0,0,0,67.90539130434783,0.23279503105590063
1658431264204,32.354,0.6862745,0.96,0.8695652,0.56,0.4074074,0.5,1.0,0.13043478,1.0,46.600002,46.9,46.300003,46.9,46.600002,46.9,45.9,48.300003,46.300003,48.300003,44.600002,43.9,3942567,-1215821,1075200,1075200,1075200,1075200,1075200,1075200,652800,1401600,215,9,21,218,7,7,104,35,60,297,59,83,29,3,3,1,0,0,332,147,101,0,0,0,198168,11858,20375,194120,9504,16696,113705,80822,274413,258566,128244,299836,20204,7931,12726,1375,0,0,330339,287030,234310,0,0,0,80.89186936236392,0.20573561430793155
1658431265287,32.405003,0.71666664,1.0,0.6956522,0.27272728,0.90909094,0.5416667,1.0,0.27272728,1.0,46.9,46.9,46.300003,46.9,46.600002,46.600002,45.9,48.300003,46.600002,48.600002,44.9,44.300003,3941009,-1205750,1075200,1075200,1075200,1075200,1075200,1075200,652800,1401600,25,0,1,77,3,5,211,43,63,248,38,81,67,7,18,0,0,0,503,141,77,0,0,0,33642,4157,2785,65473,6169,22204,216217,93612,164452,234663,83008,226958,51787,16602,117726,0,0,0,420645,247061,166709,0,0,0,72.82131669266771,0.20572854914196567
1658431266360,32.43,0.73039216,0.56,0.7692308,0.73913044,0.9230769,0.6923077,0.8,0.28,1.0,47.300003,47.300003,46.300003,46.9,46.600002,46.600002,46.300003,48.600002,46.600002,48.600002,44.9,44.300003,3967091,-1085816,1075200,1075200,1075200,1075200,1075200,1075200,652800,1401600,173,10,15,326,13,20,182,25,37,125,36,71,76,5,24,0,0,0,488,144,65,0,0,0,134419,10130,22065,301657,22930,45934,150122,48803,110243,163216,93668,274018,75150,6888,138524,0,0,0,430810,240308,130852,0,0,0,79.89381818181819,0.1965194805194805
1658431267408,32.471,0.6926829,0.9230769,0.53846157,0.6,0.28,1.0,1.0,0.23076923,1.0,46.600002,47.300003,46.600002,46.9,46.9,46.600002,45.9,48.600002,46.600002,48.300003,44.9,44.300003,3971178,-997925,1075200,1075200,1075200,1075200,1075200,1075200,652800,1401600,268,9,18,249,11,25,112,11,32,102,20,41,53,9,19,61,6,17,487,130,66,0,0,0,263256,12261,19697,244450,21168,47243,78652,18134,129351,126839,46929,151675,50545,21779,184001,61149,8654,83147,377943,251751,160772,0,0,0,84.048,0.22027329192546583
1658431268473,32.516003,0.76,1.0,1.0,1.0,0.4090909,1.0,0.3043478,0.2631579,1.0,47.300003,47.300003,46.600002,47.300003,46.600002,47.300003,45.9,48.9,46.600002,48.9,45.300003,44.600002,3948990,-1116944,1075200,1075200,1075200,1075200,1075200,1075200,652800,1401600,210,4,8,366,18,25,243,33,55,96,18,22,41,8,11,4,2,2,435,129,94,1,0,0,182807,8381,10487,303869,29712,118578,221679,55455,184966,93899,44788,117917,30980,15402,81628,3555,4231,8007,383508,239191,203693,23,0,0,707.0705240310077,0.7410852713178295
1658431269501,32.548,0.6502732,1.0,1.0,1.0,0.045454547,0.08695652,1.0,0.083333336,1.0,48.300003,47.9,47.600002,47.600002,47.9,47.600002,46.9,49.600002,47.600002,49.300003,45.300003,44.9,4007965,-365295,1075200,1075200,1075200,1075200,1075200,1075200,652800,1401600,67,0,1,27,0,0,9,1,0,132,22,35,53,5,6,126,17,30,541,95,43,0,0,0,44307,0,969,24692,0,0,6697,3342,0,125743,39366,109518,28151,5367,9770,99284,17320,70629,363976,160399,83695,0,0,0,-1.0,-1.0
1658431270569,32.602,0.71348315,1.0,1.0,0.45454547,0.82608694,0.29166666,1.0,0.0952381,1.0,46.300003,46.600002,45.300003,45.600002,45.9,46.300003,45.600002,48.300003,46.600002,48.300003,43.9,43.600002,4012441,-462036,1075200,1075200,1075200,1075200,1075200,1075200,652800,1401600,6,0,0,131,0,0,167,16,57,69,16,47,152,17,61,0,0,0,122,117,138,0,0,0,10912,0,0,117683,0,0,133479,24949,295308,69957,37278,281977,117918,42939,451981,0,0,0,103259,270650,516780,0,0,0,-1.0,-1.0
1658431271572,32.665,0.6455026,1.0,1.0,0.041666668,1.0,0.04347826,1.0,0.04347826,1.0,45.9,45.9,44.600002,45.9,45.9,45.9,44.9,47.600002,45.600002,47.600002,43.300003,42.9,3998427,-480347,1075200,1075200,1075200,1075200,1075200,1075200,652800,1401600,42,1,1,2,0,1,56,10,21,76,7,50,137,26,62,0,0,0,102,86,119,0,0,0,77812,445,530,1710,0,917,48072,14300,135446,87088,16635,358008,122122,53229,370348,0,0,0,93632,204498,593314,0,0,0,-1.0,-1.0
1658431272635,32.713,0.73595506,1.0,0.8181818,0.45454547,0.65217394,0.8095238,1.0,0.10526316,1.0,45.600002,45.9,44.600002,45.600002,45.600002,45.600002,44.9,47.600002,45.600002,47.600002,43.600002,42.9,4007575,-503845,1075200,1075200,1075200,1075200,1075200,1075200,652800,1401600,0,0,0,16,3,3,73,13,36,37,7,11,84,14,37,0,0,0,119,107,109,2,0,0,0,0,0,20054,12899,6791,62298,25528,400074,26438,13380,58520,68354,41894,382748,0,0,0,103644,268692,420571,59,0,0,41.713454545454546,0.5692203389830508
1658431273708,32.777,0.6896552,0.7777778,0.8888889,0.3846154,0.6296296,0.7307692,1.0,0.083333336,1.0,46.600002,46.600002,45.9,46.600002,46.300003,46.600002,46.300003,48.300003,46.600002,48.300003,44.300003,44.300003,3938674,-1300660,1075200,1075200,1075200,1075200,1075200,1075200,652800,1401600,37,2,5,174,8,15,271,17,22,123,16,24,87,20,19,9,1,1,865,126,80,2,0,0,24075,266,3774,143659,17995,61093,311398,38660,70556,90100,36774,53615,58952,36417,78939,6433,209,909,433707,169659,140812,54,0,0,203.4300826446281,0.16227438016528928
1658431274792,32.84,0.74054056,0.8636364,0.95454544,0.45454547,0.4347826,0.95454544,1.0,0.26086956,1.0,46.9,46.9,45.9,46.9,46.300003,46.600002,45.9,48.600002,46.600002,48.300003,44.300003,43.9,3940815,-1190796,1075200,1075200,1075200,1075200,1075200,1075200,652800,1401600,120,19,34,66,3,6,375,62,32,146,39,47,102,15,24,0,0,0,290,181,90,0,0,0,112755,23238,51328,52059,4615,11157,443359,125769,55804,180564,75230,153148,94044,29716,65910,0,0,0,267300,349566,201775,0,0,0,204.84036080870916,0.15591912908242614
1658431275845,32.917,0.78612715,0.6818182,1.0,0.71428573,0.7619048,0.95454544,1.0,0.1,1.0,47.600002,47.600002,46.600002,46.9,47.300003,47.600002,46.600002,49.300003,47.300003,49.300003,44.9,44.600002,3935754,-1258851,1075200,1075200,1075200,1075200,1075200,1075200,652800,1401600,96,0,0,139,1,3,453,52,32,275,42,59,76,10,14,8,3,3,326,171,79,0,0,0,63245,0,0,111568,23,6869,456650,88779,46310,247302,59179,153895,64075,18225,72540,7257,6906,2968,278593,286939,175298,0,0,0,208.97399069767442,0.16382015503875968
1658431276880,33.009003,0.7326733,0.9285714,0.9259259,0.5925926,0.3846154,0.8518519,1.0,0.083333336,1.0,47.9,47.600002,46.9,47.600002,47.300003,47.300003,46.300003,49.300003,47.300003,49.300003,45.300003,44.600002,3939063,-1200867,1075200,1075200,1075200,1075200,1075200,1075200,652800,1401600,344,31,49,146,8,11,236,55,22,92,31,37,28,4,6,0,0,0,258,169,87,0,0,0,337026,35479,85250,121144,13204,16223,323951,115068,45154,108272,77005,102202,21223,10932,16166,0,0,0,259461,378607,211723,0,0,0,210.23715887850466,0.1723613707165109
1658431277956,33.114002,0.7707317,1.0,0.9259259,0.53846157,0.3846154,0.96153843,1.0,0.28,1.0,47.9,47.9,47.300003,47.300003,47.9,47.9,46.9,49.300003,47.600002,49.300003,45.600002,43.600002,3932251,-1188355,1075200,1075200,1075200,1075200,1075200,1075200,652800,1401600,115,0,1,293,6,9,290,60,33,214,43,61,24,1,7,0,0,0,391,197,72,0,0,0,95854,0,1644,230475,7518,15572,357547,132022,77991,238630,94146,213658,10633,2666,32957,0,0,0,354809,343781,154586,0,0,0,209.5950310559006,0.18539130434782608
1658431279086,33.228,0.76704544,0.95454544,0.77272725,0.6666667,0.95,0.6086956,1.0,0.22727273,1.0,48.600002,48.300003,47.300003,48.300003,47.9,48.300003,47.300003,49.9,47.9,49.600002,45.9,44.9,3939063,-1333008,1075200,1075200,1075200,1075200,1075200,1075200,652800,1401600,168,0,0,121,6,7,359,63,32,149,24,41,23,3,4,0,0,0,386,160,84,0,0,0,106717,0,0,112362,5460,17099,381972,132366,62990,175535,51044,158940,15473,6643,15590,0,0,0,347325,294117,151931,0,0,0,204.1031277258567,0.15810591900311527
1658431280146,33.33,0.7380952,0.96153843,0.84,0.52,0.53846157,0.9230769,1.0,0.15384616,1.0,48.9,48.600002,47.9,48.300003,48.600002,48.300003,48.300003,49.9,48.9,50.300003,46.300003,45.600002,3933419,-1479798,1075200,1075200,1075200,1075200,1075200,1075200,652800,1401600,50,2,3,220,13,16,313,62,35,124,45,57,52,17,20,0,0,0,246,152,107,0,0,0,35586,1040,3650,170814,14094,19823,383232,134065,73331,137075,114901,225078,55388,37961,63252,0,0,0,247144,331825,253252,0,0,0,209.91766096423018,0.15915396578538105
1658431281220,33.435,0.74757284,1.0,0.8888889,0.39130434,0.5833333,0.7037037,1.0,0.32,1.0,48.600002,48.600002,47.9,47.600002,47.9,47.9,47.600002,50.300003,48.300003,49.9,45.9,45.600002,3927580,-1195984,1075200,1075200,1075200,1075200,1075200,1075200,652800,1401600,233,1,1,219,5,5,321,45,31,180,33,69,46,5,19,4,1,2,253,155,120,0,0,0,199165,707,796,165731,8148,9214,374905,86768,59443,194006,65048,213622,46708,10326,96533,3813,456,8449,238997,328457,269868,0,0,0,207.9939363057325,0.14838216560509554
1658431282302,33.546,0.85531914,0.8333333,0.9310345,0.8,0.8333333,1.0,1.0,0.41379312,1.0,49.300003,48.9,48.300003,48.9,48.300003,48.600002,48.300003,50.600002,48.600002,50.600002,46.600002,45.9,3912787,-1462403,1075200,1075200,1075200,1075200,1075200,1075200,652800,1401600,140,10,17,125,9,15,335,84,42,105,31,45,35,9,18,0,0,0,290,196,91,0,0,0,129854,14311,24976,108249,11305,30337,418471,195509,94061,132099,72187,172356,28710,27056,129197,0,0,0,268807,363848,197084,0,0,0,205.46940405616223,0.18236505460218408
1658431283490,33.661003,0.72248805,1.0,0.88,0.42307693,0.6296296,0.68,1.0,0.23076923,1.0,48.600002,48.600002,47.9,48.300003,48.300003,48.600002,47.600002,50.600002,48.300003,50.600002,46.300003,45.600002,3935560,-1192932,1075200,1075200,1075200,1075200,1075200,1075200,652800,1401600,242,9,21,151,7,8,222,37,29,111,34,42,5,0,2,5,1,1,421,155,83,0,0,0,236546,11790,32853,128879,14477,7012,287455,73318,61343,155208,75951,139507,4864,0,14240,8593,43,1822,353645,290013,241870,0,0,0,207.18930015552098,0.18115085536547432
1658431284554,33.772003,0.69756097,0.44,0.6,0.8076923,0.64,0.96153843,1.0,0.083333336,1.0,49.600002,49.300003,48.600002,49.300003,49.300003,48.9,47.9,50.600002,48.9,50.600002,46.600002,46.300003,3934003,-1221314,1075200,1075200,1075200,1075200,1075200,1075200,652800,1401600,176,9,13,136,7,12,312,65,43,147,35,53,44,9,16,0,0,0,372,150,75,0,0,0,162911,10985,19972,118211,15796,21421,408768,149470,76244,184655,74476,197765,38935,26596,37964,0,0,0,306380,276503,230880,0,0,0,204.31945256609643,0.15591912908242614
1658431285611,33.883003,0.68472904,0.96153843,0.48,0.29166666,0.72,0.92,1.0,0.083333336,1.0,49.600002,49.300003,48.9,49.300003,48.9,48.9,48.600002,50.9,48.600002,50.9,46.9,46.300003,3934197,-1279297,1075200,1075200,1075200,1075200,1075200,1075200,652800,1401600,256,18,27,236,10,10,286,62,31,68,22,24,16,4,13,6,0,4,312,160,97,0,0,0,219261,24098,43777,189774,10293,12641,343547,133418,51231,83262,58174,78243,10230,7791,100110,8991,0,15804,281354,311431,240433,0,0,0,205.17388161993767,0.15745794392523366
1658431286691,33.979,0.6865672,0.92,0.8,0.29166666,0.61538464,0.8076923,1.0,0.0,1.0,49.600002,49.600002,48.600002,49.300003,49.300003,48.9,48.9,51.300003,49.600002,51.300003,46.9,46.300003,3919989,-1252442,1075200,1075200,1075200,1075200,1075200,1075200,652800,1401600,167,0,0,550,20,46,345,71,36,33,6,16,27,6,13,8,3,1,268,158,99,0,0,0,125331,0,0,461600,30665,76807,403213,153197,63486,36301,16123,68196,24694,15431,80341,11985,6057,1930,247105,344921,243157,0,0,0,207.33585093167702,0.1550310559006211
1658431287770,34.084003,0.7010309,0.8636364,0.875,0.3043478,0.5416667,0.9166667,0.92,0.16666667,1.0,49.9,49.9,48.9,48.9,48.9,49.300003,48.600002,51.600002,48.9,51.300003,46.9,46.600002,3928747,-1249695,1075200,1075200,1075200,1075200,1075200,1075200,652800,1401600,170,1,0,129,11,16,350,73,42,179,45,55,29,3,26,0,0,0,318,144,101,0,0,0,157969,418,0,93700,18260,31010,458859,151586,81915,192775,101439,168267,29825,6820,170790,0,0,0,347276,291376,240988,0,0,0,209.39613483146067,0.14756982343499198
1658431288798,34.179,0.6796116,0.96153843,0.84,0.29166666,0.65384614,0.96153843,0.6296296,0.07692308,1.0,50.300003,49.9,49.300003,49.9,49.600002,49.600002,49.300003,51.300003,49.9,51.600002,47.600002,46.9,3930499,-1314698,1075200,1075200,1075200,1075200,1075200,1075200,652800,1401600,189,6,7,144,3,3,409,57,33,108,24,49,105,14,20,13,3,3,347,158,79,0,0,0,154901,12033,12020,79478,5521,10056,429766,105754,57084,119154,64488,156774,98193,23576,69436,14584,4143,6541,304739,287642,181731,0,0,0,203.46176397515526,0.16278260869565217
1658431289871,34.278,0.7330097,0.625,0.7407407,0.45833334,0.9583333,0.96153843,0.8076923,0.28,1.0,50.300003,49.9,49.300003,48.9,49.300003,49.600002,48.600002,51.600002,48.9,51.600002,46.9,46.600002,3935949,-1219788,1075200,1075200,1075200,1075200,1075200,1075200,652800,1401600,107,1,1,256,17,23,333,87,37,134,36,44,9,1,3,18,6,14,227,150,143,0,0,0,83857,624,2718,235221,25721,33806,390091,187458,86800,134786,88666,151728,9128,1208,18364,21827,11098,96621,241898,318482,344934,0,0,0,209.91895489891135,0.1695054432348367
1658431290925,34.392002,0.75722545,0.95454544,0.5,0.72727275,0.8181818,0.8095238,0.95454544,0.14285715,1.0,50.600002,50.300003,49.300003,49.9,49.9,49.9,49.300003,51.600002,49.9,51.9,47.600002,47.300003,3930304,-1314087,1075200,1075200,1075200,1075200,1075200,1075200,652800,1401600,295,5,13,376,6,4,324,67,35,73,25,27,55,6,8,35,6,9,298,127,118,0,0,0,232113,7705,19311,282986,7873,8205,341208,143181,72924,76730,47367,106653,38761,9146,22930,29488,11536,42801,292640,244703,251950,0,0,0,206.75698360655736,0.17049180327868851
1658431291971,34.481003,0.7684729,1.0,1.0,0.48,0.9230769,0.5769231,1.0,0.13043478,1.0,50.600002,50.300003,49.300003,49.9,49.9,49.9,49.300003,51.9,49.600002,51.9,47.600002,46.9,3927385,-1296082,1075200,1075200,1075200,1075200,1075200,1075200,652800,1401600,81,2,8,146,5,13,252,41,33,136,29,33,169,8,14,1,0,1,328,200,75,0,0,0,61089,4495,12051,138613,7205,16068,279855,81446,62798,180182,56664,94170,64574,13305,42906,1778,0,1247,289364,357960,211469,0,0,0,204.22097364341087,0.17284961240310076
1658431293110,34.583,0.77005345,1.0,0.8181818,0.73913044,0.7826087,0.48,1.0,0.3478261,1.0,50.9,50.600002,50.300003,50.9,50.600002,50.600002,49.9,52.300003,50.600002,52.300003,47.9,47.300003,3913371,-1396790,1075200,1075200,1075200,1075200,1075200,1075200,652800,1401600,134,6,15,195,9,14,260,59,33,164,32,38,36,10,15,0,0,0,440,184,78,0,0,0,111909,9814,21110,196866,8832,27122,304911,125359,68251,184703,66339,131700,32271,28450,81002,0,0,0,341627,368110,161962,0,0,0,0.017386138613861384,0.017003300330033003
1658431294183,34.672,0.7708333,1.0,1.0,0.7083333,0.7083333,0.65217394,1.0,0.08695652,1.0,49.600002,49.600002,48.600002,49.600002,48.9,49.300003,48.9,51.300003,49.300003,51.300003,46.600002,46.300003,4001931,-431824,1075200,1075200,1075200,1075200,1075200,1075200,652800,1401600,141,0,0,211,2,7,112,14,26,300,27,34,174,31,36,9,1,6,218,78,105,0,0,0,80465,0,0,258775,14295,19588,87556,20552,97820,218253,55731,67707,155182,61691,135761,9618,452,10794,162086,206657,377072,0,0,0,-1.0,-1.0
1658431295197,34.755,0.93203884,1.0,1.0,0.9230769,1.0,0.88,0.962963,0.6296296,1.0,48.9,48.600002,48.300003,48.300003,48.300003,48.600002,47.9,50.600002,48.600002,50.600002,45.9,45.600002,3994535,-473633,1075200,1075200,1075200,1075200,1075200,1075200,652800,1401600,0,0,0,3,2,2,16,3,7,145,26,76,135,9,60,0,0,0,124,102,154,0,0,0,0,0,0,0,0,2955,23669,4397,40137,154856,56122,587168,132949,12029,544573,0,0,0,116185,237613,571061,0,0,0,-1.0,-1.0
1658431296297,34.812,0.9116279,1.0,1.0,0.9259259,1.0,0.96,1.0,0.4074074,1.0,48.9,49.300003,48.600002,48.9,48.9,49.300003,48.600002,50.300003,49.300003,50.9,45.600002,45.600002,4001347,-412903,1075200,1075200,1075200,1075200,1075200,1075200,652800,1401600,22,9,23,58,0,5,53,4,24,72,8,43,61,4,22,9,0,2,180,87,137,2,0,0,30314,25258,156406,93301,0,110156,46062,7416,134062,78638,13761,333385,46784,5862,167301,7656,0,6781,147590,191509,502143,62,0,0,-1.0,-1.0
1658431297401,34.853,0.6926829,0.9259259,0.96,0.24,0.3846154,1.0,0.8076923,0.2,1.0,48.9,49.300003,48.600002,48.9,48.9,48.9,48.600002,50.600002,49.600002,50.600002,45.9,45.9,3936922,-1220704,1075200,1075200,1075200,1075200,1075200,1075200,652800,1401600,27,0,0,2,0,1,91,8,23,26,3,3,31,8,19,30,1,1,451,136,109,1,0,0,16149,0,0,9006,0,1166,46176,20124,346218,14322,1541,1554,28817,29628,226877,11831,765,1054,273191,283649,258044,46,0,0,338.91833663366333,1.1123432343234325
1658431298414,34.895,0.72959185,0.75,0.5652174,1.0,0.72,1.0,0.375,0.41666666,1.0,49.9,49.300003,48.9,49.300003,49.600002,49.300003,48.300003,50.9,49.300003,51.300003,46.9,46.300003,3923492,-1343384,1075200,1075200,1075200,1075200,1075200,1075200,652800,1401600,321,8,12,276,4,12,82,20,32,233,36,73,70,3,7,91,10,31,468,135,68,2,0,0,242896,7971,13202,185608,6406,17616,88693,35019,110081,233132,63646,189607,35960,3002,20282,84489,19668,171243,425577,209523,118863,67,0,0,311.91327102803734,0.22095950155763242
1658431299474,34.943,0.7584541,1.0,0.34615386,1.0,0.7777778,0.61538464,1.0,0.25,1.0,50.300003,50.600002,49.600002,50.300003,50.600002,50.300003,49.600002,51.600002,50.600002,51.9,47.600002,47.300003,3923298,-1352845,1075200,1075200,1075200,1075200,1075200,1075200,652800,1401600,274,3,6,340,29,51,49,5,14,168,37,64,50,6,24,122,11,29,573,149,44,0,0,0,218306,5617,7864,296538,40490,90376,44888,5637,37320,183521,85886,233728,36087,14482,107942,83836,12019,140500,478999,230831,78637,0,0,0,310.7382857142857,0.23060869565217393
1658431300553,35.0,0.7029703,0.96,0.7407407,0.53846157,0.16,0.88,1.0,0.25,1.0,50.9,50.600002,49.9,50.600002,50.600002,50.300003,49.600002,52.300003,50.600002,52.300003,48.300003,47.300003,3911814,-1415711,1075200,1075200,1075200,1075200,1075200,1075200,652800,1401600,236,6,6,479,17,29,64,7,12,51,10,20,160,14,29,83,10,9,477,130,76,1,0,0,198494,4974,8165,412011,27274,64997,46717,6022,40159,59192,25579,80727,130324,24759,184720,54304,9464,40632,406628,232265,146067,29,0,0,311.28077138413687,0.23161430793157076
1658431301599,35.071003,0.7794118,0.64,1.0,1.0,0.48,0.8888889,0.9583333,0.26923078,1.0,50.9,51.300003,50.600002,50.600002,50.600002,50.600002,49.9,52.600002,50.600002,52.600002,48.300003,47.600002,3923103,-1259156,1075200,1075200,1075200,1075200,1075200,1075200,652800,1401600,123,1,1,568,17,30,9,9,17,272,50,96,52,1,9,0,0,0,556,141,48,0,0,0,96701,773,688,492110,21175,50511,10812,29864,89576,249741,92183,421301,22725,827,38085,0,0,0,426904,241162,89891,0,0,0,308.97378538102646,0.2342021772939347
1658431302664,35.138,0.715847,0.6818182,0.64,0.7826087,0.9130435,0.65217394,0.8695652,0.2173913,1.0,51.600002,51.300003,50.9,50.9,51.300003,50.9,49.9,52.600002,50.9,52.600002,48.600002,47.600002,3928358,-1286316,1075200,1075200,1075200,1075200,1075200,1075200,652800,1401600,296,5,6,163,0,0,24,5,5,215,37,47,41,3,14,5,0,3,598,158,47,0,0,0,282183,11797,8450,121636,0,0,24617,4495,11751,207534,65221,158215,34404,3514,48502,11938,1774,26098,460899,240762,92027,0,0,0,311.21806531881805,0.21996889580093312
1658431303697,35.209003,0.7107843,0.64,0.88461536,1.0,0.16,0.9230769,0.76,0.29166666,1.0,51.600002,51.600002,50.9,51.300003,50.9,51.300003,50.300003,52.9,50.600002,52.9,48.600002,47.9,3925828,-1331177,1075200,1075200,1075200,1075200,1075200,1075200,652800,1401600,355,19,26,230,3,4,20,2,10,122,22,34,84,15,29,88,7,41,455,144,57,0,0,0,318356,26523,45343,202890,2077,2412,25111,705,21657,106255,38877,126609,66801,25401,143149,80483,15494,296396,371004,255966,136928,0,0,0,310.95821118012424,0.22414906832298137
1658431304727,35.280003,0.7067308,0.5769231,0.8148148,0.8148148,0.7307692,1.0,0.5,0.16666667,1.0,51.600002,51.600002,50.600002,50.9,50.9,50.9,50.300003,53.300003,50.9,53.300003,48.9,48.300003,3915901,-1353455,1075200,1075200,1075200,1075200,1075200,1075200,652800,1401600,222,9,17,259,17,31,3,1,1,170,31,70,104,16,35,28,7,7,536,126,59,0,0,0,209532,12216,30698,227700,27714,47788,4173,1309,641,186223,65510,304623,109834,40983,234548,25340,22826,28270,411558,210301,127116,0,0,0,309.30801866251943,0.23226127527216173
1658431305762,35.358,0.775,0.7307692,0.8333333,1.0,0.6923077,0.84,0.96,0.23076923,1.0,51.600002,51.600002,51.300003,51.600002,51.600002,51.600002,50.300003,53.300003,50.9,53.300003,48.9,48.300003,3926606,-1309510,1075200,1075200,1075200,1075200,1075200,1075200,652800,1401600,384,3,12,307,13,22,12,6,5,242,53,81,0,0,0,90,24,29,525,157,62,1,0,0,298477,3701,18746,259342,11707,41808,16651,13825,10482,228424,115566,268664,0,0,0,95484,47530,180252,427328,265249,131244,24,0,0,309.999801242236,0.23706832298136646
1658431306835,35.432003,0.69902915,0.52,0.6296296,1.0,0.4814815,0.7692308,0.96153843,0.2,1.0,51.9,52.300003,51.300003,51.300003,51.300003,51.600002,50.600002,53.9,51.600002,53.600002,48.9,48.600002,3926996,-1321106,1075200,1075200,1075200,1075200,1075200,1075200,652800,1401600,298,7,12,152,1,0,2,1,1,235,50,92,66,21,40,29,8,6,586,151,48,0,0,0,223060,9225,16494,129315,496,0,49,4336,332,212389,104951,329233,69643,58254,197485,36811,18170,8210,441807,238899,83170,0,0,0,308.83966407465005,0.2264385692068429
1658431307915,35.5,0.708134,0.46153846,0.7777778,1.0,0.53846157,1.0,0.6296296,0.23076923,1.0,52.300003,52.300003,51.600002,51.9,51.9,51.600002,50.9,53.600002,51.9,53.9,49.600002,48.600002,3894297,-1580506,1075200,1075200,1075200,1075200,1075200,1075200,652800,1401600,295,10,18,213,8,11,0,2,0,247,54,97,100,17,34,47,14,18,603,154,41,0,0,0,255481,9783,28680,189119,12969,21406,0,3127,0,242445,110753,361279,88083,29078,128084,46921,38265,58567,454682,252838,62370,0,0,0,310.21687227414327,0.23132710280373833
1658431308980,35.581,0.700565,0.95652175,0.8181818,1.0,0.36363637,1.0,0.26086956,0.26086956,1.0,52.9,52.9,51.9,52.300003,52.300003,52.300003,51.300003,54.300003,52.300003,53.9,49.600002,49.600002,3914539,-1477357,1075200,1075200,1075200,1075200,1075200,1075200,652800,1401600,185,8,10,58,5,8,54,12,21,308,59,92,1,0,0,109,22,47,582,139,57,0,0,0,147987,12832,14588,58230,8027,10327,38001,37259,96270,282982,128384,309492,2248,0,1753,97627,46857,270793,452841,218745,108254,0,0,0,311.9233395638629,0.22938317757009347
1658431310017,35.655003,0.70388347,0.96153843,0.8518519,0.2,0.42307693,1.0,0.88,0.33333334,1.0,52.9,52.300003,51.9,52.300003,52.600002,52.300003,51.600002,53.9,51.9,54.300003,49.9,49.300003,3923687,-1373902,1075200,1075200,1075200,1075200,1075200,1075200,652800,1401600,180,0,1,301,22,29,60,4,32,216,39,58,4,0,1,84,11,31,476,130,62,0,0,0,184109,0,1098,258376,36407,52911,34544,4613,245083,187457,80955,219324,0,0,0,76607,13406,173497,399542,254128,116560,0,0,0,311.4685789473684,0.2298947368421053
1658431311062,35.726,0.66183573,1.0,1.0,1.0,0.07692308,1.0,0.08,0.04347826,1.0,52.600002,52.600002,51.9,51.9,52.300003,52.600002,52.300003,54.300003,52.600002,54.600002,49.600002,49.600002,3905975,-1503602,1075200,1075200,1075200,1075200,1075200,1075200,652800,1401600,184,4,9,357,24,30,69,10,29,178,43,76,0,0,0,78,6,18,554,132,58,0,0,0,130088,4972,14790,316722,44071,60397,61668,11442,165685,194522,97476,297651,0,0,0,45631,8628,109417,463911,192865,84830,0,0,0,310.50882995319813,0.22260218408736349
1658431312102,35.801003,0.6721311,1.0,1.0,1.0,0.17391305,0.9130435,0.13043478,0.17391305,1.0,52.9,52.600002,51.9,51.9,52.300003,51.9,50.9,53.9,51.9,54.300003,49.9,48.9,3926801,-1306458,1075200,1075200,1075200,1075200,1075200,1075200,652800,1401600,250,6,11,58,1,3,85,17,40,126,49,98,0,0,0,33,8,25,597,155,55,0,0,0,226765,10597,17167,30841,507,6555,78340,38882,294180,180642,114329,369095,0,0,0,35527,18505,298208,573778,222168,92990,0,0,0,307.1213374613003,0.25535603715170274
1658431313155,35.882,0.73399013,0.8148148,0.41666666,0.96153843,0.8518519,1.0,0.48,0.33333334,1.0,52.9,52.600002,52.300003,52.600002,52.600002,52.300003,51.600002,53.9,52.300003,54.300003,49.9,49.600002,3917653,-1338501,1075200,1075200,1075200,1075200,1075200,1075200,652800,1401600,165,0,0,434,12,31,57,6,18,63,21,34,43,5,17,74,9,27,533,147,63,0,0,0,156847,0,0,383217,11459,68607,56774,9748,59546,63317,50273,162483,40800,2587,154810,61635,17587,188546,457775,215386,100527,0,0,0,307.98467185069984,0.22514463452566094
1658431314195,35.943,0.7227723,0.42307693,0.84615386,1.0,0.32,0.96,0.9166667,0.3043478,1.0,52.9,52.9,52.600002,52.9,53.300003,52.600002,52.300003,54.600002,52.9,54.600002,49.9,49.600002,3910646,-1354981,1075200,1075200,1075200,1075200,1075200,1075200,652800,1401600,424,15,27,454,2,3,6,1,1,162,25,53,0,0,0,124,18,40,524,152,57,0,0,0,403259,20700,49448,337346,2889,3807,5193,1435,4209,147367,54981,243564,0,0,0,114730,22795,153696,419701,247535,74855,0,0,0,309.2499875776398,0.22479503105590062
1658431315246,36.027,0.772973,0.9130435,0.8695652,1.0,0.48,1.0,0.5217391,0.41666666,1.0,53.600002,53.300003,52.600002,52.600002,53.300003,52.600002,52.300003,54.600002,52.9,54.600002,49.9,49.9,3927385,-1240540,1075200,1075200,1075200,1075200,1075200,1075200,652800,1401600,494,8,10,255,12,15,20,3,19,224,46,75,4,1,1,37,3,10,473,137,92,1,0,0,387246,16217,20287,241673,19293,25506,20516,2811,167448,223491,100643,260247,6781,472,3260,36252,6881,48636,414696,220062,157568,30,0,0,310.66116770186335,0.22479503105590062
1658431316265,36.108,0.8374384,0.84615386,0.7083333,0.96153843,0.7916667,0.96153843,1.0,0.3478261,1.0,53.600002,53.300003,52.9,53.300003,52.9,52.600002,51.9,54.9,52.9,54.9,50.600002,50.300003,3928942,-1236267,1075200,1075200,1075200,1075200,1075200,1075200,652800,1401600,224,3,6,448,18,18,7,0,5,103,17,33,19,3,9,152,32,58,501,133,84,3,0,0,201216,5928,10176,361056,22287,28479,6315,0,36128,106465,36475,128809,14487,5833,18317,127161,75411,303129,433966,201409,138253,82,0,0,311.9308161993769,0.23586292834890965
1658431317311,36.193,0.755,0.96,0.61538464,0.96,0.875,0.36,0.88,0.3043478,1.0,54.300003,54.300003,53.300003,53.9,53.600002,53.600002,52.600002,55.300003,53.300003,55.600002,50.600002,50.300003,3918237,-1367493,1075200,1075200,1075200,1075200,1075200,1075200,652800,1401600,200,9,9,191,3,5,52,5,14,161,42,66,35,12,21,29,2,4,602,137,36,1,0,0,169089,13800,10735,129284,5085,8809,44270,9824,106936,182561,81837,248628,31630,37785,125736,26895,3875,23173,479511,188374,78641,35,0,0,37.06654132901134,0.040363047001620744
1658431318331,36.257,0.7902439,1.0,0.9583333,1.0,0.64285713,1.0,0.5833333,0.12,1.0,52.300003,51.9,51.9,52.300003,51.9,51.9,51.600002,54.300003,51.9,54.300003,49.300003,48.9,3970205,-631714,1075200,1075200,1075200,1075200,1075200,1075200,652800,1401600,42,4,7,227,4,16,8,3,2,57,6,9,326,52,61,132,18,40,317,73,131,0,0,0,48516,3124,13199,263296,5069,86149,6976,2879,9851,61310,14477,37694,257967,92880,268594,108189,22482,154021,230424,163095,356891,0,0,0,-1.0,-1.0
1658431319386,36.328003,0.89903843,1.0,1.0,0.78571427,1.0,1.0,0.8333333,0.53846157,1.0,51.300003,50.9,50.9,51.600002,51.300003,50.9,50.600002,52.9,50.9,52.9,47.9,47.9,3995897,-397339,1075200,1075200,1075200,1075200,1075200,1075200,652800,1401600,0,0,0,22,0,1,0,0,0,127,28,73,0,0,0,135,13,70,140,146,193,0,0,0,0,0,0,10988,0,1670,0,0,0,147603,63569,506454,0,0,0,134116,26302,537856,152640,352846,446963,0,0,0,-1.0,-1.0
1658431320498,36.368,0.8446602,1.0,1.0,1.0,0.6923077,0.7307692,1.0,0.25,1.0,51.300003,51.600002,50.9,51.300003,51.600002,51.300003,50.9,52.9,51.600002,53.300003,48.300003,47.9,3976823,-865784,1075200,1075200,1075200,1075200,1075200,1075200,652800,1401600,6,1,13,88,0,9,58,6,16,0,0,1,11,2,9,108,9,53,187,108,128,1,0,0,10677,376,130251,174292,0,183198,45868,14641,90413,0,4406,1244,14383,4791,67411,98494,16324,415771,152437,251266,427739,44,0,0,-1.0,-1.0
1658431321620,36.402,0.71707314,0.7777778,0.6666667,0.6296296,0.53846157,0.9259259,1.0,0.16,1.0,50.9,51.300003,50.600002,51.600002,51.600002,51.300003,51.300003,52.9,51.600002,52.9,48.300003,47.9,3927190,-1347046,1075200,1075200,1075200,1075200,1075200,1075200,652800,1401600,91,2,22,4,0,0,1,1,2,53,4,5,86,11,30,13,2,12,391,65,139,0,0,0,128510,1241,172661,4504,0,0,0,0,0,18063,1049,62365,39970,24759,562113,15236,711,272777,257277,133219,484723,0,0,0,312.0309581395349,1.5270201550387597
1658431322691,36.419003,0.6865672,1.0,1.0,0.23076923,0.3846154,0.96153843,0.7692308,0.125,1.0,51.9,51.9,51.300003,51.600002,51.600002,51.9,51.300003,53.300003,51.600002,53.600002,49.300003,48.600002,3923103,-1314393,1075200,1075200,1075200,1075200,1075200,1075200,652800,1401600,325,1,4,207,7,11,334,49,70,94,8,17,74,15,22,31,2,6,635,126,54,2,0,0,277748,580,4801,168831,14240,24517,367679,90197,172394,71117,16918,62944,69805,34894,91429,16302,1205,12991,423485,197525,101782,29,0,0,418.6262395023328,0.2917822706065319
1658431323752,36.456,0.8069307,0.88461536,1.0,0.5416667,0.76,0.88,0.96153843,0.36363637,1.0,52.9,52.600002,51.600002,52.300003,52.300003,52.300003,51.9,53.9,52.300003,54.300003,49.9,49.300003,3920962,-1378174,1075200,1075200,1075200,1075200,1075200,1075200,652800,1401600,194,7,14,265,9,18,383,72,100,29,18,18,20,1,12,60,10,17,555,135,50,0,0,0,166930,11560,19073,215378,15935,30617,364203,149405,232732,38317,48227,73881,17902,383,60305,64677,17992,76036,469760,214666,84776,0,0,0,380.5015652173913,0.276472049689441
1658431324798,36.497,0.7079208,0.7307692,0.76,0.33333334,1.0,0.64,0.9259259,0.20833333,1.0,53.300003,52.9,52.600002,53.300003,52.300003,52.600002,51.600002,54.600002,52.600002,54.300003,49.9,49.600002,3913371,-1372376,1075200,1075200,1075200,1075200,1075200,1075200,652800,1401600,225,17,30,143,17,15,201,47,46,40,9,6,67,8,19,121,15,39,381,141,87,0,0,0,196112,18446,43674,131040,27626,32437,208480,92239,126856,34850,16741,9165,67331,14521,114616,110770,29761,159180,363396,239861,174672,0,0,0,390.89666359447,0.2530506912442396
1658431325836,36.551003,0.79310346,0.96,0.962963,0.5,1.0,0.65384614,0.96153843,0.2173913,1.0,53.300003,52.9,52.9,53.300003,53.300003,52.600002,51.9,54.9,52.300003,54.9,50.300003,49.600002,3925633,-1342164,1075200,1075200,1075200,1075200,1075200,1075200,652800,1401600,337,0,1,189,13,16,346,71,82,3,0,1,117,19,38,37,5,9,401,166,71,1,0,0,296830,0,451,140848,14723,26562,325663,154332,220082,2764,0,4606,73200,49518,158020,33613,11227,18562,370250,285039,134646,34,0,0,391.02347581903274,0.29009672386895474
1658431326873,36.612003,0.7205882,0.34615386,0.88,0.2962963,1.0,1.0,1.0,0.28,1.0,53.9,53.600002,52.9,52.600002,52.9,53.300003,52.300003,55.300003,52.9,54.9,50.600002,50.300003,3923103,-1323853,1075200,1075200,1075200,1075200,1075200,1075200,652800,1401600,211,28,39,107,14,14,250,51,53,1,1,7,41,7,13,57,11,13,426,184,76,0,0,0,196914,36386,69096,91787,21187,22220,259294,114756,134563,104,4177,43492,35930,17418,57762,58967,22571,100108,376415,290306,132318,0,0,0,405.1324305772231,0.2745210608424337
1658431327920,36.676003,0.7246377,0.96153843,0.8148148,0.96153843,1.0,0.52,0.33333334,0.2,1.0,53.9,53.9,52.9,52.9,53.300003,53.300003,52.600002,55.300003,52.9,55.300003,50.9,49.9,3910841,-1332093,1075200,1075200,1075200,1075200,1075200,1075200,652800,1401600,292,7,8,270,6,10,362,70,83,11,3,6,20,0,1,52,8,28,305,141,120,0,0,0,239002,15347,10782,241506,11147,20062,365847,145308,205631,18626,5943,18649,12725,0,5868,47082,15452,205046,298319,252888,277132,0,0,0,411.55761490683227,0.28228571428571425
1658431328970,36.743,0.6989796,1.0,0.5833333,0.20833333,1.0,1.0,0.5416667,0.17391305,1.0,53.9,53.9,53.300003,53.9,53.600002,53.300003,52.600002,55.300003,53.300003,55.300003,50.9,50.300003,3924660,-1329346,1075200,1075200,1075200,1075200,1075200,1075200,652800,1401600,330,5,4,190,9,11,214,32,48,0,0,0,96,19,34,58,11,21,372,137,104,0,0,0,299497,7113,3211,171413,10230,28715,203625,54311,102074,0,0,0,79273,52789,263305,59486,21496,121826,336659,270182,208746,0,0,0,423.84004968944095,0.2984347826086956
1658431330020,36.801003,0.8054299,0.85714287,0.82758623,0.65384614,0.9310345,1.0,1.0,0.115384616,1.0,54.300003,53.9,53.600002,53.9,53.600002,53.600002,52.600002,55.600002,53.300003,55.600002,50.9,50.600002,3921546,-1326905,1075200,1075200,1075200,1075200,1075200,1075200,652800,1401600,250,16,26,427,16,34,311,56,96,10,2,3,2,0,0,39,8,18,481,151,65,1,0,0,228317,14294,37834,360397,18239,73083,307509,114415,260153,11337,5622,6960,1011,0,0,39126,16437,93926,423983,235814,139376,34,0,0,460.6369547581903,0.2972355694227769
1658431331109,36.855003,0.71291864,0.3846154,0.8148148,0.3846154,1.0,1.0,0.92,0.15384616,1.0,53.9,54.300003,53.600002,53.9,53.600002,53.300003,52.9,55.600002,53.300003,55.600002,51.600002,50.600002,3915901,-1329957,1075200,1075200,1075200,1075200,1075200,1075200,652800,1401600,190,10,13,223,9,18,305,49,67,3,0,2,3,0,0,44,6,23,472,158,81,0,0,0,139165,11304,16552,192924,10916,30044,296505,118986,159073,5762,0,8835,2616,0,0,45075,16304,190296,421820,271518,144918,0,0,0,512.4715396578538,0.3467744945567651
1658431332211,36.919003,0.7029703,0.8076923,0.64,0.29166666,0.84,0.8076923,0.96153843,0.20833333,1.0,54.600002,54.600002,53.600002,54.300003,53.600002,53.9,53.300003,55.600002,53.600002,55.9,51.600002,50.9,3913176,-1422120,1075200,1075200,1075200,1075200,1075200,1075200,652800,1401600,284,17,27,384,16,26,262,59,82,8,3,4,38,4,11,6,3,5,523,168,76,1,0,0,266547,22893,38852,329456,24834,49464,279883,121377,196908,8171,5417,10511,33480,6730,41782,11184,8849,24473,433498,255331,126768,41,0,0,414.4938102643857,0.27431415241057544
1658431333245,36.987003,0.7184466,0.8888889,0.76,0.36,1.0,0.8888889,0.53846157,0.30769232,1.0,54.9,54.600002,53.9,54.300003,54.300003,54.300003,53.300003,55.9,54.300003,56.300003,51.600002,50.9,3913176,-1434327,1075200,1075200,1075200,1075200,1075200,1075200,652800,1401600,81,2,4,249,4,2,260,47,93,26,4,5,98,18,27,122,19,30,434,157,58,0,0,0,55778,2897,6697,203143,6622,2672,277880,83977,257251,25383,6056,23016,62762,41180,223007,74290,48698,189228,403790,247381,116147,0,0,0,413.30043613707164,0.26890965732087224
1658431334320,37.058002,0.71859294,0.9583333,0.5,0.2173913,1.0,1.0,0.7307692,0.33333334,1.0,55.300003,54.9,53.9,54.9,54.9,54.300003,53.9,56.300003,54.300003,56.300003,51.9,51.300003,3910257,-1415406,1075200,1075200,1075200,1075200,1075200,1075200,652800,1401600,142,12,15,317,0,0,313,69,101,1,3,1,14,3,5,101,17,39,396,139,70,0,0,0,109578,23271,24764,284537,0,0,302708,135451,298625,5,6676,3800,20109,3904,14533,80498,41106,233289,362359,255236,160551,0,0,0,415.5148819875776,0.26872049689440997
1658431335364,37.119003,0.6763285,1.0,0.32,0.08,1.0,1.0,0.8888889,0.083333336,1.0,55.600002,55.600002,54.600002,54.9,55.300003,54.9,53.9,56.600002,54.9,56.600002,52.300003,51.300003,3909673,-1516419,1075200,1075200,1075200,1075200,1075200,1075200,652800,1401600,329,3,7,362,12,13,259,40,43,22,7,16,8,0,0,68,21,21,390,130,104,0,0,0,239764,2462,8743,285027,18740,25879,228466,82707,100368,20500,18111,90182,2596,0,0,68662,42741,115159,370608,223145,181262,0,0,0,413.7040873634945,0.26738221528861156
1658431336410,37.176003,0.6781609,1.0,1.0,0.14285715,1.0,1.0,0.13043478,0.04761905,1.0,54.9,54.9,53.600002,54.600002,54.600002,54.600002,53.600002,56.600002,53.9,56.600002,51.9,51.300003,3910646,-1373292,1075200,1075200,1075200,1075200,1075200,1075200,652800,1401600,265,8,26,311,34,40,219,60,96,21,11,21,0,0,0,19,3,6,449,133,77,0,0,0,213669,8653,47019,295806,60239,81870,258623,152428,319947,27771,28957,104879,0,0,0,11100,6812,37938,414394,280762,175892,0,0,0,413.2361370716511,0.28640498442367596
1658431337413,37.24,0.82,0.9230769,0.7407407,0.6296296,1.0,1.0,0.84,0.41666666,1.0,55.300003,54.600002,54.600002,54.9,54.9,54.600002,53.600002,56.600002,54.300003,56.600002,51.9,50.9,3919989,-1341553,1075200,1075200,1075200,1075200,1075200,1075200,652800,1401600,224,8,14,210,6,10,254,46,89,5,0,1,0,0,0,110,22,48,416,155,55,0,0,0,205660,6183,22008,145376,6429,18267,270662,83049,290978,4434,0,605,0,0,0,92013,49512,289532,403623,255913,115231,0,0,0,413.2891214953271,0.2656697819314642
1658431338453,37.298,0.7363184,1.0,0.6666667,0.34615386,0.96,0.6666667,0.96153843,0.32,1.0,55.9,55.600002,54.300003,55.300003,55.600002,54.9,54.300003,56.9,54.9,56.9,52.300003,51.9,3910062,-1387940,1075200,1075200,1075200,1075200,1075200,1075200,652800,1401600,263,3,13,172,2,1,320,59,82,29,5,15,0,0,0,59,6,7,425,139,56,0,0,0,226361,4703,25473,134685,2303,1595,312203,113115,190503,33062,16952,84235,0,0,0,46788,4754,25884,377822,256843,98055,0,0,0,413.2956012461059,0.28381308411214956
1658431339516,37.362003,0.7358491,0.5769231,1.0,0.35714287,1.0,0.96428573,0.6666667,0.30769232,1.0,55.600002,55.600002,54.9,55.300003,54.9,54.9,54.300003,56.9,54.600002,57.300003,52.600002,51.9,3910257,-1383057,1075200,1075200,1075200,1075200,1075200,1075200,652800,1401600,54,0,0,259,5,7,309,71,85,94,18,34,69,8,26,8,1,3,348,151,73,1,0,0,47898,0,0,213702,7194,12576,301980,142473,229323,82809,39535,166496,57597,21440,131935,5614,1069,4437,347490,277411,164600,31,0,0,414.81420839813376,0.2717262830482115
1658431340571,37.429,0.8325123,1.0,1.0,0.5769231,0.84,0.88,1.0,0.23809524,1.0,55.600002,55.600002,54.9,55.9,55.300003,54.9,54.300003,56.9,54.9,57.300003,52.600002,51.9,3913566,-1337586,1075200,1075200,1075200,1075200,1075200,1075200,652800,1401600,425,18,22,192,5,7,261,47,70,3,0,0,16,5,4,64,13,11,402,175,64,1,0,0,363315,22080,42752,171594,8166,9034,274327,91158,211163,720,0,0,14077,16559,47165,63157,25637,42160,372244,307478,110707,38,0,0,414.4861154446177,0.27646801872074883
1658431341604,37.497,0.7443182,1.0,0.95238096,0.2857143,1.0,0.2857143,1.0,0.4347826,1.0,56.300003,55.9,54.9,55.600002,55.600002,55.300003,54.600002,57.300003,55.300003,57.300003,52.600002,52.300003,3907532,-1372986,1075200,1075200,1075200,1075200,1075200,1075200,652800,1401600,339,14,22,236,16,17,286,56,69,22,5,5,31,1,5,17,4,12,426,127,80,0,0,0,261408,19159,36853,175793,34332,29385,277351,111156,160769,17920,8898,12874,22263,424,28217,17757,9185,70727,342612,234513,202873,0,0,0,3.4136770186335403,0.019925465838509317
1658431342634,37.561,0.7647059,0.96,0.7037037,0.7777778,0.7037037,0.9230769,1.0,0.08,1.0,54.300003,54.300003,52.9,53.9,53.9,53.9,53.600002,55.9,53.9,56.300003,51.300003,50.600002,3995702,-366211,1075200,1075200,1075200,1075200,1075200,1075200,652800,1401600,112,0,0,309,1,7,244,27,68,8,4,6,110,20,29,41,8,24,265,113,80,0,0,0,71184,0,0,308790,1742,29460,212942,46103,236745,9933,8640,10094,96594,40122,203113,42049,17388,138273,228745,272104,230732,0,0,0,-1.0,-1.0
1658431343668,37.612003,0.9594595,1.0,1.0,0.96428573,1.0,1.0,1.0,0.6923077,1.0,52.9,52.600002,52.600002,52.9,53.300003,52.600002,52.300003,54.9,52.600002,55.300003,49.9,49.9,3992199,-502624,1075200,1075200,1075200,1075200,1075200,1075200,652800,1401600,27,0,0,32,6,15,160,28,81,23,0,9,106,13,63,20,0,3,145,106,157,0,0,0,12495,0,0,85058,22006,101851,152002,49611,427718,16446,0,72700,110122,29664,446802,13178,0,15520,132210,252401,547582,0,0,0,-1.0,-1.0
1658431344727,37.649002,0.8269231,0.96153843,1.0,1.0,1.0,0.5925926,0.6666667,0.37037036,1.0,53.600002,53.300003,52.9,53.600002,53.300003,53.600002,52.9,54.600002,53.300003,54.9,50.300003,50.300003,3968648,-595398,1075200,1075200,1075200,1075200,1075200,1075200,652800,1401600,0,0,0,36,1,14,115,6,46,0,0,0,17,0,2,48,5,32,182,90,128,1,0,0,0,0,0,85603,0,244476,100151,11339,372150,0,0,0,6978,0,5035,53238,8063,235316,149384,208246,456568,35,0,0,-1.0,-1.0
1658431345915,37.656002,0.74634147,0.53846157,0.8,0.8888889,0.8,0.7407407,1.0,0.16,1.0,52.600002,53.300003,52.600002,52.9,53.600002,53.600002,52.300003,54.600002,52.9,54.9,50.300003,49.600002,3923103,-1239319,1075200,1075200,1075200,1075200,1075200,1075200,652800,1401600,74,0,0,3,1,1,0,0,0,4,0,2,40,10,21,65,4,32,387,97,147,0,0,0,21953,0,0,356,2833,8581,0,0,0,4527,0,2108,32364,29171,642005,49948,9440,628993,259616,190436,434772,0,0,0,372.1043369734789,1.089248049921997
1658431346995,37.666,0.6965174,0.962963,0.61538464,0.45833334,0.33333334,0.92,1.0,0.2,1.0,53.9,53.9,52.9,53.600002,53.600002,53.600002,53.300003,55.300003,53.9,55.300003,51.300003,50.600002,3916291,-1375123,1075200,1075200,1075200,1075200,1075200,1075200,652800,1401600,396,14,19,334,13,19,192,25,39,171,21,40,35,10,11,54,0,4,528,155,65,2,0,0,341470,19672,27373,262326,21104,36524,187010,48813,81189,157684,35984,106373,32330,25467,47778,25872,0,9497,429653,213158,123264,78,0,0,598.7097320872274,0.46265420560747667
1658431348066,37.673,0.7474227,1.0,1.0,0.96,0.9230769,0.4,0.27272728,0.27272728,1.0,54.600002,54.300003,53.600002,53.600002,53.9,53.600002,53.300003,55.9,53.600002,55.9,51.300003,50.9,3923103,-1323243,1075200,1075200,1075200,1075200,1075200,1075200,652800,1401600,199,5,6,304,16,25,216,45,70,225,44,53,17,3,5,19,1,5,482,156,67,1,0,0,158824,8162,7444,264292,26768,38316,229639,82720,150906,206943,88397,138053,19332,1641,16366,14085,1071,13498,420162,238650,111916,36,0,0,519.5738973561431,0.3461275272161742
1658431349160,37.706,0.72727275,0.8636364,0.4,0.8095238,0.90909094,0.6,1.0,0.18181819,1.0,54.9,54.600002,54.300003,54.300003,54.300003,54.300003,53.600002,56.300003,54.300003,56.600002,51.9,51.600002,3908894,-1441346,1075200,1075200,1075200,1075200,1075200,1075200,652800,1401600,147,5,7,347,18,29,134,27,36,85,18,21,162,18,39,85,12,21,562,135,81,0,0,0,93862,7564,14724,284718,24806,43125,120176,52857,115281,90087,34027,54291,144434,27717,133897,82053,17079,73139,451056,252736,163060,0,0,0,510.9331419249592,0.3474584013050571
1658431350218,37.74,0.7647059,0.96666664,0.96428573,0.6296296,0.25925925,0.9655172,0.9655172,0.23076923,1.0,54.600002,54.300003,53.9,54.600002,54.300003,54.600002,53.600002,56.600002,54.9,56.300003,52.300003,51.600002,3920573,-1316224,1075200,1075200,1075200,1075200,1075200,1075200,652800,1401600,264,9,11,381,15,23,93,23,25,157,29,44,78,4,16,2,0,3,370,115,84,1,0,0,219553,10722,22126,301254,27426,35146,97991,50595,76139,165585,57897,91962,60825,1819,58835,10902,0,9022,332902,188458,267429,41,0,0,517.146145736434,0.3379596899224806
1658431351306,37.777,0.7777778,1.0,0.96153843,0.56,1.0,0.625,0.9230769,0.125,1.0,54.9,54.600002,54.300003,54.9,54.600002,54.600002,53.600002,56.300003,54.300003,56.600002,52.300003,51.600002,3905975,-1512147,1075200,1075200,1075200,1075200,1075200,1075200,652800,1401600,175,11,17,313,24,36,78,11,24,115,35,52,22,0,4,8,1,5,546,146,57,0,0,0,146740,14971,19034,258963,50433,68033,69683,20610,82736,118084,80884,188590,15837,0,12601,8688,700,11435,492587,207892,117685,0,0,0,515.6484479004665,0.3713592534992224
1658431352383,37.838,0.67317075,0.7037037,0.65384614,0.6296296,0.8,1.0,0.44,0.08,1.0,55.300003,54.9,54.300003,54.9,54.9,54.600002,53.9,56.9,54.600002,56.9,52.600002,51.9,3913955,-1309815,1075200,1075200,1075200,1075200,1075200,1075200,652800,1401600,173,5,13,88,11,15,157,20,44,31,3,9,82,23,28,88,15,38,563,130,43,0,0,0,142626,5965,22528,84900,12271,21414,131719,32813,134867,27878,3426,15313,77286,57151,148824,89298,28637,185219,480422,215269,87181,0,0,0,514.5330604651163,0.36182325581395347
1658431353481,37.902,0.67788464,0.18518518,1.0,0.84615386,0.8518519,0.42307693,1.0,0.12,1.0,55.300003,55.300003,54.600002,54.9,54.9,54.600002,53.9,57.300003,54.600002,56.9,52.300003,51.600002,3922324,-1307068,1075200,1075200,1075200,1075200,1075200,1075200,652800,1401600,261,18,30,226,18,25,119,33,48,127,34,59,4,2,3,37,9,18,510,139,71,1,0,0,231789,23433,49577,195548,28579,49168,109320,86761,175398,164843,67861,194406,3248,8459,3334,35936,17117,116684,502138,209126,125571,36,0,0,515.6909486780715,0.34548055987558324
1658431354553,37.963,0.8385417,0.9583333,0.9583333,0.68,0.7826087,0.9259259,1.0,0.33333334,1.0,55.300003,55.300003,54.600002,54.9,54.9,54.9,54.300003,56.9,54.600002,56.9,52.600002,51.9,3926996,-1288453,1075200,1075200,1075200,1075200,1075200,1075200,652800,1401600,506,31,46,181,9,12,163,32,54,75,14,26,32,7,16,12,1,3,461,152,73,0,0,0,461820,48008,59249,175959,15392,25762,183791,67394,159169,74613,21999,80895,30830,20264,136381,10485,1031,4788,411300,268406,129398,0,0,0,514.8409937888199,0.3488198757763975
1658431355634,38.021,0.6923077,1.0,1.0,0.8518519,0.16,0.28,1.0,0.22222222,1.0,55.9,55.600002,55.300003,55.600002,55.600002,55.600002,55.300003,57.600002,55.9,57.600002,53.300003,52.600002,3904612,-1455994,1075200,1075200,1075200,1075200,1075200,1075200,652800,1401600,158,2,9,249,9,9,149,23,40,233,39,55,26,5,5,2,0,0,527,150,47,0,0,0,128585,3977,9355,207163,12558,9532,142704,41378,91605,217581,67712,150007,21710,7181,8650,739,0,0,442115,228250,76647,0,0,0,517.1813209302326,0.33989457364341086
1658431356725,38.075,0.7616823,0.75,0.8518519,0.6296296,0.5483871,1.0,0.96428573,0.39285713,1.0,56.300003,55.9,54.600002,55.300003,55.600002,55.300003,54.600002,57.600002,55.300003,57.600002,52.9,52.300003,3918432,-1351014,1075200,1075200,1075200,1075200,1075200,1075200,652800,1401600,168,12,13,109,4,9,107,27,39,117,39,66,13,9,14,34,4,8,588,145,77,0,0,0,153468,16514,15543,117249,6297,14165,113554,47791,83916,165881,91344,192860,15223,27706,174252,21329,10779,12853,498002,239908,121622,0,0,0,515.1088198757764,0.34688198757763977
1658431357821,38.132,0.71634614,0.53846157,1.0,0.96153843,0.15384616,1.0,0.8076923,0.24,1.0,56.300003,56.300003,54.9,55.600002,55.600002,55.600002,54.600002,57.600002,55.600002,57.600002,53.300003,52.300003,3905780,-1529847,1075200,1075200,1075200,1075200,1075200,1075200,652800,1401600,359,19,24,243,0,1,128,18,32,205,45,79,0,0,0,44,9,11,508,136,64,0,0,0,306922,30088,27456,219797,0,262,115694,28339,68998,234807,89611,252582,0,0,0,35406,26487,56035,453975,198817,112035,0,0,0,514.8286708074534,0.35204968944099374
1658431358900,38.2,0.6919431,1.0,0.6666667,1.0,0.17857143,1.0,0.6296296,0.083333336,1.0,56.300003,56.300003,55.600002,55.9,55.9,55.600002,55.300003,57.600002,55.300003,57.9,53.600002,52.600002,3914733,-1409913,1075200,1075200,1075200,1075200,1075200,1075200,652800,1401600,338,10,18,313,13,26,120,25,52,165,31,51,10,0,1,58,8,10,487,138,70,0,0,0,299557,10264,27372,254109,12385,37515,117532,57400,226560,167733,64094,153369,6065,0,474,48249,14949,57524,421078,215405,132654,0,0,0,514.053457364341,0.34182945736434106
1658431359998,38.25,0.77403843,0.84615386,0.52,0.88,1.0,0.44,1.0,0.42307693,1.0,56.300003,55.9,55.600002,55.9,56.300003,55.9,54.9,57.9,55.9,57.9,53.600002,52.9,3910062,-1474915,1075200,1075200,1075200,1075200,1075200,1075200,652800,1401600,229,10,12,424,22,33,114,17,24,165,29,55,11,3,2,49,12,28,466,161,71,0,0,0,202657,11380,17324,342313,27043,56118,107976,22667,31300,167083,62532,195487,10197,6102,2565,56043,29046,110536,445443,277148,107725,0,0,0,514.287545741325,0.34185488958990534
1658431361072,38.305,0.74757284,0.5833333,0.8333333,0.88461536,0.32,0.96,0.96153843,0.4074074,1.0,56.600002,56.300003,55.9,56.600002,55.9,56.300003,55.300003,57.9,55.9,57.9,53.600002,52.9,3913371,-1390687,1075200,1075200,1075200,1075200,1075200,1075200,652800,1401600,141,0,0,554,27,48,63,4,11,42,25,39,102,12,18,30,17,27,453,147,65,0,0,0,91281,0,0,495321,44077,83174,58995,6748,38291,62913,78167,120267,91793,12814,54806,32005,44585,192553,425069,257743,136333,0,0,0,515.6717387247278,0.3474214618973561
1658431362159,38.355003,0.754717,0.48,0.53846157,0.88461536,0.9259259,0.88461536,0.96428573,0.2962963,1.0,56.9,56.600002,55.600002,56.300003,55.9,55.9,55.300003,58.300003,55.9,58.300003,53.600002,53.300003,3910841,-1360474,1075200,1075200,1075200,1075200,1075200,1075200,652800,1401600,239,3,4,219,16,21,58,11,15,198,47,73,89,24,40,6,0,1,505,132,59,2,0,0,217888,4339,2545,181325,29383,40471,57081,16870,31688,201724,110429,249033,80750,59179,289064,7311,0,5383,464329,218133,124337,77,0,0,515.5688186046511,0.35150387596899224
1658431363235,38.409,0.6934673,0.8,0.6,0.45454547,1.0,0.48,1.0,0.08695652,1.0,56.600002,56.600002,55.600002,56.300003,56.300003,56.300003,55.600002,58.300003,56.300003,58.300003,53.9,53.300003,3913176,-1338501,1075200,1075200,1075200,1075200,1075200,1075200,652800,1401600,396,6,10,171,4,8,212,46,47,138,29,37,46,6,16,0,0,2,434,138,79,0,0,0,319176,12861,11681,160190,8087,17217,207645,85734,137505,137605,48649,108233,45258,14634,81872,0,0,4614,381075,220898,206735,0,0,0,512.4521545595054,0.335629057187017
1658431364304,38.460003,0.6989796,0.52,0.75,0.9166667,0.88,0.44,1.0,0.125,1.0,56.9,56.9,56.300003,55.9,56.300003,56.300003,55.600002,58.600002,56.300003,58.600002,53.600002,53.300003,3919210,-1349793,1075200,1075200,1075200,1075200,1075200,1075200,652800,1401600,291,12,12,310,16,27,183,28,35,176,46,40,60,6,17,1,0,0,466,134,67,3,0,0,250824,12768,21822,288418,20931,40986,152320,55721,98409,196207,82832,78618,55870,10525,157417,19,0,0,433191,227154,147418,75,0,0,515.5445954692557,0.3358964401294498
1658431365340,38.501003,0.74157304,0.9,0.95454544,0.23809524,1.0,0.36363637,1.0,0.47826087,1.0,56.9,56.9,56.600002,56.600002,56.300003,56.300003,55.600002,57.9,56.300003,58.600002,54.300003,53.300003,3902861,-1340332,1075200,1075200,1075200,1075200,1075200,1075200,652800,1401600,412,14,22,334,19,22,43,1,1,89,19,34,140,24,41,0,0,0,439,134,68,0,0,0,323940,16428,31259,300114,25056,34324,24710,339,665,101113,31161,73075,146891,60820,268085,0,0,0,426955,210668,144694,0,0,0,464.128170771757,0.30472249589490974
1658431366379,38.558002,0.66346157,0.375,0.65384614,0.48,1.0,1.0,0.68,0.04,1.0,56.600002,56.300003,55.600002,56.300003,56.300003,56.300003,55.600002,58.300003,56.300003,58.300003,53.300003,52.9,3984608,-551453,1075200,1075200,1075200,1075200,1075200,1075200,652800,1401600,114,0,0,228,16,24,147,26,48,6,0,0,113,13,31,4,0,5,542,106,51,2,0,0,100493,0,0,169945,17593,37428,132209,38708,180399,3632,0,0,106809,35487,212142,6530,0,19070,384817,175291,118071,345,0,0,-1.0,-1.0
1658431367418,38.609,0.6650718,1.0,0.07692308,0.84,1.0,1.0,0.24,0.115384616,1.0,54.300003,54.9,54.300003,54.9,54.9,54.9,53.9,56.9,54.600002,56.9,51.9,51.9,3996870,-342712,1075200,1075200,1075200,1075200,1075200,1075200,652800,1401600,91,5,22,31,0,10,119,17,42,111,28,48,90,16,44,62,4,9,108,103,116,0,0,0,143604,15952,129245,37949,0,86678,99905,24921,195418,123428,50451,144424,100824,39020,300851,39372,6174,59082,106829,271397,482382,0,0,0,-1.0,-1.0
1658431368477,38.636,0.6551724,0.92,0.07692308,1.0,0.76,1.0,0.375,0.041666668,1.0,53.9,53.600002,53.300003,53.600002,53.9,53.600002,52.9,55.9,53.600002,55.9,50.9,50.600002,3993367,-565185,1075200,1075200,1075200,1075200,1075200,1075200,652800,1401600,28,10,26,117,6,37,71,1,32,0,0,0,0,0,0,96,3,40,127,111,146,0,0,0,28932,22345,141987,176041,11515,535685,51844,1317,284642,0,0,0,0,0,0,76722,8893,305953,124750,279500,554509,0,0,0,-1.0,-1.0
1658431369534,38.653004,0.7464115,1.0,0.6,1.0,0.4074074,0.7037037,0.962963,0.28,1.0,53.300003,53.300003,53.300003,53.300003,53.9,53.300003,52.9,55.300003,53.600002,55.600002,50.300003,49.9,3973903,-583496,1075200,1075200,1075200,1075200,1075200,1075200,652800,1401600,100,7,16,92,7,32,21,2,14,46,9,12,21,1,6,13,0,12,187,127,127,1,0,0,83260,12617,23373,146891,17831,318514,25991,1318,100462,37783,16833,85263,9896,26,5120,14350,0,196139,151191,252157,412222,37,0,0,0.9027769110764431,0.03603120124804992
1658431370611,38.646004,0.79904306,1.0,0.5,0.96153843,0.5555556,1.0,1.0,0.34615386,1.0,53.9,53.600002,53.600002,53.600002,54.300003,53.9,53.300003,55.9,54.300003,55.9,51.600002,51.300003,3916680,-1515504,1075200,1075200,1075200,1075200,1075200,1075200,652800,1401600,40,8,26,162,6,12,48,4,13,146,22,23,31,2,8,2,0,4,687,81,87,0,0,0,33825,27739,201318,135697,7869,26681,34309,6918,200097,137642,50688,81830,22964,714,70458,3571,0,29605,360413,124285,241139,0,0,0,366.2941959564541,0.4386438569206843
1658431371687,38.642002,0.7574257,1.0,0.36,0.96153843,0.5652174,0.84615386,1.0,0.20833333,1.0,54.9,54.600002,54.600002,54.600002,54.600002,54.9,54.300003,56.600002,54.600002,56.600002,52.300003,51.600002,3913955,-1482850,1075200,1075200,1075200,1075200,1075200,1075200,652800,1401600,0,0,0,629,20,34,5,2,3,416,39,48,1,0,4,0,0,0,531,135,79,0,0,0,0,0,0,585871,21605,57190,3787,4379,18618,448594,73993,129884,7,0,119,0,0,0,382288,166832,104575,0,0,0,767.8247811023622,0.5077165354330708
1658431372726,38.656002,0.7684729,1.0,0.33333334,1.0,0.6923077,0.84615386,1.0,0.30769232,1.0,55.600002,55.300003,54.9,55.300003,55.300003,54.9,54.600002,56.9,55.300003,57.300003,52.9,52.300003,3920962,-1323548,1075200,1075200,1075200,1075200,1075200,1075200,652800,1401600,2,0,0,676,34,54,9,2,2,428,46,50,49,6,15,3,0,0,507,128,82,0,0,0,59,0,0,612693,40672,74577,5743,3087,4541,417352,76425,98304,35236,11097,59309,28,0,0,387353,180445,118879,0,0,0,526.2336692426584,0.34270170015455953
1658431373856,38.673,0.817757,1.0,0.5769231,1.0,0.7037037,0.89285713,1.0,0.2962963,1.0,55.9,55.300003,54.9,55.300003,55.300003,55.300003,54.9,57.600002,55.600002,57.600002,53.300003,52.9,3900136,-1459351,1075200,1075200,1075200,1075200,1075200,1075200,652800,1401600,4,1,0,541,27,38,7,2,4,365,55,58,2,7,8,72,12,21,562,114,39,0,0,0,1934,27,0,491050,37487,47044,7003,8420,7918,354983,101809,106511,4740,21922,29711,73659,15724,59809,425869,170181,80433,0,0,0,533.4559255813954,0.3792372093023256
1658431375037,38.710003,0.7990654,1.0,0.44444445,0.96428573,0.53846157,1.0,1.0,0.44444445,1.0,55.9,55.600002,54.9,54.9,55.300003,55.300003,54.600002,57.600002,55.600002,57.600002,53.300003,52.600002,3912982,-1362916,1075200,1075200,1075200,1075200,1075200,1075200,652800,1401600,0,0,0,446,27,39,42,6,9,315,28,32,26,1,3,1,0,0,580,149,88,0,0,0,0,0,0,430228,42502,56603,21071,6481,28117,316618,46858,69428,21152,611,2214,176,0,0,437591,232106,141759,0,0,0,543.3117046153845,0.41536
1658431376278,38.744003,0.7365854,1.0,0.32,0.9259259,0.29166666,1.0,1.0,0.26086956,1.0,56.300003,55.9,55.300003,55.600002,55.600002,55.9,55.600002,57.600002,56.300003,57.9,53.600002,53.300003,3906169,-1463624,1075200,1075200,1075200,1075200,1075200,1075200,652800,1401600,3,1,0,496,26,34,7,1,4,270,16,32,3,0,2,1,0,1,515,138,75,0,0,0,1503,2294,0,436234,45948,42217,5894,550,18614,280415,25302,70928,2492,0,445,18,0,462,394588,192767,139664,0,0,0,554.9717763975156,0.39532919254658383
1658431377385,38.781002,0.78640777,1.0,0.46153846,0.92,0.5185185,0.962963,1.0,0.52,1.0,56.600002,56.300003,55.9,55.9,55.9,56.300003,55.600002,58.300003,56.300003,58.300003,53.9,53.300003,3903055,-1533204,1075200,1075200,1075200,1075200,1075200,1075200,652800,1401600,1,0,0,668,46,51,3,0,2,360,55,54,3,2,3,15,1,1,541,126,65,0,0,0,17,0,0,595364,72194,71858,2442,0,11668,409685,103075,114965,1985,2485,2725,15706,1848,5248,381594,205339,127884,0,0,0,564.8932173913043,0.4928695652173913
1658431378460,38.828003,0.8743719,1.0,0.75,1.0,0.7777778,1.0,1.0,0.4090909,1.0,56.9,56.600002,55.9,56.300003,56.600002,56.600002,55.9,58.300003,56.300003,58.600002,53.9,53.600002,3900330,-1460877,1075200,1075200,1075200,1075200,1075200,1075200,652800,1401600,1,0,0,653,49,66,19,3,5,349,69,68,2,4,7,0,0,0,544,141,55,0,0,0,11,0,0,604667,68803,93565,16030,1528,19733,351182,139612,160192,1793,12691,22854,0,0,0,402717,228993,97713,0,0,0,580.2732959501558,0.3970093457943925
1658431379527,38.882,0.85,1.0,0.76,1.0,0.6666667,1.0,1.0,0.37037036,1.0,57.600002,56.9,56.600002,56.600002,57.300003,57.300003,55.9,58.600002,56.600002,58.600002,54.300003,53.600002,3910062,-1387635,1075200,1075200,1075200,1075200,1075200,1075200,652800,1401600,64,4,7,337,37,52,0,0,0,275,44,39,0,0,1,0,0,1,532,138,45,0,0,0,83688,6691,11545,326963,51446,81191,0,0,0,300447,78554,88109,0,0,26,0,0,32,420372,213558,98743,0,0,0,579.413563076923,0.38144
1658431380633,38.916,0.7254902,0.9583333,0.3043478,0.92,0.5416667,0.76,1.0,0.26923078,1.0,56.9,56.600002,56.300003,56.300003,56.600002,56.600002,55.600002,58.600002,56.600002,58.600002,54.300003,53.600002,3905391,-1380921,1075200,1075200,1075200,1075200,1075200,1075200,652800,1401600,1,0,0,387,13,17,50,5,6,266,27,28,13,1,1,0,0,0,567,143,60,0,0,0,15,0,0,330876,22608,32411,21870,7578,15464,273707,47000,56648,5129,2938,366,0,0,0,418981,218773,95237,0,0,0,600.6749184,0.3833856
1658431381692,38.967003,0.73333335,1.0,0.34615386,1.0,0.32142857,1.0,1.0,0.16,1.0,57.300003,56.9,56.300003,56.600002,56.300003,56.600002,55.600002,58.600002,55.9,58.600002,54.300003,53.9,3906364,-1384278,1075200,1075200,1075200,1075200,1075200,1075200,652800,1401600,19,0,0,651,36,54,2,0,3,292,54,51,36,6,20,0,0,0,500,145,67,0,0,0,14833,0,0,595224,55483,68796,1787,0,16602,335758,118777,99103,40129,16944,72649,0,0,0,375036,227936,113519,0,0,0,607.8442170542636,0.3850418604651163
1658431382791,39.007,0.74509805,1.0,0.32,0.96153843,0.42307693,0.96,0.96,0.32,1.0,57.600002,56.9,56.600002,56.600002,56.9,56.9,56.300003,58.9,57.300003,59.300003,54.9,54.300003,3893713,-1432190,1075200,1075200,1075200,1075200,1075200,1075200,652800,1401600,57,0,0,638,28,45,4,0,2,376,66,55,2,0,2,0,0,1,513,106,75,0,0,0,42386,0,0,595233,39107,59985,2115,0,10057,394195,129768,120128,30,0,614,0,0,37,393541,153482,141314,0,0,0,655.0917341576508,0.4269304482225657
1658431383908,39.058002,0.7853659,1.0,0.44,0.84615386,0.52,0.8888889,1.0,0.5555556,1.0,57.9,57.600002,56.9,56.9,56.9,57.300003,56.600002,59.300003,57.600002,59.600002,54.9,54.600002,3903250,-1519471,1075200,1075200,1075200,1075200,1075200,1075200,652800,1401600,13,2,6,656,30,47,9,3,6,367,58,63,31,0,3,1,1,2,551,111,77,0,0,0,20158,2579,9296,584004,39845,63946,10427,6754,12487,418124,96897,120571,22327,0,10769,111,2442,7199,422406,156852,113771,0,0,0,714.8349813664596,0.4554037267080745
1658431385013,39.102,0.8443396,1.0,0.7692308,0.9259259,0.7777778,0.96153843,1.0,0.25,1.0,57.9,57.600002,57.300003,57.300003,57.600002,57.600002,57.300003,59.600002,57.600002,59.600002,55.300003,54.600002,3895075,-1511841,1075200,1075200,1075200,1075200,1075200,1075200,652800,1401600,1,0,0,714,29,49,19,2,9,426,63,81,7,0,5,0,1,0,539,114,64,0,0,0,11,0,0,619244,36413,71602,15272,1743,30434,413999,126777,136333,8103,0,21862,0,509,0,422266,166133,90972,0,0,0,743.5466583463339,0.453191887675507
1658431386074,39.156002,0.7254902,1.0,0.3846154,1.0,0.5,0.6296296,1.0,0.26086956,1.0,58.300003,57.9,57.600002,57.9,57.600002,57.9,57.300003,59.600002,57.600002,59.9,55.300003,54.9,3903639,-1487122,1075200,1075200,1075200,1075200,1075200,1075200,652800,1401600,2,0,0,450,15,26,11,2,3,279,35,36,23,3,5,0,0,0,690,94,49,0,0,0,165,0,0,365442,19661,27035,9654,4510,8495,266781,51167,61392,13873,4883,39614,0,0,0,433195,122230,85607,0,0,0,718.9292192846034,0.415353032659409
1658431387160,39.190002,0.74509805,1.0,0.32,1.0,0.30769232,0.9230769,1.0,0.29166666,1.0,58.600002,58.300003,57.600002,57.300003,57.600002,57.9,57.600002,59.9,58.300003,59.9,55.600002,54.600002,3893518,-1572877,1075200,1075200,1075200,1075200,1075200,1075200,652800,1401600,6,0,0,616,31,35,3,0,1,361,56,52,93,17,22,0,0,1,463,131,87,0,0,0,8972,0,0,556559,38974,42417,2571,0,7528,376304,102641,108670,68288,28677,99608,0,0,31,359340,202790,146798,0,0,0,746.8617356143079,0.46581648522550545
1658431388220,39.230003,0.73762375,1.0,0.56,0.5925926,0.42307693,1.0,1.0,0.33333334,1.0,58.600002,57.9,57.600002,57.9,57.600002,57.9,56.9,59.9,57.9,59.9,55.600002,54.600002,3904807,-1441346,1075200,1075200,1075200,1075200,1075200,1075200,652800,1401600,39,0,0,772,15,25,0,1,1,412,81,78,38,3,9,0,0,0,487,103,91,0,0,0,17945,0,0,648715,18522,34602,0,22,2268,424992,136891,145657,26639,5144,32429,0,0,0,375923,159907,140164,0,0,0,755.1044593301435,0.4551451355661882
1658431389252,39.281002,0.81696427,1.0,0.6296296,0.9655172,0.6785714,0.9655172,1.0,0.20833333,1.0,58.9,58.300003,57.600002,57.9,58.300003,58.300003,57.300003,59.9,57.9,59.9,55.600002,54.600002,3911425,-1432801,1075200,1075200,1075200,1075200,1075200,1075200,652800,1401600,0,0,0,677,22,36,50,12,20,353,56,76,3,1,4,7,2,2,545,99,53,0,0,0,0,0,0,573144,34504,44378,52052,27487,63381,340124,112467,151882,5713,287,4565,8813,5019,4275,399996,145814,91072,0,0,0,727.0979782270607,0.4276454121306376
1658431390343,39.312,0.6857143,1.0,0.26923078,0.7777778,0.86206895,0.34615386,1.0,0.16,1.0,58.600002,58.600002,57.600002,57.9,57.9,58.300003,57.300003,60.300003,58.300003,60.300003,55.300003,54.9,3923103,-1168824,1075200,1075200,1075200,1075200,1075200,1075200,652800,1401600,3,0,0,594,25,38,10,0,8,318,49,64,20,2,2,1,0,0,690,109,60,0,0,0,820,0,0,525815,32696,51761,9932,0,28029,314915,96888,164798,16675,882,3718,12,0,0,476715,149040,78958,0,0,0,0.001372937293729373,6.864686468646865E-4
1658431391379,39.349003,0.64772725,1.0,0.04347826,1.0,1.0,0.13043478,1.0,0.045454547,1.0,56.300003,55.600002,55.600002,56.300003,56.300003,56.300003,55.600002,58.600002,56.300003,58.600002,52.9,52.9,3992004,-342407,1075200,1075200,1075200,1075200,1075200,1075200,652800,1401600,0,0,0,246,4,17,35,4,12,217,32,29,238,31,79,0,0,0,72,85,122,0,0,0,0,0,0,267925,11946,197227,34710,3833,35510,169378,53710,98318,204111,43183,348100,0,0,0,79545,248479,468750,0,0,0,-1.0,-1.0
1658431392418,39.386,0.8081633,0.9354839,0.6666667,1.0,1.0,0.5625,1.0,0.3548387,1.0,55.300003,54.9,54.9,55.300003,55.300003,55.600002,54.600002,57.600002,55.300003,57.600002,52.300003,52.300003,3959695,-828858,1075200,1075200,1075200,1075200,1075200,1075200,652800,1401600,49,0,0,60,13,32,8,0,2,59,15,42,111,21,61,32,3,13,100,84,125,0,0,0,38030,0,0,72730,38801,274211,4240,0,14256,66460,48998,179422,107169,59673,430997,36359,3196,69139,107086,197522,621257,0,0,0,-1.0,-1.0
1658431393528,39.406002,0.9045454,1.0,0.9310345,0.9677419,0.8888889,0.96428573,0.96666664,0.45833334,1.0,55.300003,55.300003,54.600002,55.300003,54.600002,54.9,54.300003,56.9,55.300003,56.9,52.300003,51.9,3970984,-545959,1075200,1075200,1075200,1075200,1075200,1075200,652800,1401600,20,0,4,133,20,38,59,7,36,3,1,1,124,11,28,18,0,2,174,92,116,1,0,0,10826,0,10478,223942,61937,297789,68424,13383,264868,2634,509,3018,91582,29447,217231,13740,0,6416,127711,230346,492917,22,0,0,7.488299531981279E-4,0.0025085803432137285
1658431394575,39.406002,0.8055556,1.0,0.52,0.64,0.8214286,1.0,1.0,0.43333334,1.0,55.300003,55.600002,54.9,54.9,55.600002,55.300003,54.9,57.300003,55.600002,57.300003,52.300003,51.9,3924465,-1304932,1075200,1075200,1075200,1075200,1075200,1075200,652800,1401600,0,0,0,70,0,1,13,0,2,91,0,3,36,11,22,83,7,20,524,50,98,1,0,0,0,0,0,57766,405,3133,7031,0,2129,50209,0,16976,25615,31386,484271,50444,15710,470862,263530,80538,434179,26,0,0,212.81699378881987,0.959254658385093
1658431395676,39.396004,0.88053095,1.0,0.9259259,0.9,0.85714287,1.0,0.96428573,0.4074074,1.0,55.300003,54.9,54.600002,55.300003,55.300003,55.300003,54.9,56.9,55.9,57.300003,53.300003,52.9,3916485,-1343689,1075200,1075200,1075200,1075200,1075200,1075200,652800,1401600,0,0,0,443,25,32,195,21,32,275,21,32,4,0,1,3,0,1,480,125,84,0,0,0,0,0,0,404710,39030,48822,168468,33939,75932,253806,39641,68283,3523,0,2214,244,0,421,315593,182413,166110,0,0,0,628.475598145286,0.5492426584234931
1658431396884,39.413002,0.7757009,1.0,0.52,0.7407407,0.65384614,0.9310345,1.0,0.2962963,1.0,56.300003,55.9,55.300003,55.9,55.600002,55.9,54.9,57.9,55.600002,57.9,53.600002,53.300003,3899163,-1393738,1075200,1075200,1075200,1075200,1075200,1075200,652800,1401600,0,0,0,339,19,21,160,10,17,175,15,20,0,0,0,3,0,3,523,112,122,0,0,0,0,0,0,320335,28127,30869,99476,15313,23573,168071,30732,43676,0,0,0,3581,0,2775,338437,132587,208755,0,0,0,534.9371145510836,0.3792941176470588
1658431398059,39.43,0.8028169,1.0,0.5555556,0.9655172,0.53846157,1.0,1.0,0.34615386,1.0,56.600002,56.300003,55.600002,55.9,55.9,56.300003,55.9,58.300003,56.9,58.300003,54.300003,53.600002,3908310,-1477051,1075200,1075200,1075200,1075200,1075200,1075200,652800,1401600,0,0,0,436,13,19,78,9,17,243,23,41,5,1,2,0,0,0,443,129,100,0,0,0,0,0,0,439031,22507,32939,76966,9560,40300,239194,53541,106311,2159,3279,7838,0,0,0,295892,184078,172950,0,0,0,500.84859442724456,0.34065634674922596
1658431399278,39.474003,0.7960199,1.0,0.33333334,0.84615386,0.8,1.0,0.9583333,0.33333334,1.0,56.600002,56.300003,55.300003,55.9,55.9,56.300003,55.600002,58.300003,56.300003,58.300003,54.300003,53.600002,3898968,-1481629,1075200,1075200,1075200,1075200,1075200,1075200,652800,1401600,19,0,0,379,30,33,56,5,10,169,32,44,7,0,1,1,0,0,603,127,82,0,0,0,6057,0,0,379014,38916,49725,60378,10838,8977,208633,76277,120752,3777,0,544,15,0,0,408992,166148,158089,0,0,0,545.1957267080745,0.36561490683229814
1658431400452,39.508003,0.81904763,1.0,0.65384614,0.962963,0.5714286,1.0,1.0,0.29166666,1.0,57.300003,57.300003,56.600002,57.300003,57.300003,57.600002,56.600002,58.9,57.300003,58.9,54.9,54.300003,3903834,-1505128,1075200,1075200,1075200,1075200,1075200,1075200,652800,1401600,1,0,0,486,22,29,49,6,7,163,17,25,5,1,4,3,0,3,427,113,77,0,0,0,47,0,0,431587,38889,37966,49441,7650,8610,156029,31222,50936,5268,473,5755,3964,0,14315,303433,182036,133911,0,0,0,580.2502857142857,0.41406211180124225
1658431401582,39.541,0.9227273,1.0,0.8888889,0.96428573,0.8888889,0.962963,1.0,0.6296296,1.0,57.9,57.300003,56.9,56.9,57.600002,57.300003,56.600002,58.9,56.9,59.300003,54.9,54.300003,3904612,-1397706,1075200,1075200,1075200,1075200,1075200,1075200,652800,1401600,2,1,2,550,14,20,137,12,22,249,42,57,12,3,8,0,0,0,532,122,62,1,0,0,1798,2188,5579,511138,20141,27703,87397,18070,45109,273881,95798,203261,13881,6412,16450,0,0,0,378729,164333,109814,41,0,0,610.8182786377708,0.44497832817337457
1658431402740,39.572002,0.8558559,1.0,0.7037037,0.9,0.8076923,1.0,1.0,0.41379312,1.0,57.600002,57.600002,56.600002,56.9,57.300003,56.9,56.600002,58.9,57.600002,59.600002,54.9,54.600002,3897411,-1380616,1075200,1075200,1075200,1075200,1075200,1075200,652800,1401600,0,0,0,473,18,30,49,9,7,252,41,49,9,0,3,0,0,0,449,108,126,0,0,0,0,0,0,516880,28599,39241,53830,15177,18314,262796,96797,137860,9749,0,557,0,0,0,333684,150556,222521,0,0,0,717.2974635658915,0.49662015503875967
1658431403919,39.606003,0.8818182,0.9655172,0.86206895,1.0,0.84615386,0.962963,1.0,0.39285713,1.0,57.600002,57.600002,56.9,56.9,56.9,56.9,55.9,59.300003,56.600002,59.300003,54.9,54.600002,3897800,-1480713,1075200,1075200,1075200,1075200,1075200,1075200,652800,1401600,0,0,0,402,23,23,97,14,17,225,22,35,2,0,0,1,0,2,427,122,155,0,0,0,0,0,0,425088,33746,33446,82007,25634,45578,268949,46457,78882,1968,0,0,17,0,384,316113,194785,219785,0,0,0,848.9051358024691,0.5148641975308642
1658431405162,39.643,0.8727273,1.0,0.7083333,0.9655172,0.7037037,1.0,0.9655172,0.62068963,1.0,58.300003,57.9,57.300003,57.600002,57.600002,57.600002,57.300003,59.600002,57.600002,59.600002,55.9,55.600002,3886316,-1641541,1075200,1075200,1075200,1075200,1075200,1075200,652800,1401600,7,0,0,403,9,11,87,5,2,159,16,20,9,1,4,0,0,0,423,133,123,0,0,0,5067,0,0,366080,13286,15774,68910,5929,1483,169506,23016,41557,8582,4313,10682,0,0,0,319510,202990,209789,0,0,0,993.2037151702787,0.5840743034055728
1658431406392,39.660004,0.8826291,1.0,0.75,1.0,0.7307692,1.0,1.0,0.53846157,1.0,58.300003,58.300003,57.300003,57.9,57.600002,57.9,57.300003,59.9,58.300003,59.9,55.9,55.300003,3899552,-1482545,1075200,1075200,1075200,1075200,1075200,1075200,652800,1401600,2,0,0,516,16,12,32,1,3,210,27,42,0,1,0,0,1,3,490,108,116,0,0,0,149,0,0,430314,18399,18459,24612,44,2316,217640,56496,89504,0,648,0,0,810,8221,331552,156369,154588,0,0,0,1206.7553343701397,0.6236765163297046
1658431407612,39.683002,0.8425926,1.0,0.625,1.0,0.65384614,1.0,1.0,0.37037036,1.0,58.9,58.9,57.9,58.300003,58.600002,58.600002,57.600002,60.600002,58.600002,60.600002,56.300003,55.600002,3891572,-1549683,1075200,1075200,1075200,1075200,1075200,1075200,652800,1401600,0,0,0,343,6,10,7,1,0,320,19,37,0,0,0,2,1,1,622,137,114,0,0,0,0,0,0,372300,7254,11453,327,31,0,279124,40321,86277,0,0,0,1801,44,5213,394204,157962,144331,0,0,0,924.8430310559006,0.48899378881987576
1658431408822,39.697002,0.784689,1.0,0.6086956,0.9259259,0.61538464,0.96153843,1.0,0.08,1.0,58.9,58.600002,58.300003,58.300003,58.300003,58.300003,57.600002,60.300003,58.300003,60.300003,56.600002,55.9,3881451,-1569214,1075200,1075200,1075200,1075200,1075200,1075200,652800,1401600,0,0,0,428,13,10,22,1,3,218,18,24,0,0,0,1,0,1,462,160,98,0,0,0,0,0,0,397021,22586,14234,17351,429,5159,192381,37120,44247,0,0,0,221,0,32,346759,210861,152947,0,0,0,926.5537488372092,0.4749395348837209
1658431409924,39.7,0.71859294,1.0,0.41666666,0.6,0.625,0.9583333,1.0,0.16,1.0,59.600002,58.9,58.600002,58.9,58.600002,58.600002,57.9,60.9,58.9,60.600002,56.600002,55.9,3888652,-1506348,1075200,1075200,1075200,1075200,1075200,1075200,652800,1401600,0,0,0,423,8,15,48,3,6,171,8,15,18,3,3,4,0,0,520,131,74,0,0,0,0,0,0,340583,8213,21435,32181,3716,13210,157040,10783,32643,11892,2764,9266,432,0,0,375606,169083,117583,0,0,0,867.634065318818,0.543452566096423
1658431410987,39.714,0.7380952,1.0,0.3043478,0.68,0.65384614,0.9259259,1.0,0.23076923,1.0,59.600002,58.9,58.300003,58.9,58.9,58.9,58.300003,60.9,59.300003,61.300003,56.600002,55.9,3892934,-1527711,1075200,1075200,1075200,1075200,1075200,1075200,652800,1401600,8,0,0,748,13,23,138,27,39,299,35,46,8,3,2,5,0,1,500,124,80,0,0,0,11896,0,0,610224,17638,24528,133558,54122,74084,288605,69438,60232,4888,8069,4120,2458,0,519,381322,162213,157924,0,0,0,711.3548307692307,0.43712
1658431412117,39.737003,0.75,1.0,0.61538464,0.5769231,0.45833334,1.0,1.0,0.34615386,1.0,59.300003,58.600002,58.600002,58.600002,58.600002,58.300003,57.9,60.9,58.600002,60.9,56.300003,55.600002,3902082,-1443787,1075200,1075200,1075200,1075200,1075200,1075200,652800,1401600,4,0,0,508,26,34,109,18,24,158,26,28,7,0,4,21,1,2,771,128,59,0,0,0,2507,0,0,446075,36199,42633,103050,29583,42068,184983,48565,51167,7108,0,18715,15911,320,5555,529254,151466,82022,0,0,0,719.2849983471074,0.4242512396694215
1658431413177,39.744003,0.8,1.0,0.5,0.88461536,0.72,0.96153843,0.7916667,0.53846157,1.0,59.600002,59.300003,58.9,59.600002,59.600002,58.9,58.600002,61.300003,59.300003,61.300003,56.9,56.300003,3890793,-1666871,1075200,1075200,1075200,1075200,1075200,1075200,652800,1401600,10,0,0,622,7,10,291,29,44,309,20,41,6,2,4,18,3,8,422,116,72,0,0,0,5494,0,0,509566,6155,10623,244351,37816,87087,270681,28181,67103,4671,3845,18001,20575,2038,15848,340030,160091,129454,0,0,0,725.0945794392524,0.4289595015576324
1658431414288,39.751003,0.6960784,1.0,1.0,0.2173913,0.68,1.0,0.32,0.1923077,1.0,59.9,59.9,59.300003,59.9,59.600002,59.9,58.9,61.300003,59.600002,61.300003,56.9,56.300003,3893518,-1535950,1075200,1075200,1075200,1075200,1075200,1075200,652800,1401600,1,0,0,625,16,30,221,30,42,176,31,41,9,1,4,45,1,8,501,134,79,0,0,0,32,0,0,562436,15887,33704,200038,54216,84925,174167,52128,79756,6233,438,17660,27394,870,36627,384665,198372,141561,0,0,0,170.71514329738056,0.08707550077041602
1658431415515,39.778004,0.8935185,1.0,1.0,0.96428573,0.96428573,1.0,1.0,0.08695652,1.0,58.600002,58.9,57.9,58.9,59.300003,59.300003,58.600002,60.600002,59.9,60.9,55.9,55.600002,3962614,-949707,1075200,1075200,1075200,1075200,1075200,1075200,652800,1401600,89,0,0,106,0,0,90,15,23,190,26,32,32,3,12,83,13,25,801,52,54,0,0,0,71479,0,0,93688,0,0,83559,27328,78418,165212,46062,84852,22942,6862,57966,67112,32999,105701,394910,94973,291586,0,0,0,-1.0,-1.0
