1660081656325,28.334002,0.4207317,0.42105263,0.2631579,0.2777778,0.3809524,0.35,1.0,0.1904762,0.3809524,34.9,34.9,34.600002,35.300003,35.600002,35.300003,34.9,35.600002,35.9,36.9,32.9,33.600002,4054677,-517578,1075200,1075200,1075200,1075200,1075200,1075200,652800,1401600,4443796,127534,1050123,4455258,127362,1058176,2000595,229141,928333,2055068,236224,950013,1934005,222752,1048393,1957051,234034,1099909,1214866,279214,496032,640748,52286,310145,6021964277,281759994,35146247442,5898243512,264085143,35276517764,1621842117,524584850,39672952046,1661537945,540811120,39615171420,1589393605,516452799,39364931328,1623912675,546081794,39327785048,866391572,654753499,41906597772,502289765,119612588,41396774278,-1.0,-1.0
1660081657383,28.337002,0.15508021,0.09090909,0.09090909,0.13043478,0.17391305,0.25,0.16666667,0.04347826,0.25,34.600002,34.600002,34.300003,34.9,35.600002,35.600002,34.9,34.600002,35.300003,35.300003,33.300003,33.600002,4066356,-448303,1075200,1075200,1075200,1075200,1075200,1075200,652800,1401600,796,0,0,911,0,0,480,45,63,429,21,56,437,17,62,209,21,69,316,21,73,276,16,51,708817,0,0,751689,0,0,371480,113856,209297,339375,38426,318486,314238,36192,345072,166422,39735,263074,254149,52133,492805,196826,25723,371269,-1.0,-1.0
1660081658412,28.348001,0.2918919,0.2173913,0.3043478,0.375,0.2857143,0.44,0.33333334,0.16666667,0.3043478,33.9,33.9,33.600002,34.300003,34.300003,34.600002,34.300003,34.9,34.600002,34.9,32.9,33.300003,4087960,-403137,1075200,1075200,1075200,1075200,1075200,1075200,652800,1401600,867,0,0,946,0,0,574,25,41,325,34,36,409,4,27,429,19,40,459,28,79,401,22,73,804906,0,0,812812,0,0,570683,52495,174253,291139,80494,156207,438861,7078,195883,496442,45964,187393,517465,72917,247756,479432,51692,206505,-1.0,-1.0
1660081659521,28.348001,0.08585858,0.12,0.04347826,0.08,0.12,0.083333336,0.125,0.0,0.08,33.9,34.300003,33.600002,34.300003,34.300003,34.300003,34.300003,34.300003,34.600002,34.600002,33.300003,33.300003,4065383,-557251,1075200,1075200,1075200,1075200,1075200,1075200,652800,1401600,680,1,5,1085,6,6,468,41,93,480,47,89,384,37,84,549,45,53,301,26,111,313,48,114,749483,2413,39757,784520,13077,23538,357657,68056,361982,397648,85153,295134,303902,64495,379537,300793,99900,250788,230536,48339,629911,164099,109431,474007,-1.0,-1.0
1660081660609,28.351002,0.02764977,0.0,0.037037037,0.0,0.0,0.11111111,0.0,0.035714287,0.0,33.300003,32.9,32.9,33.600002,33.600002,33.600002,33.300003,33.600002,33.600002,33.600002,32.600002,32.600002,4060322,-552978,1075200,1075200,1075200,1075200,1075200,1075200,652800,1401600,382,0,4,764,0,0,207,58,111,206,49,104,125,27,78,112,23,56,49,21,60,22,6,50,992884,0,9110,998999,0,0,230637,125201,633625,217084,117366,658890,142886,51871,660987,123222,44516,654614,48910,29776,998773,22098,14798,1011206,-1.0,-1.0
1660081661757,28.36,0.023696683,0.0,0.037037037,0.0,0.0,0.0,0.074074075,0.0,0.0,32.600002,32.600002,31.600002,32.600002,32.600002,32.600002,32.300003,32.300003,32.600002,32.600002,31.600002,31.900002,4074725,-430298,1075200,1075200,1075200,1075200,1075200,1075200,652800,1401600,144,5,38,223,29,71,67,10,36,56,8,42,25,1,18,48,12,50,31,11,50,25,10,57,213390,16254,829137,234898,101917,707006,58541,13181,934923,57568,11383,934590,22140,2811,806588,59802,29481,908470,14614,26313,1013876,21598,21402,884816,-1.0,-1.0
1660081662838,28.369001,0.03255814,0.074074075,0.0,0.0,0.0,0.071428575,0.07692308,0.0,0.0,31.900002,31.900002,31.600002,32.300003,31.900002,32.300003,31.900002,31.900002,32.300003,31.900002,31.600002,31.300001,4074530,-464172,1075200,1075200,1075200,1075200,1075200,1075200,652800,1401600,41,7,64,54,25,85,2,0,13,32,10,36,29,8,30,24,2,16,0,0,15,15,3,37,51352,17004,936393,67954,70702,874280,9763,0,1121303,67081,31320,1044223,46059,19927,948027,32064,2574,878350,0,0,1017690,24117,2345,1171975,-1.0,-1.0
1660081663947,28.372002,0.122340426,0.0,0.0,0.0,0.0,0.6956522,0.13043478,0.04347826,0.08,31.600002,31.600002,31.300001,31.900002,31.900002,31.900002,31.900002,31.600002,31.600002,31.900002,31.300001,31.600002,4073168,-455627,1075200,1075200,1075200,1075200,1075200,1075200,652800,1401600,83,2,81,83,25,111,3,3,12,28,13,31,70,10,87,18,0,14,11,0,22,10,0,30,76153,1873,1066572,77882,59200,938010,5693,6183,1123724,33865,53064,1014845,73498,18036,937030,17652,0,873979,7271,0,1098807,6076,0,1045775,-1.0,-1.0
1660081665017,28.384,0.023584906,0.0,0.03846154,0.0,0.0,0.07692308,0.0,0.0,0.0,31.900002,31.600002,31.600002,31.900002,31.600002,31.600002,31.600002,31.900002,31.600002,31.900002,31.300001,31.300001,4070638,-450134,1075200,1075200,1075200,1075200,1075200,1075200,652800,1401600,44,14,46,125,40,114,89,3,95,38,23,39,7,2,14,50,5,29,1,0,6,17,1,35,57995,40395,954383,131365,117260,807299,97679,2990,931721,45853,88418,931805,9441,4214,517924,43925,9710,845722,993,0,1111237,19030,2897,1050196,-1.0,-1.0
1660081666133,28.393002,0.13114753,0.0,0.045454547,0.39130434,0.18181819,0.1,0.13636364,0.0,0.0,31.600002,31.600002,31.300001,31.300001,31.300001,31.300001,31.600002,31.300001,31.600002,31.600002,30.900002,31.300001,4074141,-441894,1075200,1075200,1075200,1075200,1075200,1075200,652800,1401600,57,12,90,83,24,97,30,0,52,41,18,37,12,3,24,23,2,16,18,0,37,6,0,23,60748,22891,976137,87159,41106,945534,23752,0,1048107,53043,57403,996466,24721,11144,995551,33454,3910,938081,22026,0,1012841,3489,0,1040104,-1.0,-1.0
1660081667215,28.390001,0.13615024,0.14285715,0.11111111,0.10714286,0.074074075,0.2962963,0.34615386,0.0,0.0,31.900002,31.600002,31.600002,31.900002,31.600002,31.600002,31.600002,31.300001,31.600002,31.900002,30.900002,30.900002,4071222,-466308,1075200,1075200,1075200,1075200,1075200,1075200,652800,1401600,34,14,48,76,34,98,18,10,34,26,8,43,60,19,42,20,0,16,19,0,39,3,1,22,49919,29838,1002483,85066,104712,822360,29754,50009,928517,25387,25941,812385,57945,34312,881792,18046,0,839144,22899,0,1058895,1117,3272,1106490,-1.0,-1.0
1660081668338,28.396002,0.109004736,0.03846154,0.03846154,0.11111111,0.14814815,0.15384616,0.34615386,0.037037037,0.037037037,31.900002,31.900002,30.900002,31.600002,31.900002,31.600002,31.600002,31.600002,31.900002,31.900002,31.300001,31.300001,4072584,-469971,1075200,1075200,1075200,1075200,1075200,1075200,652800,1401600,145,53,105,232,68,129,60,14,43,107,24,61,54,20,39,35,5,20,151,123,104,101,3,44,202920,143583,652246,267827,146193,530067,87717,34467,843664,146851,64612,875203,81108,56904,366063,43524,10680,262793,190682,306926,613530,31327,1081,985612,-1.0,-1.0
1660081669423,28.405,0.028436018,0.037037037,0.10714286,0.0,0.0,0.0,0.07692308,0.037037037,0.0,31.600002,31.900002,31.300001,31.900002,31.900002,31.900002,31.900002,31.900002,32.300003,31.900002,31.300001,31.300001,4066550,-512390,1075200,1075200,1075200,1075200,1075200,1075200,652800,1401600,98,23,53,269,39,105,183,8,27,162,21,69,45,5,22,40,6,21,35,39,94,19,2,52,187832,63452,723432,302017,115284,549099,185146,12686,834588,224265,70283,699297,43162,10179,476663,119761,15241,586250,57989,143983,866907,21818,8068,1012991,-1.0,-1.0
1660081670533,28.408,0.037209302,0.035714287,0.074074075,0.037037037,0.0,0.11111111,0.0,0.037037037,0.037037037,31.600002,31.600002,31.300001,31.600002,31.900002,31.900002,31.600002,31.300001,31.900002,31.900002,31.300001,30.900002,4071806,-451050,1075200,1075200,1075200,1075200,1075200,1075200,652800,1401600,33,11,38,132,40,77,16,5,24,49,18,35,28,1,20,34,4,31,18,26,59,18,3,36,55105,22004,834794,142641,85278,795188,26019,24319,1035977,63189,33247,975405,38149,451,876868,39657,12946,908299,25841,63614,951528,22991,6744,996229,-1.0,-1.0
1660081671635,28.417002,0.07655502,0.037037037,0.07692308,0.0,0.0,0.07692308,0.44444445,0.0,0.037037037,31.300001,31.300001,30.900002,31.300001,31.600002,31.300001,30.900002,31.300001,31.600002,31.600002,30.900002,30.900002,4072000,-442200,1075200,1075200,1075200,1075200,1075200,1075200,652800,1401600,42,8,47,56,18,81,18,5,50,26,11,48,18,0,9,8,8,22,10,0,28,13,1,28,45747,13033,1021420,56074,50573,953240,15427,4713,1067827,24113,36994,1028584,17120,0,893244,11920,11857,1054546,11875,0,1012772,15673,3674,1090065,-1.0,-1.0
1660081672735,28.426,0.023584906,0.0,0.074074075,0.0,0.0,0.07692308,0.0,0.0,0.0,31.300001,31.300001,30.900002,31.600002,31.900002,31.600002,30.900002,31.300001,31.600002,31.600002,30.900002,31.300001,4072779,-438843,1075200,1075200,1075200,1075200,1075200,1075200,652800,1401600,31,11,54,40,20,80,16,1,32,24,5,43,17,0,12,35,6,25,0,1,4,13,0,41,32319,30981,1009582,53775,62259,903536,17796,4351,1055561,32461,20056,1018671,14417,0,886252,49196,12986,876187,0,4331,1073641,17618,0,1052428,-1.0,-1.0
1660081673847,28.423002,0.03827751,0.08,0.07692308,0.0,0.0,0.07692308,0.037037037,0.037037037,0.0,31.300001,31.300001,30.900002,30.900002,31.300001,31.300001,30.900002,31.300001,31.300001,31.300001,31.300001,30.900002,4072389,-430298,1075200,1075200,1075200,1075200,1075200,1075200,652800,1401600,57,10,47,52,13,84,6,0,23,21,13,55,6,5,17,30,3,24,8,0,26,12,0,35,62881,40153,1027085,50923,37232,966726,23023,0,1046571,38121,61874,1012634,24919,18492,941340,42445,2433,958887,8626,0,1088550,12994,0,1042667,-1.0,-1.0
1660081674964,28.414001,0.023584906,0.0,0.03846154,0.0,0.0,0.11111111,0.0,0.0,0.0,31.300001,30.900002,30.900002,31.300001,31.300001,30.900002,31.300001,30.900002,31.300001,31.300001,30.600002,30.600002,4072389,-431518,1075200,1075200,1075200,1075200,1075200,1075200,652800,1401600,31,12,46,32,11,78,3,4,15,29,17,44,30,0,48,46,12,28,9,7,29,1,0,19,39610,29993,977821,36208,48773,973895,6846,15682,988151,40861,64582,972622,30000,0,832923,57566,21848,934870,13584,28183,1157297,2210,0,1120783,-1.0,-1.0
1660081676062,28.411001,0.014492754,0.071428575,0.0,0.0,0.0,0.037037037,0.11111111,0.0,0.037037037,31.300001,30.900002,30.600002,31.300001,30.900002,31.300001,30.900002,30.900002,31.300001,31.300001,30.600002,30.900002,4074920,-414123,1075200,1075200,1075200,1075200,1075200,1075200,652800,1401600,26,7,36,28,16,60,0,0,15,16,8,34,11,1,17,19,2,18,19,0,34,2,1,19,33283,11021,1016754,48126,37282,963092,0,0,1112815,21500,27203,1043576,16419,4339,963756,19180,2184,976257,21093,0,975907,2365,4313,1001013,-1.0,-1.0
1660081677163,28.420002,0.023809524,0.0,0.0,0.0,0.0,0.07692308,0.0,0.0,0.037037037,30.900002,30.900002,30.900002,31.300001,31.300001,31.300001,30.900002,30.900002,31.300001,30.900002,30.600002,30.900002,4074920,-452881,1075200,1075200,1075200,1075200,1075200,1075200,652800,1401600,57,16,78,54,13,77,3,2,24,18,10,41,14,2,15,22,6,15,12,0,30,1,0,14,69620,37776,955834,53384,20710,979655,5244,3376,1056369,23983,46988,1009040,14660,6219,944701,28124,11386,936856,16716,0,1021502,71,0,1122309,-1.0,-1.0
1660081678254,28.426,0.03883495,0.074074075,0.0,0.12,0.0,0.07692308,0.074074075,0.0,0.0,30.900002,30.900002,30.600002,30.900002,30.900002,30.900002,30.900002,30.900002,30.900002,31.300001,30.600002,30.600002,4076282,-437622,1075200,1075200,1075200,1075200,1075200,1075200,652800,1401600,81,13,85,47,5,96,19,14,35,27,8,41,17,0,14,20,8,16,16,1,38,3,0,23,87526,23481,949524,54769,11735,980393,36430,39920,1112569,25434,10819,952191,22054,0,889272,30266,12361,1020212,17872,3952,1138202,2407,0,1110231,-1.0,-1.0
1660081679343,28.426,0.024390243,0.0,0.07692308,0.03846154,0.0,0.0,0.11111111,0.0,0.0,31.300001,30.600002,30.300001,30.900002,30.900002,30.600002,30.600002,30.600002,30.900002,31.300001,30.600002,30.600002,4073947,-422973,1075200,1075200,1075200,1075200,1075200,1075200,652800,1401600,93,17,107,97,25,98,4,2,35,25,1,37,21,8,23,22,1,25,16,0,29,0,0,18,103307,42439,884653,92070,68989,878415,13768,8590,1018140,38289,4686,1110461,43209,20258,928494,30971,2460,949425,23679,0,1028713,0,0,1019584,-1.0,-1.0
1660081680376,28.429,0.028436018,0.0,0.0,0.0,0.0,0.0,0.07692308,0.0,0.037037037,30.900002,30.900002,30.600002,30.600002,30.600002,31.300001,30.600002,30.900002,30.900002,30.900002,30.600002,30.600002,4072779,-440368,1075200,1075200,1075200,1075200,1075200,1075200,652800,1401600,68,5,50,121,22,70,38,3,36,38,11,65,23,5,40,27,0,15,18,0,33,2,0,17,133401,11971,896871,144867,56509,774922,20800,2112,988012,40211,30594,946743,25194,10209,933083,19921,0,831137,19748,0,922723,2389,0,1032598,-1.0,-1.0
1660081681477,28.426,0.016304348,0.0,0.041666668,0.0,0.0,0.08695652,0.041666668,0.041666668,0.041666668,30.900002,30.900002,30.300001,30.900002,30.900002,30.900002,30.600002,30.900002,30.900002,30.900002,30.600002,30.600002,4072000,-433960,1075200,1075200,1075200,1075200,1075200,1075200,652800,1401600,46,6,70,55,22,75,7,2,29,0,6,33,26,6,26,17,0,9,5,0,12,14,0,31,51132,11893,978752,61878,68445,895191,12161,13857,1048354,0,21795,1051967,34196,9898,1016291,19328,0,890468,7454,0,1162161,14465,0,1053754,-1.0,-1.0
1660081682537,28.423002,0.014492754,0.0,0.0,0.0,0.0,0.04,0.074074075,0.0,0.0,30.900002,30.900002,30.600002,30.900002,30.900002,30.600002,30.900002,30.900002,30.900002,31.300001,30.600002,30.600002,4073557,-450439,1075200,1075200,1075200,1075200,1075200,1075200,652800,1401600,58,8,68,65,15,84,32,14,45,21,4,54,36,12,24,17,0,15,6,0,16,20,3,37,69974,12643,902807,66709,19417,934528,47077,40521,953625,33836,8658,996370,47223,28515,916933,23877,0,889905,6262,0,984442,20641,3194,995703,-1.0,-1.0
1660081683626,28.426,0.023696683,0.0,0.071428575,0.0,0.0,0.07692308,0.0,0.0,0.0,30.900002,30.900002,30.300001,30.900002,31.300001,31.300001,30.600002,30.900002,30.900002,30.900002,30.600002,30.600002,4070443,-455932,1075200,1075200,1075200,1075200,1075200,1075200,652800,1401600,31,8,52,49,4,85,31,6,57,2,0,15,16,1,13,64,9,58,2,0,6,11,1,29,42344,30954,1049113,47552,13916,1001918,28833,24159,1011396,0,0,1036876,16156,4343,920301,60804,19139,885220,2275,0,1042557,12574,6142,992631,-1.0,-1.0
1660081684699,28.423002,0.014285714,0.0,0.037037037,0.0,0.0,0.07692308,0.0,0.0,0.0,30.600002,30.600002,30.300001,30.600002,30.900002,30.600002,30.600002,30.600002,30.600002,30.900002,30.300001,30.300001,4072195,-433960,1075200,1075200,1075200,1075200,1075200,1075200,652800,1401600,45,16,54,40,10,68,20,13,39,14,1,32,17,0,12,29,6,21,21,0,31,4,1,19,65702,38696,945418,48919,23650,939581,33252,55244,965319,13805,4338,1073428,24090,0,882440,39475,13955,990130,19816,0,1178540,2587,5391,1101527,-1.0,-1.0
1660081685771,28.423002,0.028708134,0.03846154,0.03846154,0.0,0.0,0.07692308,0.03846154,0.03846154,0.0,30.900002,30.900002,30.600002,30.900002,30.900002,30.600002,30.300001,30.600002,30.900002,30.900002,30.300001,30.600002,4073168,-429382,1075200,1075200,1075200,1075200,1075200,1075200,652800,1401600,33,10,46,21,12,57,23,17,22,0,1,8,15,0,8,19,3,20,19,5,36,9,0,20,39751,19147,1004980,27262,35480,955787,28753,49723,986559,0,4341,1052083,15503,0,893490,25655,13277,1024326,23663,19963,989383,6884,0,1016324,-1.0,-1.0
1660081686850,28.435001,0.028436018,0.0,0.037037037,0.0,0.0,0.0,0.07692308,0.0,0.037037037,30.900002,30.900002,30.600002,30.600002,30.600002,30.600002,30.300001,30.600002,30.600002,30.600002,30.300001,30.300001,4073947,-444031,1075200,1075200,1075200,1075200,1075200,1075200,652800,1401600,32,13,50,13,11,69,18,13,30,2,0,23,7,0,11,20,2,17,0,0,14,12,0,31,43140,39274,975425,15149,51675,971892,19523,49969,997980,3563,0,1116713,10951,0,931077,19959,0,952708,0,0,1107297,18023,0,1071180,-1.0,-1.0
1660081687896,28.429,0.009615385,0.0,0.037037037,0.0,0.0,0.07692308,0.0,0.037037037,0.0,30.900002,30.600002,30.300001,30.300001,30.900002,30.900002,30.600002,30.600002,30.900002,30.900002,30.600002,30.300001,4074336,-444946,1075200,1075200,1075200,1075200,1075200,1075200,652800,1401600,41,12,47,39,9,67,12,3,23,7,2,31,56,10,37,19,0,13,4,0,17,18,0,32,56586,45512,915357,41664,25009,911425,25677,12525,990014,14756,7767,981158,57889,27272,897785,27867,0,867717,5600,0,1003692,21694,0,930261,-1.0,-1.0
1660081688966,28.423002,0.028985508,0.03846154,0.03846154,0.0,0.0,0.07692308,0.0,0.03846154,0.03846154,30.900002,30.600002,30.300001,30.600002,30.600002,30.600002,30.300001,30.300001,30.600002,30.600002,30.300001,30.300001,4073557,-434875,1075200,1075200,1075200,1075200,1075200,1075200,652800,1401600,129,24,95,71,16,87,2,0,13,6,1,14,14,0,16,29,4,23,5,0,16,22,5,31,137802,34346,819235,64444,30452,964666,23639,0,1011083,27177,4174,1022197,14934,0,902134,31022,14371,988700,12752,0,1008466,28061,13712,1083463,-1.0,-1.0
1660081690034,28.426,0.014563107,0.0,0.0,0.0,0.0,0.04,0.03846154,0.0,0.0,30.900002,30.900002,30.600002,30.600002,30.900002,31.300001,30.600002,30.600002,31.300001,30.900002,30.300001,30.600002,4068691,-472412,1075200,1075200,1075200,1075200,1075200,1075200,652800,1401600,90,24,92,83,11,87,23,6,29,14,9,30,17,1,9,23,6,22,11,1,19,13,2,34,93285,64704,855670,68975,19945,950149,28748,21259,1000133,24280,34656,1018909,14903,785,884525,30715,9834,963659,9237,1290,969137,14795,7998,982943,-1.0,-1.0
1660081691108,28.420002,0.033653848,0.0,0.074074075,0.0,0.03846154,0.07692308,0.03846154,0.0,0.074074075,30.900002,30.600002,30.300001,30.600002,30.600002,30.900002,30.600002,30.600002,30.600002,30.900002,29.900002,30.300001,4074920,-410156,1075200,1075200,1075200,1075200,1075200,1075200,652800,1401600,43,12,73,41,9,87,49,8,68,27,8,41,29,2,17,63,4,62,11,0,27,1,1,16,53135,35086,958170,48931,20952,985379,49414,14165,966243,37154,27758,999230,34233,3186,945780,67447,1966,901849,14463,0,990414,614,4898,1114030,-1.0,-1.0
1660081692168,28.429,0.028436018,0.0,0.0,0.037037037,0.0,0.07692308,0.0,0.0,0.03846154,30.900002,30.600002,30.300001,30.600002,30.600002,30.600002,30.300001,30.300001,30.900002,30.900002,30.300001,30.300001,4072779,-449524,1075200,1075200,1075200,1075200,1075200,1075200,652800,1401600,45,8,63,44,6,81,6,1,19,13,12,36,14,3,32,50,3,33,17,0,36,4,1,19,51783,21343,968094,48314,10318,972791,5550,713,1048368,16302,64111,964665,16852,4236,951489,44564,1705,911076,20599,0,1175212,6679,4632,1001342,-1.0,-1.0
1660081693244,28.420002,0.028708134,0.037037037,0.0,0.0,0.03846154,0.07692308,0.0,0.074074075,0.03846154,30.600002,30.600002,30.300001,30.600002,30.900002,30.300001,30.600002,30.600002,30.600002,30.900002,30.300001,30.300001,4071416,-448913,1075200,1075200,1075200,1075200,1075200,1075200,652800,1401600,69,11,83,35,13,97,1,2,13,6,5,35,19,1,14,11,3,18,6,0,16,7,0,32,73235,22251,875979,38018,55762,947971,6712,3369,1012568,12154,15954,1044746,23571,1574,905517,18346,11723,969997,2284,0,846393,8077,0,1095707,-1.0,-1.0
1660081694325,28.420002,0.023809524,0.037037037,0.0,0.0,0.0,0.0,0.14285715,0.0,0.0,30.600002,30.600002,30.300001,30.600002,30.600002,30.600002,30.300001,30.600002,30.600002,30.900002,30.300001,30.300001,4072000,-441284,1075200,1075200,1075200,1075200,1075200,1075200,652800,1401600,25,5,35,45,9,75,9,1,24,54,16,69,15,0,10,30,5,17,10,0,18,13,1,30,35232,12108,1071885,52441,15190,964113,12150,613,1097741,66638,34618,939249,16089,0,892330,33876,12374,1010064,8186,0,1268145,11766,5032,1007011,-1.0,-1.0
1660081695398,28.417002,0.024038462,0.0,0.03846154,0.037037037,0.0,0.0,0.07692308,0.0,0.0,30.600002,30.600002,30.300001,30.600002,30.600002,30.300001,30.300001,30.600002,30.600002,30.600002,30.300001,30.300001,4075114,-405578,1075200,1075200,1075200,1075200,1075200,1075200,652800,1401600,24,4,40,43,7,82,2,2,19,59,6,73,50,3,50,10,8,17,12,0,28,1,1,12,33827,8671,1006030,38249,25386,988450,3562,5024,1053985,51328,17717,983572,43789,8967,917078,14207,13526,972636,11925,0,1058213,1473,5067,989446,-1.0,-1.0
1660081696469,28.423002,0.019138755,0.037037037,0.0,0.0,0.0,0.0,0.07692308,0.0,0.037037037,30.600002,30.600002,30.300001,30.900002,30.900002,30.600002,30.600002,30.600002,30.600002,30.900002,30.300001,30.300001,4070832,-478210,1075200,1075200,1075200,1075200,1075200,1075200,652800,1401600,45,8,51,44,11,66,6,0,19,3,16,25,18,4,17,21,0,19,14,0,34,10,2,26,54524,10086,990084,40877,25056,962918,8071,0,1059742,1361,71984,987139,22389,12128,947507,18234,0,900577,18731,3714,1022298,8066,3271,1061532,-1.0,-1.0
1660081697539,28.414001,0.014492754,0.0,0.037037037,0.0,0.03846154,0.0,0.07692308,0.0,0.037037037,30.600002,30.600002,30.300001,30.600002,30.600002,30.600002,30.300001,30.600002,30.600002,30.900002,30.300001,30.300001,4073752,-446167,1075200,1075200,1075200,1075200,1075200,1075200,652800,1401600,70,13,75,42,5,80,4,3,20,16,9,30,22,0,14,39,4,58,0,2,17,14,2,26,74613,18661,902262,40995,7187,1011178,7807,12198,1029712,28015,29618,1003399,21264,0,969298,36130,6573,931810,0,3075,1016735,18381,2293,985857,-1.0,-1.0
1660081698615,28.417002,0.019138755,0.0,0.0,0.0,0.03846154,0.074074075,0.0,0.0,0.0,30.600002,30.600002,30.300001,30.600002,30.600002,30.600002,30.600002,30.600002,30.600002,30.600002,30.300001,30.600002,4072195,-446167,1075200,1075200,1075200,1075200,1075200,1075200,652800,1401600,25,10,47,79,8,100,20,7,27,86,18,98,10,0,21,44,9,24,22,0,34,3,0,19,32625,31685,1000619,75383,11551,935189,15689,27026,1012407,93068,36755,887323,11739,0,926387,48840,21499,948271,17743,0,886944,1198,0,1010303,-1.0,-1.0
1660081699687,28.417002,0.02347418,0.0,0.03846154,0.0,0.0,0.07692308,0.0,0.037037037,0.037037037,30.600002,30.600002,29.900002,30.600002,30.600002,30.600002,30.300001,30.300001,30.600002,30.600002,30.300001,30.300001,4072000,-412903,1075200,1075200,1075200,1075200,1075200,1075200,652800,1401600,22,6,31,68,12,78,2,0,21,77,17,79,16,1,13,43,9,49,9,0,27,2,0,24,32445,13484,1044160,62952,34047,989218,6286,0,1109906,85827,39935,927170,17305,1202,899757,48373,12827,965387,11687,0,1186970,2288,0,1112448,-1.0,-1.0
1660081700785,28.414001,0.01923077,0.0,0.03846154,0.0,0.0,0.11111111,0.0,0.03846154,0.0,30.600002,30.900002,29.900002,30.600002,30.900002,30.600002,30.300001,30.300001,30.600002,30.600002,30.300001,30.300001,4074336,-411377,1075200,1075200,1075200,1075200,1075200,1075200,652800,1401600,11,4,34,40,17,67,8,4,21,21,1,41,13,0,9,28,3,18,20,0,36,3,0,21,15111,13023,991927,42691,57415,929052,6793,8886,984345,17490,0,1044309,14618,0,905923,28379,4441,1008964,28005,0,971795,977,0,1012828,-1.0,-1.0
1660081701848,28.420002,0.014423077,0.0,0.037037037,0.037037037,0.0,0.07692308,0.0,0.037037037,0.037037037,30.900002,30.600002,30.300001,30.600002,30.600002,30.600002,30.300001,30.300001,30.600002,30.600002,30.300001,29.900002,4066940,-479736,1075200,1075200,1075200,1075200,1075200,1075200,652800,1401600,26,5,34,58,31,72,4,0,19,12,6,33,15,1,14,28,4,20,14,0,27,1,0,13,35180,6579,918938,81039,82786,839789,7119,0,1117762,16082,17114,1014852,23297,1640,931680,30992,5891,925117,14941,0,974796,1768,0,1117537,-1.0,-1.0
1660081702918,28.417002,0.028436018,0.0,0.03846154,0.0,0.0,0.0,0.07692308,0.0,0.0,30.900002,30.300001,29.900002,30.600002,30.900002,30.900002,30.600002,30.300001,30.600002,30.300001,30.300001,30.300001,4069859,-464477,1075200,1075200,1075200,1075200,1075200,1075200,652800,1401600,35,6,51,80,32,76,3,8,35,18,2,48,17,1,14,21,2,24,22,1,32,3,0,20,48198,15892,1032184,95378,78329,858389,2724,30666,1040927,18121,4941,1011729,15599,3830,900678,30441,2235,953473,21515,5565,1165678,1016,0,1056710,-1.0,-1.0
1660081703999,28.414001,0.009569378,0.0,0.0,0.0,0.0,0.07692308,0.0,0.0,0.037037037,30.600002,30.600002,30.300001,30.300001,30.600002,30.600002,30.300001,30.300001,30.600002,30.900002,30.300001,30.300001,4071416,-447693,1075200,1075200,1075200,1075200,1075200,1075200,652800,1401600,32,7,56,39,20,71,5,3,29,0,0,8,20,0,19,23,3,39,10,1,30,0,0,18,38374,14846,992302,51212,49856,921692,8602,8012,1041912,0,0,969178,18177,0,940102,24901,4509,966017,12486,3145,984982,0,0,964551,-1.0,-1.0
1660081705034,28.414001,0.01923077,0.0,0.03846154,0.0,0.0,0.07692308,0.0,0.037037037,0.0,30.300001,30.600002,29.900002,30.600002,30.600002,30.300001,30.600002,30.600002,30.600002,30.900002,30.300001,29.900002,4071611,-432434,1075200,1075200,1075200,1075200,1075200,1075200,652800,1401600,43,8,56,29,23,69,10,9,28,0,0,8,16,0,12,29,2,37,15,1,25,4,2,18,45670,18003,949293,34776,70640,877582,13878,48149,961668,0,0,1072210,17156,0,858420,33978,3269,976130,14199,2059,982193,3867,5881,996954,-1.0,-1.0
1660081706095,28.417002,0.023809524,0.037037037,0.0,0.0,0.0,0.11111111,0.0,0.0,0.037037037,30.600002,30.300001,30.300001,30.300001,30.600002,30.300001,30.300001,30.300001,30.600002,30.600002,29.900002,30.300001,4073168,-439453,1075200,1075200,1075200,1075200,1075200,1075200,652800,1401600,34,4,53,21,15,72,10,14,26,0,0,11,24,0,26,10,5,15,12,8,27,0,0,12,48946,8710,989527,28778,38896,953035,13463,46217,996104,0,0,1086387,21553,0,886136,6090,14422,977123,18222,32587,980021,0,0,1122605,-1.0,-1.0
1660081707179,28.414001,0.014354067,0.037037037,0.0,0.0,0.0,0.11111111,0.0,0.0,0.0,30.600002,30.300001,30.300001,30.600002,30.300001,30.300001,30.300001,30.300001,30.600002,30.600002,30.300001,30.300001,4075504,-429992,1075200,1075200,1075200,1075200,1075200,1075200,652800,1401600,73,17,85,48,12,91,3,9,35,0,0,15,14,0,15,33,1,18,17,1,36,2,1,20,69007,35936,919624,45436,39410,943543,3898,42916,1013461,0,0,1020113,16008,0,904590,34090,4535,1018935,16501,896,1140980,2353,5325,1005293,-1.0,-1.0
1660081708238,28.402,0.023923445,0.037037037,0.03846154,0.0,0.0,0.0,0.074074075,0.0,0.0,30.600002,30.300001,29.900002,30.300001,30.600002,30.600002,29.900002,30.600002,30.600002,30.600002,30.300001,30.300001,4071611,-441894,1075200,1075200,1075200,1075200,1075200,1075200,652800,1401600,30,5,58,21,6,57,22,10,28,0,0,8,19,0,9,27,4,19,12,3,29,1,1,11,36335,9789,943835,21423,12301,994576,25456,46634,977712,0,0,1065853,15540,0,894312,26967,4769,985898,14878,12049,975976,640,5805,1006339,-1.0,-1.0
1660081709295,28.411001,0.019138755,0.03846154,0.0,0.0,0.0,0.07692308,0.0,0.037037037,0.0,30.600002,30.300001,30.300001,30.600002,30.600002,30.900002,30.300001,30.300001,30.900002,30.600002,29.900002,29.900002,4066356,-469055,1075200,1075200,1075200,1075200,1075200,1075200,652800,1401600,35,9,49,31,10,74,16,16,44,4,1,30,19,0,16,16,0,14,16,2,32,3,0,22,41321,22503,986683,42459,19228,949528,18581,50308,965705,5386,776,1024262,18040,0,912884,19976,0,945012,17065,7818,972811,3033,0,1008481,-1.0,-1.0
1660081710364,28.408,0.018957347,0.037037037,0.0,0.0,0.0,0.0,0.07692308,0.0,0.0,30.300001,30.300001,29.900002,30.300001,29.900002,30.600002,30.300001,30.300001,30.300001,30.600002,29.900002,30.300001,4073752,-405578,1075200,1075200,1075200,1075200,1075200,1075200,652800,1401600,42,2,47,21,5,52,16,9,28,1,1,12,10,0,11,17,0,17,10,0,29,0,1,14,56557,4263,1014289,28489,16262,984497,29131,25853,1008412,401,4364,1136541,13952,0,965635,16436,0,971933,13247,0,1179989,0,4431,1119438,-1.0,-1.0
1660081711430,28.402,0.023923445,0.03846154,0.0,0.03846154,0.0,0.07692308,0.0,0.0,0.03846154,30.300001,30.600002,30.300001,30.300001,30.300001,30.300001,30.300001,30.300001,30.600002,30.900002,30.300001,29.900002,4070248,-501709,1075200,1075200,1075200,1075200,1075200,1075200,652800,1401600,45,5,74,28,15,68,26,8,40,1,0,17,24,4,18,18,1,10,18,0,33,6,0,27,53803,5409,983243,33575,43912,949353,25217,23048,1004011,693,0,1052998,24001,8966,1002523,15535,655,892222,19591,0,971240,6731,0,1045273,-1.0,-1.0
1660081712502,28.405,0.014285714,0.0,0.0,0.0,0.0,0.04,0.037037037,0.0,0.0,30.900002,30.600002,30.300001,30.600002,30.600002,30.600002,30.300001,30.300001,30.600002,30.600002,30.300001,30.300001,4069081,-468139,1075200,1075200,1075200,1075200,1075200,1075200,652800,1401600,69,8,85,45,9,77,8,22,22,18,2,31,28,4,15,12,1,16,11,0,28,1,1,14,60526,12843,938611,45216,14026,982188,10537,94643,955015,16102,9416,1025510,30547,9429,922262,14110,1704,935353,16412,0,988470,919,3915,1070237,-1.0,-1.0
1660081713538,28.399002,0.29302326,0.4642857,0.42857143,0.23076923,0.25,0.5,0.33333334,0.10714286,0.16,30.600002,30.600002,29.900002,30.600002,30.300001,30.300001,30.300001,30.300001,30.300001,30.600002,29.900002,30.300001,4071611,-434875,1075200,1075200,1075200,1075200,1075200,1075200,652800,1401600,37,10,55,20,4,56,14,8,27,0,1,27,23,0,15,24,2,17,18,0,35,4,0,20,49253,21057,892541,19148,11388,960341,17800,27120,973864,0,0,1018002,26344,0,924077,24603,5176,915268,22604,0,947892,4629,0,903670,-1.0,-1.0
1660081714562,28.405,0.03809524,0.074074075,0.03846154,0.074074075,0.03846154,0.037037037,0.14285715,0.0,0.0,30.900002,30.600002,30.300001,30.600002,30.600002,30.600002,30.600002,30.600002,30.600002,30.900002,29.900002,30.300001,4072973,-414123,1075200,1075200,1075200,1075200,1075200,1075200,652800,1401600,132,18,75,153,27,74,84,11,45,128,15,50,41,9,32,87,11,40,56,4,48,122,12,50,104173,26422,732483,133011,58611,677844,63668,15882,775091,90737,37775,799487,31125,30027,733565,75968,25854,773736,37632,10003,948823,40581,21802,908496,-1.0,-1.0
1660081715623,28.402,0.024038462,0.074074075,0.037037037,0.0,0.0,0.0,0.08,0.0,0.0,30.600002,30.600002,29.900002,30.600002,30.600002,30.600002,30.300001,30.300001,30.600002,30.600002,29.900002,29.900002,4072000,-450439,1075200,1075200,1075200,1075200,1075200,1075200,652800,1401600,88,5,110,125,25,117,14,6,39,75,6,107,11,1,23,29,0,21,22,1,26,6,0,34,89983,11478,965961,123726,58864,851392,17354,22537,1054484,70499,5310,949237,17826,1313,928579,31564,0,899851,17596,4031,916335,3561,0,1095152,-1.0,-1.0
1660081716688,28.390001,0.02173913,0.12,0.0,0.0,0.041666668,0.041666668,0.09090909,0.04347826,0.0,30.600002,30.600002,29.900002,30.600002,30.600002,30.600002,30.300001,30.300001,30.300001,30.600002,29.900002,30.300001,4073168,-443725,1075200,1075200,1075200,1075200,1075200,1075200,652800,1401600,84,2,73,81,21,74,27,2,61,1,2,26,28,2,22,18,2,14,10,0,20,22,4,36,84159,3648,938552,71463,46445,931385,21077,3723,969562,3593,3985,1040166,31012,3971,1006091,14903,6841,878289,7404,0,1234671,24151,8372,987690,-1.0,-1.0
1660081717719,28.396002,0.110497236,0.0952381,0.08695652,0.13043478,0.08695652,0.08695652,0.16666667,0.125,0.13636364,30.600002,30.300001,29.900002,30.600002,30.300001,30.300001,30.300001,30.300001,30.300001,30.600002,29.900002,29.900002,4070054,-430298,1075200,1075200,1075200,1075200,1075200,1075200,652800,1401600,25,5,41,72,18,88,42,10,23,39,1,65,55,1,56,27,0,24,0,1,12,16,0,28,32003,6499,956625,80326,39109,882736,46782,21167,982659,48997,4272,944526,63166,908,896152,33017,0,837444,0,4039,975621,20116,0,943515,-1.0,-1.0
1660081718716,28.393002,0.37078652,0.52380955,0.3181818,0.39130434,0.45833334,0.39130434,0.36363637,0.045454547,0.41666666,31.600002,31.600002,31.300001,31.600002,31.600002,31.600002,31.300001,31.600002,31.900002,32.300003,30.900002,30.600002,4068886,-497131,1075200,1075200,1075200,1075200,1075200,1075200,652800,1401600,974,0,8,805,0,21,495,25,69,665,32,80,592,23,57,651,9,37,294,12,88,377,12,88,537074,0,197913,653090,0,188011,388335,46440,372376,374544,92768,362264,397388,40251,404404,314163,12529,417751,312605,34411,566437,227352,22071,534167,-1.0,-1.0
1660081719715,28.384,0.1534091,0.17391305,0.13636364,0.13636364,0.0952381,0.0952381,0.13043478,0.20833333,0.2857143,32.300003,31.900002,31.900002,32.300003,32.300003,32.600002,32.300003,32.600002,32.600002,32.9,31.300001,31.300001,4064993,-443725,1075200,1075200,1075200,1075200,1075200,1075200,652800,1401600,1026,1,12,1076,2,12,579,14,45,579,14,47,554,21,56,467,7,33,452,11,50,372,12,65,565137,546,131715,645214,8727,123536,345540,25748,392183,314656,25612,411117,311697,43043,354293,304606,7860,458494,385305,24764,487294,276018,21005,446713,-1.0,-1.0
1660081720758,28.399002,0.028708134,0.0,0.03846154,0.0,0.0,0.11111111,0.0,0.0,0.0,31.900002,31.600002,31.300001,31.900002,31.600002,31.600002,31.600002,31.600002,31.600002,31.900002,30.900002,30.900002,4095551,-152282,1075200,1075200,1075200,1075200,1075200,1075200,652800,1401600,865,7,15,833,7,18,455,46,78,503,21,77,328,29,79,616,37,80,268,23,104,288,58,104,733600,6489,103176,777692,23090,96641,376178,105856,434795,336208,56094,521803,321830,58876,472965,346689,89324,403091,242196,49405,637101,207469,136216,443062,-1.0,-1.0
1660081721817,28.390001,0.023809524,0.0,0.03846154,0.0,0.0,0.04,0.037037037,0.10714286,0.0,31.300001,31.300001,30.600002,30.900002,30.900002,30.900002,30.900002,30.900002,31.300001,31.300001,30.600002,30.900002,4103142,-142517,1075200,1075200,1075200,1075200,1075200,1075200,652800,1401600,80,12,57,119,14,71,50,25,38,68,9,24,16,5,21,51,11,35,8,3,28,65,7,60,164627,23045,820164,157646,44672,788433,62830,84199,870102,22614,15645,911925,22037,17314,927243,51004,23323,868216,10163,3623,969391,38226,26034,950307,-1.0,-1.0
1660081722867,28.390001,0.023584906,0.03846154,0.037037037,0.037037037,0.0,0.0,0.11111111,0.0,0.0,31.300001,30.900002,30.600002,30.900002,30.900002,31.300001,30.600002,30.600002,30.900002,30.900002,30.300001,30.600002,4099639,-152893,1075200,1075200,1075200,1075200,1075200,1075200,652800,1401600,51,9,74,23,13,67,16,15,27,0,0,13,15,0,16,8,1,19,14,1,25,11,0,41,61136,30411,951557,33289,33360,960996,29793,39733,986227,0,0,1118401,16024,0,909619,7772,4369,942257,18606,5013,1057981,12937,0,1040404,-1.0,-1.0
1660081723902,28.381,0.028846154,0.16666667,0.0,0.0,0.0,0.11111111,0.071428575,0.03846154,0.0,30.600002,30.600002,30.300001,30.900002,30.900002,30.900002,30.600002,30.600002,30.900002,30.900002,30.300001,30.600002,4103531,-97351,1075200,1075200,1075200,1075200,1075200,1075200,652800,1401600,66,8,67,51,5,77,27,13,29,11,2,23,43,1,28,18,0,28,12,0,28,0,0,21,68450,21637,892742,45067,6542,898509,40688,39818,917385,22740,2387,982093,46168,587,923314,24943,0,850358,13718,0,986069,0,0,942826,-1.0,-1.0
1660081724949,28.387001,0.03773585,0.0,0.03846154,0.0,0.0,0.07692308,0.0,0.037037037,0.0,30.900002,30.300001,30.300001,30.600002,30.600002,30.600002,30.600002,30.600002,30.600002,30.600002,30.600002,30.300001,4097498,-229797,1075200,1075200,1075200,1075200,1075200,1075200,652800,1401600,62,14,95,70,16,92,35,14,51,9,6,29,16,1,18,33,7,37,23,1,38,16,5,22,85149,32885,886279,80995,42393,918497,44660,30637,941219,18006,26560,1003448,25163,1194,903033,40845,25391,937287,28863,4308,972938,14290,13265,1033526,-1.0,-1.0
1660081726005,28.387001,0.019138755,0.0,0.0,0.0,0.0,0.0,0.115384616,0.0,0.0,30.600002,30.600002,30.300001,30.600002,30.900002,30.300001,30.300001,30.600002,30.600002,30.900002,30.600002,29.900002,4103531,-133972,1075200,1075200,1075200,1075200,1075200,1075200,652800,1401600,36,6,65,45,25,61,0,0,14,0,8,25,17,0,10,24,5,17,2,1,12,10,0,33,40534,11503,950476,61594,73510,883157,0,0,1016890,0,26276,1027157,17797,0,895521,20685,19120,967537,4385,4893,1056708,11810,0,979023,-1.0,-1.0
1660081727060,28.384,0.019138755,0.037037037,0.03846154,0.0,0.0,0.11111111,0.0,0.0,0.0,30.600002,30.600002,30.300001,30.600002,30.300001,30.600002,30.300001,30.300001,30.600002,30.900002,30.300001,30.300001,4105478,-139465,1075200,1075200,1075200,1075200,1075200,1075200,652800,1401600,48,4,58,39,23,70,2,3,14,6,5,44,32,0,22,19,2,11,9,0,18,16,0,34,55115,5715,986667,52032,59711,895559,3224,7197,1037711,6557,21830,1001687,37271,0,977257,16083,4078,901548,6873,0,989826,22715,0,1087468,-1.0,-1.0
1660081728101,28.393002,0.038647342,0.03846154,0.0,0.03846154,0.037037037,0.11111111,0.115384616,0.0,0.037037037,30.600002,30.600002,29.900002,30.300001,30.600002,30.300001,30.300001,30.300001,30.600002,30.600002,30.300001,29.900002,4103921,-130920,1075200,1075200,1075200,1075200,1075200,1075200,652800,1401600,49,10,64,47,22,66,3,0,16,16,5,26,27,0,29,16,1,16,12,0,28,1,0,12,61213,33377,917474,63432,46566,877665,5347,0,1037367,15435,15597,967242,26076,0,943947,16129,1521,902225,17057,0,973246,0,0,1016229,-1.0,-1.0
1660081729147,28.378002,0.009708738,0.0,0.0,0.0,0.0,0.115384616,0.03846154,0.0,0.0,30.900002,30.600002,30.300001,30.600002,30.600002,30.900002,30.600002,31.900002,30.900002,33.300003,30.300001,30.300001,4102364,-123901,1075200,1075200,1075200,1075200,1075200,1075200,652800,1401600,115,17,98,95,12,109,44,4,39,57,11,72,14,2,21,20,0,20,16,0,35,4,1,18,124851,32730,854499,104464,24933,905695,43915,13000,1018489,78113,34991,919554,42148,3039,889205,28889,0,928482,19405,0,1091395,1956,3631,956750,-1.0,-1.0
1660081730218,28.381,0.043715846,0.04347826,0.04347826,0.0,0.0,0.13043478,0.0,0.0,0.08695652,30.300001,30.300001,29.900002,30.600002,30.600002,30.300001,30.300001,30.300001,30.600002,30.600002,30.300001,29.900002,4105283,-117797,1075200,1075200,1075200,1075200,1075200,1075200,652800,1401600,135,23,123,62,7,94,17,2,37,13,2,23,14,0,16,10,1,19,3,0,11,10,5,41,132981,36852,826703,47895,3328,964776,14698,2986,963385,15740,5249,983374,13496,0,899136,12244,2577,1010834,2386,0,962889,11974,9477,988364,-1.0,-1.0
1660081731235,28.378002,0.014492754,0.03846154,0.0,0.0,0.0,0.07692308,0.0,0.0,0.03846154,30.300001,30.300001,30.300001,30.300001,30.300001,30.300001,30.300001,30.300001,30.600002,30.600002,29.900002,30.300001,4104505,-133972,1075200,1075200,1075200,1075200,1075200,1075200,652800,1401600,86,20,78,49,8,76,0,1,7,10,6,20,31,1,26,27,0,22,20,0,30,3,0,18,88995,45969,832032,53621,17350,914817,0,4391,1044668,11010,17177,1014717,28109,519,827850,26775,0,967306,16307,0,1069063,7169,0,1021204,-1.0,-1.0
1660081732277,28.375002,0.019323671,0.0,0.0,0.0,0.0,0.04,0.0,0.0,0.074074075,30.600002,30.300001,29.900002,30.300001,30.300001,30.600002,29.900002,30.600002,30.300001,30.600002,29.900002,29.900002,4105672,-117492,1075200,1075200,1075200,1075200,1075200,1075200,652800,1401600,63,11,79,49,8,75,5,2,23,5,3,26,18,0,15,69,5,54,12,0,29,1,0,16,67611,15549,928306,54612,12724,977398,4391,8612,1056254,6958,7702,1015026,19028,0,886868,57232,9991,952229,17824,0,974655,0,0,984825,-1.0,-1.0
1660081733329,28.372002,0.033175357,0.03846154,0.074074075,0.0,0.0,0.04,0.0,0.0,0.0,30.300001,30.600002,29.900002,30.300001,30.600002,30.300001,30.300001,30.600002,30.300001,31.300001,29.900002,29.900002,4104115,-137634,1075200,1075200,1075200,1075200,1075200,1075200,652800,1401600,54,7,68,44,9,87,12,0,33,6,5,32,19,0,13,42,1,31,19,0,36,3,2,17,64401,15684,913086,64360,20939,929120,21833,0,970943,15918,13657,1011029,28719,0,872322,43214,711,954164,21724,0,984175,3186,5558,995200,-1.0,-1.0
1660081734376,28.375002,0.024038462,0.03846154,0.0,0.0,0.0,0.11111111,0.0,0.037037037,0.0,30.300001,30.300001,29.900002,30.600002,30.600002,30.300001,29.900002,30.300001,30.600002,30.600002,29.900002,29.900002,4106256,-86364,1075200,1075200,1075200,1075200,1075200,1075200,652800,1401600,34,19,73,20,14,74,1,0,10,1,1,34,14,0,10,31,1,24,13,2,24,0,0,12,42374,50383,909425,26606,44334,938488,1782,0,1007107,1144,3632,1037638,15120,0,889808,31162,502,983293,17880,3348,941088,0,0,1011164,-1.0,-1.0
1660081735423,28.375002,0.01904762,0.0,0.0,0.0,0.037037037,0.0,0.07692308,0.0,0.035714287,30.300001,30.300001,29.900002,30.600002,30.600002,30.300001,30.300001,30.300001,30.300001,30.300001,29.900002,29.900002,4104115,-136718,1075200,1075200,1075200,1075200,1075200,1075200,652800,1401600,86,18,76,43,9,75,7,7,24,15,1,34,18,1,16,25,2,26,21,13,35,5,1,21,87153,36412,899087,48205,20763,952517,18039,25677,1074071,26033,889,1005380,28335,3611,871552,34082,4428,1004244,20929,53178,1093874,5396,6936,1098620,-1.0,-1.0
1660081736473,28.363,0.033653848,0.0,0.03846154,0.037037037,0.03846154,0.07692308,0.0,0.10714286,0.037037037,30.300001,30.300001,29.900002,30.300001,30.300001,30.300001,29.900002,30.300001,30.600002,30.300001,29.900002,29.900002,4106062,-126037,1075200,1075200,1075200,1075200,1075200,1075200,652800,1401600,41,8,71,24,18,86,16,5,41,0,1,27,6,3,27,17,0,12,21,7,36,0,1,12,52558,16404,967156,40428,53913,928358,20593,10110,991143,0,2985,1044008,8143,10269,1009069,17090,0,840333,17195,29296,973697,0,0,1009981,-1.0,-1.0
1660081737523,28.363,0.016216217,0.0,0.0,0.0,0.0,0.12,0.0,0.0,0.041666668,30.300001,30.300001,29.900002,30.300001,30.300001,30.300001,29.900002,30.600002,30.300001,30.900002,29.600002,29.900002,4104115,-155639,1075200,1075200,1075200,1075200,1075200,1075200,652800,1401600,50,11,68,39,21,73,1,3,16,5,2,26,18,0,23,27,1,14,15,1,30,8,1,26,54628,28946,933878,56527,64638,875672,1110,11265,1024624,8470,6446,1005545,23674,0,971516,23577,1450,908660,12576,4776,994430,7438,4197,979649,-1.0,-1.0
1660081738546,28.363,0.028846154,0.0,0.0,0.0,0.03846154,0.07692308,0.0,0.0,0.03846154,30.300001,29.900002,29.600002,30.300001,30.300001,30.300001,30.300001,29.900002,30.300001,30.600002,29.900002,29.900002,4105867,-127563,1075200,1075200,1075200,1075200,1075200,1075200,652800,1401600,27,7,40,53,7,66,3,0,12,40,13,29,18,0,25,45,1,41,1,0,15,12,0,29,33020,9962,959483,43201,10350,955281,2121,0,975904,33955,24687,955779,19432,0,929922,34924,24,896662,117,0,1019746,14624,0,990470,-1.0,-1.0
1660081739606,28.357002,0.019138755,0.0,0.03846154,0.0,0.0,0.074074075,0.037037037,0.0,0.0,30.300001,30.600002,29.900002,29.900002,30.300001,29.900002,30.300001,30.300001,30.300001,30.600002,29.600002,29.600002,4106256,-122070,1075200,1075200,1075200,1075200,1075200,1075200,652800,1401600,103,9,103,65,10,86,19,6,17,49,13,59,16,2,20,19,2,11,9,0,19,12,0,33,108292,9578,878755,53920,26714,958399,25800,11851,1069043,52526,49009,918235,21984,4279,894608,28582,2449,958813,7301,0,933809,13092,0,1055440,-1.0,-1.0
1660081740654,28.354002,0.019417476,0.0,0.03846154,0.0,0.0,0.0,0.07692308,0.0,0.03846154,30.300001,29.900002,29.900002,30.300001,30.300001,30.300001,29.900002,29.900002,30.300001,30.300001,29.600002,29.600002,4106451,-112915,1075200,1075200,1075200,1075200,1075200,1075200,652800,1401600,80,12,62,103,11,79,53,9,55,62,25,45,34,0,23,59,3,42,12,2,26,2,0,14,137495,20408,811877,140458,24280,830105,44554,28142,945623,50527,87324,890675,28693,0,871191,51352,9445,956049,11928,2605,987602,1607,0,1013422,-1.0,-1.0
1660081741669,28.351002,0.014634146,0.0,0.0,0.0,0.03846154,0.0,0.07692308,0.03846154,0.0,30.300001,29.900002,29.600002,30.300001,30.300001,30.300001,29.900002,30.300001,30.300001,30.300001,29.600002,29.900002,4106256,-142212,1075200,1075200,1075200,1075200,1075200,1075200,652800,1401600,31,6,56,29,7,68,9,2,31,37,15,48,36,2,15,14,0,10,19,7,35,3,0,17,40142,12928,932077,34761,21606,942246,10756,5070,936554,41224,32196,914182,38106,5392,946771,14511,0,870657,16929,28727,1060999,4567,0,913983,-1.0,-1.0
1660081742710,28.346,0.033333335,0.037037037,0.037037037,0.0,0.0,0.0,0.11111111,0.03846154,0.03846154,30.300001,30.300001,29.600002,30.300001,30.300001,30.300001,30.300001,29.900002,30.300001,30.300001,29.900002,29.900002,4105283,-144958,1075200,1075200,1075200,1075200,1075200,1075200,652800,1401600,33,5,48,50,11,102,0,0,7,46,2,71,60,6,62,43,0,50,10,0,37,0,0,8,36377,9440,994511,57011,21122,945321,0,0,1071441,43421,5700,955838,51288,13872,868527,48120,0,865559,13905,0,997353,0,0,1031504,-1.0,-1.0
1660081743754,28.343,0.014423077,0.037037037,0.037037037,0.0,0.037037037,0.07692308,0.0,0.0,0.03846154,29.900002,29.900002,29.900002,29.900002,29.900002,29.900002,29.600002,29.900002,30.300001,29.900002,29.600002,29.900002,4107035,-88501,1075200,1075200,1075200,1075200,1075200,1075200,652800,1401600,32,3,51,42,18,75,1,1,11,27,4,70,35,1,14,38,2,35,16,3,37,6,0,15,40211,4414,986648,42646,52096,939145,1722,2182,1008573,25006,12952,934544,28709,1680,983316,34154,7990,866170,12370,12192,1003082,2763,0,1155282,-1.0,-1.0
1660081744804,28.337002,0.023923445,0.04,0.0,0.0,0.0,0.0,0.07692308,0.0,0.071428575,29.900002,29.900002,29.600002,30.300001,29.600002,29.900002,30.300001,29.900002,30.300001,30.300001,29.600002,29.600002,4106451,-119323,1075200,1075200,1075200,1075200,1075200,1075200,652800,1401600,40,5,51,46,20,84,36,3,60,18,7,21,16,3,23,19,2,16,7,0,18,6,3,17,42164,7052,945687,56580,72132,890602,39175,3827,1027645,20649,14526,1038327,17395,12349,941499,19280,5554,949201,6957,0,1005964,6630,8681,972342,-1.0,-1.0
1660081745860,28.328001,0.024038462,0.0,0.03846154,0.0,0.037037037,0.0,0.07692308,0.037037037,0.0,30.600002,30.300001,29.900002,30.600002,30.300001,30.300001,29.900002,30.300001,30.300001,30.300001,29.900002,29.600002,4105088,-126342,1075200,1075200,1075200,1075200,1075200,1075200,652800,1401600,75,8,92,73,26,88,1,0,23,8,1,27,28,2,22,21,0,14,11,0,28,13,1,25,83703,20474,931580,86668,68834,860839,10880,0,1036138,18560,656,1039263,34212,3913,953039,28019,0,880748,11559,0,999393,9104,3347,979439,-1.0,-1.0
1660081746863,28.325,0.019417476,0.037037037,0.0,0.0,0.0,0.0,0.07692308,0.0,0.03846154,29.900002,29.600002,29.600002,29.900002,29.900002,30.300001,29.600002,29.900002,29.900002,30.300001,29.900002,29.900002,4107619,-136413,1075200,1075200,1075200,1075200,1075200,1075200,652800,1401600,46,9,77,49,23,56,2,0,12,0,0,12,26,0,14,15,0,9,0,0,13,10,0,29,56380,12752,879510,58202,66069,839130,1785,0,951646,0,0,942922,23721,0,963149,14673,0,853103,0,0,1021197,12847,0,991967,-1.0,-1.0
1660081747904,28.322,0.023923445,0.0,0.03846154,0.0,0.037037037,0.0,0.07692308,0.03846154,0.0,29.900002,30.300001,29.600002,29.900002,29.900002,30.300001,29.600002,29.900002,30.300001,29.900002,29.900002,29.600002,4106062,-141601,1075200,1075200,1075200,1075200,1075200,1075200,652800,1401600,46,8,67,25,27,65,0,0,6,0,1,7,21,2,19,14,0,7,9,0,21,13,0,31,55536,14245,955698,36786,88160,863676,0,0,1042453,0,4295,1014877,21473,2248,996834,15304,0,891187,5184,0,941607,14821,0,1059100,-1.0,-1.0
1660081748944,28.319002,0.033492822,0.0,0.03846154,0.0,0.0,0.07692308,0.0,0.0,0.03846154,29.900002,30.300001,29.600002,29.900002,30.300001,29.900002,29.600002,29.900002,30.300001,30.300001,29.600002,29.600002,4104505,-75683,1075200,1075200,1075200,1075200,1075200,1075200,652800,1401600,54,8,59,59,24,52,10,1,12,1,1,17,8,0,17,21,0,11,13,7,32,0,0,12,66294,23152,929536,57702,61519,884825,15654,716,1075983,7799,4342,1038285,17448,0,983550,29227,478,883651,17388,28097,1026093,0,0,1020159,-1.0,-1.0
1660081749974,28.313002,0.019138755,0.0,0.0,0.0,0.0,0.074074075,0.07692308,0.0,0.071428575,29.900002,29.900002,29.300001,29.900002,29.900002,29.900002,29.600002,29.900002,29.900002,29.900002,29.900002,29.600002,4108592,-103759,1075200,1075200,1075200,1075200,1075200,1075200,652800,1401600,41,4,69,36,19,68,8,1,17,0,1,14,17,0,14,29,1,15,16,0,35,4,0,22,53468,6789,910624,47080,56420,863586,7287,3436,923370,0,8711,1070074,17076,0,868764,28646,0,948926,14897,0,913014,3781,0,1000062,-1.0,-1.0
1660081750990,28.310001,0.12921348,0.05,0.13043478,0.13636364,0.13636364,0.13636364,0.13636364,0.045454547,0.13636364,29.900002,30.300001,29.900002,29.900002,30.300001,29.600002,29.600002,29.900002,30.300001,29.900002,29.600002,29.900002,4107813,-113220,1075200,1075200,1075200,1075200,1075200,1075200,652800,1401600,37,3,57,40,19,69,1,0,15,2,1,15,35,4,39,21,0,16,10,0,24,2,0,19,56122,3289,951519,52584,71240,838886,8629,0,1013156,10282,0,931634,41674,12399,871404,27714,0,917775,16531,0,894432,2749,0,1016483,-1.0,-1.0
1660081751988,28.310001,0.18048781,0.11111111,0.07692308,0.07692308,0.115384616,0.115384616,1.0,0.0,0.10714286,31.900002,31.600002,31.600002,31.900002,31.900002,32.300003,31.900002,31.900002,31.900002,32.600002,30.900002,30.600002,4080759,-312500,1075200,1075200,1075200,1075200,1075200,1075200,652800,1401600,774,0,32,704,3,26,369,0,5,379,0,4,473,0,4,300,0,2,320,0,6,320,0,17,398402,0,410883,435915,4376,401749,423870,0,477996,442817,0,493041,345032,0,411673,415216,0,439778,484229,0,678712,421810,0,435717,6.274509803921569E-4,6.274509803921569E-4
1660081753024,28.295002,0.07253886,0.083333336,0.0,0.04347826,0.08,0.125,0.15384616,0.041666668,0.0,31.600002,31.600002,31.300001,31.600002,31.900002,31.900002,31.600002,31.300001,31.300001,31.600002,30.900002,30.900002,4100612,-174865,1075200,1075200,1075200,1075200,1075200,1075200,652800,1401600,631,4,14,772,10,26,340,10,27,406,38,56,267,4,23,297,5,9,434,52,76,164,29,48,651149,5989,131081,689638,26637,92597,436183,19515,283498,497232,99159,200930,422282,5815,258828,355293,6807,15782,530841,142861,236167,362486,47078,360720,-1.0,-1.0
1660081754023,28.304,0.2159091,0.2857143,0.22727273,0.14285715,0.18181819,0.17391305,0.1904762,0.18181819,0.39130434,32.9,32.9,32.600002,32.9,33.300003,33.300003,32.9,33.600002,33.9,34.9,31.600002,31.900002,4091269,-248108,1075200,1075200,1075200,1075200,1075200,1075200,652800,1401600,823,0,7,858,1,6,517,17,46,561,21,38,560,17,33,370,10,32,508,32,71,358,1,47,530026,0,41651,556713,867,29737,318336,35110,215877,323538,36266,229052,324469,29098,242050,253943,20770,245407,364668,57362,285803,145481,15,274009,-1.0,-1.0
1660081755030,28.289001,0.34705883,0.5217391,0.2631579,0.36363637,0.33333334,0.5,0.35,0.18181819,0.33333334,32.300003,32.300003,31.900002,32.300003,31.900002,32.600002,32.600002,32.300003,32.600002,33.300003,31.900002,31.600002,4084262,-313415,1075200,1075200,1075200,1075200,1075200,1075200,652800,1401600,983,0,0,1119,0,0,717,64,69,447,34,86,544,35,66,382,21,79,323,44,125,238,15,99,784813,0,0,822802,0,0,384449,141142,297803,345106,63916,423591,378723,76762,382506,334746,42193,380087,283922,78452,470453,176735,41180,404332,-1.0,-1.0
1660081756060,28.286001,0.07920792,0.115384616,0.08,0.07692308,0.08,0.08,0.1923077,0.04,0.0,32.300003,32.300003,31.900002,32.600002,32.600002,32.600002,32.600002,32.600002,32.9,33.300003,31.900002,32.300003,4090296,-245361,1075200,1075200,1075200,1075200,1075200,1075200,652800,1401600,1074,0,8,982,0,11,804,14,39,520,32,72,639,27,35,413,7,31,547,9,76,442,12,69,585490,0,149039,698362,0,145168,411163,31956,382722,383463,79490,337746,360456,79383,357248,295508,13400,410877,418338,24721,489429,304270,30224,470037,-1.0,-1.0
1660081757084,28.283,0.1,0.041666668,0.08,0.08695652,0.16,0.1923077,0.15384616,0.0,0.03846154,31.600002,31.900002,31.300001,31.900002,31.600002,31.600002,31.900002,31.600002,32.300003,31.900002,31.300001,31.300001,4102753,-176086,1075200,1075200,1075200,1075200,1075200,1075200,652800,1401600,537,7,25,687,6,36,304,33,81,372,47,82,310,40,81,181,15,56,100,22,79,164,12,87,651405,15378,206997,700410,17157,212180,224636,78623,585675,208824,135927,544665,247411,81544,521865,199145,38395,609857,121542,52869,742541,108040,28805,680833,-1.0,-1.0
1660081758108,28.283,0.14611872,0.0,0.035714287,0.0,0.0,0.14285715,1.0,0.0,0.0,31.600002,31.900002,31.300001,31.600002,31.600002,31.600002,31.600002,31.600002,31.600002,31.900002,30.900002,30.900002,4101585,-161132,1075200,1075200,1075200,1075200,1075200,1075200,652800,1401600,413,11,43,591,6,38,265,57,79,189,28,51,147,10,38,116,13,43,112,14,61,81,9,52,539437,20978,306978,574781,10694,348362,224133,172061,507259,150507,51759,711241,107313,20886,499739,113676,23172,656882,74322,50713,874188,70448,16636,866963,-1.0,-1.0
1660081759125,28.283,0.023696683,0.0,0.0,0.0,0.03846154,0.074074075,0.03846154,0.0,0.0,31.600002,31.600002,31.300001,31.600002,31.900002,31.600002,31.300001,31.300001,31.600002,31.300001,30.600002,30.600002,4101001,-149536,1075200,1075200,1075200,1075200,1075200,1075200,652800,1401600,120,7,41,183,23,62,42,13,43,88,22,84,32,3,33,19,6,14,3,7,18,0,0,15,226294,15493,753252,270753,64892,659126,51578,39442,883808,108056,54577,828250,36759,4991,783353,25130,19569,493359,5500,23622,1022423,0,0,993540,-1.0,-1.0
1660081760135,28.283,0.03827751,0.0,0.0,0.0,0.0,0.21428572,0.074074075,0.0,0.0,30.900002,30.600002,30.900002,30.600002,31.300001,30.900002,30.600002,30.600002,30.900002,30.900002,30.600002,30.600002,4102169,-153198,1075200,1075200,1075200,1075200,1075200,1075200,652800,1401600,88,2,31,121,1,44,42,12,32,71,23,74,22,1,21,37,1,26,1,2,11,0,0,8,148060,4602,818911,185611,2607,794130,20703,37501,936563,73988,55907,836803,18247,4731,806788,35118,2605,904503,0,8620,938864,0,0,1083610,-1.0,-1.0
1660081761170,28.28,0.021052632,0.0,0.0,0.08,0.0,0.12,0.0,0.04,0.0,30.600002,30.900002,30.300001,30.600002,30.900002,30.900002,30.600002,30.600002,31.300001,31.300001,30.300001,30.600002,4104505,-158996,1075200,1075200,1075200,1075200,1075200,1075200,652800,1401600,61,4,26,158,5,47,57,6,51,68,21,44,55,4,38,76,11,45,0,0,8,0,0,6,180157,12137,808173,225313,16638,764794,49998,17148,946859,46537,60697,892058,45873,6635,810799,81959,22375,899030,0,0,1032473,0,0,929855,-1.0,-1.0
1660081762188,28.277,0.16425121,0.10714286,0.04,0.03846154,0.0,0.88461536,0.25925925,0.03846154,0.0,30.900002,30.900002,30.300001,30.600002,30.900002,31.300001,30.600002,30.600002,30.600002,30.900002,29.900002,30.300001,4104505,-157775,1075200,1075200,1075200,1075200,1075200,1075200,652800,1401600,96,3,32,127,8,36,22,8,32,23,7,29,66,2,24,27,4,25,0,0,6,0,0,6,179752,6227,825689,196558,38381,744996,14718,20931,963614,13293,21371,967862,47688,4164,835658,11270,10054,875164,0,0,915458,0,0,997745,-1.0,-1.0
1660081763190,28.28,0.033653848,0.03846154,0.03846154,0.0,0.03846154,0.0,0.08,0.0,0.0,30.900002,30.900002,30.600002,30.900002,30.900002,30.900002,30.600002,30.600002,30.900002,30.900002,30.300001,30.300001,4100223,-199890,1075200,1075200,1075200,1075200,1075200,1075200,652800,1401600,174,15,54,223,28,71,63,8,38,124,18,67,62,4,24,52,2,34,20,0,7,1,3,13,210212,37728,691049,253872,78089,634194,38531,19830,915092,84284,49917,817220,24653,13402,508635,42372,4770,820374,3103,0,1089779,263,8503,1005505,-1.0,-1.0
1660081764226,28.277,0.04519774,0.0,0.0,0.045454547,0.04347826,0.09090909,0.14285715,0.0,0.0,30.600002,30.300001,30.600002,30.600002,30.900002,30.600002,30.300001,30.300001,30.900002,30.600002,30.300001,30.300001,4104115,-146484,1075200,1075200,1075200,1075200,1075200,1075200,652800,1401600,57,4,26,132,9,38,28,9,43,67,14,65,61,1,44,55,3,41,0,0,4,0,0,6,180198,7380,817943,192488,32701,773192,40611,27008,948848,66967,41578,906958,47665,458,925096,44995,9393,849226,0,0,914174,0,0,1000618,-1.0,-1.0
1660081765273,28.277,0.02173913,0.0,0.0,0.041666668,0.041666668,0.08695652,0.041666668,0.0,0.041666668,30.300001,30.300001,30.300001,30.600002,30.300001,30.300001,30.300001,30.300001,30.600002,30.600002,29.900002,29.900002,4106062,-120239,1075200,1075200,1075200,1075200,1075200,1075200,652800,1401600,80,12,29,125,14,46,45,10,32,20,11,34,54,6,42,21,2,31,0,0,4,0,0,6,201377,33495,818201,205919,49180,767101,29205,36959,972211,19643,37122,864752,38204,10997,879155,24635,2884,920503,0,0,991925,0,0,995844,-1.0,-1.0
1660081766283,28.271002,0.040697675,0.0,0.045454547,0.0,0.045454547,0.18181819,0.13043478,0.04347826,0.0,30.600002,30.300001,30.300001,30.600002,30.600002,30.300001,30.300001,30.300001,30.300001,30.600002,29.900002,29.900002,4106256,-142517,1075200,1075200,1075200,1075200,1075200,1075200,652800,1401600,140,14,51,127,7,43,25,6,28,46,17,35,16,2,21,50,4,24,0,0,4,0,0,6,222432,43398,696909,223417,13675,689134,21150,19253,920200,34299,64545,1006694,15295,5581,813699,50088,3149,928756,0,0,994159,0,0,998305,-1.0,-1.0
1660081767285,28.265001,0.028571429,0.0,0.0,0.0,0.045454547,0.0,0.04761905,0.0,0.0,30.600002,30.300001,29.900002,30.600002,30.300001,30.600002,30.300001,30.300001,30.600002,30.300001,29.900002,29.900002,4105283,-179138,1075200,1075200,1075200,1075200,1075200,1075200,652800,1401600,128,13,60,174,3,41,51,2,31,64,20,52,46,5,28,40,1,30,0,0,7,0,0,6,224000,21032,713163,217004,5644,782911,32853,7231,892022,74915,66274,836043,46290,10302,826616,41925,968,853554,0,0,1061806,0,0,1014426,-1.0,-1.0
1660081768286,28.271002,0.037433155,0.0,0.041666668,0.0,0.0,0.13043478,0.08695652,0.0,0.0,30.600002,30.600002,30.300001,30.300001,30.900002,30.600002,30.300001,30.300001,30.300001,30.600002,29.900002,30.300001,4103921,-160217,1075200,1075200,1075200,1075200,1075200,1075200,652800,1401600,134,28,51,156,14,69,47,8,42,20,7,42,74,12,63,98,11,39,1,0,5,0,4,11,241571,68536,638677,234375,42177,657816,56055,16666,921213,30715,22081,910522,78884,20952,772064,59459,30052,738643,93,0,942221,0,23484,973628,-1.0,-1.0
1660081769309,28.268002,0.031914894,0.0,0.04347826,0.0,0.08,0.08695652,0.041666668,0.041666668,0.04,30.300001,29.900002,29.900002,30.300001,29.900002,30.300001,30.300001,29.900002,30.600002,30.600002,29.900002,30.300001,4103726,-153198,1075200,1075200,1075200,1075200,1075200,1075200,652800,1401600,164,18,43,151,4,38,66,14,54,40,8,44,165,9,44,63,7,47,32,0,10,0,2,15,203639,52067,726274,204102,12252,794827,48388,38963,905068,36215,28207,920552,71005,18333,846107,57395,21179,754373,1759,0,977314,0,8547,987289,-1.0,-1.0
1660081770329,28.265001,0.028985508,0.0,0.037037037,0.0,0.0,0.115384616,0.07692308,0.0,0.0,30.300001,30.300001,29.600002,30.300001,30.300001,30.300001,29.900002,30.300001,30.300001,30.600002,29.900002,29.900002,4105283,-130004,1075200,1075200,1075200,1075200,1075200,1075200,652800,1401600,114,18,47,113,9,44,26,5,40,31,7,44,55,2,35,75,3,60,0,0,4,0,0,6,215348,58958,709204,217234,26008,753718,27129,14342,885063,29542,13267,962191,39318,2056,866720,51314,10088,863511,0,0,1011472,0,0,1014885,-1.0,-1.0
1660081771368,28.268002,0.04784689,0.03846154,0.04,0.03846154,0.037037037,0.07692308,0.08,0.0,0.037037037,30.600002,29.900002,29.900002,29.900002,29.900002,30.300001,29.900002,30.300001,30.300001,30.600002,29.900002,29.900002,4105088,-155639,1075200,1075200,1075200,1075200,1075200,1075200,652800,1401600,116,10,53,114,8,50,66,9,51,22,3,35,34,8,42,83,14,66,0,0,4,0,0,6,229024,22248,770946,231060,25455,771427,54896,15605,983337,19159,9162,985168,26771,23677,881689,73911,35460,796514,0,0,994534,0,0,998224,-1.0,-1.0
1660081772427,28.262001,0.034285713,0.045454547,0.0,0.0,0.0,0.09090909,0.0,0.0,0.0,30.300001,30.300001,29.900002,29.900002,30.300001,30.300001,29.900002,29.900002,30.300001,30.300001,30.300001,29.900002,4108592,-140075,1075200,1075200,1075200,1075200,1075200,1075200,652800,1401600,115,9,41,173,17,41,43,7,62,64,4,33,59,10,43,30,2,23,0,0,5,0,1,9,227140,24955,755465,238596,58336,703816,53931,23153,977544,35056,15261,955822,57621,22042,888136,41243,3955,882889,0,0,1065695,0,6456,1069901,-1.0,-1.0
1660081773433,28.262001,0.06341463,0.074074075,0.0,0.07692308,0.0,0.2,0.16,0.0,0.0,30.300001,30.300001,29.900002,30.300001,30.300001,29.900002,29.900002,29.900002,30.300001,30.300001,29.900002,29.900002,4105867,-168151,1075200,1075200,1075200,1075200,1075200,1075200,652800,1401600,123,12,63,196,39,64,73,8,46,70,13,74,41,11,40,41,9,40,0,0,6,0,0,8,233635,27499,715525,265481,103623,601275,50893,36432,910215,74493,35696,839731,51866,27780,757323,44388,30410,852138,0,0,941164,0,0,937302,-1.0,-1.0
1660081774480,28.262001,0.020408163,0.0,0.0,0.0,0.04,0.12,0.04,0.0,0.0,30.600002,30.300001,29.900002,30.300001,30.900002,30.600002,30.300001,30.300001,30.300001,30.600002,29.600002,29.900002,4106256,-141601,1075200,1075200,1075200,1075200,1075200,1075200,652800,1401600,217,32,96,271,48,78,124,41,94,54,5,47,12,3,19,52,3,28,0,0,4,0,0,6,295979,83793,623139,328225,172227,513970,129750,93510,771894,44608,16997,983487,9026,13085,410117,58884,6277,833924,0,0,991942,0,0,995847,-1.0,-1.0
1660081775527,28.253002,0.019138755,0.0,0.0,0.0,0.0,0.037037037,0.115384616,0.0,0.0,30.300001,30.300001,29.900002,29.900002,30.300001,29.900002,29.900002,29.900002,30.300001,30.300001,29.600002,29.600002,4106256,-138855,1075200,1075200,1075200,1075200,1075200,1075200,652800,1401600,137,6,52,155,21,33,27,2,33,58,3,46,34,4,35,63,5,42,0,0,4,0,0,8,222166,23649,747529,228317,49512,729980,24906,3437,981521,48418,13795,967560,33367,11017,833589,57618,9678,918501,0,0,993951,0,0,997139,-1.0,-1.0
1660081776556,28.253002,0.01923077,0.0,0.0,0.0,0.0,0.037037037,0.115384616,0.0,0.0,30.300001,29.900002,29.600002,29.900002,29.900002,29.900002,29.900002,29.600002,30.300001,30.300001,29.900002,29.600002,4106840,-137939,1075200,1075200,1075200,1075200,1075200,1075200,652800,1401600,98,7,34,158,18,49,25,8,35,35,6,29,80,10,64,51,3,52,0,0,4,0,0,6,217823,15728,769934,236851,45380,714587,28140,30981,927361,33980,9041,899887,71446,27707,872779,48548,1845,846014,0,0,1014285,0,0,1017759,-1.0,-1.0
1660081777614,28.253002,0.014354067,0.0,0.0,0.0,0.0,0.037037037,0.11111111,0.0,0.0,29.900002,30.300001,29.900002,30.300001,30.300001,29.900002,29.900002,29.900002,29.900002,29.900002,29.900002,29.600002,4107813,-142212,1075200,1075200,1075200,1075200,1075200,1075200,652800,1401600,100,10,50,154,18,50,26,3,32,60,4,32,44,2,53,22,6,30,0,0,4,0,0,6,205941,26299,799492,237252,45169,756937,30048,8600,1043058,34118,14652,951338,42462,5421,968401,25402,12093,856389,0,0,991752,0,0,1482985,-1.0,-1.0
1660081778630,28.247002,0.009756098,0.03846154,0.0,0.0,0.0,0.0,0.07692308,0.0,0.0,29.900002,29.900002,29.900002,29.900002,30.300001,29.900002,29.600002,29.900002,30.300001,29.900002,29.600002,29.900002,4104115,-165405,1075200,1075200,1075200,1075200,1075200,1075200,652800,1401600,78,11,38,136,12,33,64,10,55,42,5,44,78,8,53,29,6,30,0,0,4,0,0,6,202575,32456,739217,226965,38800,714727,38101,33071,862568,51699,5983,1034704,43192,25116,869820,31788,14680,811105,0,0,994272,0,0,510496,-1.0,-1.0
1660081779637,28.241001,0.01904762,0.0,0.0,0.0,0.0,0.11111111,0.0,0.0,0.0,29.900002,29.900002,29.600002,29.900002,29.900002,29.900002,29.900002,30.300001,29.900002,29.900002,29.900002,29.600002,4103921,-157775,1075200,1075200,1075200,1075200,1075200,1075200,652800,1401600,116,6,48,183,7,47,44,5,41,35,13,36,59,6,45,55,3,51,0,0,4,0,0,7,226265,8472,756194,237593,10699,746237,38684,14147,993288,29752,31501,866856,57565,11783,862526,61317,2551,844880,0,0,1490769,0,0,1495418,-1.0,-1.0
1660081780677,28.247002,0.014354067,0.0,0.03846154,0.037037037,0.0,0.07692308,0.0,0.0,0.0,30.300001,29.900002,29.600002,29.900002,30.300001,30.300001,29.900002,29.900002,29.900002,29.900002,29.600002,29.600002,4104505,-117492,1075200,1075200,1075200,1075200,1075200,1075200,652800,1401600,108,5,46,168,14,43,41,6,40,50,8,49,59,8,42,42,2,40,0,0,6,0,0,8,220419,2965,785330,243959,36557,717208,32118,15016,964908,53498,16048,1007178,45624,25320,803515,37522,1170,913403,0,0,1011776,0,0,1017042,-1.0,-1.0
1660081781728,28.238,0.03846154,0.03846154,0.0,0.07692308,0.04,0.071428575,0.14814815,0.0,0.0,29.900002,30.300001,29.600002,30.300001,29.900002,30.300001,30.300001,29.900002,30.300001,29.900002,29.600002,29.900002,4107619,-148315,1075200,1075200,1075200,1075200,1075200,1075200,652800,1401600,127,8,32,203,6,37,92,17,67,92,18,41,25,1,37,35,3,33,0,0,19,0,0,6,241178,25052,758555,263793,18134,736774,97435,30381,876429,58192,61115,897320,38078,1745,888118,36822,10780,890195,0,0,993345,0,0,998199,-1.0,-1.0
1660081782773,28.235,0.039215688,0.07692308,0.0,0.11111111,0.03846154,0.08,0.0,0.0,0.0,30.300001,30.300001,29.600002,30.300001,30.300001,29.900002,29.900002,29.900002,29.900002,30.300001,29.900002,29.600002,4103142,-126342,1075200,1075200,1075200,1075200,1075200,1075200,652800,1401600,137,3,54,184,11,49,26,11,50,34,2,33,67,2,39,40,0,39,0,0,4,0,0,8,211988,5700,780317,234801,29309,741228,36986,28572,926380,25112,5859,968546,44887,1361,887507,43848,0,884846,0,0,1010694,0,0,1014099,-1.0,-1.0
1660081783807,28.238,0.041884817,0.04,0.0,0.0,0.041666668,0.08695652,0.041666668,0.0,0.0,30.300001,30.300001,29.900002,30.300001,30.300001,30.300001,29.600002,29.900002,30.300001,30.300001,29.600002,29.600002,4101585,-152588,1075200,1075200,1075200,1075200,1075200,1075200,652800,1401600,132,5,44,183,4,37,65,9,60,41,15,38,36,2,23,87,5,27,1,0,5,0,0,6,209963,15872,776771,238245,7010,773466,52771,21333,917196,48551,51218,888674,43435,5489,841413,48802,10549,917076,90,0,1087827,0,0,996440,-1.0,-1.0
1660081784837,28.232002,0.03763441,0.0,0.041666668,0.04347826,0.0,0.0,0.125,0.0,0.0,29.900002,30.300001,29.600002,29.900002,29.900002,30.300001,29.900002,29.900002,29.900002,30.300001,29.600002,29.900002,4103921,-154419,1075200,1075200,1075200,1075200,1075200,1075200,652800,1401600,130,5,35,106,5,42,31,12,44,31,5,30,94,17,56,38,14,41,0,0,4,0,0,6,194130,9276,766633,196496,17243,788927,34163,36672,941529,35365,7171,940659,86371,40974,764461,39825,36430,849082,0,0,901391,0,0,1000990,-1.0,-1.0
1660081785852,28.232002,0.050561797,0.0,0.045454547,0.13043478,0.045454547,0.13636364,0.08695652,0.0,0.0,29.900002,29.900002,29.600002,29.900002,29.600002,29.900002,29.900002,29.900002,29.900002,29.900002,29.600002,29.600002,4105283,-135498,1075200,1075200,1075200,1075200,1075200,1075200,652800,1401600,81,1,18,149,4,43,83,29,68,28,3,26,83,9,61,25,4,34,0,0,5,0,0,6,199895,683,819836,214981,9251,762258,85659,78256,809123,31490,8024,971161,71830,20323,875823,23296,13495,814045,0,0,993639,0,0,997017,-1.0,-1.0
1660081786860,28.226002,0.039106146,0.0,0.0,0.0,0.08695652,0.0,0.09090909,0.0,0.0,29.900002,29.900002,29.600002,30.300001,29.900002,29.900002,29.900002,29.900002,29.900002,29.900002,29.600002,29.600002,4105283,-156555,1075200,1075200,1075200,1075200,1075200,1075200,652800,1401600,111,9,41,157,7,40,86,17,68,19,9,32,69,4,42,77,6,36,0,0,5,0,0,7,199699,32213,738679,218615,13885,748017,84990,33967,854851,22233,29305,964737,56779,10721,829165,62743,10608,813429,0,0,1011130,0,0,1014934,-1.0,-1.0
1660081787868,28.218,0.03125,0.0,0.0,0.0,0.0,0.08,0.08695652,0.0,0.04,30.300001,30.300001,29.600002,29.900002,30.300001,30.300001,29.900002,29.600002,29.900002,30.300001,29.900002,29.600002,4107424,-156250,1075200,1075200,1075200,1075200,1075200,1075200,652800,1401600,150,11,52,130,8,55,62,9,46,26,5,34,77,10,44,44,4,31,0,0,5,0,0,8,220830,24615,734149,209837,25670,736122,41100,23255,910108,26478,10395,912653,58652,31383,794872,42789,8325,829586,0,0,994556,0,0,1130580,-1.0,-1.0
1660081788897,28.221,0.03125,0.0,0.0,0.041666668,0.041666668,0.125,0.0,0.0,0.0,29.900002,29.900002,29.600002,29.900002,29.900002,29.900002,29.600002,29.600002,29.900002,29.900002,29.600002,29.600002,4105283,-145263,1075200,1075200,1075200,1075200,1075200,1075200,652800,1401600,110,9,27,146,11,55,39,6,38,36,12,58,114,15,81,36,2,44,0,0,4,0,0,6,205397,17872,749183,233918,33190,736343,37988,11011,966157,35015,33452,973596,104503,37601,808932,39573,7715,839408,0,0,993639,0,0,864069,-1.0,-1.0
1660081789912,28.209002,0.031914894,0.0,0.0,0.0,0.041666668,0.0,0.08695652,0.041666668,0.0,30.300001,29.900002,29.600002,30.300001,29.900002,29.900002,29.900002,29.900002,29.900002,29.900002,29.300001,29.600002,4104310,-161132,1075200,1075200,1075200,1075200,1075200,1075200,652800,1401600,74,5,31,146,14,40,19,4,27,70,12,50,68,9,64,50,4,31,0,0,4,0,0,7,193550,10542,803838,222930,50355,705762,25324,8462,956986,40151,41296,914855,61471,21081,858836,38125,13227,834487,0,0,1014572,0,0,1018082,-1.0,-1.0
1660081790932,28.206001,0.029126214,0.074074075,0.03846154,0.03846154,0.03846154,0.115384616,0.0,0.0,0.037037037,29.900002,29.900002,29.600002,29.900002,29.900002,29.900002,29.600002,29.600002,29.900002,29.900002,29.600002,29.600002,4105478,-149536,1075200,1075200,1075200,1075200,1075200,1075200,652800,1401600,86,5,29,138,15,45,29,3,41,69,25,75,60,9,42,70,15,49,0,0,4,0,0,6,200610,11213,796938,229339,30041,734778,36078,8654,941206,78134,54423,840725,44186,21874,788483,81535,48782,806675,0,0,991118,0,0,994991,-1.0,-1.0
1660081791981,28.203001,0.028985508,0.0,0.0,0.0,0.0,0.03846154,0.08,0.0,0.0,29.900002,29.900002,29.600002,29.600002,29.900002,29.900002,29.600002,29.900002,29.900002,29.900002,29.900002,29.600002,4107813,-126037,1075200,1075200,1075200,1075200,1075200,1075200,652800,1401600,77,4,32,141,9,53,27,9,33,75,16,93,34,0,40,68,19,60,0,0,4,0,0,6,204365,7863,799478,218229,28984,776880,30155,31802,972050,85494,48577,873965,42387,0,883419,82432,58508,819226,0,0,993811,0,0,998359,-1.0,-1.0
1660081793029,28.2,0.023923445,0.0,0.0,0.03846154,0.0,0.03846154,0.08,0.0,0.0,29.900002,29.900002,29.600002,29.900002,29.900002,29.600002,29.600002,29.600002,29.600002,30.300001,29.600002,29.600002,4108203,-144958,1075200,1075200,1075200,1075200,1075200,1075200,652800,1401600,99,4,38,129,11,53,100,7,67,52,12,62,26,3,36,39,1,42,0,0,5,0,0,7,198647,8600,821830,216281,32318,759383,75380,9935,942163,54466,25334,937379,22710,6050,974001,38679,970,851797,0,0,1012638,0,0,1297450,-1.0,-1.0
1660081794084,28.191002,0.028985508,0.0,0.0,0.03846154,0.0,0.08,0.074074075,0.0,0.0,29.900002,29.600002,29.600002,29.600002,29.600002,29.900002,29.300001,29.600002,29.600002,29.600002,29.300001,29.300001,4106451,-143737,1075200,1075200,1075200,1075200,1075200,1075200,652800,1401600,115,13,27,125,11,43,58,11,58,35,9,46,22,4,30,35,1,26,0,0,5,0,0,6,218080,50721,809843,217025,29033,783800,54606,25545,942545,36375,35565,966655,25088,15078,908944,24535,3209,923628,0,0,993891,0,0,717109,-1.0,-1.0
1660081795131,28.191002,0.023809524,0.071428575,0.03846154,0.0,0.0,0.074074075,0.04,0.0,0.0,29.900002,29.900002,29.600002,29.900002,29.900002,29.600002,29.600002,29.600002,29.900002,30.300001,29.600002,29.300001,4107229,-140991,1075200,1075200,1075200,1075200,1075200,1075200,652800,1401600,113,16,41,132,2,43,53,8,58,74,26,55,30,1,35,54,9,50,0,0,4,0,0,6,222644,28268,757171,214300,5298,775171,53573,19323,938653,60548,63035,860318,37960,0,840922,60065,32214,878492,0,0,992383,0,0,995829,-1.0,-1.0
1660081796158,28.194002,0.028571429,0.0,0.0,0.0,0.0,0.037037037,0.11111111,0.0,0.0,29.900002,29.600002,29.600002,29.900002,29.900002,29.600002,29.300001,29.600002,29.900002,29.900002,29.600002,29.600002,4105283,-138549,1075200,1075200,1075200,1075200,1075200,1075200,652800,1401600,112,9,35,105,5,40,67,12,60,38,5,37,56,3,38,63,3,42,0,0,4,0,0,6,210014,22335,768963,203429,14783,788126,54773,31183,918619,32575,12835,922435,45682,1503,916198,45111,8506,848021,0,0,1013448,0,0,1017358,-1.0,-1.0
1660081797190,28.179,0.02020202,0.0,0.03846154,0.0,0.04,0.14814815,0.0,0.0,0.0,29.600002,29.900002,29.600002,29.600002,29.900002,29.600002,29.600002,29.600002,29.900002,29.900002,29.300001,29.300001,4107035,-140991,1075200,1075200,1075200,1075200,1075200,1075200,652800,1401600,86,13,43,144,3,52,73,12,61,39,10,38,78,8,59,38,5,49,0,0,4,0,0,6,212277,43794,713458,224322,8593,761415,79484,27886,901299,43869,32221,992147,59595,35401,837877,50863,8218,861229,0,0,994643,0,0,998750,-1.0,-1.0
1660081798191,28.191002,0.014492754,0.0,0.03846154,0.0,0.0,0.0,0.08,0.0,0.0,29.900002,29.900002,29.300001,29.900002,29.900002,29.300001,29.900002,29.600002,29.900002,29.900002,29.600002,29.600002,4107619,-160522,1075200,1075200,1075200,1075200,1075200,1075200,652800,1401600,97,6,25,125,0,49,61,25,60,41,8,47,47,4,35,45,3,33,0,0,4,0,0,6,206918,14064,754305,200769,0,771691,69166,86870,808231,28751,19072,910093,37688,7842,794348,38928,5884,890261,0,0,991345,0,0,994981,-1.0,-1.0
1660081799192,28.182001,0.053398058,0.04,0.04,0.0,0.14285715,0.03846154,0.12,0.0,0.0,29.900002,29.900002,29.300001,29.600002,29.600002,29.900002,29.600002,29.600002,29.600002,29.900002,29.600002,29.300001,4100417,-222473,1075200,1075200,1075200,1075200,1075200,1075200,652800,1401600,127,11,26,137,1,46,23,9,30,43,6,42,52,6,48,42,7,40,0,0,4,0,0,6,234387,22508,752033,194060,4335,756074,24389,17117,909563,27742,18907,949210,41872,19696,896925,39857,13420,779657,0,0,1011327,0,0,1015359,-1.0,-1.0
1660081800192,28.182001,0.023809524,0.074074075,0.0,0.037037037,0.0,0.037037037,0.11111111,0.0,0.0,29.600002,29.900002,29.600002,29.900002,29.900002,29.900002,29.600002,29.600002,29.600002,29.900002,29.600002,29.300001,4105672,-158996,1075200,1075200,1075200,1075200,1075200,1075200,652800,1401600,166,7,45,120,5,49,74,8,48,49,18,47,94,11,60,61,9,32,0,0,4,0,0,7,319796,13097,597151,274327,12964,685586,69709,14540,909672,65497,58660,826461,80294,38242,832147,37976,20179,772688,0,0,996781,0,0,1175035,-1.0,-1.0
1660081801234,28.176,0.014354067,0.0,0.0,0.0,0.0,0.11111111,0.03846154,0.0,0.0,29.600002,29.600002,28.900002,29.600002,29.900002,29.600002,29.300001,29.600002,29.900002,29.900002,29.600002,29.300001,4105478,-159912,1075200,1075200,1075200,1075200,1075200,1075200,652800,1401600,133,13,55,122,11,55,69,7,44,32,14,41,50,8,47,30,2,34,0,0,4,0,0,8,229947,33032,752248,208018,36130,775515,32337,21397,903213,27632,39744,980044,46747,19744,912955,35304,10173,846021,0,0,990448,0,0,819297,-1.0,-1.0
1660081802267,28.170002,0.15060242,0.15789473,0.0952381,0.1,0.14285715,0.17391305,0.1,0.0952381,0.25,29.900002,29.900002,29.300001,29.600002,29.600002,29.600002,29.600002,29.600002,29.900002,29.900002,29.600002,29.300001,4106840,-126342,1075200,1075200,1075200,1075200,1075200,1075200,652800,1401600,120,17,44,147,12,57,60,6,36,42,10,47,45,8,31,53,12,56,1,0,5,1,0,7,245661,50324,696840,228122,22201,725341,53324,13965,1016861,63870,25175,911487,44189,28076,801656,65094,39589,856986,8386,0,1469954,8436,0,1475587,-1.0,-1.0
1660081803292,28.164001,0.16161616,0.18181819,0.18518518,0.125,0.2,0.125,0.15384616,0.14814815,0.20833333,31.300001,30.900002,30.600002,30.900002,31.300001,30.900002,30.900002,30.600002,31.300001,30.900002,30.900002,30.600002,4096524,-209655,1075200,1075200,1075200,1075200,1075200,1075200,652800,1401600,1222,0,2,1119,1,1,859,28,71,593,66,67,429,28,53,625,30,68,328,9,101,451,17,101,731056,0,3007,848914,0,0,425807,45466,352134,474616,138368,183383,353421,58504,294638,383424,58221,372787,310130,23505,550740,294652,24469,404354,-1.0,-1.0
1660081804296,28.164001,0.072463766,0.04,0.115384616,0.0,0.07692308,0.14814815,0.08,0.03846154,0.03846154,31.600002,31.900002,31.300001,31.900002,31.900002,31.900002,31.600002,31.900002,31.900002,32.600002,31.300001,31.300001,4096719,-304260,1075200,1075200,1075200,1075200,1075200,1075200,652800,1401600,1266,0,5,1207,1,10,976,11,48,687,34,59,648,17,44,526,10,59,534,15,68,411,6,90,616272,0,58072,756708,4214,51251,409834,31166,333647,449598,80043,245054,407040,28504,273815,426960,15898,346172,450874,45946,422693,356896,10481,409590,-1.0,-1.0
1660081805333,28.158,0.044444446,0.04347826,0.0,0.0,0.04347826,0.045454547,0.13043478,0.0,0.0,30.900002,30.900002,30.300001,30.600002,30.600002,30.900002,30.600002,30.900002,30.900002,30.900002,30.300001,30.300001,4106646,-127258,1075200,1075200,1075200,1075200,1075200,1075200,652800,1401600,502,9,41,554,6,37,326,57,87,239,37,74,195,24,72,155,26,63,80,13,62,83,8,67,695652,23799,198596,689898,14318,239024,232331,139540,569688,185026,103443,627155,150261,59151,634166,149452,67669,678437,73570,29795,718686,64917,20206,682867,-1.0,-1.0
1660081806349,28.158,0.03125,0.041666668,0.04,0.0,0.0,0.0,0.08695652,0.0,0.0,30.300001,30.300001,30.300001,30.600002,30.300001,30.300001,30.300001,30.300001,30.600002,30.600002,30.300001,29.900002,4108203,-104065,1075200,1075200,1075200,1075200,1075200,1075200,652800,1401600,121,8,30,116,11,56,45,9,34,23,0,23,98,12,66,50,2,36,0,0,7,0,0,5,210985,22296,752575,189363,45936,758774,32094,17699,937176,25889,0,970748,76905,22782,828114,32936,3708,848794,0,0,1017291,0,0,1014249,-1.0,-1.0
1660081807364,28.149002,0.03888889,0.0,0.083333336,0.0,0.04347826,0.0,0.13636364,0.0,0.04347826,30.300001,29.900002,29.600002,30.300001,30.300001,30.300001,29.900002,29.900002,30.300001,30.600002,29.900002,29.600002,4107813,-135192,1075200,1075200,1075200,1075200,1075200,1075200,652800,1401600,130,12,23,98,13,53,52,11,64,39,2,21,59,7,38,34,1,29,0,0,7,0,0,4,217782,34935,739310,191380,54041,743066,55991,28575,868694,25605,1544,958349,48797,22895,895478,29806,1450,837562,0,0,994692,0,0,993293,-1.0,-1.0
1660081808386,28.146002,0.036458332,0.0,0.0,0.0,0.041666668,0.041666668,0.125,0.0,0.0,29.900002,29.900002,29.600002,29.900002,29.900002,30.300001,29.900002,29.900002,29.900002,29.900002,29.900002,29.900002,4109760,-111389,1075200,1075200,1075200,1075200,1075200,1075200,652800,1401600,108,5,31,128,12,54,41,4,26,27,6,27,66,6,66,51,3,40,0,0,6,0,0,4,206911,21145,766925,213870,27549,747910,28401,12022,961094,29026,20590,942615,62176,10845,895544,47998,6538,818397,0,0,1016249,0,0,1014605,-1.0,-1.0
1660081809410,28.143002,0.031578947,0.08,0.0,0.041666668,0.041666668,0.0,0.083333336,0.041666668,0.0,30.300001,30.300001,29.600002,30.300001,29.900002,30.300001,29.900002,29.900002,30.300001,30.300001,29.900002,29.900002,4107813,-117492,1075200,1075200,1075200,1075200,1075200,1075200,652800,1401600,134,8,25,102,15,59,31,6,32,14,0,24,70,12,52,61,6,36,0,0,6,0,0,4,224433,12945,752588,214810,36501,745924,24170,21185,989392,15491,0,1017820,66250,33683,828845,37061,11572,781192,0,0,997352,0,0,995066,-1.0,-1.0
1660081810441,28.137001,0.033816423,0.0,0.0,0.03846154,0.037037037,0.115384616,0.0,0.0,0.037037037,30.300001,29.900002,29.600002,29.900002,29.900002,29.900002,29.600002,29.900002,29.900002,30.300001,29.600002,29.600002,4110538,-107421,1075200,1075200,1075200,1075200,1075200,1075200,652800,1401600,116,6,39,136,17,48,25,4,43,47,5,30,63,2,36,50,1,32,0,0,6,0,0,4,226521,15046,752926,215617,49746,726734,35019,5343,975974,27257,16995,934840,43587,4055,916091,44724,574,886253,0,0,995097,0,0,993389,-1.0,-1.0
1660081811478,28.143002,0.024390243,0.0,0.03846154,0.0,0.0,0.04,0.0,0.0,0.0,30.300001,29.900002,29.600002,29.900002,29.900002,29.900002,29.600002,29.900002,29.900002,30.300001,29.900002,29.600002,4107619,-126342,1075200,1075200,1075200,1075200,1075200,1075200,652800,1401600,124,3,34,91,7,59,29,2,30,35,1,32,35,0,49,78,20,46,0,0,6,0,0,4,227916,5225,762798,191877,31391,780085,16163,737,967885,18968,1175,991011,31874,0,841894,78350,50763,847457,0,0,1015792,0,0,1014336,-1.0,-1.0
1660081812535,28.137001,0.042857144,0.074074075,0.03846154,0.0,0.03846154,0.14285715,0.037037037,0.0,0.037037037,29.900002,30.300001,29.600002,29.900002,29.900002,29.900002,29.900002,29.600002,30.300001,30.300001,29.600002,29.600002,4110538,-94604,1075200,1075200,1075200,1075200,1075200,1075200,652800,1401600,152,17,57,167,13,61,24,7,29,51,7,32,48,0,34,54,2,44,0,0,7,0,0,6,266091,23245,727631,220540,24872,781437,30027,21197,974143,41403,13969,978663,47601,0,903883,48910,5963,846519,0,0,1190776,0,0,1188213,-1.0,-1.0
1660081813570,28.137001,0.028846154,0.0,0.0,0.0,0.0,0.07692308,0.03846154,0.0,0.0,29.900002,29.900002,29.300001,29.900002,30.300001,29.900002,29.900002,29.600002,29.600002,29.900002,29.600002,29.600002,4111317,-127258,1075200,1075200,1075200,1075200,1075200,1075200,652800,1401600,107,10,39,127,11,57,18,0,22,68,18,47,33,2,37,58,4,53,0,0,6,0,0,6,237252,18848,712513,197041,38304,757175,14206,0,960923,57589,69846,949818,27687,5057,867877,58011,14105,910459,0,0,802419,0,0,957417,-1.0,-1.0
1660081814609,28.131,0.028708134,0.0,0.0,0.03846154,0.0,0.08,0.0,0.0,0.0,29.900002,29.900002,29.600002,29.900002,29.900002,29.600002,29.600002,29.600002,29.600002,29.900002,29.300001,29.300001,4110928,-127868,1075200,1075200,1075200,1075200,1075200,1075200,652800,1401600,98,12,34,138,6,51,42,4,32,55,16,57,20,1,27,83,4,67,0,0,6,0,0,4,221381,32709,793850,188069,17123,811533,20940,10914,1027263,46610,34087,878653,20498,4361,872952,67365,9331,893495,0,0,1013565,0,0,854488,-1.0,-1.0
1660081815651,28.119001,0.01923077,0.074074075,0.0,0.074074075,0.037037037,0.037037037,0.07692308,0.0,0.0,29.900002,29.900002,29.600002,29.900002,30.300001,30.300001,29.600002,29.900002,30.300001,29.900002,29.600002,29.300001,4108203,-147400,1075200,1075200,1075200,1075200,1075200,1075200,652800,1401600,135,16,38,111,14,49,52,4,37,25,5,24,47,3,29,32,5,32,0,0,6,0,0,4,252581,34557,723101,191649,46820,760790,27484,14708,1014564,13465,21741,1041728,37265,6099,838373,37224,8970,910804,0,0,996744,0,0,995217,-1.0,-1.0
1660081816668,28.119001,0.030456852,0.0,0.0,0.0,0.0,0.083333336,0.041666668,0.0,0.0,29.900002,29.900002,29.600002,29.600002,29.900002,29.900002,29.600002,29.600002,29.900002,29.900002,29.300001,29.600002,4109954,-116272,1075200,1075200,1075200,1075200,1075200,1075200,652800,1401600,141,11,42,102,2,41,56,4,28,50,11,32,31,6,39,31,3,26,0,0,6,0,0,4,247787,21931,716839,196879,4270,773486,34517,10115,888475,48511,26117,859763,37815,20850,921459,35593,8084,843518,0,0,1017303,0,0,1016090,-1.0,-1.0
1660081817672,28.125002,0.014492754,0.03846154,0.0,0.0,0.037037037,0.07692308,0.0,0.0,0.0,29.900002,29.600002,29.300001,29.600002,29.900002,29.600002,29.600002,29.600002,29.600002,29.900002,29.600002,29.600002,4108397,-126342,1075200,1075200,1075200,1075200,1075200,1075200,652800,1401600,155,12,32,138,5,59,27,5,38,71,5,40,64,4,52,53,1,56,0,0,6,0,0,4,264097,40033,636737,216080,9570,722524,31639,15009,918849,41324,17617,994315,66336,14325,761322,50522,549,854004,0,0,993954,0,0,992194,-1.0,-1.0
1660081818673,28.11,0.024038462,0.0,0.074074075,0.0,0.074074075,0.03846154,0.041666668,0.0,0.0,30.300001,29.600002,29.300001,29.600002,29.900002,29.600002,29.600002,29.600002,29.900002,29.900002,29.300001,29.600002,4109954,-110778,1075200,1075200,1075200,1075200,1075200,1075200,652800,1401600,118,13,38,157,5,40,22,7,26,41,17,45,41,1,35,83,13,62,0,0,6,0,0,4,253932,20962,706294,193705,17381,805248,24723,13368,999789,55486,52946,886544,34738,768,894275,64365,31282,777926,0,0,997084,0,0,995475,-1.0,-1.0
1660081819688,28.11,0.021621622,0.0,0.0,0.0,0.0,0.125,0.0,0.0,0.0,29.900002,29.900002,29.300001,29.600002,29.900002,29.600002,29.600002,29.600002,29.900002,29.900002,29.300001,29.600002,4107813,-99182,1075200,1075200,1075200,1075200,1075200,1075200,652800,1401600,116,6,25,135,8,47,45,7,35,59,24,54,32,8,38,57,5,57,0,0,6,0,0,4,226091,8042,704188,197368,27688,749935,31209,15186,941115,60708,77708,831377,30104,27820,903805,54085,8008,781679,0,0,1013319,0,0,1011896,-1.0,-1.0
1660081820728,28.11,0.028436018,0.071428575,0.0,0.0,0.0,0.07692308,0.07692308,0.0,0.0,29.900002,29.900002,29.300001,29.900002,30.300001,29.900002,29.600002,29.600002,29.600002,29.900002,29.600002,29.600002,4106646,-158996,1075200,1075200,1075200,1075200,1075200,1075200,652800,1401600,120,5,29,121,4,44,52,8,41,67,15,50,31,6,40,63,6,53,0,0,6,0,0,5,219620,11259,806979,207980,19102,795812,44077,26700,976928,55680,45706,879065,25856,14364,848059,76474,24280,852516,0,0,998219,0,0,1042167,-1.0,-1.0
1660081821743,28.098001,0.023923445,0.0,0.0,0.0,0.0,0.037037037,0.115384616,0.0,0.0,29.600002,29.600002,29.300001,29.900002,30.300001,30.300001,29.600002,29.900002,29.600002,29.900002,29.300001,29.300001,4107229,-144958,1075200,1075200,1075200,1075200,1075200,1075200,652800,1401600,134,8,32,133,16,53,35,11,41,38,5,40,45,6,33,59,25,45,0,0,6,0,0,4,228155,16307,734988,218775,39147,727232,35129,29392,886140,26807,12779,910916,45258,24497,818803,55182,69687,712345,0,0,997288,0,0,949603,-1.0,-1.0
1660081822781,28.098001,0.024038462,0.0,0.0,0.0,0.0,0.07692308,0.12,0.0,0.0,29.600002,29.600002,29.300001,29.600002,29.900002,29.600002,29.300001,29.600002,29.600002,29.900002,29.300001,29.600002,4108787,-83923,1075200,1075200,1075200,1075200,1075200,1075200,652800,1401600,125,1,26,118,13,52,39,1,32,31,2,35,87,15,65,27,1,33,0,0,6,0,2,7,216566,1436,791018,194629,49623,747440,36321,1806,957290,38106,1315,979327,87444,43468,859890,32039,1388,853302,0,0,1015942,0,10653,1112713,-1.0,-1.0
1660081823784,28.093,0.014423077,0.037037037,0.0,0.0,0.037037037,0.074074075,0.074074075,0.0,0.0,29.900002,29.600002,29.300001,29.600002,29.600002,29.900002,29.300001,29.600002,29.900002,29.600002,29.300001,29.300001,4110538,-118408,1075200,1075200,1075200,1075200,1075200,1075200,652800,1401600,87,3,17,127,8,42,23,0,21,75,5,41,67,12,56,68,7,50,0,0,6,0,0,4,213445,4029,738263,193798,16098,747962,20283,0,928064,40943,17344,999151,56517,23757,799472,58407,17042,836534,0,0,997955,0,0,886646,-1.0,-1.0
1660081824827,28.087002,0.023923445,0.0,0.0,0.0,0.0,0.074074075,0.115384616,0.0,0.0,29.600002,29.300001,29.300001,29.900002,29.600002,29.600002,29.300001,29.600002,29.600002,29.900002,29.300001,29.600002,4110538,-123291,1075200,1075200,1075200,1075200,1075200,1075200,652800,1401600,153,5,37,141,8,43,75,6,38,53,16,49,37,2,37,43,19,75,0,0,10,0,0,6,236080,9269,819980,241696,15442,787106,49318,15355,1069413,55465,47768,927822,42162,3614,854588,40663,54726,864894,0,0,1521731,0,0,1491545,-1.0,-1.0
1660081825851,28.087002,0.014778325,0.0,0.0,0.03846154,0.0,0.0,0.14814815,0.0,0.0,29.900002,29.600002,29.300001,29.900002,29.900002,29.600002,29.600002,29.900002,29.600002,29.900002,29.300001,28.900002,4111901,-127868,1075200,1075200,1075200,1075200,1075200,1075200,652800,1401600,98,1,20,136,7,41,48,6,34,57,16,44,42,9,31,61,5,35,0,0,6,0,0,5,223371,1190,765472,192363,19776,754961,51217,8386,928855,63375,49562,875711,42130,18052,850569,41571,7575,861593,0,0,987014,0,0,1012381,-1.0,-1.0
1660081826913,28.087002,0.04918033,0.04347826,0.17391305,0.08695652,0.041666668,0.08695652,0.13043478,0.0,0.0,29.900002,29.600002,29.600002,29.900002,29.600002,29.600002,29.600002,29.600002,29.600002,29.900002,29.600002,29.600002,4108203,-155944,1075200,1075200,1075200,1075200,1075200,1075200,652800,1401600,134,2,28,171,1,45,39,15,35,45,7,51,75,6,47,32,6,45,0,0,6,0,0,6,245544,7637,761393,237806,3888,775834,34081,52924,940221,45131,9292,966654,65995,10475,926933,31696,15385,862139,0,0,997201,0,0,994651,-1.0,-1.0
1660081827919,28.075,0.025510205,0.0,0.0,0.0,0.0,0.08,0.041666668,0.0,0.0,29.600002,29.900002,29.600002,29.900002,30.300001,29.900002,29.600002,29.600002,29.600002,29.900002,29.600002,29.600002,4105283,-187378,1075200,1075200,1075200,1075200,1075200,1075200,652800,1401600,186,12,41,117,8,56,100,38,51,43,15,51,19,2,25,60,9,45,0,0,14,1,2,10,261273,27771,669383,232725,14974,703981,98477,123590,739844,48517,55985,863545,24135,5538,832115,61820,21182,674335,0,0,1011180,2209,2778,987498,-1.0,-1.0
1660081828937,28.081001,0.029126214,0.0,0.0,0.03846154,0.03846154,0.07692308,0.14814815,0.037037037,0.0,29.600002,29.600002,29.300001,29.600002,29.300001,29.900002,29.300001,29.600002,29.600002,29.900002,29.300001,29.300001,4105672,-151977,1075200,1075200,1075200,1075200,1075200,1075200,652800,1401600,145,0,14,111,0,46,57,17,42,45,9,32,53,1,27,28,7,42,0,1,11,0,0,6,208345,0,787392,192858,0,786654,53875,41675,899946,40154,16487,924766,50050,790,950445,20835,24438,838475,0,5905,993011,0,0,994888,-1.0,-1.0
1660081829972,28.063002,0.019704433,0.0,0.03846154,0.0,0.0,0.15384616,0.03846154,0.0,0.0,29.600002,29.900002,29.600002,29.600002,29.900002,29.600002,29.300001,29.600002,29.600002,29.900002,29.300001,29.300001,4109176,-133667,1075200,1075200,1075200,1075200,1075200,1075200,652800,1401600,189,10,61,128,12,69,68,10,61,41,8,45,52,2,39,65,6,51,0,1,10,0,0,4,261115,21616,713022,199782,43879,762885,49954,32642,926021,44437,23310,954007,47100,4895,699748,52025,18141,795738,0,5868,1000426,0,0,1012655,-1.0,-1.0
1660081830981,28.063002,0.028248588,0.0,0.0,0.0,0.0,0.045454547,0.13043478,0.0,0.0,29.600002,29.900002,29.300001,29.600002,29.600002,29.600002,29.600002,29.600002,29.900002,29.900002,29.300001,29.300001,4109760,-132751,1075200,1075200,1075200,1075200,1075200,1075200,652800,1401600,146,8,34,114,4,41,65,6,46,26,9,26,31,4,30,56,15,33,0,1,10,0,0,4,207331,24792,754941,193379,13072,788529,60307,14670,920242,33681,17838,898507,29458,13823,824760,50379,35009,847211,0,5844,994240,0,0,994914,-1.0,-1.0
1660081832001,28.060001,0.03846154,0.0,0.04347826,0.045454547,0.0,0.13043478,0.08695652,0.0,0.0,29.600002,29.600002,28.900002,29.600002,29.600002,29.600002,29.600002,29.300001,29.900002,29.600002,29.600002,29.300001,4110538,-119323,1075200,1075200,1075200,1075200,1075200,1075200,652800,1401600,109,3,18,106,4,44,73,20,52,70,10,41,51,7,49,42,4,34,0,1,11,0,0,4,183638,12225,771314,192528,9042,786125,74504,60067,838440,48792,20608,951906,52179,21471,882057,38758,10423,814101,0,6183,1047136,0,0,1014780,-1.0,-1.0
1660081833007,28.054,0.028089888,0.045454547,0.045454547,0.04347826,0.04347826,0.08695652,0.04347826,0.0,0.0,29.900002,29.600002,29.600002,29.600002,29.900002,29.600002,29.600002,29.600002,29.900002,29.900002,29.300001,29.300001,4110928,-122375,1075200,1075200,1075200,1075200,1075200,1075200,652800,1401600,134,2,39,145,13,62,67,23,69,34,11,48,55,2,38,64,7,65,0,0,8,0,0,6,200021,7336,754699,230142,37515,711689,64612,67809,826250,45486,45308,864868,33351,8431,825229,66381,27238,869866,0,0,946076,0,0,993175,-1.0,-1.0
1660081834009,28.048002,0.03448276,0.04347826,0.08695652,0.0,0.04347826,0.045454547,0.0952381,0.0,0.0,29.900002,29.900002,29.300001,29.600002,29.600002,29.600002,29.600002,29.600002,29.600002,29.900002,29.600002,29.300001,4106451,-148925,1075200,1075200,1075200,1075200,1075200,1075200,652800,1401600,121,3,28,145,14,38,37,13,43,26,9,40,65,3,20,68,2,32,0,0,6,0,0,4,199732,4852,802461,210303,40270,737362,40994,39247,903910,22460,37993,940101,37742,6945,812808,43259,5132,852056,0,0,996799,0,0,995442,-1.0,-1.0
1660081835018,28.045002,0.017142856,0.0,0.0,0.0,0.0,0.13043478,0.0,0.04347826,0.045454547,29.900002,29.600002,29.600002,29.600002,29.600002,29.300001,29.300001,29.600002,29.600002,29.600002,29.600002,29.300001,4108397,-131530,1075200,1075200,1075200,1075200,1075200,1075200,652800,1401600,129,0,26,148,10,44,48,6,38,38,6,36,64,10,46,35,4,29,0,0,6,0,0,5,186442,0,778720,209834,26666,722309,41804,17095,933200,29391,9631,918037,63845,27844,849417,32763,9864,827319,0,0,1017019,0,0,1015225,-1.0,-1.0
1660081836047,28.036001,0.033519555,0.04347826,0.04347826,0.0,0.0,0.17391305,0.08695652,0.0,0.0,29.600002,29.600002,29.300001,29.600002,29.900002,29.600002,29.300001,29.600002,29.600002,29.600002,29.300001,29.600002,4110928,-139160,1075200,1075200,1075200,1075200,1075200,1075200,652800,1401600,85,2,22,165,7,35,44,8,44,56,11,40,61,7,54,98,11,71,0,0,6,0,0,4,199857,5830,766749,203851,19998,785613,53226,8414,908234,56972,35835,927580,53174,10247,815917,99119,25012,846388,0,0,994304,0,0,992910,-1.0,-1.0
1660081837045,28.039001,0.030303031,0.04,0.0,0.04,0.04,0.15384616,0.0,0.0,0.0,29.600002,29.600002,29.300001,29.900002,29.600002,29.600002,29.300001,29.300001,29.600002,29.600002,29.300001,29.600002,4108397,-155944,1075200,1075200,1075200,1075200,1075200,1075200,652800,1401600,144,4,35,123,5,46,54,5,37,37,2,35,53,7,40,49,28,55,0,0,6,0,0,4,205855,14860,788340,200740,10017,764593,36572,11406,951777,30283,2241,909895,44373,14120,782321,51527,72773,793708,0,0,1016319,0,0,1014753,-1.0,-1.0
1660081838093,28.027,0.016666668,0.0,0.0,0.0,0.0,0.04347826,0.09090909,0.0,0.0,29.600002,29.600002,28.900002,29.600002,29.600002,29.600002,29.600002,29.600002,29.600002,29.900002,29.300001,29.300001,4111706,-113220,1075200,1075200,1075200,1075200,1075200,1075200,652800,1401600,161,12,44,117,14,52,52,9,36,55,5,28,33,5,34,63,7,46,0,0,6,0,0,4,236794,17999,737435,200934,41549,779491,49533,27929,964661,33046,16236,940732,33806,8178,861914,49204,18640,854464,0,0,997534,0,0,996744,-1.0,-1.0
1660081839104,28.03,0.03141361,0.08,0.0,0.08,0.041666668,0.0,0.08695652,0.0,0.04,29.600002,29.600002,29.300001,29.600002,29.600002,29.600002,29.600002,29.600002,29.600002,29.600002,29.300001,29.300001,4108592,-120849,1075200,1075200,1075200,1075200,1075200,1075200,652800,1401600,158,10,42,138,24,56,42,14,44,28,10,30,65,9,58,67,7,39,0,0,6,0,0,6,245468,27788,695618,221488,76744,686473,24580,43562,844897,31120,25227,962113,54271,21075,776377,57046,9908,858866,0,0,994094,0,0,1016113,-1.0,-1.0
1660081840125,28.027,0.036649216,0.0,0.0,0.041666668,0.0,0.16,0.08,0.0,0.0,29.600002,29.600002,28.900002,29.900002,29.900002,29.600002,29.300001,29.600002,29.600002,29.900002,29.600002,29.300001,4109954,-114441,1075200,1075200,1075200,1075200,1075200,1075200,652800,1401600,129,13,52,160,9,42,58,3,39,34,4,25,29,1,28,71,2,37,0,0,6,0,0,5,251526,29784,698212,226527,27680,737023,38671,8779,1010549,34076,5996,1016283,24146,1162,868738,54702,5161,853410,0,0,1014520,0,0,988587,-1.0,-1.0
1660081841145,28.015001,0.041025642,0.08,0.041666668,0.0,0.041666668,0.0,0.04347826,0.0,0.0,29.600002,29.300001,28.900002,29.600002,29.600002,29.600002,29.300001,29.300001,29.600002,29.900002,29.300001,29.300001,4108981,-99182,1075200,1075200,1075200,1075200,1075200,1075200,652800,1401600,113,9,24,152,6,54,25,10,30,29,3,34,74,5,38,97,16,59,0,0,6,0,0,4,219419,20618,750137,208684,22974,746976,33088,30837,890334,31071,5646,886831,61319,10151,781085,101656,42043,842577,0,0,997217,0,0,995657,-1.0,-1.0
1660081842171,28.003002,0.03902439,0.074074075,0.0,0.03846154,0.0,0.07692308,0.12,0.03846154,0.0,29.600002,29.600002,29.300001,29.600002,29.600002,29.300001,29.300001,29.600002,29.600002,29.600002,29.300001,28.900002,4108008,-165405,1075200,1075200,1075200,1075200,1075200,1075200,652800,1401600,102,6,31,144,13,55,39,7,44,56,13,44,93,5,48,31,8,41,0,0,7,0,0,6,210316,10442,760391,207103,33293,749282,49976,17159,993729,28109,43858,963010,70449,13948,873234,28098,23327,838671,0,0,1191283,0,0,1193748,-1.0,-1.0
1660081843188,27.994001,0.13609467,0.18181819,0.0952381,0.14285715,0.18181819,0.18181819,0.14285715,0.04761905,0.14285715,29.600002,29.600002,29.300001,29.600002,29.600002,29.600002,29.300001,29.300001,29.600002,29.600002,29.300001,29.300001,4108592,-132141,1075200,1075200,1075200,1075200,1075200,1075200,652800,1401600,121,4,32,134,15,77,89,28,85,62,6,34,41,9,58,18,8,31,0,0,6,0,0,4,229825,9382,767989,238821,37446,731049,109845,89130,788101,48365,12783,888207,51036,27878,795967,20922,29000,853461,0,0,819850,0,0,814031,-1.0,-1.0
1660081844203,28.000002,0.2857143,0.15,0.18181819,0.14285715,0.26086956,0.2,0.90909094,0.25,0.13636364,31.300001,31.300001,30.900002,31.600002,31.900002,31.600002,31.300001,31.300001,31.600002,31.900002,30.900002,30.600002,4094189,-368652,1075200,1075200,1075200,1075200,1075200,1075200,652800,1401600,1087,2,16,868,3,18,704,3,29,589,2,15,463,1,14,391,2,17,402,0,8,458,0,7,515034,8552,229044,607981,9243,225719,522602,6476,261410,500097,8715,368384,453291,358,272143,508973,8755,291810,592109,0,567912,510354,0,564903,-1.0,-1.0
