1658435148722,30.369001,0.29213482,0.27272728,0.17391305,0.27272728,0.16666667,0.17391305,0.14285715,0.18181819,1.0,36.9,37.300003,36.9,37.600002,37.300003,36.9,36.300003,37.600002,36.9,38.9,35.9,35.600002,3828509,-1523133,1075200,1075200,1075200,1075200,1075200,1075200,652800,1401600,716,12,40,720,17,30,308,47,76,390,51,67,386,38,60,400,54,75,112,50,81,95,19,55,563667,17941,132949,643384,38790,64340,329138,87316,378888,379365,100722,325298,333504,75181,326898,364494,114289,318930,106875,124648,710677,79500,42497,322455,344.49499516908213,0.4913494363929147
1658435149792,30.404001,0.2897196,0.37037036,0.31034482,0.24,0.25925925,0.48,0.42857143,0.08,0.2580645,38.300003,38.600002,37.600002,37.9,37.9,37.9,37.300003,37.9,37.9,37.9,36.9,36.600002,3858289,-1069031,1075200,1075200,1075200,1075200,1075200,1075200,652800,1401600,842,9,25,646,14,25,437,33,56,330,39,62,148,14,22,231,23,34,763,116,26,246,21,70,557185,14087,29183,500445,31041,51176,457429,74713,139047,469660,65970,218488,259567,30930,41888,292909,38052,93334,561712,192324,42628,142685,38549,150274,1743.1067736757625,1.3503691813804175
1658435150884,30.452002,0.18716578,0.22727273,0.18181819,0.13636364,0.20833333,0.13636364,0.26086956,0.04347826,0.16666667,38.9,38.9,38.300003,38.300003,37.9,37.9,37.300003,37.9,38.300003,38.300003,38.300003,37.600002,3845248,-1215516,1075200,1075200,1075200,1075200,1075200,1075200,652800,1401600,1063,31,52,923,38,79,536,42,71,282,43,69,230,38,57,170,24,44,324,95,81,543,84,147,747885,37628,65365,702236,53893,110646,579984,59684,158966,395734,99401,266932,231098,75236,317946,234378,32330,293313,209217,183756,586503,412909,169335,317021,720.1701611374408,0.48237598736176934
1658435151938,30.525002,0.14124294,0.2173913,0.14285715,0.17391305,0.05,0.17391305,0.17391305,0.045454547,0.2173913,39.300003,38.9,38.9,38.600002,38.9,38.600002,38.600002,38.600002,38.300003,38.600002,38.300003,38.300003,3832207,-1378479,1075200,1075200,1075200,1075200,1075200,1075200,652800,1401600,957,27,37,824,56,74,490,79,63,346,71,99,147,38,51,191,27,91,56,33,97,246,133,158,700449,34176,42358,670754,82029,106752,483287,139930,120903,353108,143878,385635,140631,91476,476068,206182,51053,564089,68322,95954,833468,215898,309060,426570,748.2725888,0.5404671999999999
1658435152977,30.614002,0.16201118,0.3043478,0.3043478,0.0952381,0.27272728,0.09090909,0.09090909,0.0,0.08695652,39.600002,39.600002,38.9,39.300003,38.9,38.9,38.600002,39.300003,38.600002,39.600002,39.300003,38.300003,3831040,-1352540,1075200,1075200,1075200,1075200,1075200,1075200,652800,1401600,966,36,61,888,53,68,454,92,72,304,93,95,271,48,63,113,21,73,80,49,99,244,119,129,775982,42366,75746,722028,75289,92558,483226,172845,159885,330539,222635,345575,268032,68531,236099,119150,49247,621068,47158,111930,823779,223972,323506,387973,759.8537748344371,0.5523708609271524
1658435153985,30.697002,0.20454545,0.27272728,0.27272728,0.2857143,0.2173913,0.18181819,0.14285715,0.0,0.18181819,39.9,39.600002,39.600002,39.600002,39.300003,38.9,38.300003,38.9,38.9,38.9,39.300003,38.9,3839020,-1211853,1075200,1075200,1075200,1075200,1075200,1075200,652800,1401600,940,32,37,785,50,77,466,86,78,341,73,94,224,53,87,101,26,67,18,29,94,239,129,139,769180,32697,43209,665824,77699,130918,500840,156993,168256,361718,177875,294754,250150,87151,408560,143772,71032,590655,32005,103095,846740,224749,303346,382569,739.9342716857611,0.5349918166939444
1658435155032,30.786001,0.21857923,0.3809524,0.32,0.29166666,0.26086956,0.25,0.20833333,0.09090909,0.2,40.600002,40.600002,39.9,40.300003,39.600002,39.9,39.600002,40.300003,39.9,40.9,39.600002,39.300003,3842329,-1305848,1075200,1075200,1075200,1075200,1075200,1075200,652800,1401600,958,39,36,822,52,74,456,90,88,288,76,101,175,39,81,215,31,78,36,37,81,270,130,149,762471,47600,45114,651572,98891,122091,512250,152488,168024,343207,183337,348302,177439,71849,528764,204994,47066,613922,39267,111046,826031,245964,294510,377256,756.9621607717042,0.5230096463022508
1658435156059,30.891,0.28654972,0.3,0.2,0.3,0.8181818,0.36363637,0.14285715,0.0,0.04761905,40.9,40.600002,40.300003,40.600002,40.300003,40.300003,39.600002,40.300003,39.9,40.300003,40.300003,39.600002,3821308,-1462708,1075200,1075200,1075200,1075200,1075200,1075200,652800,1401600,972,31,41,913,60,60,511,96,76,360,80,93,210,33,75,83,21,56,10,7,62,268,119,145,765281,37037,45450,697768,99815,99649,515106,189312,144558,388292,173023,335551,221099,55322,592766,96089,43111,679041,16068,15295,936360,244433,288983,430824,778.822495049505,0.551920792079208
1658435157075,30.989002,0.2784091,0.2857143,0.2857143,0.36363637,0.41666666,0.33333334,0.23809524,0.125,0.1904762,41.300003,41.300003,40.300003,40.600002,40.600002,40.300003,39.600002,40.600002,40.300003,40.9,40.300003,39.9,3835516,-1268921,1075200,1075200,1075200,1075200,1075200,1075200,652800,1401600,998,18,29,899,43,46,403,74,95,310,63,61,237,21,60,123,23,41,34,11,94,407,117,136,769323,17044,26471,687925,63984,71517,458624,137594,207384,338042,134477,186732,195981,40079,499276,126412,48806,266907,25138,36395,913686,329919,215385,357780,794.869140032949,0.5797957166392091
1658435158094,31.078001,0.22988506,0.2857143,0.23809524,0.26086956,0.3478261,0.2857143,0.23809524,0.0,0.18181819,41.600002,41.300003,40.9,41.300003,41.600002,40.9,40.600002,41.300003,40.9,41.9,40.600002,40.300003,3823254,-1392212,1075200,1075200,1075200,1075200,1075200,1075200,652800,1401600,944,40,46,822,52,64,416,86,82,295,75,103,107,33,55,250,37,86,19,12,82,356,94,140,741917,44901,46589,663748,81334,103007,463380,174155,178676,354702,162106,330520,127764,75509,569754,277823,56209,430052,28083,37466,896967,327351,219361,342211,808.0980292682926,0.5485788617886179
1658435159095,31.19,0.31219512,0.25,0.26086956,0.20833333,0.22222222,0.8518519,0.41666666,0.0,0.14814815,41.9,41.9,40.9,41.300003,40.9,41.300003,40.300003,40.9,40.600002,41.9,40.9,40.600002,3835516,-1303101,1075200,1075200,1075200,1075200,1075200,1075200,652800,1401600,989,29,42,847,49,68,407,86,93,325,69,87,321,71,105,111,14,62,15,3,65,232,118,147,753806,32859,46227,689316,92420,93620,495619,190201,172188,374797,143795,323755,347887,126490,338945,103873,41020,654047,26588,12445,931486,214620,269021,417203,826.1434542635659,0.5772403100775194
1658435160152,31.301,0.22459893,0.33333334,0.25,0.2173913,0.20833333,0.13043478,0.33333334,0.04347826,0.24,42.600002,42.300003,41.600002,41.600002,41.600002,41.600002,40.9,41.300003,41.300003,41.600002,41.300003,40.9,3837073,-1272278,1075200,1075200,1075200,1075200,1075200,1075200,652800,1401600,1068,29,35,902,46,70,452,104,89,425,70,89,134,23,56,267,46,80,4,18,85,308,126,150,812089,28415,39744,735204,66273,114779,500372,215141,180653,462542,130242,297257,135486,37188,453846,294747,64745,383410,7931,84094,897928,292781,274031,414028,843.9016237623763,0.5738877887788779
1658435161154,31.400002,0.25668448,0.26086956,0.18181819,0.1904762,0.16666667,0.4347826,0.47826087,0.04347826,0.17391305,42.600002,42.600002,41.9,41.9,41.9,41.300003,40.9,41.600002,41.300003,42.300003,41.600002,40.9,3832402,-1311036,1075200,1075200,1075200,1075200,1075200,1075200,652800,1401600,1013,26,45,811,55,69,464,97,82,433,81,82,134,20,61,138,24,69,17,12,82,228,119,158,743410,23914,48106,682526,89575,114078,489980,189976,141529,446290,189807,195606,160250,40920,593222,121919,50551,652895,27871,46938,901698,220031,293579,407327,879.6119127725856,0.6039127725856698
1658435162202,31.505001,0.19209039,0.22727273,0.1904762,0.22727273,0.15,0.14285715,0.2173913,0.045454547,0.25,42.9,42.9,41.9,42.300003,42.300003,41.9,41.600002,42.300003,41.600002,41.9,41.600002,41.300003,3827341,-1274720,1075200,1075200,1075200,1075200,1075200,1075200,652800,1401600,993,35,56,913,42,59,690,75,43,495,78,92,101,22,37,102,23,49,12,14,119,331,111,144,821676,38954,56914,750285,65996,94312,636374,113069,55895,468166,141518,235818,119934,33423,309589,95368,39318,415504,20575,49319,926713,305598,253496,363237,901.9539934426231,0.6560524590163934
1658435163219,31.600002,0.2556818,0.36363637,0.3478261,0.2857143,0.3181818,0.27272728,0.29166666,0.09090909,0.2173913,43.300003,42.9,42.300003,42.600002,42.300003,41.9,41.600002,42.300003,41.600002,42.600002,42.300003,41.300003,3832207,-1208496,1075200,1075200,1075200,1075200,1075200,1075200,652800,1401600,993,27,51,883,41,60,464,86,98,350,82,108,264,56,79,132,21,59,14,7,86,349,91,144,764322,23057,58743,726585,54921,99233,483407,168777,192623,444433,161247,275024,282716,87543,448020,100743,53158,652382,26278,29096,949365,397154,196655,319809,917.0097943925233,0.596785046728972
1658435164241,31.711002,0.15609756,0.26923078,0.17391305,0.25925925,0.18518518,0.14814815,0.08,0.04,0.08,43.9,43.300003,42.9,43.300003,42.600002,42.300003,41.600002,42.600002,42.300003,42.9,42.600002,41.9,3824422,-1356202,1075200,1075200,1075200,1075200,1075200,1075200,652800,1401600,980,42,40,876,46,67,490,78,95,342,89,87,227,37,78,266,45,65,21,18,91,284,118,154,767594,48904,45651,703991,70426,100970,530607,148031,162009,393249,192125,218490,213363,52331,507299,259209,94634,459019,41760,64707,884992,278320,283315,371963,905.5023869918699,0.6116943089430894
1658435165280,31.810001,0.13636364,0.25,0.16666667,0.23076923,0.22222222,0.12,0.125,0.0,0.115384616,43.9,43.600002,43.300003,42.9,42.600002,42.600002,41.9,42.9,42.600002,43.600002,42.600002,41.9,3825590,-1266480,1075200,1075200,1075200,1075200,1075200,1075200,652800,1401600,1071,30,33,979,46,56,464,90,97,382,91,101,213,34,74,284,50,98,39,3,89,315,107,133,784927,30806,28229,729953,68592,82001,483599,163690,171259,430867,189514,268911,177632,65654,585830,272574,86975,533748,49895,16846,924157,309968,244704,360523,913.811240188383,0.6380408163265306
1658435166327,31.918001,0.16393442,0.3181818,0.1904762,0.28,0.30769232,0.045454547,0.08695652,0.0,0.08695652,44.300003,43.600002,43.600002,43.300003,42.9,42.9,42.300003,43.600002,42.300003,43.9,42.600002,42.300003,3825200,-1307679,1075200,1075200,1075200,1075200,1075200,1075200,652800,1401600,1012,32,47,905,53,57,375,86,96,354,92,108,189,42,84,274,58,98,17,5,85,313,114,149,768519,38980,42248,751435,76425,82373,478803,170195,208247,410518,197693,309078,165460,101511,625794,279981,114763,449269,30633,12564,973023,282000,278984,372894,939.0363624382207,0.6668336079077429
1658435167331,32.010002,0.10227273,0.04761905,0.09090909,0.0952381,0.16,0.13636364,0.045454547,0.13636364,0.0952381,43.9,43.9,43.300003,43.300003,43.300003,42.9,42.600002,42.9,42.9,43.300003,43.300003,42.600002,3825784,-1272278,1075200,1075200,1075200,1075200,1075200,1075200,652800,1401600,962,36,46,857,49,62,381,81,87,419,63,108,271,65,81,180,46,80,16,7,81,273,126,126,749140,41103,46532,664664,77020,88840,419284,181095,167142,465333,118225,259986,277247,122067,450791,169890,108728,499912,25717,27501,939559,264820,288850,337499,926.4876470588235,0.6723267973856208
1658435168335,32.102,0.122994654,0.08695652,0.09090909,0.16666667,0.13043478,0.125,0.083333336,0.04347826,0.2,43.9,42.9,42.600002,42.9,42.9,42.9,42.600002,43.300003,42.9,43.300003,42.600002,41.9,3895464,-418396,1075200,1075200,1075200,1075200,1075200,1075200,652800,1401600,1025,25,34,898,36,46,355,82,123,303,66,84,240,64,78,171,46,94,23,21,89,312,53,112,786724,34477,56166,745925,54042,87828,364101,169008,338012,313329,162192,369353,277921,129729,327446,190366,149957,539650,33079,82424,821901,343192,120074,403246,-1.0,-1.0
1658435169343,32.201,0.14705883,0.0,0.03846154,0.04,0.0,0.12,0.88,0.0,0.03846154,41.600002,41.600002,41.300003,41.600002,41.600002,41.600002,41.300003,41.600002,41.600002,41.9,40.9,40.9,3920767,-196838,1075200,1075200,1075200,1075200,1075200,1075200,652800,1401600,461,8,38,350,9,21,122,34,60,123,25,65,38,16,33,122,14,56,12,4,59,36,35,78,606575,13013,315406,598620,22768,320412,115868,84129,720224,154989,62656,630360,49498,33915,773897,111493,29941,698496,24369,16631,859285,26400,105419,698664,-1.0,-1.0
1658435170419,32.287003,0.096618354,0.11111111,0.11111111,0.08,0.15384616,0.115384616,0.1923077,0.0,0.0,40.300003,40.600002,39.9,40.300003,40.600002,39.9,39.9,40.300003,40.300003,40.600002,39.9,39.600002,3908894,-565185,1075200,1075200,1075200,1075200,1075200,1075200,652800,1401600,156,16,74,114,18,51,44,2,33,30,10,33,16,0,22,49,7,37,2,0,18,19,2,28,242260,36775,698878,256250,46387,735727,25276,4694,994279,25193,25325,1050424,18551,0,898871,43550,13170,719668,2391,0,1085597,14441,5303,1080312,-1.0,-1.0
1658435171491,32.344,0.1978022,0.2173913,0.20833333,0.2173913,0.13636364,0.26086956,0.17391305,0.09090909,0.33333334,39.9,39.600002,39.300003,39.600002,39.9,39.600002,39.600002,39.600002,39.9,39.600002,39.9,39.600002,3915512,-328369,1075200,1075200,1075200,1075200,1075200,1075200,652800,1401600,382,5,72,377,7,53,163,13,69,132,9,48,192,7,69,121,3,32,28,0,24,118,3,36,296776,8238,711199,317421,18727,673157,122521,31272,881548,105703,18858,846080,128809,8693,741747,101365,4510,819718,77169,0,1049961,101372,6579,1001897,0.004216039279869068,0.007044189852700491
1658435172503,32.382,0.15697674,0.27272728,0.1904762,0.5,0.045454547,0.13636364,0.08695652,0.04761905,0.045454547,40.600002,40.9,40.9,40.600002,40.600002,40.600002,39.9,40.600002,40.600002,40.9,39.9,39.600002,3843691,-1183777,1075200,1075200,1075200,1075200,1075200,1075200,652800,1401600,938,5,31,1105,2,26,631,22,42,454,23,58,174,27,49,208,26,74,61,6,78,584,44,84,604408,8930,243238,636736,2898,221405,448931,39611,336467,272845,39244,585612,204417,62306,486492,224039,71176,592364,127039,25046,787854,221508,65480,513124,769.1134950819672,0.9370229508196722
1658435173528,32.440002,0.18716578,0.08695652,0.3181818,0.4347826,0.16666667,0.16666667,0.08695652,0.17391305,0.083333336,42.600002,41.9,41.9,41.9,41.600002,41.300003,40.600002,40.9,40.9,41.600002,41.300003,40.9,3825395,-1343384,1075200,1075200,1075200,1075200,1075200,1075200,652800,1401600,1008,23,41,1122,22,39,456,35,17,283,77,103,161,27,66,184,51,95,46,75,150,77,29,120,802355,29727,51477,749755,25397,40739,574447,77556,32928,296519,155480,471427,162041,59470,569255,196623,152247,572296,68880,230782,667878,64673,84464,863215,1326.9650403877222,0.9274313408723748
1658435174550,32.49,0.14795919,0.083333336,0.28,0.48,0.0,0.083333336,0.12,0.04,0.04,43.300003,42.9,42.300003,42.600002,41.9,41.9,41.600002,41.9,41.600002,42.300003,42.300003,41.600002,3822670,-1312561,1075200,1075200,1075200,1075200,1075200,1075200,652800,1401600,599,44,66,883,25,32,547,24,12,372,73,111,138,30,85,102,28,60,99,117,196,48,30,86,603733,95208,198118,730314,32777,38821,632529,39577,11005,353863,130665,345381,140498,70832,643953,127144,70541,656639,130057,272720,535893,59245,73147,894738,1031.552570502431,0.6499578606158833
1658435175584,32.56,0.31318682,0.0,0.3809524,0.5,0.9130435,0.2173913,0.13636364,0.2173913,0.083333336,43.300003,43.300003,42.300003,42.600002,42.600002,42.300003,41.600002,42.600002,42.300003,42.9,42.9,42.300003,3829288,-1205445,1075200,1075200,1075200,1075200,1075200,1075200,652800,1401600,759,33,39,1014,15,20,601,34,5,161,40,99,192,43,76,281,69,122,52,152,183,69,42,109,763340,58426,60969,831524,20536,22181,666503,54588,10029,159030,111313,617386,178162,93025,621452,252832,155121,427624,67480,378037,500820,78616,108709,821308,1031.4854695222405,0.6627215815485996
1658435176590,32.627003,0.16574585,0.13043478,0.27272728,0.45833334,0.13043478,0.13043478,0.13043478,0.09090909,0.045454547,43.9,43.9,43.600002,43.9,43.300003,42.9,42.9,42.9,42.9,42.9,43.300003,42.9,3827925,-1265259,1075200,1075200,1075200,1075200,1075200,1075200,652800,1401600,503,54,61,832,26,49,598,27,15,114,24,45,255,52,102,106,22,65,225,127,181,72,30,92,635661,90530,184655,725344,25208,59146,602331,41568,19912,136609,44506,228128,241179,90702,432027,116183,55284,610107,198304,251834,424300,84663,68235,812576,1031.5265789473685,0.65
1658435177601,32.7,0.15121952,0.04,0.33333334,0.44,0.14814815,0.04,0.04,0.07692308,0.03846154,43.9,44.300003,43.600002,43.600002,43.300003,42.9,42.600002,43.300003,42.9,42.9,43.600002,42.9,3821697,-1414185,1075200,1075200,1075200,1075200,1075200,1075200,652800,1401600,574,57,58,852,24,32,575,26,9,219,67,94,212,48,73,101,26,54,124,125,177,52,28,86,656432,100651,106464,769929,30329,35052,641666,38544,19339,208068,165769,521939,201093,107496,575135,99348,72062,590967,123821,286119,489454,58613,72668,820605,1036.6416682464455,0.6525876777251185
1658435178640,32.780003,0.14925373,0.125,0.32,0.4,0.04,0.041666668,0.12,0.14814815,0.04,44.300003,44.300003,43.600002,43.600002,43.600002,42.9,42.600002,43.300003,42.9,43.300003,43.600002,42.9,3830261,-1238709,1075200,1075200,1075200,1075200,1075200,1075200,652800,1401600,722,25,42,958,12,24,638,28,4,501,85,102,208,39,90,123,37,78,79,125,190,87,40,107,671536,46578,167311,834887,11883,26919,677174,40552,4697,459082,170644,256671,218695,67317,642052,145091,93984,541345,93839,321833,524672,99789,90179,810623,1034.7785620915033,0.6396339869281046
1658435179677,32.859,0.17989418,0.17391305,0.3043478,0.4090909,0.08695652,0.23076923,0.1923077,0.12,0.08,44.600002,44.600002,43.9,43.9,43.9,43.600002,42.600002,43.600002,43.300003,43.600002,43.9,43.600002,3832207,-1233826,1075200,1075200,1075200,1075200,1075200,1075200,652800,1401600,663,45,53,948,35,44,617,28,8,170,31,81,328,82,106,138,22,75,64,137,178,53,30,85,639799,66798,169382,811127,44499,50072,681381,48355,15432,183711,48665,670242,362748,146399,398493,141864,48771,642996,86408,341492,529611,61944,85880,846979,1031.7762644628099,0.6415338842975208
1658435180674,32.942,0.13872832,0.0952381,0.23809524,0.4090909,0.13043478,0.0,0.08695652,0.08695652,0.0,44.9,44.600002,44.300003,44.300003,43.9,43.600002,43.300003,43.600002,43.600002,43.9,43.9,43.300003,3837073,-1229248,1075200,1075200,1075200,1075200,1075200,1075200,652800,1401600,504,55,61,860,32,38,587,21,7,241,56,98,125,22,52,116,21,55,56,128,181,54,21,86,542949,109976,198046,759540,38432,41836,654100,32639,14509,263417,103289,515196,148236,28957,672673,129354,40920,631980,82089,337155,498546,77651,54998,848941,1032.6717394136808,0.6483908794788273
1658435181692,33.018,0.13541667,0.083333336,0.25,0.39130434,0.125,0.0,0.115384616,0.041666668,0.04,45.300003,44.9,43.9,44.600002,44.300003,44.300003,43.300003,43.9,43.600002,44.300003,44.300003,43.9,3824811,-1377869,1075200,1075200,1075200,1075200,1075200,1075200,652800,1401600,628,35,50,961,13,31,601,28,6,399,74,116,143,33,69,170,37,85,69,144,185,82,22,112,721733,48791,93718,827355,13993,29048,673272,38435,9305,343914,135753,399950,156877,98214,614980,179674,88509,547201,86449,338228,515525,78073,65163,823300,1032.664801313629,0.6509819376026273
1658435182694,33.107002,0.12871288,0.04,0.28,0.45833334,0.04,0.08,0.08,0.03846154,0.0,45.300003,44.9,44.600002,44.600002,44.300003,44.300003,43.300003,44.300003,44.300003,44.300003,44.600002,43.9,3813912,-1397706,1075200,1075200,1075200,1075200,1075200,1075200,652800,1401600,646,50,54,926,28,46,584,25,7,374,82,102,82,13,68,90,22,46,56,133,172,50,24,89,690658,79466,98657,789022,35016,48988,663427,39474,11540,369311,159304,322242,84163,30011,565992,107520,47184,630726,74763,321616,538708,70115,61358,863142,1029.0298227060653,0.6813561430793157
1658435183766,33.193,0.13658537,0.0,0.30769232,0.5185185,0.125,0.07692308,0.0,0.0,0.0,45.600002,45.600002,44.9,45.300003,45.300003,44.600002,43.9,44.9,44.600002,44.600002,44.600002,44.300003,3825784,-1343689,1075200,1075200,1075200,1075200,1075200,1075200,652800,1401600,504,29,43,987,20,25,528,33,2,386,117,105,264,60,104,137,29,76,74,137,190,65,37,110,661573,52834,201181,852331,19946,32483,618923,60499,2750,400494,241846,261179,268249,123377,434993,167158,55590,652451,90749,321952,561123,57026,100487,856275,1035.680858044164,0.6254637223974763
1658435184816,33.279003,0.14356436,0.11111111,0.29166666,0.45454547,0.08,0.08,0.041666668,0.074074075,0.0,45.9,45.600002,45.300003,45.300003,44.9,44.600002,44.300003,44.600002,44.600002,44.9,44.9,44.600002,3817026,-1401673,1075200,1075200,1075200,1075200,1075200,1075200,652800,1401600,442,21,57,881,34,43,532,31,7,477,104,105,152,19,57,142,36,76,59,130,184,53,28,95,520353,47147,358288,753642,45996,51860,621171,52320,12177,506664,168349,166425,152805,31928,651430,166098,109935,671913,92798,306276,551104,70664,81284,884027,1032.2651640866873,0.6465386996904025
1658435185883,33.349003,0.13714285,0.13043478,0.27272728,0.45,0.08695652,0.13043478,0.17391305,0.04347826,0.04347826,45.9,45.9,45.300003,45.300003,44.9,44.9,44.300003,44.600002,44.600002,44.9,45.300003,44.600002,3816442,-1310730,1075200,1075200,1075200,1075200,1075200,1075200,652800,1401600,606,44,55,975,26,37,564,26,7,438,63,124,96,11,49,249,58,103,87,135,195,67,26,97,650422,72422,171674,833719,31441,41811,648384,46314,8946,401030,73833,418387,85859,31780,638634,268505,99113,548318,101690,337734,548023,53518,71762,792000,1013.7926876033058,0.6377785123966943
1658435186916,33.429,0.16384181,0.13636364,0.2857143,0.52380955,0.0952381,0.045454547,0.13043478,0.045454547,0.045454547,46.300003,46.300003,45.600002,45.300003,44.9,44.9,44.300003,44.9,44.9,45.300003,45.600002,44.9,3826758,-1255799,1075200,1075200,1075200,1075200,1075200,1075200,652800,1401600,372,41,53,882,36,54,560,25,10,355,72,111,380,75,98,262,33,67,83,127,179,52,20,89,563867,74431,273044,779508,49082,58199,627647,44974,14479,360807,123702,391819,329135,142754,379315,219586,62995,513884,98924,324134,522326,62833,52872,873161,1014.2570736497545,0.611404255319149
1658435187939,33.508003,0.14689265,0.045454547,0.2857143,0.4347826,0.0,0.13043478,0.0952381,0.045454547,0.0,46.300003,46.600002,45.9,45.9,45.9,45.300003,45.300003,45.600002,45.9,45.9,45.600002,45.300003,3818972,-1377259,1075200,1075200,1075200,1075200,1075200,1075200,652800,1401600,525,37,56,929,23,39,546,23,5,352,77,97,336,44,98,193,39,74,117,119,199,41,45,89,664497,69085,156488,801487,31901,42873,643594,35870,9277,340073,111846,359343,274551,76918,460206,230007,88875,520092,151202,286608,542611,51151,141383,866786,1030.1664099378881,0.6295155279503105
1658435188964,33.591003,0.18333334,0.13043478,0.4090909,0.6363636,0.045454547,0.17391305,0.09090909,0.083333336,0.04347826,46.600002,45.9,45.600002,45.600002,45.600002,45.300003,44.9,45.300003,45.300003,45.600002,45.600002,44.9,3825006,-1237793,1075200,1075200,1075200,1075200,1075200,1075200,652800,1401600,493,52,71,956,19,46,533,22,10,284,76,95,100,4,53,301,78,111,85,122,191,42,15,64,642262,97957,167647,801627,25749,52057,642975,39391,18475,254752,169990,488628,105995,8588,695799,310477,145385,379434,118857,324153,553930,37514,41442,740774,931.832911717496,0.5869406099518459
1658435190005,33.674,0.17391305,0.041666668,0.36,0.5769231,0.083333336,0.07692308,0.15384616,0.071428575,0.037037037,46.600002,46.300003,45.600002,45.9,45.9,45.300003,44.9,45.300003,44.9,45.600002,45.600002,44.9,3818194,-1275025,1075200,1075200,1075200,1075200,1075200,1075200,652800,1401600,418,50,74,878,29,52,513,26,7,424,86,93,119,19,68,248,66,93,83,139,201,31,28,65,579520,105663,277113,784904,42333,60695,634795,51889,15918,412531,143412,356375,126562,33437,577159,263473,130848,464321,113403,321708,620153,31478,90681,1087487,936.2544049844237,0.5611464174454828
1658435191135,33.753002,0.23563218,0.14285715,0.35,0.5,0.1904762,0.26086956,0.15,0.13636364,0.13636364,46.600002,46.600002,45.9,45.9,45.600002,45.600002,44.9,45.300003,45.300003,45.600002,45.600002,45.300003,3820529,-1281434,1075200,1075200,1075200,1075200,1075200,1075200,652800,1401600,487,53,75,794,29,33,442,18,4,480,85,103,96,22,67,127,27,54,89,142,199,38,33,82,587796,97058,210324,717544,33352,44247,582993,36987,6041,459967,139414,235356,93061,55863,730582,146771,64959,573218,117875,343999,542643,37011,79069,884795,953.1043975155279,0.6175403726708074
1658435192151,33.826,0.028985508,0.03846154,0.03846154,0.03846154,0.037037037,0.03846154,0.07692308,0.0,0.0,47.300003,46.9,46.600002,46.300003,46.600002,45.9,45.600002,45.9,45.9,46.300003,45.9,45.600002,3811771,-1367188,1075200,1075200,1075200,1075200,1075200,1075200,652800,1401600,586,27,45,920,13,26,570,24,9,304,60,89,222,53,87,132,16,52,141,125,188,50,46,97,659001,49904,127186,750991,16040,27035,623138,34256,17277,317880,111774,434577,255027,129251,390348,136827,24592,596245,152586,272669,517829,57831,142960,665648,275.2272105263158,0.18326315789473685
1658435193165,33.896,0.27093595,0.32,0.18181819,0.33333334,0.37037036,0.32,0.30769232,0.08,0.25925925,44.9,44.9,44.300003,44.600002,44.600002,44.9,44.300003,44.9,44.600002,44.9,44.300003,44.300003,3876779,-530090,1075200,1075200,1075200,1075200,1075200,1075200,652800,1401600,245,21,59,649,23,49,174,19,47,399,49,77,279,32,76,82,16,42,34,20,77,41,26,70,530056,54567,389269,610154,43712,244734,212607,40815,574090,345290,86118,487056,229656,72628,625113,96041,29427,656914,56336,54095,770520,48997,78435,701286,-1.0,-1.0
1658435194161,33.973003,0.12903225,0.16,0.13043478,0.045454547,0.2,0.16666667,0.16666667,0.04347826,0.23076923,45.9,45.9,45.300003,45.600002,45.9,45.9,45.600002,45.600002,46.300003,46.300003,44.600002,44.300003,3902082,-477905,1075200,1075200,1075200,1075200,1075200,1075200,652800,1401600,1317,1,15,1566,8,14,574,13,47,533,22,48,489,5,28,461,7,27,232,0,48,416,26,52,675452,0,75253,713742,27859,38729,437291,25289,398852,453740,60731,264606,346080,7670,329838,395930,19819,322833,497961,0,482204,405060,98897,435784,-1.0,-1.0
1658435195213,34.027,0.24858756,0.2857143,0.1904762,0.04761905,0.26086956,0.26086956,0.26086956,0.17391305,0.52,44.9,44.600002,44.300003,44.9,44.600002,44.9,44.300003,44.600002,44.300003,44.600002,43.9,43.9,3905196,-287475,1075200,1075200,1075200,1075200,1075200,1075200,652800,1401600,1136,2,0,1384,2,5,509,17,35,405,27,54,253,18,40,354,22,29,372,5,64,710,57,84,718844,8351,1076,754769,2920,17886,373365,36886,339677,400067,56996,248858,334891,50557,241815,307604,57815,164963,421916,8086,497074,328180,116141,287389,0.0454168039538715,0.052388797364085665
1658435196217,34.055,0.36723164,0.2,0.23809524,0.23809524,0.27272728,0.27272728,0.26086956,0.41666666,1.0,45.300003,45.300003,44.600002,44.9,45.300003,45.300003,44.9,47.300003,45.300003,47.300003,43.600002,43.600002,3883008,-621948,1075200,1075200,1075200,1075200,1075200,1075200,652800,1401600,872,2,2,1086,0,2,383,34,56,541,39,63,430,26,63,421,24,78,317,33,118,602,23,64,566629,0,0,613621,0,0,361182,73171,169181,388967,63001,216620,333616,41773,208843,336272,37717,244036,251192,60908,445372,232045,63856,176695,-1.0,-1.0
1658435197213,34.093002,0.24157304,0.13636364,0.08695652,0.09090909,0.13636364,0.18181819,0.17391305,0.08695652,1.0,46.300003,46.300003,45.9,46.9,46.9,46.9,46.300003,47.9,47.300003,48.300003,44.300003,44.600002,3872692,-1126709,1075200,1075200,1075200,1075200,1075200,1075200,652800,1401600,1471,0,0,1539,0,0,568,18,23,522,14,27,587,13,31,542,6,25,859,30,34,0,0,0,657930,0,0,678413,0,0,523409,24552,133215,488969,22661,123109,451978,22927,165982,489730,11259,160352,430207,84897,136406,0,0,0,-1.0,-1.0
1658435198223,34.112003,0.26775956,0.08695652,0.3478261,0.2,0.27272728,0.13043478,0.0,0.20833333,1.0,45.300003,45.300003,44.9,45.600002,45.300003,45.300003,44.9,47.9,45.9,47.9,43.9,43.600002,3893907,-423584,1075200,1075200,1075200,1075200,1075200,1075200,652800,1401600,573,0,5,862,1,6,424,39,76,349,23,59,452,15,55,180,14,36,481,101,62,17,0,1,443580,0,33629,582854,574,34695,322999,75657,201204,260933,52609,301451,244684,34031,245450,181786,22524,300530,281598,221373,192946,1596,0,1119,288.9309185667753,1.3297068403908794
1658435199224,34.119003,0.24226804,0.041666668,0.22727273,0.12,0.16666667,0.08,0.11111111,0.24,1.0,46.9,46.9,46.300003,46.300003,46.600002,46.300003,46.300003,48.600002,46.600002,48.600002,45.600002,44.9,3807878,-1440430,1075200,1075200,1075200,1075200,1075200,1075200,652800,1401600,709,14,35,1042,13,35,451,65,90,513,58,73,211,41,67,302,40,90,331,91,138,21,1,7,588682,37536,199752,717581,13174,52716,373850,137416,286306,462983,104768,204026,185794,84425,459379,247054,93354,478874,240700,167897,344909,5335,690,8328,1207.935900621118,0.8203726708074534
1658435200249,34.154003,0.285,0.08,0.27272728,0.24,0.25,0.041666668,0.12,0.2,1.0,47.300003,47.600002,46.600002,46.9,47.300003,46.9,46.600002,49.300003,46.9,49.300003,45.600002,45.600002,3813328,-1380005,1075200,1075200,1075200,1075200,1075200,1075200,652800,1401600,344,29,60,874,27,50,457,93,134,484,92,112,94,9,44,107,32,64,627,147,106,1,3,3,509192,82103,306329,819120,38989,55943,493854,188671,241445,528819,170196,185920,91724,20258,741100,140601,76163,703947,455873,161090,141313,1953,2176,10792,1030.6250897832817,0.6594179566563467
1658435201290,34.195004,0.28,0.09090909,0.2857143,0.18181819,0.18181819,0.17391305,0.045454547,0.33333334,1.0,47.600002,47.600002,47.600002,47.300003,47.300003,47.300003,46.9,49.9,47.300003,49.9,46.300003,45.600002,3815079,-1360474,1075200,1075200,1075200,1075200,1075200,1075200,652800,1401600,407,39,70,837,29,58,548,101,138,391,95,122,180,29,93,92,13,48,627,147,97,3,0,0,575034,89288,302419,821404,43097,67364,527590,164767,207830,471336,187502,211547,207798,72176,675027,119728,23215,736425,475712,188640,131463,2738,0,0,1030.1868161993768,0.7017570093457943
1658435202317,34.233,0.40609136,0.2,0.32,0.16,0.32,0.16,1.0,0.16,1.0,48.9,48.9,48.300003,48.300003,48.300003,48.300003,47.9,50.600002,48.600002,50.300003,47.300003,46.9,3804180,-1492920,1075200,1075200,1075200,1075200,1075200,1075200,652800,1401600,529,23,49,809,20,37,411,83,99,444,83,111,153,32,73,204,38,77,607,152,81,0,0,0,632114,49678,185261,753436,27994,37164,425194,146229,195380,469684,147883,204205,173063,77930,593581,206861,77685,529877,394922,168742,117096,0,0,0,1033.4505834633385,0.7158315132605304
1658435203383,34.303,0.23267327,0.04,0.24,0.115384616,0.12,0.115384616,0.0,0.20833333,1.0,48.9,48.9,48.300003,48.9,48.9,48.9,48.300003,50.9,48.9,50.600002,46.9,46.300003,3817610,-1398926,1075200,1075200,1075200,1075200,1075200,1075200,652800,1401600,492,39,77,901,37,63,367,102,136,545,98,99,175,36,92,70,16,39,564,129,159,3,2,3,622085,72323,206318,822951,45188,68643,429122,197739,248221,537477,179437,178799,162181,72913,558639,80406,35516,335059,442333,227694,263066,4371,1532,5185,1033.0063737704918,0.6799213114754099
1658435204413,34.361,0.4390244,0.1923077,0.28,0.16666667,0.36,0.56,0.45833334,0.48,1.0,49.300003,49.300003,47.9,48.600002,48.300003,48.300003,48.300003,50.600002,48.9,51.300003,47.600002,46.9,3814495,-1376343,1075200,1075200,1075200,1075200,1075200,1075200,652800,1401600,449,45,72,734,32,57,385,78,117,415,93,117,119,28,51,93,21,51,590,141,84,0,0,0,542675,114765,228194,745884,52399,64898,420498,135680,221004,450175,186885,227428,132322,81501,482633,123174,53673,477685,433238,155473,108999,0,0,0,1028.1897293729373,0.665874587458746
1658435205466,34.437,0.24038461,0.04,0.20833333,0.07692308,0.15384616,0.14285715,0.074074075,0.23076923,1.0,49.9,49.600002,48.9,49.300003,49.300003,49.600002,48.9,51.9,49.600002,51.9,47.9,47.600002,3811187,-1445008,1075200,1075200,1075200,1075200,1075200,1075200,652800,1401600,602,23,44,909,23,44,363,95,121,402,75,98,120,23,63,137,32,79,672,138,36,1,0,2,751755,51022,140857,882373,28723,44265,389248,190890,222830,428666,134413,148936,121074,65255,401746,157266,66607,582738,448194,175173,38928,414,0,980,1039.503801242236,0.6905341614906833
1658435206492,34.5,0.32673267,0.16,0.26086956,0.23076923,0.24,0.12,0.15384616,0.44444445,1.0,49.9,49.600002,49.300003,49.300003,49.300003,48.9,49.300003,51.600002,49.9,51.9,48.300003,47.600002,3798730,-1477051,1075200,1075200,1075200,1075200,1075200,1075200,652800,1401600,430,57,100,801,47,82,336,120,139,422,108,163,92,27,56,80,15,59,607,155,101,7,0,1,544518,115066,299181,792192,52294,82642,416010,241203,261656,493937,218912,256864,81677,81863,727085,114466,42406,807196,450163,183596,130552,6400,0,412,1034.4225489566613,0.6911075441412521
1658435207521,34.570004,0.2393617,0.125,0.22727273,0.08695652,0.13043478,0.04347826,0.2,0.08695652,1.0,50.300003,49.600002,48.9,49.600002,49.600002,49.600002,48.9,52.300003,50.300003,51.9,48.600002,47.9,3812549,-1448060,1075200,1075200,1075200,1075200,1075200,1075200,652800,1401600,536,29,60,791,34,53,357,109,124,502,101,118,110,37,57,123,37,76,580,128,70,2,0,2,673586,63527,187238,803256,50052,59481,412414,207914,244722,514782,181507,189128,123711,89569,596010,157983,90199,676302,416094,187327,102732,650,0,1825,1032.3010696920583,0.709290113452188
1658435208519,34.637,0.33333334,0.16,0.32,0.32,0.25925925,0.1923077,0.1923077,0.25,0.96428573,50.300003,50.300003,49.600002,49.9,49.9,49.9,49.600002,51.9,50.300003,52.300003,48.600002,47.9,3800482,-1350708,1075200,1075200,1075200,1075200,1075200,1075200,652800,1401600,448,61,86,719,47,78,385,97,117,405,84,128,130,27,64,187,39,77,574,127,115,4,1,4,466134,135145,274708,733813,73850,78332,420177,196533,228805,484037,155054,218817,137576,56733,594875,217287,68305,609119,430419,168523,195985,6292,1070,9446,1028.8431238095238,0.6596571428571428
1658435209558,34.704002,0.32642487,0.16,0.33333334,0.25,0.32,0.16666667,0.16,0.23076923,1.0,50.600002,50.300003,49.600002,49.9,49.600002,49.600002,49.300003,51.9,49.9,52.300003,48.600002,48.300003,3807878,-1372071,1075200,1075200,1075200,1075200,1075200,1075200,652800,1401600,742,32,57,785,33,52,440,94,116,429,107,123,155,28,60,250,50,101,473,169,112,6,4,7,690451,51496,123997,807461,53055,58235,449181,176039,203316,495872,204806,213459,160351,67320,475384,250024,105734,493790,344774,240103,206093,3486,16431,9743,1035.668115755627,0.6757041800643087
1658435210590,34.777,0.3,0.15384616,0.25,0.27272728,0.2,0.08,0.12,0.25,1.0,50.9,50.600002,49.600002,49.9,49.9,49.9,49.300003,52.600002,50.300003,52.600002,48.9,48.300003,3810408,-1361084,1075200,1075200,1075200,1075200,1075200,1075200,652800,1401600,649,49,68,822,29,48,400,96,133,575,85,112,217,36,79,149,18,57,404,140,128,1,0,0,677523,77522,137677,785378,38680,56604,439928,200216,264737,538335,162065,168802,207984,86420,558134,173547,23323,501485,352670,250031,231825,20,0,0,1030.9391304347826,0.6679254658385093
1658435211600,34.838,0.29608938,0.16666667,0.23809524,0.33333334,0.22727273,0.045454547,0.16666667,0.22727273,1.0,51.300003,50.600002,49.9,50.600002,50.600002,50.600002,49.9,52.600002,50.600002,52.9,49.600002,48.600002,3809435,-1460267,1075200,1075200,1075200,1075200,1075200,1075200,652800,1401600,567,56,85,749,57,75,319,113,140,430,121,119,136,27,72,115,18,54,579,129,116,0,0,0,616069,90997,181091,742921,92429,73151,374582,248687,244482,463375,238051,201175,163775,65047,710092,119321,47387,710888,426866,183055,160997,0,0,0,1030.5078752052545,0.6817208538587849
1658435212602,34.914,0.30882353,0.15384616,0.20833333,0.34615386,0.16666667,0.08,0.08,0.32,1.0,51.300003,51.300003,50.600002,50.600002,50.9,50.600002,50.300003,53.300003,50.9,53.300003,49.600002,48.9,3800092,-1540528,1075200,1075200,1075200,1075200,1075200,1075200,652800,1401600,483,39,69,724,43,71,302,108,139,391,97,136,128,25,78,104,18,47,639,140,66,0,0,0,581406,95976,232252,751778,68075,75035,372157,214586,286313,485530,174223,236883,153813,58361,722844,110964,49758,681337,445923,180804,85727,0,0,0,1034.158251655629,0.6908079470198676
1658435213652,34.981003,0.36842105,0.09090909,0.375,0.5,0.26086956,0.2173913,0.2,0.375,1.0,51.600002,50.9,50.300003,50.600002,50.600002,50.9,50.300003,53.300003,50.9,53.300003,49.9,48.9,3809435,-1429749,1075200,1075200,1075200,1075200,1075200,1075200,652800,1401600,557,36,70,754,41,61,395,109,136,424,120,135,122,13,56,95,14,54,691,123,78,1,4,4,657911,77278,213859,816128,63286,68145,434130,211130,258266,475708,248306,221558,161982,25075,715368,92753,29039,775144,461294,138374,106000,105,11303,11337,1032.1651220285262,0.7054199683042789
1658435214662,35.047,0.30857143,0.18181819,0.32,0.3181818,0.18181819,0.0,0.09090909,0.25,1.0,51.9,51.600002,50.9,51.300003,51.600002,51.300003,51.300003,53.600002,52.300003,53.9,49.9,49.300003,3790360,-1596375,1075200,1075200,1075200,1075200,1075200,1075200,652800,1401600,525,28,77,698,37,61,372,90,130,414,106,121,115,14,52,121,19,51,614,145,71,3,3,6,579643,67391,251149,755366,48640,77241,440059,162852,242839,459371,218180,202207,114315,15594,690372,150746,49803,684013,430647,178750,92831,1024,7500,11673,1036.6755670436187,0.713718901453958
1658435215695,35.118,0.28865978,0.125,0.26086956,0.32,0.16,0.083333336,0.041666668,0.29166666,1.0,51.9,51.9,50.600002,51.300003,51.300003,51.300003,51.300003,53.9,51.9,53.9,49.9,49.600002,3783354,-1519776,1075200,1075200,1075200,1075200,1075200,1075200,652800,1401600,491,38,70,697,38,73,372,105,129,403,101,146,120,20,87,71,16,46,682,94,79,3,3,8,589334,92006,218722,813035,50812,77081,444689,210395,232626,486401,206662,251014,150852,61289,758152,77589,42735,769256,482161,128406,124147,4593,7803,28308,1032.8703261943988,0.7182866556836903
1658435216708,35.199,0.26865673,0.115384616,0.29166666,0.15384616,0.28,0.041666668,0.11111111,0.2,1.0,52.300003,51.9,50.9,51.300003,51.300003,51.300003,50.9,54.300003,51.600002,53.9,50.300003,49.600002,3803985,-1481629,1075200,1075200,1075200,1075200,1075200,1075200,652800,1401600,531,31,62,668,39,53,379,106,123,436,103,140,88,17,49,143,31,88,606,139,78,2,1,1,651988,59407,198247,783289,61708,68905,431798,214005,226835,495053,186586,239130,104217,37513,730060,172413,61075,680684,412863,157918,116959,418,2070,451,1038.2314285714285,0.6570909090909091
1658435217727,35.277,0.34117648,0.22727273,0.3,0.15,0.42857143,0.18181819,0.16666667,0.3181818,1.0,52.600002,52.300003,51.600002,51.600002,51.600002,51.600002,51.300003,54.300003,51.9,54.300003,50.600002,49.600002,3798341,-1515198,1075200,1075200,1075200,1075200,1075200,1075200,652800,1401600,528,33,64,697,35,57,402,75,105,354,82,115,104,24,48,177,35,70,712,140,95,2,0,2,580743,63702,176610,703114,52293,56803,420241,145344,195180,405460,160497,183635,113046,48542,588872,182816,90410,529820,447195,143778,108086,1505,0,1526,1034.1638260869565,0.6965465838509316
1658435218731,35.351,0.15873016,0.0,0.0,0.0,0.0,0.04,0.125,0.083333336,1.0,52.300003,51.9,51.300003,51.600002,51.600002,51.600002,51.300003,54.300003,51.600002,54.300003,50.300003,49.9,3814690,-1293030,1075200,1075200,1075200,1075200,1075200,1075200,652800,1401600,535,29,66,668,37,58,456,86,137,524,71,97,111,31,60,110,31,57,518,104,151,3,4,5,566856,72931,229689,760384,51286,73662,493572,153226,245130,462908,142686,197788,109301,92423,681669,105166,109105,643954,357339,149228,277855,82,6325,8531,0.012936995153473345,0.006733441033925687
1658435219727,35.419003,0.28708133,0.15384616,0.15384616,0.12,0.15384616,0.25925925,0.22222222,0.18518518,0.96153843,49.9,49.600002,49.300003,49.600002,49.9,49.9,49.600002,52.300003,49.9,52.600002,48.300003,47.9,3887095,-384216,1075200,1075200,1075200,1075200,1075200,1075200,652800,1401600,559,11,38,341,3,32,325,28,51,149,19,81,115,24,70,98,17,66,36,41,92,0,0,0,652167,34730,226389,672432,6852,259596,265632,56345,600238,158027,48336,731813,110534,63680,704202,120185,40366,648519,33055,117575,682501,0,0,0,-1.0,-1.0
1658435220784,35.49,0.42857143,0.23076923,0.18518518,0.29166666,0.23076923,0.1923077,0.36,1.0,1.0,50.9,51.300003,50.9,51.300003,51.600002,51.300003,51.300003,52.600002,51.9,52.9,48.600002,48.600002,3867242,-782166,1075200,1075200,1075200,1075200,1075200,1075200,652800,1401600,1490,0,0,1345,0,0,676,9,18,510,13,14,505,11,10,403,1,8,792,10,19,85,0,0,653178,0,0,748605,0,0,584210,18992,66363,591575,25682,81180,542871,35635,61292,528047,1023,107359,655068,25967,83777,23613,0,0,0.0663370786516854,0.06672231139646871
1658435221847,35.524002,0.8405797,0.7692308,0.76,0.8,0.76,0.7777778,0.84,1.0,1.0,50.300003,49.9,49.600002,49.9,50.300003,50.300003,50.9,52.600002,51.600002,52.9,48.300003,47.9,3853617,-767212,1075200,1075200,1075200,1075200,1075200,1075200,652800,1401600,683,0,0,611,0,0,406,23,54,338,16,52,269,37,38,157,17,34,450,18,36,1,0,0,414046,0,0,441846,0,0,222668,42318,145504,198641,31857,222563,214875,74951,126949,118494,34320,123199,133456,30131,129618,30,0,0,0.3988589147286821,0.011609302325581395
1658435222906,35.561,0.8292683,0.8148148,0.7826087,0.84,0.88,0.88461536,1.0,0.4814815,1.0,52.300003,52.9,51.9,52.600002,52.9,53.300003,52.300003,53.300003,53.300003,54.600002,48.9,49.300003,3783937,-1655884,1075200,1075200,1075200,1075200,1075200,1075200,652800,1401600,1063,0,0,984,0,0,710,1,5,536,5,5,722,1,1,464,5,1,95,0,0,0,0,0,337424,0,0,337945,0,0,312750,453,10657,322699,7221,4922,350265,2364,5597,325689,5875,0,37051,0,0,0,0,0,0.08184037558685446,0.03382785602503913
1658435223970,35.588,0.6763006,0.8095238,1.0,0.6363636,0.5714286,0.4090909,0.73913044,0.2,1.0,51.9,52.300003,50.9,51.300003,51.9,51.9,51.300003,53.600002,51.600002,53.300003,48.600002,48.600002,3817999,-1255494,1075200,1075200,1075200,1075200,1075200,1075200,652800,1401600,656,0,0,596,0,0,550,20,21,298,8,16,177,18,27,33,0,1,448,55,108,13,0,5,256615,0,0,249220,0,0,234671,19960,42220,140161,11043,47853,86746,29899,90951,13640,0,457,314012,126660,269668,4808,0,3230,626.7379283387622,1.6878175895765473
1658435224971,35.622,0.38,0.29166666,0.88461536,0.12,0.115384616,0.08,0.1923077,0.3478261,1.0,52.600002,52.300003,51.300003,51.600002,51.9,51.9,50.9,53.600002,51.9,53.600002,49.600002,49.300003,3778098,-1563721,1075200,1075200,1075200,1075200,1075200,1075200,652800,1401600,462,15,25,397,13,13,406,27,54,280,32,51,158,24,47,89,13,18,351,99,152,3,0,1,327886,11724,30389,263752,15219,19035,321511,57652,141172,193026,47074,144721,100964,51787,282215,53159,19572,76851,232738,156520,375669,1282,0,932,1365.4653355371902,0.9062611570247935
1658435226005,35.665,0.5968586,0.45833334,0.25,0.4,0.36,1.0,0.96,0.33333334,1.0,52.600002,52.300003,51.600002,51.9,52.600002,52.300003,51.9,54.300003,52.9,54.300003,50.300003,49.600002,3803790,-1490174,1075200,1075200,1075200,1075200,1075200,1075200,652800,1401600,1232,17,45,340,11,19,381,79,106,408,82,123,148,17,66,134,15,43,590,148,81,3,0,3,751151,16161,42729,306951,19215,31616,396747,135219,134288,443004,146398,254350,143262,38488,591068,111960,34783,498561,408351,164933,100556,271,0,1648,1033.9921872074883,0.6921684867394696
1658435227013,35.709003,0.33838382,0.26923078,0.115384616,0.083333336,0.115384616,0.08,0.92,0.13043478,1.0,53.300003,53.300003,51.9,52.600002,52.9,53.300003,52.300003,54.600002,53.600002,54.600002,50.600002,50.300003,3800482,-1575623,1075200,1075200,1075200,1075200,1075200,1075200,652800,1401600,1073,22,41,657,50,66,337,67,113,402,102,122,45,7,6,33,9,16,661,164,65,5,0,0,720868,21454,41681,646658,92455,106890,381350,132531,185658,374008,211225,198090,37117,13100,118233,22306,27034,137886,444860,184434,78530,157,0,0,1023.0558833063209,0.7313970826580226
1658435228017,35.774002,0.53960395,0.33333334,0.29166666,0.34615386,0.29166666,0.625,1.0,0.33333334,1.0,52.9,52.600002,52.300003,52.600002,52.600002,52.300003,52.300003,54.600002,52.9,54.9,50.600002,50.300003,3810992,-1438294,1075200,1075200,1075200,1075200,1075200,1075200,652800,1401600,1046,29,64,644,53,67,361,90,101,401,98,125,120,21,59,61,14,19,580,153,79,1,0,0,719412,33914,53702,595497,96158,104917,374883,200055,185193,418437,189284,227484,117991,36783,564937,54493,25306,50066,442200,160118,108589,25,0,0,1032.9031552795032,0.7015155279503105
1658435229050,35.821003,0.4347826,0.29166666,0.20833333,0.0952381,0.17391305,0.39130434,0.7826087,0.45454547,1.0,53.600002,53.300003,52.600002,52.9,53.300003,53.600002,52.9,55.300003,53.600002,55.300003,51.300003,50.600002,3779850,-1564332,1075200,1075200,1075200,1075200,1075200,1075200,652800,1401600,1136,26,33,761,41,65,380,83,128,403,104,146,91,6,13,55,21,57,470,145,149,2,0,0,730210,21378,31907,661075,59233,95052,408973,160252,215622,454874,193495,253156,74268,9870,24847,82300,63163,462596,381648,208580,228788,61,0,0,1035.8587443365695,0.6697734627831715
1658435230049,35.902,0.4585366,0.30769232,0.24,0.16666667,0.25,0.46153846,1.0,0.22222222,1.0,53.600002,53.600002,52.600002,52.9,53.300003,53.600002,52.9,55.300003,53.600002,55.300003,51.300003,50.600002,3799898,-1542664,1075200,1075200,1075200,1075200,1075200,1075200,652800,1401600,1015,42,72,624,58,94,312,112,126,392,102,149,97,19,49,23,0,9,606,127,78,1,0,0,736822,43903,70697,658335,113220,143560,367441,238536,216932,448433,196964,265343,116933,43202,597120,23147,0,53126,436425,149887,99384,33,0,0,1035.5606230529595,0.6855576323987539
1658435231085,35.966003,0.46486485,0.3181818,0.3181818,0.44,0.24,0.6086956,0.4,0.4090909,1.0,53.600002,54.300003,53.300003,53.9,53.600002,53.9,52.600002,55.600002,53.300003,55.600002,51.300003,50.9,3794642,-1482850,1075200,1075200,1075200,1075200,1075200,1075200,652800,1401600,1123,30,59,711,55,64,328,87,117,491,88,94,221,34,38,6,2,1,423,161,113,0,0,0,762195,27739,57664,680379,109605,87218,365921,182688,195313,491282,141643,154313,205770,56408,431120,4223,3915,3547,354565,269368,206840,0,0,0,1036.0769192546584,0.6737391304347826
1658435232093,36.037003,0.44607842,0.3846154,0.2,0.30769232,0.375,0.44444445,0.44,0.4,1.0,54.300003,54.300003,52.9,52.9,53.300003,53.300003,52.9,55.9,53.600002,55.600002,51.600002,50.9,3801260,-1485901,1075200,1075200,1075200,1075200,1075200,1075200,652800,1401600,1013,17,30,806,19,37,325,84,91,297,61,74,88,14,35,67,5,20,433,175,94,2,0,0,656589,18540,31253,645532,28323,54344,344754,158503,167035,292383,105229,107906,82682,19269,190943,63501,8650,113487,337190,321364,140161,80,0,0,1034.42276340694,0.6981829652996846
1658435233108,36.112003,0.3625731,0.3,1.0,0.14285715,0.17391305,0.04761905,0.045454547,0.1904762,1.0,54.300003,53.9,52.9,53.600002,54.300003,53.600002,53.300003,55.9,53.9,55.9,51.9,51.300003,3794253,-1496277,1075200,1075200,1075200,1075200,1075200,1075200,652800,1401600,1026,18,45,698,66,71,543,63,93,504,79,110,56,6,30,61,12,20,405,164,129,1,0,0,661561,21746,39687,682577,114002,110579,490040,99827,140677,448755,141073,184900,68938,6578,430970,72117,27601,73239,370912,235532,232100,96,0,0,1034.232894409938,0.692472049689441
1658435234113,36.169003,0.43850267,0.3478261,0.5652174,0.5652174,0.2173913,0.26086956,0.17391305,0.3043478,1.0,54.300003,53.9,52.9,53.9,53.600002,53.300003,53.300003,55.9,53.600002,55.9,52.300003,50.9,3797951,-1475220,1075200,1075200,1075200,1075200,1075200,1075200,652800,1401600,1175,23,27,449,34,41,464,88,119,337,88,120,126,18,41,124,28,61,576,136,107,0,0,0,735958,24306,21524,442635,66781,61318,501640,153965,193550,385817,161303,207490,131989,29880,352648,93071,86763,635800,435265,176925,172844,0,0,0,1029.0549581395348,0.6981457364341085
1658435235152,36.233,0.4770115,0.3809524,0.33333334,0.5,0.3809524,0.45454547,0.3478261,0.3809524,1.0,54.600002,53.9,53.300003,53.9,53.9,53.600002,52.9,55.9,53.300003,55.9,52.300003,51.300003,3791528,-1468201,1075200,1075200,1075200,1075200,1075200,1075200,652800,1401600,1119,15,29,554,34,43,452,69,80,544,105,80,181,26,47,195,37,66,268,121,179,13,0,0,712930,11330,21884,477882,55405,73013,455367,137940,118270,505347,166770,135729,152667,46808,355188,188317,65557,433386,265896,217685,358075,483,0,0,1028.2195324675324,0.6726233766233766
1658435236165,36.304,0.39512196,0.26923078,0.12,0.17391305,0.12,0.21428572,1.0,0.2857143,1.0,54.300003,53.9,53.300003,53.300003,53.9,53.600002,52.9,56.300003,53.600002,56.300003,51.9,51.600002,3793864,-1434632,1075200,1075200,1075200,1075200,1075200,1075200,652800,1401600,1029,24,37,754,54,69,422,82,118,522,89,110,49,7,14,75,16,41,349,87,206,0,0,0,673609,26466,37752,630172,93695,100245,485659,158394,197343,513158,154742,180773,54390,19017,62611,75707,36160,616329,305553,177714,368573,0,0,0,1038.5258357487924,0.6732367149758454
1658435237187,36.362003,0.42574257,0.2173913,0.23076923,0.23076923,0.28,0.16666667,0.92,0.26923078,1.0,54.300003,54.300003,53.600002,53.600002,54.300003,54.300003,53.300003,56.300003,53.9,55.9,52.300003,51.600002,3794837,-1485901,1075200,1075200,1075200,1075200,1075200,1075200,652800,1401600,1065,31,44,694,30,37,636,61,74,489,103,129,136,29,45,68,15,32,363,97,211,4,2,3,749503,33793,49121,593795,53714,56346,566817,79637,93449,485323,179037,205313,150680,70332,449202,66852,41966,222483,295309,164702,356370,2308,3770,7326,1029.545730081301,0.6716878048780488
1658435238221,36.426003,0.37688443,0.33333334,0.5769231,0.16,0.29166666,0.33333334,0.08,0.16666667,1.0,54.600002,54.300003,53.300003,53.600002,53.9,54.300003,53.600002,56.300003,53.9,56.600002,52.300003,51.9,3794059,-1475220,1075200,1075200,1075200,1075200,1075200,1075200,652800,1401600,1181,34,59,565,28,33,519,105,94,535,57,69,162,24,65,108,16,29,344,100,205,2,1,3,777947,33791,50675,531529,40114,42007,518088,169501,146459,462147,88602,91302,164333,49173,638331,88462,35135,397828,323748,185030,347279,39,402,822,1031.9491881804042,0.6314401244167963
1658435239245,36.497,0.3910891,0.25,0.20833333,0.5925926,0.34615386,0.30769232,0.17391305,0.1923077,1.0,54.9,54.600002,53.600002,54.300003,53.9,53.9,53.300003,56.600002,53.9,56.600002,52.300003,51.9,3795226,-1437684,1075200,1075200,1075200,1075200,1075200,1075200,652800,1401600,1198,31,45,651,31,45,463,111,94,537,77,90,110,16,49,104,21,43,411,108,209,3,0,0,771605,30842,42508,575734,64111,71090,500026,200375,142374,500085,117453,123808,121584,37200,646065,85540,47989,241408,343701,154622,320692,279,0,0,1036.5530077760498,0.6553779160186625
1658435240267,36.561,0.41326532,0.28,0.45833334,0.16666667,0.32,0.28,0.5769231,0.25,1.0,54.9,54.600002,53.9,54.300003,54.600002,54.300003,53.600002,56.600002,54.300003,56.600002,52.300003,51.9,3792891,-1504212,1075200,1075200,1075200,1075200,1075200,1075200,652800,1401600,1168,20,32,627,55,72,264,73,90,452,90,116,145,22,63,197,32,65,347,104,219,3,0,0,735513,22444,27832,650756,98921,108642,308933,146139,147060,451616,147998,181875,142756,35014,321390,205148,72900,538176,318117,167559,386886,391,0,0,1024.3089743589744,0.7033333333333334
1658435241280,36.625,0.39664805,0.26086956,0.13043478,0.2173913,0.13636364,1.0,0.13636364,0.4,1.0,55.300003,54.600002,54.300003,54.300003,55.300003,54.600002,53.9,56.9,54.9,56.9,52.600002,52.300003,3799508,-1450501,1075200,1075200,1075200,1075200,1075200,1075200,652800,1401600,1153,20,41,674,47,61,444,99,82,444,101,137,116,27,52,60,7,20,574,98,143,3,0,1,770547,16886,46813,643362,87568,85506,504325,172043,128403,456848,169788,235811,162341,62622,430027,49757,18017,170277,418852,109655,166438,73,0,521,1034.1434701986755,0.6329536423841059
1658435242283,36.683002,0.4059406,0.30769232,0.08695652,0.44,0.2,0.76,0.115384616,0.32,1.0,54.9,54.600002,53.9,54.600002,54.9,54.9,53.9,56.9,54.600002,56.9,52.9,52.300003,3803206,-1464844,1075200,1075200,1075200,1075200,1075200,1075200,652800,1401600,1189,22,51,692,56,69,484,108,76,460,102,140,1,0,0,104,25,65,510,108,145,1,0,0,801763,24783,51662,724143,101974,109446,518359,195403,132577,455613,200603,242371,13,0,0,123042,55767,647492,367307,152295,193981,62,0,0,1032.8524926108375,0.6680591133004926
1658435243336,36.757,0.37714285,0.05263158,0.045454547,0.04761905,0.3043478,0.14285715,1.0,0.2,1.0,55.300003,54.9,54.300003,54.300003,55.300003,54.600002,53.9,56.9,54.600002,57.300003,52.9,51.9,3799508,-1487427,1075200,1075200,1075200,1075200,1075200,1075200,652800,1401600,1166,37,74,698,57,73,385,104,128,328,98,122,92,13,29,98,17,54,627,131,110,0,0,0,806697,37866,78744,680326,95909,128278,449037,195890,214629,396156,189997,231067,75026,30717,156634,109924,40580,743983,461355,167345,141221,0,0,0,969.7619533437014,0.6313405909797822
1658435244341,36.818,0.28780487,0.07692308,0.04,0.0,0.11111111,1.0,0.07692308,0.03846154,1.0,54.600002,54.300003,53.600002,54.300003,54.300003,54.600002,53.9,56.9,54.600002,56.9,52.300003,51.9,3820140,-1023865,1075200,1075200,1075200,1075200,1075200,1075200,652800,1401600,989,13,33,672,24,32,369,83,119,557,71,110,185,43,68,7,3,6,310,114,103,1,0,0,722811,15495,31510,699737,40504,54151,361697,178102,305424,491889,117189,220226,199936,102163,397718,4672,7754,208882,237865,202612,296224,18,0,0,0.021233644859813085,0.0023302180685358252
1658435245383,36.882,0.27751195,0.03846154,0.0,0.03846154,0.0,1.0,0.11111111,0.037037037,1.0,52.600002,52.600002,51.9,52.300003,52.9,52.600002,52.300003,55.300003,52.600002,55.300003,50.600002,50.600002,3862960,-267944,1075200,1075200,1075200,1075200,1075200,1075200,652800,1401600,520,14,55,488,21,61,215,56,97,118,16,65,23,5,12,79,16,39,14,19,76,0,0,0,631156,27211,311385,639876,46577,260724,219036,147106,589491,128725,36373,745093,19404,13785,182998,113253,46783,473245,28881,69690,807851,0,0,0,-1.0,-1.0
1658435246438,36.939003,0.28985506,0.07692308,0.0,0.0,0.03846154,0.11111111,1.0,0.03846154,1.0,51.300003,50.9,50.600002,50.9,51.300003,51.300003,50.9,53.9,51.300003,53.9,49.600002,49.600002,3889431,-299072,1075200,1075200,1075200,1075200,1075200,1075200,652800,1401600,230,24,94,79,12,30,146,58,110,30,4,21,0,0,0,46,4,27,0,3,30,0,0,0,312001,68528,619634,209880,36806,779082,177648,149259,660743,36265,8879,874337,0,0,0,42802,13525,838214,0,12165,976801,0,0,0,-1.0,-1.0
1658435247487,36.977,0.530303,0.32,0.3478261,0.41666666,0.375,0.44,1.0,0.25,1.0,49.9,50.300003,49.600002,49.9,50.600002,50.9,50.300003,52.9,50.600002,52.9,48.300003,48.600002,3873860,-415344,1075200,1075200,1075200,1075200,1075200,1075200,652800,1401600,234,36,94,53,3,23,158,53,98,27,8,27,34,2,19,0,0,0,2,2,38,0,0,0,323162,103776,549475,188559,6304,758592,166823,171749,643866,35627,23430,1010892,29119,2317,795452,0,0,0,927,10812,1027865,0,0,0,-1.0,-1.0
1658435248541,36.993,0.6818182,0.52380955,0.77272725,0.47619048,0.6086956,0.47619048,0.47619048,1.0,1.0,52.600002,52.9,52.600002,52.9,53.300003,52.9,52.600002,54.300003,53.600002,54.9,49.9,50.300003,3864322,-715637,1075200,1075200,1075200,1075200,1075200,1075200,652800,1401600,1504,4,9,1977,0,2,665,5,4,341,2,6,522,0,6,42,0,0,335,1,13,12,0,0,585820,6355,37834,601748,0,101927,531850,19563,33447,515921,604,63959,523661,0,48511,16861,0,0,661054,5847,114452,448,0,0,0.05905383360522023,0.09177161500815662
1658435249554,37.017002,0.9368932,0.9166667,0.96,0.9259259,0.9230769,0.9583333,0.92,0.84615386,1.0,51.300003,51.300003,50.9,51.600002,51.9,52.600002,52.600002,53.9,53.300003,54.300003,49.300003,48.9,3857899,-719910,1075200,1075200,1075200,1075200,1075200,1075200,652800,1401600,501,0,0,309,0,0,319,23,33,235,18,36,178,20,25,162,19,36,14,0,1,1,0,0,331822,0,0,240984,0,0,174443,46742,74164,139811,28858,88244,133413,48278,93637,114369,36508,96638,638,0,446,11,0,0,0.004897435897435898,0.01732051282051282
1658435250622,37.027,0.5270936,0.64,0.48,0.2173913,0.3478261,0.65384614,0.5555556,0.2962963,1.0,52.600002,53.600002,52.600002,53.600002,53.9,54.300003,53.300003,54.300003,53.9,55.300003,50.600002,51.300003,3840966,-827942,1075200,1075200,1075200,1075200,1075200,1075200,652800,1401600,762,0,0,661,0,0,289,1,4,505,0,1,177,0,1,436,0,1,164,19,14,20,0,6,306677,0,0,318107,0,0,108023,222,3294,307896,0,1715,216532,0,29,267276,0,440,88079,24002,29077,7098,0,9274,0.004730650154798762,0.009795665634674922
1658435251688,37.044003,0.49751243,0.962963,0.375,0.12,0.125,0.115384616,1.0,0.20833333,1.0,52.600002,52.300003,51.9,51.9,51.9,51.9,51.600002,53.9,52.300003,54.300003,49.9,49.600002,3774984,-1743775,1075200,1075200,1075200,1075200,1075200,1075200,652800,1401600,627,2,6,798,2,3,250,36,60,384,27,50,274,29,50,74,7,12,269,114,107,5,2,2,369111,5107,25890,569619,682,3203,208729,57046,194518,232964,44796,104672,215331,58124,144633,56776,15488,60225,240458,238571,306876,389,772,2118,1064.113090909091,0.8196363636363636
1658435252692,37.044003,0.5510204,0.7692308,0.42857143,0.16666667,0.375,0.16666667,1.0,0.3478261,1.0,53.600002,53.300003,52.300003,52.9,53.300003,53.600002,52.300003,54.9,52.600002,54.9,50.9,50.600002,3794253,-1457520,1075200,1075200,1075200,1075200,1075200,1075200,652800,1401600,296,26,33,756,25,48,208,37,78,587,77,102,180,21,58,0,0,0,415,168,127,1,0,0,288759,31762,64294,665733,30658,45439,216383,74674,347324,469952,105982,173281,133325,39658,486655,0,0,0,331410,259139,199765,28,0,0,1030.4815548589343,0.6520376175548589
1658435253711,37.061,0.6069652,0.6296296,0.41666666,0.4,0.45833334,0.64,0.875,0.5,1.0,54.300003,54.300003,53.300003,54.300003,53.9,53.9,53.300003,55.600002,53.600002,55.600002,51.600002,50.9,3798730,-1474305,1075200,1075200,1075200,1075200,1075200,1075200,652800,1401600,205,7,9,797,18,31,192,31,65,446,80,112,111,11,68,0,0,0,442,136,150,0,1,2,197283,14717,11058,640208,26005,33160,213342,77589,363393,397366,135517,159559,108075,19312,628065,0,0,0,361695,229715,233036,0,275,935,1037.9572173913043,0.6640496894409939
1658435254730,37.102,0.5221675,0.8333333,0.375,0.16,0.22222222,0.25,0.96153843,0.28,1.0,54.300003,54.600002,54.300003,53.9,54.300003,54.300003,53.300003,56.300003,53.9,55.9,51.9,51.300003,3787441,-1528016,1075200,1075200,1075200,1075200,1075200,1075200,652800,1401600,393,37,67,779,27,52,92,16,35,334,69,90,21,2,14,72,20,44,650,141,84,4,0,1,450889,85172,205357,700322,32433,51008,106288,29993,328121,290451,124583,145758,28376,2465,71355,63769,60490,444175,423923,160945,110734,3397,0,1384,1029.2113219284604,0.6676702954898911
1658435255785,37.152,0.64736843,1.0,0.39130434,0.61538464,0.65384614,0.64,0.5833333,0.36363637,1.0,54.9,54.600002,54.300003,54.300003,54.600002,54.600002,53.600002,56.600002,54.300003,56.300003,52.600002,51.600002,3792696,-1492615,1075200,1075200,1075200,1075200,1075200,1075200,652800,1401600,245,25,40,638,24,34,106,25,49,404,83,110,64,12,41,8,4,10,735,118,96,0,0,2,251343,45714,76219,603428,31370,39892,115756,55179,354352,367014,150338,161812,68338,31636,296854,14943,15585,146515,451495,149690,122387,0,0,1024,1036.9139219968797,0.6561248049921996
1658435256783,37.213,0.53333336,0.47826087,0.2857143,0.33333334,0.3809524,0.25,1.0,0.45833334,1.0,55.600002,55.300003,54.300003,54.9,54.600002,54.300003,53.600002,56.600002,54.600002,56.600002,52.9,51.9,3801649,-1467896,1075200,1075200,1075200,1075200,1075200,1075200,652800,1401600,153,25,38,783,24,49,191,32,62,226,53,68,36,9,12,13,5,9,636,134,84,0,0,1,182602,52454,78292,694144,25805,50441,172231,58016,273122,220031,83059,108206,29798,24019,61049,23010,9539,175183,414490,159626,114628,0,0,428,1032.506966887417,0.6508609271523179
1658435257789,37.25,0.5252525,0.25,0.36,0.72,0.23076923,0.8,0.5833333,0.30769232,1.0,55.600002,55.300003,53.9,54.600002,54.300003,55.300003,54.300003,56.9,54.9,57.300003,52.600002,51.9,3795810,-1430970,1075200,1075200,1075200,1075200,1075200,1075200,652800,1401600,184,4,8,830,31,33,220,39,77,381,56,82,80,14,38,34,7,26,597,105,166,6,0,0,246319,10436,20700,737016,45701,29380,249065,77866,425847,298036,99093,124787,108566,30434,382893,54526,18001,206347,391513,139508,210134,142,0,0,1033.259794712286,0.6637884914463452
1658435258804,37.315002,0.5141243,0.8636364,0.36363637,0.045454547,0.1,0.3478261,1.0,0.33333334,1.0,56.300003,55.600002,55.300003,55.300003,55.300003,55.300003,54.300003,57.300003,54.9,57.600002,53.300003,52.300003,3796783,-1456299,1075200,1075200,1075200,1075200,1075200,1075200,652800,1401600,347,15,18,854,24,27,85,21,32,559,121,139,115,15,50,11,10,15,591,84,172,5,0,3,452012,21061,26299,735391,25036,35740,82430,38094,229331,484869,182875,200383,128904,24062,336768,14795,28456,144234,389072,117494,233472,2337,0,3811,1030.9017639751553,0.6537142857142857
1658435259856,37.358,0.5609756,0.36,0.39285713,0.5,0.28,0.9259259,0.7916667,0.30769232,1.0,56.300003,55.9,54.600002,54.9,55.600002,55.300003,54.300003,57.300003,54.9,57.600002,53.300003,52.600002,3790944,-1462708,1075200,1075200,1075200,1075200,1075200,1075200,652800,1401600,382,17,22,830,26,35,91,16,34,586,99,96,66,10,31,19,0,5,642,90,191,9,2,5,389278,24745,59680,723689,25986,36473,95851,27912,224698,517998,157212,148557,87661,21733,167360,17994,0,23032,440998,97543,243300,6153,1594,6591,1032.1870233281493,0.6437325038880248
1658435260877,37.419003,0.47783253,0.04,0.2173913,1.0,0.8,0.29166666,0.15384616,0.26923078,1.0,56.300003,55.600002,55.600002,55.600002,55.9,55.600002,54.9,57.600002,55.600002,57.9,53.600002,52.9,3788998,-1521912,1075200,1075200,1075200,1075200,1075200,1075200,652800,1401600,317,16,38,807,28,42,115,21,39,497,99,112,3,2,4,127,18,56,656,102,136,1,0,0,354350,42317,120255,738992,32208,44000,120877,49915,329788,467217,123788,189567,2773,12615,24842,144370,31819,329793,408775,126048,163987,39,0,0,1030.0706366559484,0.6520900321543409
1658435261881,37.49,0.4827586,0.8076923,0.29166666,0.04,0.28,0.42307693,0.76,0.2962963,0.96153843,56.300003,56.300003,55.600002,55.9,55.600002,55.300003,54.600002,57.600002,55.300003,57.600002,53.600002,52.9,3791723,-1481019,1075200,1075200,1075200,1075200,1075200,1075200,652800,1401600,219,17,31,815,17,37,101,18,32,287,64,85,140,27,74,51,6,17,677,132,88,1,0,0,288408,30967,88402,728247,18988,39177,98214,34452,302252,285221,116041,112488,130637,55811,621856,53738,12148,288495,432762,153074,92631,32,0,0,1031.4899936102236,0.6558977635782748
1658435262891,37.541,0.47572815,1.0,0.33333334,0.074074075,0.11111111,0.115384616,1.0,0.26923078,1.0,56.300003,56.300003,55.600002,55.600002,55.9,55.9,55.300003,57.9,55.9,58.300003,53.600002,53.300003,3786468,-1483460,1075200,1075200,1075200,1075200,1075200,1075200,652800,1401600,230,18,27,811,33,46,50,16,48,467,87,133,88,20,45,18,6,16,689,132,88,2,1,1,286002,46428,79105,753842,41089,46981,47251,45137,402966,432564,154645,207807,99231,47132,528050,23550,14753,154162,441128,148306,109574,73,327,1694,1035.7375049504951,0.6638151815181519
1658435263896,37.592003,0.50282484,1.0,0.42857143,0.13043478,0.0952381,0.29166666,1.0,0.0952381,1.0,56.9,56.300003,54.9,55.600002,55.9,56.300003,55.300003,58.300003,56.300003,58.300003,53.9,52.9,3790360,-1456299,1075200,1075200,1075200,1075200,1075200,1075200,652800,1401600,305,21,42,753,26,47,61,21,39,475,105,155,97,25,44,0,0,0,641,138,71,0,0,0,383225,49449,120394,724147,31670,44705,76707,56272,275400,467191,168736,237585,94802,51455,527999,0,0,0,416704,165744,90685,0,0,0,1037.5418325123153,0.6602824302134647
1658435264897,37.646,0.48756218,0.08,0.48,0.7916667,1.0,0.083333336,0.4,0.08,1.0,57.300003,56.300003,55.300003,55.600002,55.9,56.300003,55.300003,58.600002,55.600002,58.600002,53.9,52.9,3789777,-1477051,1075200,1075200,1075200,1075200,1075200,1075200,652800,1401600,42,0,0,808,16,32,174,37,83,485,97,138,138,31,63,0,0,0,546,151,110,1,0,0,48877,0,0,694478,20286,34672,185827,78443,618407,472809,174274,218944,149559,53842,515718,0,0,0,392764,193240,167459,30,0,0,1034.8731125827815,0.648794701986755
1658435265952,37.734,0.45728642,0.0,0.375,0.0,1.0,0.041666668,1.0,0.08695652,1.0,56.300003,56.300003,55.300003,56.300003,56.300003,56.300003,55.300003,58.300003,55.9,58.300003,54.300003,53.300003,3785884,-1482850,1075200,1075200,1075200,1075200,1075200,1075200,652800,1401600,259,21,41,872,14,24,356,66,93,329,24,25,165,20,64,41,16,39,282,171,144,1,0,0,315147,48553,103330,672050,17210,25723,352189,117731,220103,213687,17547,30065,158705,26387,579017,55077,39440,295223,263213,328096,318983,33,0,0,1025.2305590062113,0.6453664596273292
1658435266999,37.781002,0.48087433,0.96,0.3809524,0.08695652,0.08695652,0.08695652,1.0,0.13636364,1.0,56.600002,56.600002,55.9,56.600002,56.600002,56.600002,55.600002,58.600002,56.300003,58.600002,54.600002,53.600002,3775179,-1545716,1075200,1075200,1075200,1075200,1075200,1075200,652800,1401600,547,43,67,809,20,37,248,49,95,257,29,50,72,2,12,58,13,25,540,140,154,2,0,0,607685,88749,171740,652597,21691,39831,251731,94701,418136,214673,41453,81920,46571,2251,238936,49300,48022,124741,400571,186656,212057,51,0,0,1036.7751696869852,0.6620362438220758
1658435268005,37.838,0.4950495,0.04,0.26086956,0.16,1.0,1.0,0.25,0.14814815,1.0,57.600002,56.9,55.9,56.300003,56.600002,56.9,56.300003,58.9,56.600002,58.9,54.600002,53.9,3776347,-1674805,1075200,1075200,1075200,1075200,1075200,1075200,652800,1401600,147,4,8,754,12,22,164,45,68,540,90,126,142,16,42,0,0,0,508,164,110,0,0,0,201260,5544,21966,660885,12950,25377,150974,117922,557258,450630,151389,188480,125038,30649,525014,0,0,0,362562,207575,159500,0,0,0,1029.392745341615,0.6608198757763976
1658435269036,37.899002,0.46039605,1.0,0.32,0.0,0.11111111,0.08,1.0,0.20833333,1.0,56.600002,56.9,55.9,56.9,56.9,56.600002,55.9,58.9,56.600002,58.9,54.600002,53.9,3793475,-1503296,1075200,1075200,1075200,1075200,1075200,1075200,652800,1401600,334,34,65,849,19,30,350,52,87,125,22,28,47,12,33,96,11,29,608,148,121,1,0,0,483823,71822,153504,697036,21825,31220,312777,82514,287140,115729,25603,38194,75086,22000,329417,80562,20415,391098,441107,196711,186972,35,0,0,1039.7673157076206,0.6781213063763608
1658435270070,37.963,0.4827586,0.08695652,0.2857143,1.0,0.0952381,0.09090909,1.0,0.27272728,1.0,57.600002,56.9,55.9,56.300003,56.600002,56.9,56.300003,58.9,56.9,58.9,54.9,53.600002,3782380,-1466065,1075200,1075200,1075200,1075200,1075200,1075200,652800,1401600,272,4,20,865,21,38,58,28,52,280,77,97,100,15,36,121,17,42,690,147,65,1,0,0,286727,5984,53171,773747,21142,42819,61901,86322,499511,271613,149407,165276,74407,42409,477232,113128,33992,270420,458587,165143,75044,25,0,0,1037.9495384615384,0.6543673469387755
1658435271112,38.027,0.45812806,0.08,0.115384616,0.1923077,0.9259259,0.125,1.0,0.16,1.0,57.9,57.300003,56.600002,56.600002,56.9,57.300003,56.9,59.600002,57.600002,59.300003,55.300003,54.600002,3781991,-1620789,1075200,1075200,1075200,1075200,1075200,1075200,652800,1401600,283,20,37,868,21,34,183,21,60,523,90,151,165,17,48,0,0,0,650,131,88,3,1,0,338113,53327,107178,779799,26432,32607,182203,51078,277514,489129,137965,230466,146718,39007,503672,0,0,0,422453,152842,108057,100,301,0,577.6224399375975,0.3815163806552262
1658435272157,38.088,0.5081967,0.9583333,0.25,0.18181819,0.29166666,0.1904762,1.0,0.16666667,1.0,55.600002,55.600002,54.9,55.600002,55.9,56.300003,55.300003,58.300003,55.9,58.300003,53.600002,53.300003,3853617,-677490,1075200,1075200,1075200,1075200,1075200,1075200,652800,1401600,311,8,10,627,18,35,192,36,73,246,48,80,95,15,49,0,0,0,461,105,92,0,0,0,452913,15313,23178,704621,31211,122065,162461,74182,569582,245705,93484,264361,130229,46591,500449,0,0,0,341424,199441,284064,0,0,0,-1.0,-1.0
1658435273175,38.139,0.79347825,0.95652175,0.7916667,0.9166667,0.56,0.59090906,0.5217391,1.0,1.0,56.600002,56.300003,56.300003,56.600002,56.9,56.9,56.300003,58.300003,57.300003,58.600002,53.600002,53.300003,3842523,-797730,1075200,1075200,1075200,1075200,1075200,1075200,652800,1401600,877,0,0,1410,0,0,489,11,19,461,12,18,108,0,1,148,7,17,845,30,18,4,0,0,282062,0,0,620384,0,0,494118,7942,74267,510873,22974,85229,184753,0,26,113029,19022,53147,609526,52383,51007,85,0,0,0.0042484472049689435,0.003204968944099379
1658435274292,38.190002,0.8684211,0.92,1.0,0.7916667,1.0,0.6086956,0.6086956,1.0,1.0,55.300003,55.300003,55.300003,55.600002,56.300003,55.9,55.9,56.9,56.9,58.300003,52.9,52.600002,3833764,-816040,1075200,1075200,1075200,1075200,1075200,1075200,652800,1401600,100,0,0,166,0,0,222,6,14,314,16,25,125,12,18,225,6,20,18,0,3,4,0,0,47155,0,0,86523,0,0,114386,6514,19945,148501,21253,36670,88989,20712,36658,107184,14492,46217,8997,0,712,84,0,0,-1.0,-1.0
1658435275353,38.213,0.8195122,1.0,1.0,0.7692308,0.68,0.84,1.0,0.20833333,1.0,56.9,57.300003,56.600002,57.300003,57.600002,57.600002,57.300003,58.300003,57.600002,58.600002,53.300003,52.9,3838436,-819092,1075200,1075200,1075200,1075200,1075200,1075200,652800,1401600,59,0,0,67,0,0,167,0,1,3,0,0,189,2,1,204,1,0,0,0,0,2,0,0,27763,0,0,13026,0,0,130777,0,520,909,0,0,135446,2683,410,151556,572,0,0,0,0,57,0,0,-1.0,-1.0
1658435276410,38.230003,0.7246377,0.96153843,0.53846157,0.4642857,0.5769231,1.0,0.8888889,0.44,1.0,56.300003,56.300003,55.600002,55.9,56.600002,56.300003,55.9,57.600002,56.300003,57.9,52.600002,52.300003,3812354,-1305848,1075200,1075200,1075200,1075200,1075200,1075200,652800,1401600,0,0,0,19,0,0,120,2,5,106,5,9,26,2,9,25,0,1,530,73,61,0,0,0,0,0,0,13713,0,0,57830,1092,33362,61446,9585,31409,23169,2341,30955,9214,0,928,241509,120478,118214,0,0,0,209.648284789644,1.9306537216828479
1658435277444,38.244003,0.70098037,0.96153843,0.42307693,0.5,0.5769231,1.0,0.7692308,0.29166666,1.0,55.9,55.300003,55.300003,55.600002,55.9,55.300003,54.9,57.600002,54.9,57.600002,53.300003,52.9,3789777,-1364441,1075200,1075200,1075200,1075200,1075200,1075200,652800,1401600,11,0,0,413,13,17,77,20,28,277,24,34,0,1,1,125,8,15,1047,129,65,1,0,0,11891,0,0,377729,22216,27249,98641,40245,75687,310626,52059,101465,0,384,1430,65996,8434,30481,296151,207004,134169,91,0,0,1250.6593343701397,0.8338911353032659
1658435278496,38.267002,0.66019416,1.0,0.29166666,0.30769232,0.4347826,1.0,0.88461536,0.33333334,1.0,56.9,56.600002,55.9,56.300003,56.600002,56.600002,55.600002,57.9,56.600002,58.300003,54.300003,53.600002,3761943,-1772157,1075200,1075200,1075200,1075200,1075200,1075200,652800,1401600,22,0,0,660,25,40,292,54,61,394,26,30,43,3,7,23,2,14,355,149,110,0,0,0,12476,0,0,637095,43587,55311,282237,89894,138658,435454,49111,86365,22949,8178,23487,19068,4647,137553,313645,193924,170914,0,0,0,953.4919751552795,0.5729689440993789
1658435279558,38.298,0.65,1.0,0.34615386,0.28,0.41666666,1.0,0.88,0.26923078,1.0,56.9,56.600002,55.600002,56.300003,56.600002,56.600002,55.9,58.600002,56.300003,58.300003,54.300003,53.9,3773816,-1621094,1075200,1075200,1075200,1075200,1075200,1075200,652800,1401600,1,0,0,718,39,57,338,84,86,537,46,33,5,0,1,24,7,12,340,129,93,0,0,0,28,0,0,719099,59147,57819,348278,170908,155548,593410,81813,55292,262,0,25,23816,16570,58354,293959,222308,199248,0,0,0,929.6680745341614,0.5355031055900621
1658435280595,38.352,0.8719212,1.0,0.875,0.96153843,0.72,1.0,1.0,0.39130434,1.0,57.300003,56.600002,55.9,56.600002,56.9,56.9,55.600002,58.300003,56.600002,58.600002,54.9,53.9,3781602,-1489258,1075200,1075200,1075200,1075200,1075200,1075200,652800,1401600,23,0,0,745,25,44,312,65,81,501,26,31,8,4,6,18,2,7,341,141,81,0,0,0,29101,0,0,688749,28894,49961,324442,117713,127568,549640,49420,47783,5936,12317,26922,14217,3069,28946,316460,210549,143366,0,0,0,938.1081560062403,0.5600748829953198
1658435281651,38.396004,0.7298578,0.962963,0.52,0.4074074,0.6666667,1.0,0.962963,0.33333334,1.0,57.9,57.9,56.9,57.600002,57.600002,57.300003,56.600002,59.300003,57.300003,59.300003,54.9,54.600002,3779266,-1629334,1075200,1075200,1075200,1075200,1075200,1075200,652800,1401600,83,17,28,543,19,30,74,15,15,447,28,32,28,3,3,2,1,0,364,152,79,0,0,0,78228,35322,71218,464394,23237,35578,68596,19777,27057,439511,40555,60883,6898,7965,5276,3540,2128,0,324055,263702,163955,0,0,0,936.9942119815668,0.5661689708141321
1658435282798,38.446003,0.8457944,1.0,0.7307692,0.96428573,0.6785714,1.0,1.0,0.3846154,1.0,57.300003,56.9,56.300003,56.9,56.600002,56.9,55.9,58.9,56.9,58.9,55.300003,54.600002,3777709,-1565858,1075200,1075200,1075200,1075200,1075200,1075200,652800,1401600,13,0,0,643,31,40,296,61,95,434,22,29,7,1,5,39,2,7,298,149,112,0,0,0,19656,0,0,627618,52549,58163,311849,113525,168292,542249,53847,54070,10299,325,17118,31260,6230,19503,299919,267022,222108,0,0,0,954.9151751937984,0.6088434108527132
1658435283962,38.511,0.67261904,1.0,0.47619048,0.8095238,0.45454547,0.9047619,0.6818182,0.09090909,1.0,57.600002,57.300003,56.9,56.9,56.9,56.9,56.300003,58.9,56.600002,58.9,54.9,54.300003,3788609,-1444703,1075200,1075200,1075200,1075200,1075200,1075200,652800,1401600,35,0,0,478,21,21,159,33,46,257,22,31,4,1,1,32,6,9,315,153,110,0,0,0,13984,0,0,476565,34560,28723,173181,55876,73439,343853,39796,68198,3824,677,1246,24032,19492,23840,278854,246606,226717,0,0,0,975.306898911353,0.5557449455676516
1658435284988,38.582,0.74876845,1.0,0.41666666,0.8888889,0.5185185,0.92,1.0,0.23076923,1.0,57.9,57.600002,56.9,56.9,57.300003,56.600002,55.9,59.300003,56.600002,58.9,54.9,54.600002,3785884,-1520692,1075200,1075200,1075200,1075200,1075200,1075200,652800,1401600,0,0,0,543,17,23,53,6,8,346,16,30,1,1,2,53,5,18,265,129,68,0,0,0,0,0,0,495567,20356,22246,29082,7027,11632,404649,25322,62723,1335,8277,10122,52666,7956,27261,235813,202337,234078,0,0,0,1013.3363856920685,0.5958569206842923
1658435286021,38.632,0.6482412,1.0,0.3478261,1.0,0.46153846,1.0,0.16666667,0.2,1.0,58.600002,57.600002,57.300003,57.300003,57.600002,57.600002,56.9,59.600002,57.600002,59.600002,55.600002,54.600002,3769145,-1458436,1075200,1075200,1075200,1075200,1075200,1075200,652800,1401600,53,0,0,739,28,47,300,50,69,474,33,44,5,1,3,8,1,0,356,143,84,0,0,0,44889,0,0,672244,39419,47616,304000,99413,95121,520069,73941,72121,3274,4251,13799,4349,1462,0,344898,216547,140470,0,0,0,1062.2562492211837,0.6065046728971962
1658435287055,38.7,0.64851487,1.0,0.33333334,0.30769232,0.48,1.0,0.84615386,0.125,1.0,58.600002,58.300003,57.300003,57.600002,57.600002,57.300003,56.600002,59.600002,57.300003,59.9,55.600002,54.9,3781018,-1529236,1075200,1075200,1075200,1075200,1075200,1075200,652800,1401600,45,1,0,772,27,44,339,42,36,434,43,56,6,1,0,74,2,28,374,143,96,0,0,0,27012,19,0,725357,32951,51791,282919,66603,50940,493402,73419,98321,3542,1321,0,65008,5139,230078,309348,242101,171463,0,0,0,1113.1600747663551,0.6194641744548286
1658435288091,38.771004,0.6502463,1.0,0.28,0.23076923,0.52,1.0,0.9259259,0.2,1.0,58.600002,58.300003,57.9,57.600002,58.300003,57.600002,57.300003,59.9,58.300003,59.9,55.9,55.300003,3776347,-1564332,1075200,1075200,1075200,1075200,1075200,1075200,652800,1401600,5,0,0,781,16,34,363,39,69,431,39,27,0,0,0,89,11,22,311,157,93,0,0,0,2535,0,0,743767,22547,33927,337336,59408,120628,501370,66507,47494,0,0,0,55340,22363,155332,272238,249993,173683,0,0,0,1188.9242616822428,0.6803738317757009
1658435289155,38.832,0.67839193,1.0,0.39130434,0.92,0.48,1.0,0.28,0.29166666,1.0,59.300003,58.300003,57.9,57.9,57.9,57.9,57.300003,60.300003,57.600002,60.300003,55.9,55.300003,3783937,-1537781,1075200,1075200,1075200,1075200,1075200,1075200,652800,1401600,3,0,0,751,28,48,347,88,117,444,19,21,1,0,1,28,3,7,382,145,93,0,0,0,39,0,0,743743,44167,53389,361569,172813,189417,532920,29400,38741,16,0,397,23380,4724,21348,367151,203140,143520,0,0,0,1258.292186915888,0.7004610591900311
1658435290205,38.899002,0.6268657,1.0,0.30769232,0.61538464,0.46153846,0.53846157,1.0,0.08695652,1.0,59.300003,58.9,57.9,58.9,58.9,58.9,57.9,60.600002,58.9,60.600002,56.9,55.9,3772454,-1705628,1075200,1075200,1075200,1075200,1075200,1075200,652800,1401600,54,2,9,835,9,20,290,32,50,454,31,35,17,1,0,81,12,28,351,139,76,0,0,0,88188,2951,15790,746909,9517,21796,234067,50769,92082,521434,49919,56996,7905,333,0,43211,25517,188625,296652,204210,127499,0,0,0,1354.7420621118013,0.6821366459627328
1658435291248,38.960003,0.6945813,0.89285713,0.36,0.4,0.47826087,0.96,1.0,0.4,1.0,59.300003,58.600002,58.300003,58.300003,58.300003,58.600002,57.600002,60.600002,58.300003,60.600002,56.300003,55.600002,3781796,-1516724,1075200,1075200,1075200,1075200,1075200,1075200,652800,1401600,2,0,0,765,35,66,366,66,89,513,23,23,36,5,19,0,0,0,364,145,122,0,0,0,1112,0,0,712204,47083,70719,347592,112369,145008,553489,31888,41424,30730,16961,125900,0,0,0,389808,202148,193822,0,0,0,1033.0685786163522,0.6069937106918238
1658435292294,39.024002,0.702439,1.0,0.29166666,0.52,0.5555556,0.84615386,0.8888889,0.46153846,1.0,59.600002,58.9,58.600002,58.600002,58.9,59.300003,58.600002,60.9,59.600002,60.9,56.600002,55.600002,3774789,-1613160,1075200,1075200,1075200,1075200,1075200,1075200,652800,1401600,43,0,0,843,16,25,360,58,76,483,19,17,11,4,14,0,0,1,363,139,82,0,0,0,25411,0,0,747813,20089,30114,330740,106747,120494,551501,33617,23841,15721,8249,154285,0,0,1483,313665,199085,127454,0,0,0,1034.2053623639192,0.5997387247278383
1658435293350,39.082,0.7254902,1.0,0.375,0.46153846,0.61538464,0.8888889,1.0,0.41666666,1.0,59.600002,59.300003,58.300003,58.600002,58.9,59.300003,58.600002,61.300003,59.300003,61.300003,56.9,56.300003,3772259,-1652222,1075200,1075200,1075200,1075200,1075200,1075200,652800,1401600,26,0,0,739,31,47,314,83,93,499,16,30,21,2,11,21,0,5,379,138,99,0,0,0,12495,0,0,708439,46882,60551,339320,154156,165112,605120,24838,46260,18410,2229,86784,18839,0,5413,341275,178896,178476,0,0,0,1034.2005228758171,0.6131241830065359
1658435294378,39.149002,0.6869159,0.8148148,0.32,0.8148148,0.46153846,1.0,0.8214286,0.23076923,1.0,59.600002,59.600002,58.300003,58.9,59.300003,58.9,58.300003,61.300003,58.9,61.300003,56.9,56.300003,3768756,-1610718,1075200,1075200,1075200,1075200,1075200,1075200,652800,1401600,0,0,0,683,31,35,329,61,73,501,18,31,17,5,21,43,2,1,332,153,116,0,0,0,0,0,0,603702,42255,38671,308731,118580,115532,540071,31251,46675,15865,16627,162986,17335,2912,3858,285118,250474,207552,0,0,0,1034.9615900621118,0.6000993788819875
1658435295454,39.22,0.68599033,0.96,0.36,0.84,0.5555556,0.44444445,1.0,0.35714287,1.0,59.600002,58.9,58.600002,58.9,58.600002,58.9,58.300003,60.9,58.9,61.300003,57.300003,56.300003,3760386,-1648865,1075200,1075200,1075200,1075200,1075200,1075200,652800,1401600,79,0,0,688,38,66,176,42,53,512,20,38,24,7,17,8,3,7,272,109,152,0,0,0,80318,0,0,689417,47317,82420,178877,63172,65866,589606,25610,58588,17050,21035,142102,11482,6522,31171,281552,184381,269018,0,0,0,1033.4442932917316,0.625622464898596
1658435296547,39.285004,0.5320197,0.14814815,0.04,0.04,1.0,1.0,1.0,0.03846154,1.0,59.600002,59.300003,58.600002,58.9,59.300003,59.300003,58.9,61.600002,59.300003,61.300003,56.9,56.300003,3765252,-1635438,1075200,1075200,1075200,1075200,1075200,1075200,652800,1401600,85,0,0,671,35,36,308,65,73,481,17,23,70,5,13,0,0,0,280,91,164,0,0,0,71129,0,0,650624,54981,43310,327179,115465,126598,516214,32931,32540,37398,6894,128507,0,0,0,267025,160665,306020,0,0,0,4.988323987538941,0.021931464174454827
1658435297622,39.342003,0.6806283,0.8695652,0.3809524,0.48,1.0,1.0,0.3809524,0.25,1.0,56.9,57.300003,56.600002,57.300003,57.300003,57.300003,56.600002,59.600002,57.600002,59.600002,54.600002,54.300003,3864712,-618591,1075200,1075200,1075200,1075200,1075200,1075200,652800,1401600,186,6,23,395,13,34,225,39,73,154,31,61,31,0,2,1,0,1,192,29,53,0,0,0,223682,12271,155461,546079,24685,180880,227809,84532,553631,140141,71049,284402,16331,0,14762,1779,0,2309,140264,79658,633371,0,0,0,-1.0,-1.0
1658435298643,39.383003,0.8114035,0.89285713,0.5555556,0.5,0.7741935,0.7,1.0,1.0,1.0,58.600002,58.300003,57.300003,57.9,58.300003,58.9,57.600002,59.300003,58.300003,59.9,54.9,54.9,3859067,-715027,1075200,1075200,1075200,1075200,1075200,1075200,652800,1401600,135,0,0,732,0,2,373,29,56,150,8,31,43,0,4,206,0,0,826,20,39,5,0,0,40976,0,0,421103,0,144858,367594,60170,225536,152740,13883,289808,29467,0,45130,234437,0,0,422098,49162,267881,143,0,0,0.0041580547112462,0.003148936170212766
1658435299721,39.420002,0.8317308,1.0,0.8148148,0.61538464,0.7307692,0.56,1.0,1.0,1.0,56.9,57.300003,56.300003,56.9,57.600002,57.9,57.9,59.300003,58.600002,59.600002,53.600002,53.600002,3843302,-791321,1075200,1075200,1075200,1075200,1075200,1075200,652800,1401600,103,0,0,270,0,0,385,17,19,320,13,20,191,4,11,2,0,0,199,1,8,5,0,0,36682,0,0,148598,0,0,278238,33528,40740,231944,18362,39385,178702,10267,45594,8,0,0,183687,1420,10748,128,0,0,-1.0,-1.0
1658435300876,39.433002,0.64141417,1.0,1.0,1.0,0.0,1.0,0.08,0.0,1.0,57.9,58.300003,57.600002,58.300003,58.9,58.9,58.600002,59.600002,59.300003,59.9,54.300003,54.300003,3843886,-877075,1075200,1075200,1075200,1075200,1075200,1075200,652800,1401600,45,0,0,381,0,0,305,9,18,350,13,5,288,3,4,0,0,0,61,10,4,0,0,0,25917,0,0,108099,0,0,244891,16152,26316,233782,33757,10750,248750,5345,17327,0,0,0,54477,14491,6606,0,0,0,-1.0,-1.0
1658435302102,39.426003,0.7028302,1.0,1.0,0.22222222,0.24,1.0,0.9655172,0.08,1.0,55.9,55.9,54.9,55.600002,55.9,55.9,55.300003,57.600002,55.600002,57.9,52.9,52.600002,3860040,-806580,1075200,1075200,1075200,1075200,1075200,1075200,652800,1401600,0,0,0,8,0,0,1,1,2,65,15,29,30,4,8,24,6,16,410,171,114,0,0,0,0,0,0,16150,0,0,1504,787,870,74485,35334,400133,15369,2631,36513,22098,15687,348133,250617,334799,292624,0,0,0,-1.0,-1.0
1658435303179,39.420002,0.80097085,1.0,0.56,0.6,0.7037037,1.0,1.0,0.5185185,1.0,55.600002,55.9,55.600002,56.300003,56.300003,56.300003,55.600002,57.600002,56.300003,57.9,52.600002,52.600002,3861014,-583496,1075200,1075200,1075200,1075200,1075200,1075200,652800,1401600,19,0,0,17,0,0,97,13,18,120,5,19,2,0,0,101,0,3,666,90,78,5,0,0,8923,0,0,22271,0,0,77564,32106,133237,88330,13586,170189,165,0,0,76639,0,4112,323857,151196,195570,139,0,0,440.71598133748057,1.5150108864696734
1658435304282,39.416,0.72906405,1.0,0.4,0.56,0.68,1.0,1.0,0.16666667,1.0,57.600002,57.300003,56.9,57.600002,57.600002,56.9,56.300003,58.600002,56.9,58.9,54.600002,53.9,3777904,-1541443,1075200,1075200,1075200,1075200,1075200,1075200,652800,1401600,51,0,0,483,17,24,80,13,22,167,16,26,118,10,17,93,3,9,353,99,84,3,0,0,44479,0,0,433399,18803,32804,82493,24587,31515,147740,25591,44702,86601,13052,31826,81803,4623,19733,289390,157874,198119,108,0,0,1105.567203732504,0.6547309486780715
1658435305293,39.420002,0.75980395,1.0,0.56,0.88461536,0.6923077,0.92,1.0,0.04,1.0,58.300003,57.600002,57.600002,58.300003,57.9,57.600002,56.600002,59.600002,57.300003,59.600002,54.9,54.300003,3778682,-1645814,1075200,1075200,1075200,1075200,1075200,1075200,652800,1401600,1,0,0,711,32,52,169,29,56,255,53,53,0,0,0,32,3,6,422,133,99,1,0,0,330,0,0,642639,41095,60418,166590,53439,95341,237901,84097,64545,0,0,0,31054,1550,15671,354134,212697,193632,33,0,0,1026.2916543209876,0.6227160493827161
1658435306367,39.426003,0.75879395,1.0,0.7083333,0.5925926,0.3043478,1.0,1.0,0.3043478,1.0,58.600002,58.600002,57.600002,58.300003,58.600002,58.600002,57.600002,59.9,58.300003,60.300003,55.600002,54.9,3779071,-1657716,1075200,1075200,1075200,1075200,1075200,1075200,652800,1401600,0,0,0,619,15,24,66,9,12,361,45,69,5,3,7,5,1,0,304,116,106,0,0,0,0,0,0,522377,15688,29112,62809,16210,20688,349511,68991,96365,7216,8706,20827,1309,292,0,289161,205739,289025,0,0,0,1031.1191028037383,0.6369595015576324
1658435307391,39.467003,0.8706468,1.0,0.71428573,1.0,0.88,1.0,1.0,0.29166666,1.0,59.300003,58.9,58.600002,59.300003,59.300003,58.600002,57.600002,60.600002,58.300003,60.9,55.9,55.300003,3776152,-1569520,1075200,1075200,1075200,1075200,1075200,1075200,652800,1401600,17,0,0,473,3,9,197,19,29,329,48,55,0,0,0,44,3,6,444,120,61,1,0,0,16446,0,0,422273,6170,11020,168525,24601,39457,322510,70295,82047,0,0,0,21924,4993,18400,386604,164448,94624,30,0,0,1033.8385772230888,0.6139407176287051
1658435308419,39.497,0.840796,1.0,0.7037037,0.8,0.875,1.0,1.0,0.36,1.0,59.9,59.9,58.600002,59.600002,59.600002,59.600002,58.600002,60.9,59.600002,61.300003,56.600002,55.9,3759413,-1631776,1075200,1075200,1075200,1075200,1075200,1075200,652800,1401600,28,3,5,405,14,26,35,4,4,133,21,24,0,0,0,17,5,5,427,156,79,1,0,0,27785,3250,6629,331325,15444,24332,25587,5953,3506,110042,28978,35250,0,0,0,14086,6320,14594,392611,236978,118787,26,0,0,1030.1824099378882,0.6149565217391304
1658435309487,39.535004,0.74,1.0,0.41666666,0.625,0.52,1.0,1.0,0.25,1.0,60.300003,59.9,59.600002,59.9,60.300003,60.300003,59.300003,61.300003,59.600002,61.300003,56.9,56.300003,3767783,-1835023,1075200,1075200,1075200,1075200,1075200,1075200,652800,1401600,0,0,0,558,28,45,79,16,20,132,31,44,6,1,3,17,8,13,473,119,78,0,0,0,0,0,0,502977,31969,50959,85212,34584,34154,151650,55402,52884,6639,2190,21934,17753,15663,69733,417185,155790,131750,0,0,0,1036.1967925117003,0.6210795631825273
1658435310508,39.592003,0.74129355,0.96,0.5185185,0.5416667,0.625,1.0,1.0,0.25,1.0,60.300003,60.300003,59.300003,59.9,60.300003,59.9,58.600002,61.600002,59.300003,61.600002,56.9,55.9,3770897,-1592408,1075200,1075200,1075200,1075200,1075200,1075200,652800,1401600,0,0,0,526,10,22,135,23,31,168,22,25,5,0,0,17,0,2,409,143,61,0,0,0,0,0,0,474015,13120,24596,119285,36031,52162,141881,36977,32862,1387,0,0,9378,0,3987,361887,211325,100774,0,0,0,1029.4493913043477,0.6433788819875776
1658435311524,39.636,0.75980395,1.0,0.76,0.44444445,0.5,1.0,0.92,0.45833334,1.0,60.600002,60.300003,59.600002,60.300003,60.300003,59.9,58.9,61.600002,59.600002,61.600002,56.9,56.300003,3770313,-1636048,1075200,1075200,1075200,1075200,1075200,1075200,652800,1401600,37,0,0,568,18,24,199,46,51,295,61,73,0,0,0,19,0,2,397,129,78,0,0,0,25924,0,0,497208,24382,24788,216836,79215,80944,295362,104217,101194,0,0,0,12376,0,3997,351039,204002,120778,0,0,0,1024.699111111111,0.647753086419753
1658435312563,39.683002,0.7902439,1.0,0.6923077,0.5555556,0.6296296,0.96153843,1.0,0.48,1.0,60.600002,60.600002,59.9,60.300003,60.600002,60.600002,59.600002,61.9,60.600002,62.300003,57.300003,56.9,3770897,-1696168,1075200,1075200,1075200,1075200,1075200,1075200,652800,1401600,6,1,2,553,19,47,242,39,47,306,39,60,1,0,1,19,6,14,415,121,102,1,0,0,6284,20,3074,539593,22784,41933,220087,71149,64640,259251,65045,83623,15,0,1135,22833,14277,70330,377638,191974,150443,23,0,0,1031.243631825273,0.6230265210608424
1658435313589,39.758003,0.7389163,0.96153843,0.42307693,0.72,0.56,1.0,0.96,0.22727273,1.0,61.300003,60.9,60.300003,60.300003,60.9,60.600002,59.600002,62.300003,59.9,62.600002,57.600002,57.300003,3768561,-1728822,1075200,1075200,1075200,1075200,1075200,1075200,652800,1401600,0,0,0,512,28,43,165,22,37,183,29,40,15,0,5,4,0,3,404,122,84,0,0,0,0,0,0,474886,36791,42561,139225,32351,54198,173267,52804,55368,9026,0,21857,3981,0,694,345480,210698,147357,0,0,0,1033.7194134165368,0.6165366614664587
1658435314606,39.802002,0.79,1.0,0.64,0.47826087,0.5833333,1.0,0.96153843,0.5217391,1.0,61.300003,61.300003,60.300003,60.9,60.9,60.600002,59.9,62.300003,60.600002,62.600002,57.600002,56.9,3780823,-1802979,1075200,1075200,1075200,1075200,1075200,1075200,652800,1401600,32,0,0,495,17,27,223,57,57,272,47,64,0,0,0,25,3,5,453,124,67,0,0,0,19764,0,0,487955,20338,33802,228165,108145,93854,242842,78093,90846,0,0,0,16755,3567,9888,355216,171834,157318,0,0,0,1022.9827160493827,0.6488395061728395
1658435315648,39.856003,0.78365386,0.96153843,0.61538464,0.75,0.53846157,1.0,0.9230769,0.5,1.0,61.300003,60.9,59.600002,60.9,60.9,60.9,59.9,62.600002,60.9,62.600002,57.600002,56.9,3781991,-1603089,1075200,1075200,1075200,1075200,1075200,1075200,652800,1401600,8,5,4,595,36,54,246,36,61,273,43,67,0,0,0,6,0,2,470,117,89,2,0,0,6617,7931,6241,576198,49017,51080,229195,58857,89780,272383,68974,87216,0,0,0,2150,0,1552,412656,170893,137145,40,0,0,1037.2921430793156,0.6521430793157076
1658435316670,39.920002,0.7673267,1.0,0.46153846,0.96153843,0.4,1.0,1.0,0.25,1.0,61.300003,60.9,59.9,60.9,61.300003,60.9,59.9,62.300003,60.600002,62.600002,57.9,57.300003,3774595,-1593323,1075200,1075200,1075200,1075200,1075200,1075200,652800,1401600,17,0,0,598,20,41,178,37,42,302,50,71,5,0,2,19,1,2,374,139,101,2,0,0,15549,0,0,595497,22253,47227,189630,58014,63320,278765,89980,94123,5339,0,9134,11292,780,8743,323894,212124,202507,55,0,0,1032.8870419906689,0.639850699844479
1658435317685,39.974003,0.8,1.0,0.72,0.5,0.72,1.0,1.0,0.39130434,1.0,61.300003,61.600002,60.9,61.300003,61.300003,61.300003,59.9,62.9,60.600002,62.9,58.300003,57.300003,3783354,-1565247,1075200,1075200,1075200,1075200,1075200,1075200,652800,1401600,24,0,0,540,17,35,210,47,46,283,57,60,0,0,0,22,2,7,422,130,81,0,0,0,20624,0,0,521888,19544,32735,210056,68915,72256,240253,97117,78508,0,0,0,18378,4908,47746,358066,200900,129183,0,0,0,1024.9738765432098,0.6207901234567901
1658435318721,40.035004,0.805,1.0,0.8,0.5652174,0.72,0.92,1.0,0.44,1.0,61.600002,61.300003,60.9,61.600002,61.300003,60.600002,59.600002,62.9,60.600002,62.600002,58.300003,57.600002,3779266,-1583558,1075200,1075200,1075200,1075200,1075200,1075200,652800,1401600,19,1,7,570,42,66,219,33,49,246,39,40,11,1,4,30,0,1,415,109,96,0,0,0,17893,1256,13415,574843,57555,72081,215646,52748,79157,217954,60579,58078,12657,2032,28025,24975,0,490,386377,183872,158216,0,0,0,1031.8903850931677,0.6480496894409938
1658435319733,40.103,0.8308458,1.0,0.5,0.84615386,0.96,1.0,0.96,0.30769232,1.0,61.9,61.600002,60.9,61.600002,61.300003,61.300003,59.9,62.9,60.9,63.300003,58.600002,57.600002,3770118,-1560364,1075200,1075200,1075200,1075200,1075200,1075200,652800,1401600,5,0,0,591,27,43,187,32,40,302,37,61,0,1,3,24,2,3,386,120,107,0,0,0,630,0,0,566115,39388,48055,165678,49423,57636,283362,61822,88824,0,2827,15934,15877,2656,38497,328240,194404,182418,0,0,0,1029.0661840873636,0.6587207488299531
1658435320751,40.156002,0.7881773,1.0,0.64,0.6296296,0.6923077,1.0,1.0,0.36,1.0,62.300003,61.9,61.600002,61.9,61.600002,61.300003,60.300003,63.300003,61.300003,63.300003,58.600002,57.9,3769145,-1705018,1075200,1075200,1075200,1075200,1075200,1075200,652800,1401600,41,2,3,542,12,24,183,41,52,174,29,34,0,0,1,1,0,2,478,114,73,2,0,0,24726,5732,7407,531724,12831,25353,178431,77411,87306,169502,49583,49031,0,0,1744,1778,0,29025,420059,178243,108883,57,0,0,1030.9811339563864,0.6538068535825545
1658435321786,40.224003,0.7881773,0.9583333,0.52,0.8076923,0.6923077,1.0,1.0,0.34615386,1.0,62.300003,61.600002,61.300003,61.600002,61.600002,61.600002,60.300003,63.600002,60.600002,63.300003,58.9,57.9,3772259,-1555482,1075200,1075200,1075200,1075200,1075200,1075200,652800,1401600,17,2,3,429,24,37,269,32,44,219,32,51,25,2,1,0,0,1,486,136,58,1,0,0,12639,4177,5285,407477,29400,37252,243415,54139,69040,219790,53827,69215,13137,2601,1158,0,0,31,427853,176941,105026,35,0,0,1033.8199563182527,0.6502839313572543
1658435322812,40.295002,0.7638191,1.0,0.875,0.33333334,0.75,0.72,1.0,0.36,1.0,62.600002,62.300003,61.600002,61.9,61.300003,61.600002,60.600002,63.600002,61.600002,63.600002,58.600002,57.9,3767588,-1592408,1075200,1075200,1075200,1075200,1075200,1075200,652800,1401600,9,2,6,379,12,15,274,40,43,359,53,71,10,0,3,0,0,0,442,120,68,0,0,0,11271,4645,9900,370487,15273,17624,249522,66161,69401,322261,84212,101646,4655,0,14206,0,0,0,379355,190340,122311,0,0,0,1035.488596273292,0.6323975155279502
1658435323849,40.352,0.66511625,1.0,1.0,1.0,0.037037037,1.0,0.1923077,0.0,1.0,61.600002,61.600002,60.600002,60.600002,60.9,61.300003,60.300003,63.600002,60.9,63.600002,58.300003,57.300003,3804374,-1260987,1075200,1075200,1075200,1075200,1075200,1075200,652800,1401600,15,0,0,384,11,18,260,38,61,250,22,32,79,11,16,11,0,2,522,96,51,1,0,0,14819,0,0,331645,12972,18568,221894,70945,164524,192125,41126,89513,53120,15293,26807,7096,0,1931,422735,150665,101510,30,0,0,-1.0,-1.0
1658435324902,40.412003,0.8425926,0.9230769,1.0,1.0,0.7307692,1.0,0.6666667,0.4074074,1.0,59.300003,58.9,58.300003,58.600002,58.9,58.9,57.9,61.300003,58.600002,61.300003,55.9,55.600002,3869772,-451965,1075200,1075200,1075200,1075200,1075200,1075200,652800,1401600,148,1,7,0,0,0,78,13,26,119,27,62,24,2,19,24,3,12,118,86,142,0,0,0,208199,444,31433,44,0,0,87891,23262,84860,123803,73130,636912,23403,7011,191446,22781,8513,202504,105324,202203,525644,0,0,0,-1.0,-1.0
1658435326006,40.457,0.91555554,1.0,1.0,1.0,1.0,1.0,1.0,0.24,1.0,59.9,60.300003,59.300003,60.300003,60.600002,60.600002,59.9,60.600002,60.300003,62.300003,56.600002,56.600002,3818972,-903931,1075200,1075200,1075200,1075200,1075200,1075200,652800,1401600,252,2,18,26,0,0,6,0,2,78,0,0,0,0,0,107,2,12,945,29,66,1,0,0,168782,4049,152171,23354,0,0,4699,0,1038,68738,0,0,0,0,0,134907,8605,251788,423800,61759,196231,40,0,0,-1.0,-1.0
