1658436527983,27.804,0.6117647,0.71428573,0.4,0.3,0.39130434,1.0,0.65217394,0.36363637,1.0,39.9,40.300003,39.600002,39.9,40.600002,40.300003,39.600002,39.9,40.600002,41.300003,36.300003,36.300003,3815663,-986634,1075200,1075200,1075200,1075200,1075200,1075200,652800,1401600,2122632,77680,329569,2317396,80244,317487,1095236,121784,321492,1062040,124634,333167,783084,74503,311711,729042,68760,306521,1032067,226113,310936,358251,37373,136004,1711485490,159133244,7937660081,1885963880,155877179,7966460942,955397266,259834067,8727806373,921523497,269452417,8709215432,653330781,165496934,8768125336,618836145,154768956,8671543733,800489395,448126479,9387451342,216186212,88064449,8617412605,-1.0,-1.0
1658436529092,27.825,0.77272725,0.8888889,0.7407407,0.64,0.9655172,1.0,0.76666665,0.10714286,1.0,39.600002,40.300003,39.300003,40.300003,39.9,39.9,38.9,40.600002,39.600002,40.9,36.9,36.9,3826174,-1064148,1075200,1075200,1075200,1075200,1075200,1075200,652800,1401600,619,0,0,387,0,0,682,12,16,404,14,23,69,6,9,278,3,7,316,2,6,138,0,2,225765,0,0,270482,0,0,414939,20742,26512,348349,34911,51225,33590,10142,30693,222110,5299,41227,426547,946,17086,40253,0,1289,-1.0,-1.0
1658436530168,27.843,0.88429755,0.9677419,0.87096775,0.87096775,1.0,0.9354839,1.0,0.41935483,1.0,39.300003,38.600002,38.300003,38.600002,38.9,39.600002,38.9,40.600002,39.300003,40.600002,36.600002,36.300003,3823643,-1051941,1075200,1075200,1075200,1075200,1075200,1075200,652800,1401600,70,0,0,287,0,0,128,15,23,105,7,10,43,3,6,52,4,10,873,89,43,9,0,0,63805,0,0,177992,0,0,97780,28706,58291,60097,17118,26478,27512,5181,5358,29851,3320,38153,447438,169941,121375,1720,0,0,0.008211838006230529,0.10123364485981308
1658436531393,27.878002,0.5445545,0.6923077,1.0,0.34615386,0.8888889,0.16,0.15384616,0.041666668,1.0,39.9,39.9,39.600002,40.300003,40.300003,40.600002,39.9,40.300003,40.600002,41.600002,36.9,36.600002,3849725,-707703,1075200,1075200,1075200,1075200,1075200,1075200,652800,1401600,64,0,0,524,0,0,205,14,37,89,1,4,142,15,33,25,0,1,897,104,71,139,0,8,4985,0,0,331253,0,0,132092,16908,127364,36981,6917,9393,100144,28952,108241,9497,0,417,468595,165767,166441,31998,0,6091,-1.0,-1.0
1658436532514,27.899002,0.6447368,1.0,1.0,0.39285713,0.96666664,0.41379312,0.33333334,0.03448276,1.0,38.600002,38.600002,37.9,37.9,37.9,38.300003,37.9,39.9,38.300003,39.9,36.300003,36.300003,3885927,-331726,1075200,1075200,1075200,1075200,1075200,1075200,652800,1401600,146,1,1,0,0,0,65,17,37,59,19,27,169,41,68,124,14,54,171,105,180,1,0,0,230355,444,555,0,0,0,55729,50102,407284,49230,48375,181499,129844,97516,557856,103994,20106,683804,152649,261204,608987,27,0,0,0.01273798449612403,0.5238945736434109
1658436533647,27.926,0.56084657,1.0,1.0,0.13043478,0.5652174,0.6,0.16666667,0.04347826,1.0,38.300003,38.300003,37.600002,38.300003,37.9,37.600002,37.300003,39.9,37.9,39.9,35.9,35.9,3886511,-328674,1075200,1075200,1075200,1075200,1075200,1075200,652800,1401600,44,2,10,221,15,39,100,37,55,56,10,35,68,17,38,97,18,31,178,89,142,0,0,0,38004,793,90100,223843,21058,198140,94504,102364,481005,52651,12756,518751,72762,43800,589578,78758,38029,183039,173555,250325,640378,0,0,0,0.09778512396694215,0.3728793388429752
1658436534676,27.953001,0.6849315,0.8518519,0.89285713,0.4642857,0.5185185,1.0,0.62068963,0.115384616,1.0,38.600002,38.300003,37.300003,37.9,37.9,37.9,37.600002,39.9,37.600002,39.600002,35.9,35.9,3849335,-703735,1075200,1075200,1075200,1075200,1075200,1075200,652800,1401600,0,0,0,296,24,40,128,23,85,66,1,8,320,31,48,74,17,49,181,102,114,0,0,0,0,0,0,226049,58870,113440,132239,60235,735927,55949,436,43402,238440,83398,429542,61255,51313,604516,193573,294649,499055,0,0,0,0.004872964169381107,0.42016938110749186
1658436535838,27.959002,0.83732057,1.0,0.7307692,0.96,0.8148148,0.8888889,0.9230769,0.375,1.0,39.300003,39.300003,38.9,39.300003,39.600002,39.9,38.9,40.600002,39.600002,40.9,36.9,36.600002,3803596,-937500,1075200,1075200,1075200,1075200,1075200,1075200,652800,1401600,61,0,0,293,9,14,184,35,73,47,5,12,50,10,16,79,15,37,426,66,102,7,0,0,95568,0,0,185772,25351,47542,144851,93454,450092,39150,13913,93053,42210,16159,487960,93166,36901,500576,236124,153841,577460,1659,0,0,0.03705329153605016,0.07576175548589342
1658436536993,27.979002,0.6284153,1.0,0.36363637,0.39130434,0.5,0.5416667,1.0,0.14285715,1.0,39.600002,39.600002,38.9,39.300003,39.9,39.9,39.300003,41.300003,39.600002,41.300003,36.600002,36.600002,3879504,-422668,1075200,1075200,1075200,1075200,1075200,1075200,652800,1401600,115,0,0,397,0,0,132,4,18,243,15,31,54,0,1,118,8,18,756,128,67,15,0,0,37121,0,0,228807,0,0,69889,10129,86577,139849,34881,106339,23913,0,602,80758,14201,44070,491845,267067,170591,392,0,0,-1.0,-1.0
1658436538236,27.991001,0.6183575,1.0,0.33333334,1.0,0.34615386,0.6296296,0.48,0.15384616,1.0,40.300003,40.600002,39.600002,40.300003,40.600002,40.9,40.300003,40.9,40.300003,42.300003,36.9,36.9,3857510,-704956,1075200,1075200,1075200,1075200,1075200,1075200,652800,1401600,19,0,0,752,0,0,485,34,48,331,6,24,273,14,35,152,0,10,710,117,88,19,0,3,24518,0,0,465140,0,0,271747,64394,158610,151122,6187,94711,149956,35986,165455,72689,0,19612,351056,191333,202807,5230,0,1394,-1.0,-1.0
1658436539390,28.003002,0.63265306,0.56,0.8518519,0.4347826,0.75,0.41666666,0.92,0.16,1.0,39.9,39.9,39.600002,40.300003,40.300003,40.300003,39.9,40.600002,40.9,41.300003,37.300003,37.300003,3848557,-837097,1075200,1075200,1075200,1075200,1075200,1075200,652800,1401600,2,0,0,382,38,62,72,6,10,125,17,37,146,32,41,125,3,33,272,20,46,1,0,0,8039,0,0,281839,136827,277934,44314,13678,29818,91447,45081,475736,100589,77171,466353,77904,1998,621646,152457,47456,844226,24,0,0,-1.0,-1.0
1658436540521,28.015001,0.90909094,1.0,0.95652175,0.9166667,0.88461536,0.96,1.0,0.5217391,1.0,38.600002,38.300003,38.600002,38.600002,38.9,39.300003,38.600002,40.600002,38.9,40.600002,36.9,36.600002,3880477,-380859,1075200,1075200,1075200,1075200,1075200,1075200,652800,1401600,269,9,23,282,16,38,130,21,41,69,24,39,94,15,37,4,3,5,352,150,128,3,0,0,328884,24537,314819,316349,33084,287415,79646,36697,115846,55817,59865,440773,76181,41156,454651,6187,9018,28787,234430,319151,395762,1115,0,0,-1.0,-1.0
1658436541604,28.015001,0.4,0.0,0.115384616,1.0,0.07692308,0.9230769,0.07692308,0.0,1.0,39.600002,39.9,39.300003,39.600002,39.9,40.300003,39.600002,41.300003,39.9,41.600002,36.9,36.9,3855175,-622253,1075200,1075200,1075200,1075200,1075200,1075200,652800,1401600,93,4,12,274,1,43,174,8,13,216,10,26,75,3,7,48,1,3,300,61,127,95,0,0,56951,6829,428957,178224,4191,374983,110960,25346,25355,141105,22482,493449,47532,3467,409757,31176,2292,1235,238817,121612,459070,20478,0,0,-1.0,-1.0
1658436542698,28.006,0.40487805,0.11111111,0.11111111,1.0,1.0,0.0,0.08,0.037037037,1.0,37.9,37.9,37.9,37.9,38.600002,38.300003,37.9,40.300003,37.9,39.9,36.300003,35.9,3891377,-294494,1075200,1075200,1075200,1075200,1075200,1075200,652800,1401600,90,2,16,411,27,60,140,30,52,128,20,57,42,16,25,18,4,10,102,97,115,5,0,0,220201,5605,307014,518637,71088,346226,136558,67472,337664,136283,56917,705201,59366,38438,291990,24133,13323,226919,84349,270107,683747,2130,0,0,-1.0,-1.0
1658436543755,28.009,0.47804877,0.03846154,0.12,0.962963,0.07692308,0.9230769,0.64,0.0,1.0,37.9,37.9,37.9,38.300003,38.300003,37.600002,37.600002,39.9,38.300003,39.9,36.300003,36.300003,3889431,-345764,1075200,1075200,1075200,1075200,1075200,1075200,652800,1401600,317,9,26,538,22,41,32,3,6,173,32,66,195,39,61,162,20,58,54,61,101,5,0,0,463343,13673,239734,548339,66203,168696,11659,7571,11657,143781,35198,247312,215114,84054,399213,157725,36198,491528,60702,173973,661907,169,0,0,-1.0,-1.0
1658436544836,28.012001,0.42162162,1.0,0.0,0.0,0.045454547,0.2,1.0,0.0,1.0,37.9,37.9,37.600002,37.9,37.9,37.9,37.600002,39.9,37.9,39.9,35.9,35.9,3884954,-657349,1075200,1075200,1075200,1075200,1075200,1075200,652800,1401600,266,15,52,473,22,50,22,2,8,79,21,39,120,19,35,129,24,51,36,77,85,3,0,0,560171,36477,378868,494872,59626,273197,21121,737,37994,67184,55173,294655,96121,18745,349917,131008,47904,478759,42875,259828,719281,94,0,0,-1.0,-1.0
1658436545909,28.012001,0.5885168,0.962963,0.30769232,0.24,0.11111111,1.0,0.96153843,0.15384616,1.0,37.9,37.300003,36.600002,37.300003,37.600002,37.600002,37.300003,39.600002,37.9,39.9,35.9,35.600002,3890015,-307007,1075200,1075200,1075200,1075200,1075200,1075200,652800,1401600,124,10,9,263,28,62,206,26,84,161,24,65,105,18,34,102,7,16,154,30,66,11,0,0,160064,34470,73914,240426,69707,389668,159874,78524,583293,135598,58824,488224,92323,50617,516993,49916,9132,191246,82899,53615,683556,304,0,0,13.18016199376947,0.26599376947040493
1658436547011,28.006,0.435,0.04,0.125,0.115384616,0.72,1.0,0.36,0.04347826,1.0,39.300003,39.300003,37.9,38.9,38.9,39.300003,38.600002,40.600002,38.9,40.600002,37.300003,36.9,3801844,-1217041,1075200,1075200,1075200,1075200,1075200,1075200,652800,1401600,103,7,12,603,32,53,583,61,76,265,48,91,90,3,8,70,15,10,327,93,143,1,1,0,66766,7531,9054,447376,52835,188334,435636,93980,257260,221260,100008,340647,51129,5012,195924,52669,25293,24357,263043,181140,555583,21,261,0,207.47401555209953,0.13715707620528772
1658436548079,28.009,0.54022986,0.23809524,0.3478261,0.3809524,0.95652175,1.0,0.2857143,0.0952381,1.0,39.300003,39.300003,39.300003,39.600002,39.600002,39.300003,38.600002,41.600002,39.300003,41.300003,37.600002,37.300003,3803206,-1303101,1075200,1075200,1075200,1075200,1075200,1075200,652800,1401600,140,10,45,632,65,104,294,96,99,14,3,7,101,17,55,174,39,73,472,201,87,1,0,0,299114,20509,247728,603741,80678,186528,347371,211149,339215,17731,6364,38971,85676,32426,418617,158859,88832,514450,474049,279495,159026,41,0,0,207.191751552795,0.1408198757763975
1658436549124,28.036001,0.57954544,1.0,0.42857143,0.72727275,0.6956522,0.2173913,0.47619048,0.045454547,1.0,39.9,39.300003,39.300003,39.9,39.9,39.300003,39.300003,41.600002,39.600002,41.600002,37.9,37.600002,3805737,-1140747,1075200,1075200,1075200,1075200,1075200,1075200,652800,1401600,313,23,38,828,51,83,283,81,94,22,3,4,42,10,16,207,30,72,431,165,88,1,0,0,469412,34578,137122,655110,79744,126262,351964,172282,266283,25666,3782,13471,40391,26222,195895,199443,41534,498392,399848,260905,177367,32,0,0,206.52057320872274,0.12117133956386293
1658436550137,28.057001,0.47761193,0.04,0.25,0.3846154,0.28,0.8333333,1.0,0.03846154,1.0,40.9,40.300003,39.600002,40.300003,39.9,39.9,38.9,41.9,39.600002,41.600002,38.600002,37.9,3799703,-1189881,1075200,1075200,1075200,1075200,1075200,1075200,652800,1401600,132,13,23,757,51,64,400,57,64,48,8,13,126,26,68,185,23,50,201,95,147,1,0,0,204742,18822,156706,607071,65041,114634,405663,96705,144911,23546,22823,101477,123219,58719,443104,159061,38496,463788,215396,211475,497784,43,0,0,206.65904049844235,0.13153894080996884
1658436551180,28.107002,0.55050504,0.56,0.3043478,0.48,0.56,1.0,0.33333334,0.28,1.0,40.600002,40.600002,39.600002,40.300003,40.300003,40.300003,39.9,42.300003,40.300003,42.300003,38.600002,38.300003,3805347,-1166077,1075200,1075200,1075200,1075200,1075200,1075200,652800,1401600,317,18,25,945,56,69,399,78,73,257,71,62,193,35,68,9,3,4,74,69,114,2,0,0,365060,32800,175017,736793,67779,101496,412073,158043,185131,303484,148826,268762,160079,62641,406834,7607,6968,108679,101663,192607,731019,64,0,0,207.6759254658385,0.1440496894409938
1658436552326,28.170002,0.4360465,1.0,0.17391305,0.2,1.0,0.09090909,0.0,0.0,1.0,40.9,41.300003,40.9,40.9,41.300003,40.9,40.600002,42.9,40.9,42.600002,38.9,38.9,3806126,-1202393,1075200,1075200,1075200,1075200,1075200,1075200,652800,1401600,170,2,7,982,17,34,283,65,48,168,22,57,91,20,29,234,37,52,413,187,83,1,0,0,239049,5667,74330,733879,14110,44202,263907,128943,143428,138027,35722,370375,96491,42757,252060,193994,56119,255773,392362,291169,165762,42,0,0,205.60845,0.1235
1658436553347,28.221,0.42857143,0.0,0.4090909,0.3043478,0.47826087,0.08695652,1.0,0.083333336,1.0,40.9,40.9,40.600002,40.9,40.9,41.300003,40.300003,42.600002,40.9,42.9,38.9,38.600002,3792696,-1281739,1075200,1075200,1075200,1075200,1075200,1075200,652800,1401600,84,0,3,688,58,101,431,84,64,0,1,3,73,19,48,109,25,61,178,90,125,0,0,0,96684,0,8669,639154,86145,180217,453255,139590,139441,0,0,11165,81662,42071,754140,107003,67915,725873,180980,199069,561449,0,0,0,206.8169968847352,0.14838629283489094
1658436554402,28.277,0.4945055,0.0,0.17391305,0.29166666,1.0,1.0,0.1,0.33333334,1.0,41.600002,41.600002,40.9,41.600002,41.600002,41.600002,40.9,43.300003,41.300003,42.9,39.600002,38.9,3788219,-1372071,1075200,1075200,1075200,1075200,1075200,1075200,652800,1401600,274,17,46,830,30,30,334,88,78,56,14,42,145,39,61,35,5,9,242,104,136,2,0,0,394977,57787,380455,643964,31523,43884,296873,186982,294409,74135,43877,292968,161863,97315,434442,33470,8302,30499,253236,188836,468028,53,0,0,209.54095551894562,0.1432355848434926
1658436555403,28.334002,0.45762712,0.95454544,0.20833333,0.0,0.17391305,0.22727273,1.0,0.13043478,1.0,41.9,41.300003,40.9,41.600002,41.9,41.300003,40.9,43.300003,41.300003,43.300003,39.600002,39.300003,3793864,-1287842,1075200,1075200,1075200,1075200,1075200,1075200,652800,1401600,289,4,13,781,15,37,319,75,89,22,3,10,62,8,29,169,27,69,399,161,67,2,0,0,466769,19777,86653,768521,16858,72642,385255,143221,295568,17989,7595,53917,53910,7279,250545,154148,62082,540753,372941,305500,103757,58,0,0,206.33799066874028,0.1533312597200622
1658436556419,28.393002,0.4457143,1.0,0.14285715,0.13043478,0.0,0.13043478,1.0,0.13636364,1.0,41.600002,41.9,41.600002,41.600002,41.9,41.600002,40.9,43.600002,41.600002,43.600002,39.600002,39.600002,3783548,-1278687,1075200,1075200,1075200,1075200,1075200,1075200,652800,1401600,234,8,16,591,52,96,183,66,92,48,15,46,74,10,41,79,11,19,504,180,63,1,0,0,275109,13974,76199,550029,63563,169815,204111,164251,376335,55629,39154,423316,68320,27188,516597,92036,21458,182381,460325,285576,108157,40,0,0,208.89151791530946,0.1422801302931596
1658436557433,28.438002,0.64215684,1.0,0.52,0.5,0.48,0.42307693,1.0,0.13043478,1.0,42.300003,41.9,41.300003,41.9,41.600002,41.300003,41.600002,43.9,42.300003,43.9,39.9,39.600002,3779266,-1325989,1075200,1075200,1075200,1075200,1075200,1075200,652800,1401600,20,0,0,697,41,60,311,85,102,174,27,71,111,24,53,33,5,8,425,170,75,1,0,0,64014,0,0,690554,68763,97491,371803,175029,347930,160187,58768,537382,91611,60681,639687,27451,17354,28760,420862,295019,117308,27,0,0,207.88093023255814,0.16575503875968992
1658436558545,28.524002,0.47457626,0.22727273,0.85714287,0.14285715,0.13636364,0.13636364,1.0,0.2,1.0,43.300003,43.300003,41.9,42.300003,42.600002,42.9,41.9,44.300003,42.600002,44.600002,40.600002,40.300003,3780629,-1290894,1075200,1075200,1075200,1075200,1075200,1075200,652800,1401600,125,0,1,711,20,31,258,76,95,127,25,38,134,33,54,179,29,59,443,165,84,1,0,0,141640,0,943,605063,35452,54609,298834,159317,280013,110267,51907,146163,141299,74805,355075,162386,43290,317545,389738,300757,178796,29,0,0,206.12448524590164,0.16571803278688524
1658436559542,28.569002,0.4827586,0.9230769,0.33333334,0.16666667,0.52,0.48,0.2,0.12,1.0,42.600002,42.9,41.600002,41.9,42.600002,42.9,42.300003,44.300003,42.600002,44.300003,40.600002,40.300003,3780239,-1270752,1075200,1075200,1075200,1075200,1075200,1075200,652800,1401600,438,44,67,269,15,25,232,81,91,130,18,65,110,14,40,0,0,0,415,147,76,0,0,0,476232,92505,237524,246238,24911,41995,293523,169392,359554,143410,41636,467669,80813,27123,552457,0,0,0,369875,307842,147364,0,0,0,207.05541721854306,0.16805298013245035
1658436560553,28.637001,0.4471154,0.48,0.2962963,0.46153846,0.10714286,0.15384616,1.0,0.11111111,1.0,43.300003,42.600002,41.9,42.600002,42.300003,42.300003,41.9,44.300003,42.600002,44.600002,40.600002,40.300003,3783354,-1297303,1075200,1075200,1075200,1075200,1075200,1075200,652800,1401600,273,25,37,512,19,37,343,62,86,81,25,44,142,11,46,126,24,64,183,115,103,1,0,0,284920,31590,95928,442687,24513,57066,371784,119970,232662,86058,56533,195345,104660,30842,588700,126690,67909,418368,212473,247729,434042,6,0,0,208.02453499222395,0.1500964230171073
1658436561631,28.691002,0.50731707,0.16,0.5,0.39285713,0.36,0.375,0.96153843,0.24,1.0,43.300003,42.600002,41.600002,42.300003,42.300003,42.600002,42.300003,44.300003,42.300003,44.600002,40.600002,40.300003,3792696,-1281128,1075200,1075200,1075200,1075200,1075200,1075200,652800,1401600,345,27,33,843,24,39,362,74,79,204,40,94,43,7,12,7,1,5,241,147,122,0,0,0,398400,59296,103800,752902,32870,81545,376774,151941,194530,217432,85973,606190,32012,13847,197378,10010,17,195888,218532,315547,369445,0,0,0,209.2068785046729,0.14514641744548287
1658436562664,28.753002,0.46927375,0.125,0.2,0.22727273,0.8695652,0.22727273,1.0,0.045454547,1.0,42.9,42.600002,41.9,43.300003,42.600002,42.9,41.9,44.9,42.9,44.600002,40.600002,40.600002,3787441,-1304932,1075200,1075200,1075200,1075200,1075200,1075200,652800,1401600,513,38,75,687,35,50,319,73,76,194,47,89,132,18,21,1,1,2,61,54,134,1,0,0,595944,60234,220195,569330,29713,93996,364369,143022,248063,211514,106905,541955,100619,29960,181635,1779,4151,1710,79659,139499,719480,22,0,0,206.808088748019,0.14767670364500793
1658436563679,28.813002,0.4974093,0.20833333,0.29166666,0.39130434,0.65217394,0.17391305,1.0,0.24,1.0,42.9,42.600002,42.300003,42.600002,42.600002,42.9,42.300003,44.600002,42.9,44.9,40.9,40.300003,3801844,-1156006,1075200,1075200,1075200,1075200,1075200,1075200,652800,1401600,504,24,45,808,32,35,349,87,74,262,49,51,164,33,63,5,1,2,44,38,125,2,0,0,524981,39056,120044,643938,41714,38810,330722,181016,185509,237432,115641,125567,153111,81490,404563,5561,1064,3797,58469,125627,788431,71,0,0,205.62605,0.1612
1658436564764,28.869001,0.4920635,0.20833333,0.39130434,0.4347826,0.6923077,0.08695652,1.0,0.04347826,1.0,43.9,43.300003,42.600002,42.600002,42.600002,42.9,41.9,44.9,42.600002,44.9,40.9,40.600002,3790555,-1329957,1075200,1075200,1075200,1075200,1075200,1075200,652800,1401600,474,35,50,375,12,14,223,70,81,74,31,23,96,12,31,74,12,38,260,137,126,0,0,0,498805,70743,177640,311052,19581,26536,273850,157043,270448,70425,77607,88363,89451,10974,575027,81257,33346,348230,245869,267342,358074,0,0,0,206.39128712871286,0.13386138613861387
1658436565769,28.926,0.5280899,0.36363637,0.22727273,0.4090909,1.0,0.25,0.6666667,0.3043478,1.0,42.9,42.9,42.300003,42.9,42.9,42.9,41.9,45.300003,42.600002,44.9,41.300003,40.600002,3778293,-1273194,1075200,1075200,1075200,1075200,1075200,1075200,652800,1401600,368,25,38,794,23,41,353,65,94,167,45,69,176,39,62,45,4,10,95,93,120,2,0,0,392780,43569,97836,715492,30681,68669,385138,137768,285994,143976,97726,275751,193008,81935,356613,24881,5246,38540,106773,274349,524205,61,0,0,208.16174257425743,0.15582838283828385
1658436566812,28.985,0.48554912,0.0952381,0.2857143,0.2857143,1.0,0.22727273,0.6956522,0.27272728,1.0,43.300003,43.300003,42.600002,43.300003,43.300003,43.600002,42.9,45.300003,43.600002,45.300003,41.300003,40.9,3803401,-996399,1075200,1075200,1075200,1075200,1075200,1075200,652800,1401600,488,26,58,724,11,11,264,60,77,38,8,39,126,12,48,76,7,21,387,161,86,1,0,0,532905,45496,176638,520634,18075,13318,256256,132764,337610,34870,22714,285395,115251,14998,593974,69703,9197,78972,329894,279463,217762,17,0,0,-1.0,-1.0
1658436567823,29.03,0.4,0.0,0.04347826,0.09090909,1.0,0.04761905,0.95454544,0.0,1.0,41.600002,41.600002,40.9,41.9,42.300003,41.9,41.9,43.9,42.300003,44.300003,39.9,39.600002,3871135,-343628,1075200,1075200,1075200,1075200,1075200,1075200,652800,1401600,237,3,13,389,0,0,212,38,87,4,0,2,192,40,94,150,49,88,21,52,90,0,0,0,505557,8826,276074,466568,0,0,234066,76855,465204,4939,2093,8562,186507,77588,487224,187451,96775,347013,29198,188512,649361,0,0,0,-1.0,-1.0
1658436568837,29.075,0.4950495,0.5769231,0.76,0.44,0.30769232,0.61538464,0.34615386,0.03846154,1.0,40.9,40.600002,40.300003,41.300003,40.9,41.300003,40.9,42.9,41.300003,43.300003,38.9,38.600002,3843886,-587768,1075200,1075200,1075200,1075200,1075200,1075200,652800,1401600,117,8,44,101,8,35,145,23,85,1,1,2,137,10,63,111,12,41,93,77,124,0,0,0,171093,14345,677460,94028,18910,328813,138675,59816,550755,1779,0,1417,127014,18382,612118,80785,34000,387750,86602,203069,653719,0,0,0,-1.0,-1.0
1658436569878,29.090002,0.5970874,0.8333333,0.46153846,0.6296296,0.32,0.46153846,0.88461536,0.22222222,1.0,40.600002,40.600002,40.600002,40.9,40.9,41.300003,40.9,43.300003,40.9,43.300003,39.300003,38.600002,3870940,-316467,1075200,1075200,1075200,1075200,1075200,1075200,652800,1401600,352,26,47,65,20,24,130,12,57,173,21,35,149,18,47,202,19,48,193,58,101,8,0,0,310899,55275,370144,75520,42739,80661,112203,21285,409101,107994,49562,205671,104778,41360,373888,111532,46240,320485,114723,111815,593437,235,0,0,0.006175,0.0116375
1658436570959,29.104002,0.5073892,0.23076923,0.375,0.45833334,0.1923077,0.6923077,1.0,0.08,1.0,41.9,41.9,40.9,41.600002,41.9,41.600002,40.9,43.300003,41.600002,43.600002,39.9,39.600002,3771286,-1495057,1075200,1075200,1075200,1075200,1075200,1075200,652800,1401600,287,26,46,406,9,37,246,21,30,285,33,51,113,10,25,63,5,23,288,67,105,5,0,1,231886,52305,180556,375646,10746,274859,172241,40358,72250,238210,43222,442352,85673,15114,83197,47931,6218,404318,186047,112036,694553,1273,0,733,415.80233766233766,0.3525194805194805
1658436572007,29.113,0.49751243,0.36,0.28,0.083333336,0.76,0.2962963,1.0,0.125,1.0,42.600002,42.600002,41.9,42.300003,42.300003,42.600002,41.9,44.300003,41.9,44.300003,40.600002,40.300003,3786468,-1274414,1075200,1075200,1075200,1075200,1075200,1075200,652800,1401600,467,22,35,858,13,25,180,33,50,340,70,110,203,35,72,79,6,19,287,128,116,1,0,0,458824,40763,95391,753571,20384,41921,171828,53150,121176,338646,153823,320541,205473,59017,299594,66878,15297,95145,265586,277023,312786,30,0,0,413.5995278688525,0.2959737704918033
1658436573048,29.116001,0.46341464,0.9166667,0.12,0.12,0.26923078,0.96153843,0.115384616,0.1923077,1.0,43.300003,42.9,42.600002,42.600002,42.9,42.9,41.9,44.9,42.600002,44.600002,41.300003,40.600002,3775568,-1327515,1075200,1075200,1075200,1075200,1075200,1075200,652800,1401600,559,37,72,677,24,27,359,48,68,322,50,63,180,33,52,3,0,3,154,66,138,3,0,0,535646,68792,157557,579330,43897,46532,332747,96231,207212,295058,80725,166653,175718,75054,335143,4709,0,5995,183710,166330,549259,128,0,0,412.52132484076435,0.2914649681528662
1658436574085,29.149002,0.45959595,0.29166666,0.54545456,0.16,0.25,1.0,0.26086956,0.041666668,1.0,43.9,44.300003,43.300003,43.600002,42.9,42.9,42.600002,45.300003,43.300003,44.9,41.300003,40.9,3770507,-1328736,1075200,1075200,1075200,1075200,1075200,1075200,652800,1401600,177,24,28,596,34,58,240,39,81,198,46,58,288,41,70,128,29,47,350,113,153,7,0,0,148292,46571,79771,551161,54615,100482,232964,83344,330556,210337,80028,157930,319053,66562,215768,118500,67125,350089,338000,221748,286074,520,0,0,410.2126308943089,0.27124552845528455
1658436575092,29.188002,0.43575418,0.8181818,0.4,0.045454547,1.0,0.08695652,0.045454547,0.08695652,1.0,44.300003,44.300003,42.600002,43.300003,43.9,43.9,42.9,45.600002,43.600002,45.600002,41.9,41.300003,3784716,-1292725,1075200,1075200,1075200,1075200,1075200,1075200,652800,1401600,631,24,32,721,11,14,219,40,50,273,70,87,107,18,21,213,39,52,126,65,124,7,0,0,594123,36765,81624,619809,12918,21075,172636,89249,136556,282459,140484,266670,84595,24183,68604,174424,72981,420599,163531,155607,579935,292,0,0,411.98373770491804,0.27756065573770494
1658436576129,29.229002,0.46116504,0.5769231,0.2962963,0.08,0.07692308,0.5769231,1.0,0.18518518,1.0,44.600002,43.600002,43.300003,43.600002,43.600002,44.300003,42.9,45.600002,43.600002,45.9,41.9,41.300003,3785495,-1282349,1075200,1075200,1075200,1075200,1075200,1075200,652800,1401600,496,39,38,654,41,57,175,36,59,216,47,84,34,9,27,48,20,29,189,132,103,4,0,0,427945,52214,65166,573434,56595,92407,169292,68095,237800,211846,88427,332881,31516,22330,499278,50822,55841,186190,197114,312118,374528,61,0,0,414.5725355371901,0.2750413223140496
1658436577146,29.268002,0.45086706,0.09090909,0.14285715,0.13636364,1.0,1.0,0.0952381,0.13636364,1.0,43.9,43.9,43.600002,43.300003,43.9,43.9,43.300003,45.9,43.9,45.9,41.9,41.600002,3775179,-1321106,1075200,1075200,1075200,1075200,1075200,1075200,652800,1401600,569,32,45,624,38,46,218,57,109,162,46,102,94,22,31,0,0,0,335,164,102,2,0,0,503519,45472,100629,613497,64773,59713,229444,138128,440041,206471,118893,454335,93239,62534,303889,0,0,0,341267,307575,204912,88,0,0,414.9713146417445,0.286803738317757
1658436578200,29.316002,0.45714286,0.25925925,0.68,0.04,0.11111111,0.53846157,0.84615386,0.083333336,1.0,44.300003,44.300003,43.300003,44.300003,44.300003,43.9,43.300003,45.9,43.600002,46.300003,42.300003,41.600002,3778877,-1262513,1075200,1075200,1075200,1075200,1075200,1075200,652800,1401600,481,20,51,744,30,54,224,48,82,129,27,60,48,5,16,88,27,53,413,161,83,2,0,0,555038,29132,161450,718022,41697,98519,204854,89841,266819,135809,70731,260251,57173,9679,113782,89590,71521,453770,411237,259712,151621,150,0,0,415.69657231726285,0.29372317262830483
1658436579299,29.357002,0.45454547,0.0952381,0.1,0.95652175,0.14285715,1.0,0.09090909,0.14285715,1.0,45.300003,44.300003,43.600002,44.300003,44.300003,44.9,44.300003,46.300003,44.9,46.300003,42.600002,42.300003,3774984,-1361084,1075200,1075200,1075200,1075200,1075200,1075200,652800,1401600,406,19,48,591,23,36,236,78,119,233,52,89,142,19,47,19,3,9,443,174,69,0,0,0,486982,26440,172732,615488,42717,67754,263439,209231,414565,213795,105589,341834,120318,32723,342562,21968,7647,37355,399033,276223,138347,0,0,0,415.02290342679123,0.2747414330218068
1658436580302,29.405,0.45714286,0.3181818,0.15,0.5652174,0.36363637,1.0,0.0952381,0.0952381,1.0,45.600002,44.9,43.9,44.600002,44.600002,44.9,44.300003,46.600002,44.9,46.9,42.9,42.600002,3769729,-1536866,1075200,1075200,1075200,1075200,1075200,1075200,652800,1401600,487,23,33,506,27,45,198,45,81,254,59,118,67,5,15,34,9,23,383,163,75,1,0,0,558531,46422,106272,516281,39289,75891,165755,93516,326053,280951,123133,447366,63196,11972,109781,28084,26292,241591,369854,268570,149300,30,0,0,412.9712298136646,0.28874534161490684
1658436581320,29.45,0.47457626,0.23809524,0.14285715,0.13636364,0.95652175,1.0,0.13636364,0.09090909,1.0,45.300003,45.300003,44.300003,45.300003,45.300003,45.300003,44.600002,46.9,45.300003,46.9,43.300003,42.600002,3765447,-1637269,1075200,1075200,1075200,1075200,1075200,1075200,652800,1401600,537,16,28,681,34,42,203,38,70,157,46,95,55,7,27,98,11,29,347,157,89,3,0,0,497092,28267,67423,684223,59645,72245,164339,85490,230860,187752,107548,435189,59769,16976,306158,78744,14935,330951,336095,287460,183388,166,0,0,410.64698228663445,0.29475040257648955
1658436582378,29.503002,0.5049505,0.16666667,0.32,1.0,1.0,0.24,0.18518518,0.1923077,1.0,45.300003,45.300003,44.600002,45.300003,45.300003,45.300003,44.300003,47.300003,45.300003,46.9,43.300003,42.600002,3763501,-1402283,1075200,1075200,1075200,1075200,1075200,1075200,652800,1401600,612,24,33,740,27,32,264,44,75,352,63,80,13,2,4,113,19,52,317,117,140,1,0,0,563909,36227,73482,662810,38122,62295,225557,78384,209068,303919,127401,217329,11766,4891,22905,93907,49765,440950,332492,205088,342347,44,0,0,413.41538461538465,0.276
1658436583464,29.554,0.44117647,0.23076923,0.125,0.11111111,0.44,1.0,0.61538464,0.0,1.0,45.9,44.9,44.300003,44.9,45.300003,44.9,44.300003,46.9,44.9,46.9,43.600002,42.9,3774011,-1321412,1075200,1075200,1075200,1075200,1075200,1075200,652800,1401600,596,32,41,686,26,23,184,38,73,227,56,52,114,23,36,198,30,58,168,69,143,2,0,0,479363,51952,97867,649051,33619,39733,212089,79558,195958,246286,108901,161588,121858,32372,255790,160823,48653,344708,161104,145513,598567,76,0,0,411.8630140405616,0.2712761310452418
1658436584517,29.607002,0.52238804,0.30769232,0.20833333,0.64,0.53846157,0.68,0.5217391,0.22222222,1.0,45.300003,44.9,44.300003,45.300003,45.300003,44.600002,43.9,47.300003,44.600002,46.9,42.9,42.300003,3757856,-1524964,1075200,1075200,1075200,1075200,1075200,1075200,652800,1401600,733,48,51,525,39,73,217,45,93,245,57,71,6,11,13,91,26,36,89,72,132,3,0,0,670163,65324,107139,586587,62599,162342,190588,90014,372236,233664,124166,181040,9276,40318,71496,90858,64221,300737,98664,170552,716253,112,0,0,412.61692211838005,0.26761370716510907
1658436585565,29.649002,0.42931938,0.13043478,0.47826087,0.12,0.92,0.6666667,0.083333336,0.07692308,1.0,45.9,45.600002,44.9,45.300003,45.9,45.300003,44.600002,47.300003,44.9,47.300003,43.300003,42.9,3769145,-1355896,1075200,1075200,1075200,1075200,1075200,1075200,652800,1401600,693,8,17,782,16,22,278,48,76,360,72,79,76,17,34,109,14,19,57,42,133,2,0,0,600620,12668,58770,762738,19724,36918,233424,99955,268770,341234,141245,166109,80639,41243,177106,93076,21410,72061,72967,102708,699666,73,0,0,416.24432298136645,0.2784099378881988
1658436586599,29.697,0.49261084,0.20833333,0.46153846,0.56,0.2,0.26923078,1.0,0.25925925,1.0,45.300003,45.300003,44.9,44.9,45.300003,45.300003,44.600002,47.300003,45.600002,46.9,43.300003,42.9,3778877,-1274720,1075200,1075200,1075200,1075200,1075200,1075200,652800,1401600,676,58,61,566,60,53,107,29,68,199,35,51,58,10,17,95,27,50,66,31,81,0,0,0,544311,93074,126702,569610,104668,102407,112480,77644,263445,165069,75325,193494,45897,20798,61263,113093,64549,665058,79568,54446,847916,0,0,0,409.1236435643564,0.2773333333333333
1658436587609,29.744001,0.44444445,0.2857143,0.2857143,0.47826087,0.9047619,0.5217391,0.04761905,0.04761905,1.0,45.600002,45.600002,44.9,45.9,45.600002,45.600002,44.9,47.300003,45.600002,47.300003,43.600002,42.9,3778877,-1301270,1075200,1075200,1075200,1075200,1075200,1075200,652800,1401600,682,14,25,596,7,15,270,36,56,419,64,92,170,30,52,2,4,8,144,116,125,6,0,0,630931,24049,53731,661708,10991,20876,279694,49424,167406,390746,112554,231516,165872,64678,336547,3495,16584,37652,188212,250368,409304,172,0,0,413.70946583850935,0.2609689440993789
1658436588612,29.792002,0.433526,0.2,1.0,0.95454544,0.045454547,0.13043478,0.04761905,0.13636364,1.0,45.9,45.9,45.300003,45.600002,45.300003,45.600002,44.600002,47.300003,45.600002,47.600002,43.9,43.300003,3779655,-1382142,1075200,1075200,1075200,1075200,1075200,1075200,652800,1401600,594,46,66,433,25,34,257,46,61,99,37,63,108,28,40,84,14,36,129,91,120,0,0,0,493652,58254,115829,367170,42612,70523,242144,97648,151773,126248,86855,251737,114648,57477,257894,81659,33047,612893,156257,232257,520383,43,0,0,414.342967340591,0.26849144634525657
1658436589623,29.828001,0.64942527,0.42857143,1.0,0.8333333,0.45454547,0.54545456,0.54545456,0.36363637,1.0,45.9,45.9,45.600002,45.600002,45.9,45.9,45.300003,47.600002,45.600002,47.600002,43.600002,43.300003,3766225,-1343689,1075200,1075200,1075200,1075200,1075200,1075200,652800,1401600,984,31,36,232,13,23,270,54,65,208,44,90,50,11,27,98,12,44,228,144,117,2,0,0,688523,35649,46316,238476,37075,72347,229988,123738,208575,229355,119171,316462,30487,31334,137237,73910,32652,590528,263502,290166,303592,28,0,0,410.2064390243902,0.2800390243902439
1658436590642,29.881,0.46745563,0.05,0.0,0.2,0.9047619,0.14285715,1.0,0.2,1.0,46.300003,46.600002,45.600002,46.300003,45.600002,45.9,45.300003,48.300003,45.9,47.9,44.300003,43.9,3767977,-1459351,1075200,1075200,1075200,1075200,1075200,1075200,652800,1401600,927,10,22,188,4,13,270,55,91,225,49,74,153,9,22,141,19,54,480,148,58,9,0,0,654633,15645,38233,221104,7755,46042,263308,120441,331368,200958,126865,194898,86320,19885,98471,134543,37131,518329,394417,243870,123486,1776,0,0,46.1242492211838,0.043314641744548285
1658436591646,29.917002,0.53333336,0.33333334,0.54545456,0.82608694,0.23809524,0.2173913,1.0,0.045454547,1.0,44.9,44.600002,43.9,44.300003,44.9,45.300003,44.600002,46.9,45.300003,46.9,42.600002,42.300003,3863544,-396118,1075200,1075200,1075200,1075200,1075200,1075200,652800,1401600,578,23,43,358,8,4,376,43,86,104,15,44,271,37,95,0,0,0,100,52,119,0,0,0,631841,40169,177112,555652,19890,22319,383062,65391,340417,101638,31357,220183,243419,51198,428997,0,0,0,110438,180066,507592,0,0,0,-1.0,-1.0
1658436592653,29.953001,0.6612022,0.45833334,0.5652174,0.7916667,0.56,0.54545456,1.0,0.41666666,0.9583333,43.300003,43.600002,43.600002,43.300003,43.600002,43.9,43.300003,45.600002,43.600002,45.9,41.9,41.300003,3843886,-522766,1075200,1075200,1075200,1075200,1075200,1075200,652800,1401600,357,34,84,62,2,16,72,10,45,275,31,98,164,1,68,0,0,0,27,32,95,0,0,0,376848,84831,411527,192497,3097,284255,87719,13087,289816,232460,66582,588401,148209,4270,653088,0,0,0,17872,110550,833896,0,0,0,-1.0,-1.0
1658436593669,29.970001,0.5748792,0.2962963,0.5,0.84615386,0.3846154,0.962963,0.4642857,0.16,1.0,43.9,44.300003,43.600002,43.9,44.600002,44.300003,43.600002,45.600002,44.300003,45.600002,41.600002,41.300003,3860819,-576172,1075200,1075200,1075200,1075200,1075200,1075200,652800,1401600,282,14,68,51,0,29,108,9,18,265,46,88,139,14,60,0,0,0,136,60,140,23,1,6,279705,26139,508042,111658,0,631945,58171,21539,26530,214485,89524,450600,126451,24848,549624,0,0,0,108289,158374,589031,9885,1968,4232,-1.0,-1.0
1658436594743,29.979002,0.49456522,0.18181819,0.4347826,0.4347826,0.2857143,0.5416667,0.75,0.3043478,1.0,43.600002,43.9,43.300003,43.300003,44.300003,43.600002,43.300003,45.300003,43.600002,45.300003,41.600002,40.9,3793669,-1225891,1075200,1075200,1075200,1075200,1075200,1075200,652800,1401600,262,11,50,43,1,2,99,14,41,115,9,36,40,1,8,53,13,33,204,66,166,3,0,0,253578,24964,410170,12645,513,116463,71441,24889,571987,73501,15721,715875,17904,20,152113,52064,38849,565546,144096,155488,619460,830,0,0,377.2904423676012,1.5595015576323987
1658436595766,29.965002,0.4827586,0.28,0.20689656,0.08695652,0.7692308,0.4074074,1.0,0.1923077,1.0,44.600002,44.600002,43.9,44.300003,44.600002,44.600002,43.9,45.9,44.9,46.300003,42.600002,42.300003,3770118,-1372071,1075200,1075200,1075200,1075200,1075200,1075200,652800,1401600,968,23,38,416,18,36,453,75,90,255,36,43,195,21,64,58,13,26,539,92,118,3,0,3,737778,30279,50921,412084,40204,89998,415214,151106,221537,165009,56777,139218,176872,32490,331514,51663,31901,168986,404242,127492,189520,73,0,2049,713.0028543999999,0.4206592
1658436596782,29.970001,0.50970876,0.2962963,0.26923078,0.5769231,0.2173913,0.42307693,1.0,0.2962963,1.0,45.300003,44.9,44.600002,45.300003,45.600002,45.600002,44.9,46.9,45.600002,46.9,43.300003,42.600002,3749487,-1516724,1075200,1075200,1075200,1075200,1075200,1075200,652800,1401600,1064,44,61,488,48,96,466,93,100,98,15,26,106,11,59,2,0,0,447,107,170,2,0,0,692679,43632,67490,559722,94292,190100,445648,190107,199585,75113,30671,72073,125440,25454,565399,176,0,0,391055,161477,263022,58,0,0,621.7710451612903,0.3978838709677419
1658436597814,29.988,0.5,0.33333334,0.26086956,0.1904762,0.95652175,1.0,0.18181819,0.13636364,1.0,46.600002,46.600002,45.600002,45.9,45.9,45.9,44.9,47.600002,45.9,47.600002,43.9,43.300003,3756883,-1486512,1075200,1075200,1075200,1075200,1075200,1075200,652800,1401600,936,12,25,409,11,26,359,66,75,209,47,93,118,35,65,3,1,3,400,140,92,2,0,0,646147,13882,34751,389560,28764,53732,352999,107453,165592,236699,94142,426687,105463,71283,481972,4084,2124,19637,327571,234837,220431,70,0,0,621.0129289099526,0.3851121642969984
1658436598808,30.016,0.5804878,0.26923078,0.8076923,0.28,0.7407407,0.53846157,0.8148148,0.26923078,1.0,45.9,46.300003,45.300003,45.600002,45.9,45.9,45.300003,47.600002,45.600002,47.9,44.300003,43.300003,3770313,-1462708,1075200,1075200,1075200,1075200,1075200,1075200,652800,1401600,847,38,46,406,33,38,382,61,75,174,42,51,41,4,8,98,38,46,185,115,123,2,0,0,610769,43858,45403,404526,52234,53480,376348,118151,187203,190120,71442,141065,23742,9027,128491,80998,104348,552213,181207,325574,369994,66,0,0,617.3312104404567,0.3902120717781403
1658436599819,30.048002,0.50246304,0.7692308,0.26923078,0.1923077,0.25925925,0.30769232,1.0,0.32,1.0,46.600002,46.600002,45.600002,46.600002,46.300003,46.300003,45.300003,47.9,45.600002,48.300003,44.300003,43.9,3774400,-1369019,1075200,1075200,1075200,1075200,1075200,1075200,652800,1401600,986,24,33,377,17,18,386,79,75,192,38,50,33,6,18,111,15,47,396,168,89,7,0,0,710409,32113,37792,387752,22142,24971,395672,125386,141064,159730,78875,204735,32933,15246,92909,91755,30224,425433,348150,251227,186793,221,0,0,620.7737652892562,0.39267438016528927
1658436600818,30.080002,0.53370786,0.22727273,0.41666666,0.26086956,0.82608694,0.36363637,1.0,0.1904762,1.0,46.9,46.9,45.600002,45.9,46.600002,46.600002,45.600002,48.300003,46.300003,48.300003,44.600002,43.600002,3768950,-1372986,1075200,1075200,1075200,1075200,1075200,1075200,652800,1401600,874,25,41,447,18,26,510,65,82,42,8,26,144,22,64,31,10,19,334,136,74,1,0,0,615159,34978,47200,513022,45505,60367,458108,111551,183881,43571,19340,255989,130176,43734,441071,41542,24292,79846,278783,289644,239993,13,0,0,623.3372,0.39455
1658436601822,30.112001,0.5399061,0.2962963,1.0,0.2857143,1.0,0.04,0.37037036,0.33333334,1.0,46.9,47.300003,46.300003,46.9,46.9,47.300003,46.600002,48.9,47.300003,48.600002,45.300003,44.600002,3764084,-1477662,1075200,1075200,1075200,1075200,1075200,1075200,652800,1401600,895,44,58,371,41,65,482,67,57,65,22,41,109,17,42,36,13,12,251,141,124,3,0,0,636146,46694,68867,389436,112303,152542,432563,117342,92386,80858,52455,236036,86226,36433,530800,33320,37982,31774,207799,311470,350284,112,0,0,617.9672310077519,0.4095503875968992
1658436602893,30.159002,0.50236964,0.25925925,0.96153843,0.12,0.11111111,0.28,1.0,0.27586207,1.0,47.600002,47.300003,46.600002,46.9,46.9,46.9,46.600002,48.300003,47.300003,48.600002,44.9,44.300003,3761749,-1478882,1075200,1075200,1075200,1075200,1075200,1075200,652800,1401600,920,29,51,306,19,26,349,81,89,71,10,27,138,30,65,54,21,31,489,179,87,8,2,3,710946,37223,65575,321145,52278,56483,378193,189996,220684,89756,19203,157343,131491,63886,586728,71580,62268,189057,387260,282319,145048,3648,687,7546,619.9573831775701,0.39611214953271023
1658436603955,30.194002,0.5074627,0.34615386,0.5769231,0.08695652,0.33333334,0.30769232,1.0,0.3478261,1.0,47.300003,47.300003,46.9,46.9,47.300003,47.600002,46.600002,48.9,47.300003,48.9,45.300003,44.9,3764084,-1462098,1075200,1075200,1075200,1075200,1075200,1075200,652800,1401600,943,31,51,440,15,24,450,66,98,166,41,73,109,23,31,6,2,4,372,140,119,1,0,2,699844,39370,64956,444609,36673,48618,449624,99854,211193,129148,107315,599110,101964,44843,209214,11704,5114,11083,300778,306366,276913,24,0,842,618.9833278418452,0.39818121911037896
1658436604987,30.252,0.5522388,0.17391305,0.65384614,0.5,0.28,0.65384614,0.65384614,0.5185185,1.0,47.600002,47.9,46.9,47.300003,47.600002,47.300003,46.9,49.300003,47.300003,49.300003,45.300003,44.9,3763306,-1417542,1075200,1075200,1075200,1075200,1075200,1075200,652800,1401600,820,34,56,197,14,24,333,82,116,94,15,43,172,25,65,28,6,9,462,160,67,0,0,0,620757,42780,68970,248521,33413,53759,372388,175018,309215,112854,30370,327219,162512,48277,584895,25505,12303,45960,359777,269489,129763,0,0,0,619.4653913043478,0.3914534161490683
1658436606016,30.28,0.47777778,0.20833333,1.0,0.27272728,0.045454547,0.13636364,1.0,0.20833333,1.0,48.300003,48.300003,46.9,47.9,47.600002,47.9,46.9,49.600002,47.300003,49.300003,45.600002,45.300003,3759413,-1524354,1075200,1075200,1075200,1075200,1075200,1075200,652800,1401600,852,26,44,316,35,59,261,75,93,160,26,63,57,6,18,68,11,38,462,162,90,0,0,1,609358,30081,49835,332872,94581,125978,299279,158482,253902,162591,54756,440992,50752,8486,87761,86444,27615,485274,386259,250805,160336,0,0,501,617.7789968253968,0.40863492063492063
1658436607069,30.325,0.4787234,0.41666666,0.3181818,0.3043478,0.4347826,0.13043478,1.0,0.13043478,1.0,47.9,47.9,46.9,46.9,47.300003,47.600002,46.9,49.300003,47.600002,49.600002,45.600002,45.300003,3757467,-1381836,1075200,1075200,1075200,1075200,1075200,1075200,652800,1401600,985,35,55,181,0,0,389,81,111,175,42,87,76,12,27,80,21,39,465,162,89,0,0,0,721201,47167,77599,178843,0,0,406227,153205,285097,183719,120264,507096,98566,27927,236395,63562,47926,266149,409779,230458,162593,0,0,0,618.7573250388803,0.4024136858475894
1658436608079,30.369001,0.52061856,0.4347826,0.68,0.26923078,0.32,0.1923077,1.0,0.3478261,1.0,47.9,47.9,47.300003,47.9,47.9,47.600002,46.9,49.600002,47.600002,49.300003,46.300003,45.300003,3742674,-1498719,1075200,1075200,1075200,1075200,1075200,1075200,652800,1401600,903,30,29,584,30,31,298,76,74,73,12,50,161,37,67,46,8,8,324,146,134,2,0,1,670597,32214,34374,581386,54226,54556,316040,159993,176541,94330,25649,363243,157778,53021,467917,42964,15404,23446,299164,249326,272745,43,0,443,616.2625232744783,0.3999743178170145
1658436609083,30.414001,0.5627907,0.32142857,0.9259259,0.30769232,0.22222222,1.0,0.36,0.34615386,1.0,48.300003,47.9,47.600002,47.600002,47.600002,48.300003,46.9,49.9,47.600002,49.600002,46.300003,45.300003,3757078,-1447754,1075200,1075200,1075200,1075200,1075200,1075200,652800,1401600,927,34,29,375,49,60,239,68,85,121,20,40,140,34,69,48,12,16,298,103,139,1,0,0,638616,39845,33379,397116,88748,137473,282594,152991,245766,117328,31668,220230,129015,92357,585945,60799,17263,23147,270041,232830,335827,29,0,0,615.13426625387,0.4050526315789474
1658436610124,30.452002,0.515,0.18181819,0.1923077,0.4,1.0,1.0,0.115384616,0.13043478,1.0,48.300003,47.9,47.600002,48.300003,48.300003,47.9,47.300003,49.9,47.600002,49.9,46.300003,45.600002,3751822,-1567383,1075200,1075200,1075200,1075200,1075200,1075200,652800,1401600,1017,41,72,291,12,17,303,72,103,126,42,48,40,8,4,111,28,58,466,130,127,0,0,2,754080,47598,79708,218598,18268,28637,326355,160347,280785,135941,98983,574009,30613,16092,29394,90818,75038,519603,405347,212179,181106,0,0,925,619.6012508143323,0.4010944625407166
1658436611162,30.503002,0.52238804,0.375,0.26923078,0.6923077,0.24,0.24,1.0,0.29166666,1.0,48.300003,48.300003,47.300003,48.300003,48.300003,48.300003,47.300003,49.9,48.300003,50.300003,46.300003,45.600002,3751238,-1424256,1075200,1075200,1075200,1075200,1075200,1075200,652800,1401600,993,26,39,643,37,56,389,92,91,50,10,22,59,10,23,71,29,44,418,100,149,1,0,0,769972,27316,58502,702423,63398,118469,352034,184036,228740,57820,26970,136259,59756,16390,84032,91613,82403,428168,369951,167634,249308,26,0,0,619.9713846153845,0.41333333333333333
1658436612170,30.544,0.5151515,0.5833333,0.17391305,0.65384614,0.36,0.84,0.2962963,0.16666667,1.0,48.600002,48.600002,47.9,48.600002,48.300003,48.300003,47.600002,50.300003,48.300003,50.300003,46.600002,45.9,3745789,-1531067,1075200,1075200,1075200,1075200,1075200,1075200,652800,1401600,986,25,50,545,54,79,363,77,87,121,17,51,81,14,13,35,7,39,340,96,166,1,0,0,706808,24810,61420,617320,112903,147491,364076,149435,176235,128720,22793,223761,64242,26173,115863,15333,29012,406937,309952,177046,319878,53,0,0,622.332205928237,0.41924492979719186
1658436613194,30.585001,0.51724136,0.20833333,0.28,0.72,0.4,0.24,1.0,0.26923078,1.0,48.9,48.9,48.300003,48.9,48.600002,48.300003,47.600002,50.300003,48.300003,50.600002,46.600002,45.9,3760192,-1405945,1075200,1075200,1075200,1075200,1075200,1075200,652800,1401600,927,38,40,541,48,86,308,73,94,148,30,44,96,8,33,73,13,26,336,108,168,1,0,2,648919,47541,38935,583909,85652,156530,341617,168602,232414,152780,47801,145584,87036,24076,396207,93014,30650,87890,347034,203512,303042,25,0,1126,619.84795,0.3861
1658436614220,30.630001,0.5114943,0.13636364,0.6363636,0.4090909,0.5652174,1.0,0.14285715,0.26086956,1.0,48.600002,48.600002,48.300003,48.300003,48.300003,48.600002,47.9,50.300003,48.300003,49.9,46.600002,45.600002,3755326,-1441651,1075200,1075200,1075200,1075200,1075200,1075200,652800,1401600,1004,35,51,669,24,43,208,78,86,129,34,55,71,17,47,60,11,23,408,110,139,2,0,2,751712,39896,60198,642176,40533,71910,227620,193607,232753,146390,95188,194019,87464,43918,450888,60051,21124,111776,364254,199738,221115,45,0,1051,619.5867414330218,0.4030529595015576
1658436615232,30.675001,0.49438202,0.18181819,0.82608694,0.27272728,0.13636364,0.18181819,0.95454544,0.3043478,1.0,48.600002,48.600002,47.600002,47.9,48.300003,48.300003,47.600002,50.300003,48.300003,50.300003,45.9,45.600002,3845443,-357971,1075200,1075200,1075200,1075200,1075200,1075200,652800,1401600,910,36,56,488,30,21,381,63,87,181,17,22,115,12,32,122,14,46,355,133,104,1,0,0,708868,47234,59521,398875,33760,28633,390039,108498,258967,133514,26054,65659,99880,20217,282992,121425,23737,259886,287521,245164,250448,23,0,0,0.03241357027463651,0.03794507269789984
1658436616240,30.713001,0.41379312,1.0,0.0,0.04,0.07692308,0.083333336,1.0,0.0,1.0,46.9,46.300003,45.9,46.9,46.600002,46.600002,46.300003,48.600002,46.9,49.300003,44.600002,44.300003,3851671,-765991,1075200,1075200,1075200,1075200,1075200,1075200,652800,1401600,432,4,9,581,15,30,219,35,50,111,25,36,219,22,79,226,18,50,60,49,118,0,0,0,331899,8192,28238,466686,35820,143517,182681,61559,315984,99483,51031,118326,235069,60950,474878,227210,41268,339431,44260,139391,653295,0,0,0,-1.0,-1.0
1658436617285,30.748001,0.44334975,1.0,0.07692308,0.15384616,0.12,0.1923077,1.0,0.11111111,1.0,45.600002,45.300003,44.300003,44.600002,45.300003,45.600002,45.300003,47.600002,45.600002,47.600002,43.300003,42.9,3852644,-436096,1075200,1075200,1075200,1075200,1075200,1075200,652800,1401600,14,0,1,216,54,80,176,44,95,126,14,51,101,11,51,35,0,23,7,22,104,0,0,0,10596,0,2775,247245,161965,498072,166788,116408,617196,100985,36743,444356,92011,22804,581039,34492,0,274655,8134,63059,938558,0,0,0,-1.0,-1.0
1658436618335,30.754002,0.53731346,0.34615386,0.33333334,0.5217391,0.32,0.48,1.0,0.2962963,1.0,44.9,44.600002,43.9,44.300003,44.600002,45.300003,44.600002,47.300003,44.9,46.9,42.600002,42.300003,3858873,-335693,1075200,1075200,1075200,1075200,1075200,1075200,652800,1401600,77,0,0,348,16,41,165,46,92,216,35,73,199,30,44,0,0,0,100,23,87,8,0,3,44114,0,0,311740,36994,445581,146180,108731,490994,174870,102940,502441,134044,59623,429022,0,0,0,56034,49677,797004,1001,0,3812,0.010342679127725856,0.01912772585669782
1658436619368,30.751001,0.5369458,0.25,0.29166666,0.88,0.48,0.36,0.8888889,0.083333336,1.0,45.600002,45.600002,45.600002,45.9,45.600002,45.9,45.600002,47.600002,45.9,47.600002,43.600002,43.300003,3767783,-1368409,1075200,1075200,1075200,1075200,1075200,1075200,652800,1401600,522,4,9,587,12,19,127,16,31,357,35,51,271,31,35,97,3,10,459,46,175,4,3,2,354225,5687,12949,397535,19081,303757,107110,29178,346302,300340,57715,417380,191168,41799,336743,40810,5166,12354,296090,93227,448537,117,1091,1002,624.445972179289,0.6506831530139103
1658436620438,30.748001,0.5221675,0.23076923,0.52,0.5769231,0.16,0.68,0.8,0.125,1.0,46.9,46.9,45.9,46.300003,46.600002,46.600002,45.600002,48.300003,46.300003,48.600002,44.600002,43.9,3759413,-1438599,1075200,1075200,1075200,1075200,1075200,1075200,652800,1401600,877,24,43,674,26,39,124,34,50,586,60,65,87,13,29,146,24,43,259,118,146,0,0,0,680594,29069,48388,572608,39191,65545,132862,85271,207212,525490,89888,97173,89520,25748,101661,127397,40147,321226,264057,258678,340413,0,0,0,894.4297535101405,0.5620717628705147
1658436621477,30.767002,0.52261305,0.28,0.3478261,0.6923077,0.17391305,0.42307693,1.0,0.13043478,1.0,47.9,47.300003,46.600002,46.9,47.300003,46.9,46.300003,48.9,47.300003,48.9,45.300003,44.600002,3769729,-1344300,1075200,1075200,1075200,1075200,1075200,1075200,652800,1401600,1000,25,43,704,46,58,266,46,53,446,83,91,135,11,45,17,2,10,551,77,149,2,0,0,749256,35645,43724,592791,69984,94874,215346,70856,178761,428714,139919,172953,124653,30825,291491,19051,3329,41768,426929,126469,229326,75,0,0,705.4520396039604,0.44551815181518156
1658436622477,30.783,0.5151515,0.2,0.2,0.5,0.44,0.8888889,0.72,0.2173913,1.0,47.9,47.300003,46.600002,47.300003,47.300003,47.300003,46.600002,49.600002,46.9,49.300003,45.600002,44.9,3756883,-1405945,1075200,1075200,1075200,1075200,1075200,1075200,652800,1401600,738,17,32,659,26,40,201,31,59,469,78,53,158,31,56,0,0,0,437,111,123,0,0,0,589065,16402,39110,605577,37132,68718,177092,68877,286844,447363,153103,89097,133731,61596,309969,0,0,0,362333,195182,194648,0,0,0,714.9307826086956,0.4560496894409938
1658436623522,30.792002,0.5294118,0.4,0.30769232,0.5185185,0.64,0.30769232,1.0,0.07692308,1.0,47.9,47.9,47.600002,48.300003,48.300003,47.600002,47.300003,49.9,47.9,49.9,45.9,45.300003,3765058,-1443482,1075200,1075200,1075200,1075200,1075200,1075200,652800,1401600,1007,30,46,549,36,40,171,52,56,349,83,91,73,8,28,38,3,9,540,113,80,1,0,0,805472,39480,50406,474370,64035,56835,165466,152583,405607,317698,193099,167634,60231,12805,259123,39445,4760,61263,431516,167468,94766,28,0,0,721.4885225505443,0.4671104199066874
1658436624562,30.830002,0.47976878,0.33333334,0.27272728,0.5,0.47619048,0.9047619,0.25,0.13636364,1.0,48.300003,48.300003,47.9,47.600002,47.9,47.9,47.300003,49.9,47.9,49.9,46.300003,45.600002,3764084,-1404419,1075200,1075200,1075200,1075200,1075200,1075200,652800,1401600,919,30,38,588,27,47,178,45,78,314,86,99,84,23,32,3,0,2,386,129,120,0,0,0,675560,33325,39660,447253,30568,69210,159975,97107,377964,375644,184933,184447,80368,66307,180905,4813,0,12340,325204,280071,240058,0,0,0,727.4913766233766,0.4754285714285714
1658436625572,30.875002,0.486631,0.54545456,0.39130434,0.59090906,0.7083333,0.45833334,0.13043478,0.04347826,1.0,48.300003,48.300003,48.300003,48.600002,48.600002,47.9,46.9,50.300003,47.600002,49.9,46.600002,45.600002,3748903,-1433106,1075200,1075200,1075200,1075200,1075200,1075200,652800,1401600,954,23,41,621,39,64,103,20,37,242,75,94,80,22,37,170,34,61,398,129,102,0,0,3,720660,22509,52823,547503,46139,94174,114083,31522,129806,290381,165030,183317,86524,52559,293814,192069,65539,204218,318999,245522,223480,0,0,1303,742.3871471074381,0.46550743801652894
1658436626614,30.907001,0.519802,0.44,0.41666666,1.0,0.30769232,0.48,0.30769232,0.12,1.0,48.600002,48.9,47.9,48.600002,48.9,48.300003,47.9,50.600002,48.600002,50.300003,46.600002,45.9,3747346,-1467286,1075200,1075200,1075200,1075200,1075200,1075200,652800,1401600,874,14,21,775,22,36,224,37,44,390,53,62,11,7,13,235,41,76,184,135,121,1,0,0,643965,17457,22528,613866,25941,59011,193688,55041,89936,392053,80190,101301,9628,20065,137266,222084,59807,457035,195924,357042,323266,28,0,0,752.1675264797508,0.502828660436137
1658436627648,30.948002,0.51741296,0.48,0.56,0.16,0.2962963,0.53846157,1.0,0.24,1.0,48.9,48.9,48.600002,48.9,48.300003,48.300003,47.600002,50.600002,48.300003,50.300003,46.600002,45.9,3754353,-1407166,1075200,1075200,1075200,1075200,1075200,1075200,652800,1401600,768,48,75,702,34,55,137,33,63,337,86,91,33,6,9,75,14,38,386,146,131,1,0,0,620917,52608,88501,585110,33521,91056,134176,82551,319862,366814,173017,168780,24193,15572,146189,93869,13640,223454,342271,256106,255409,30,0,0,760.7540717628706,0.4711638065522621
1658436628691,30.989002,0.5202312,0.3181818,0.23809524,0.71428573,0.4090909,0.2857143,0.9130435,0.27272728,1.0,49.300003,48.600002,47.9,48.300003,48.600002,48.9,47.9,50.600002,48.9,50.600002,46.9,45.9,3755715,-1419678,1075200,1075200,1075200,1075200,1075200,1075200,652800,1401600,725,30,45,665,30,45,143,29,64,306,90,105,45,12,25,60,11,27,522,141,81,1,0,0,612771,58594,50008,590053,50015,71385,143197,69003,464053,365212,197092,218106,46760,43971,198706,55798,9261,196810,417468,195645,144896,34,0,0,767.6830094043887,0.4968526645768025
1658436629707,31.015001,0.4682081,0.14285715,0.47826087,0.61904764,0.14285715,0.05,1.0,0.2,1.0,49.300003,48.9,48.300003,49.300003,48.9,49.300003,48.9,51.300003,49.600002,51.300003,47.300003,46.600002,3739755,-1580506,1075200,1075200,1075200,1075200,1075200,1075200,652800,1401600,824,25,27,768,17,29,216,38,54,408,65,85,114,21,52,28,5,6,443,135,76,1,0,1,679186,28813,36150,625289,21203,42635,192949,70036,220949,384191,111480,140740,115356,31127,407029,24132,11121,5963,372525,217670,135223,29,0,371,776.4736,0.5045248
1658436630732,31.053001,0.52873564,0.1904762,0.4,0.71428573,0.25,1.0,0.2173913,0.33333334,1.0,48.9,49.300003,48.300003,48.300003,48.300003,48.600002,47.9,50.9,48.9,50.9,46.9,46.300003,3756688,-1466370,1075200,1075200,1075200,1075200,1075200,1075200,652800,1401600,509,62,81,597,55,84,180,20,41,301,102,122,68,10,40,0,0,0,513,151,99,0,0,0,568723,100877,93857,567456,94320,150323,148548,37100,248964,369013,254057,266020,63201,27405,508132,0,0,0,443326,223862,144796,0,0,0,787.4975552099534,0.49945878693623635
1658436631741,31.091002,0.51578945,0.5,0.45833334,0.25,0.32,0.36,1.0,0.22727273,1.0,49.300003,49.600002,49.300003,49.300003,49.600002,49.600002,48.9,51.600002,49.600002,51.600002,47.600002,46.600002,3742090,-1526795,1075200,1075200,1075200,1075200,1075200,1075200,652800,1401600,775,12,18,803,4,9,85,14,19,409,60,70,147,25,44,89,11,37,458,134,92,2,0,0,646269,16914,22354,653148,3764,15494,62485,31477,83663,327107,129195,133724,135747,40246,189857,82365,14166,255436,333178,200119,151497,63,0,0,792.6577667185069,0.5129455676516329
1658436632790,31.139002,0.5566502,0.32,0.44,0.28,0.53846157,0.56,0.9230769,0.37037036,1.0,49.9,49.600002,48.9,49.9,49.600002,49.9,49.300003,51.600002,49.9,51.300003,47.600002,46.9,3744037,-1542664,1075200,1075200,1075200,1075200,1075200,1075200,652800,1401600,802,29,38,828,29,43,264,59,82,342,68,91,52,24,33,31,9,11,431,116,154,1,0,0,666442,41031,39857,631155,38238,69764,237155,132198,377443,345103,134116,198260,61976,71027,148678,52854,19890,60447,385185,166014,255695,177,0,0,800.3565358255452,0.5287476635514018
1658436633822,31.183,0.5273632,0.65384614,0.28,0.48,0.1923077,0.5769231,1.0,0.083333336,1.0,49.9,49.600002,49.300003,49.9,49.9,49.9,49.300003,51.600002,49.600002,51.300003,47.9,46.600002,3740339,-1482850,1075200,1075200,1075200,1075200,1075200,1075200,652800,1401600,890,32,38,847,34,55,256,45,75,369,74,88,104,12,17,58,12,16,349,117,141,2,0,0,710010,47467,42816,641230,45068,88688,228431,72245,310331,361223,158381,160386,82706,23582,171001,69630,15069,34151,311000,228629,282840,46,0,0,810.2459841521394,0.511594294770206
1658436634847,31.209002,0.4722222,0.13636364,0.13636364,1.0,0.13636364,0.08695652,1.0,0.2173913,1.0,50.300003,50.600002,49.9,49.9,49.600002,49.600002,49.300003,51.600002,49.600002,51.600002,47.9,47.300003,3733137,-1627198,1075200,1075200,1075200,1075200,1075200,1075200,652800,1401600,589,40,61,752,37,50,23,9,36,375,83,103,88,13,34,0,4,3,400,104,182,1,0,0,480001,50673,66487,544475,28936,58302,29266,27943,287306,419128,180315,192206,64798,36841,566840,0,12615,18124,370108,171603,323485,39,0,0,851.1431287128713,0.5601056105610562
1658436635880,31.253002,0.55760366,0.20833333,0.3448276,0.4642857,0.2857143,0.6551724,1.0,0.4642857,1.0,50.300003,50.300003,48.9,49.600002,49.600002,49.9,49.300003,51.9,50.300003,51.600002,48.300003,47.300003,3741507,-1595460,1075200,1075200,1075200,1075200,1075200,1075200,652800,1401600,654,57,79,604,55,78,97,15,24,296,82,124,90,28,59,0,0,0,558,103,80,0,0,0,594002,98935,108564,484797,86841,142829,70089,26668,87182,373819,181978,263877,95348,89761,503326,0,0,0,417818,138617,132463,0,0,0,900.6612471728595,0.5369693053311793
1658436636940,31.301,0.5423729,0.3478261,0.6956522,0.18181819,0.47826087,0.3043478,1.0,0.33333334,1.0,50.600002,50.300003,50.300003,49.9,49.9,50.300003,49.600002,52.300003,50.300003,52.300003,48.300003,47.600002,3730218,-1651002,1075200,1075200,1075200,1075200,1075200,1075200,652800,1401600,894,30,43,691,20,33,211,38,54,365,86,103,115,17,62,2,0,0,469,132,71,2,0,0,777960,49434,52053,601560,29667,44970,194616,62341,215062,353043,170580,187659,117344,39957,503099,468,0,0,347510,189593,127343,183,0,0,955.2090446280992,0.6270942148760331
1658436637984,31.330002,0.6403941,0.6,0.33333334,1.0,0.5,0.53846157,0.8076923,0.34615386,1.0,50.600002,50.600002,50.300003,50.300003,50.300003,50.300003,49.600002,52.300003,50.300003,52.300003,48.600002,47.9,3758440,-1489869,1075200,1075200,1075200,1075200,1075200,1075200,652800,1401600,911,42,50,672,35,45,219,34,57,427,82,107,142,21,61,14,2,5,393,145,123,4,0,0,768539,50341,50729,503202,50780,57501,161025,72735,198527,435800,139984,143039,136166,42948,566047,15626,2560,16459,345160,226058,200993,111,0,0,1037.775973727422,0.6352709359605911
1658436639022,31.377,0.5,0.1904762,0.20833333,0.95454544,0.2,1.0,0.33333334,0.045454547,1.0,50.9,51.300003,50.9,50.9,50.9,51.300003,50.300003,52.600002,50.9,52.9,48.9,48.300003,3723989,-1704713,1075200,1075200,1075200,1075200,1075200,1075200,652800,1401600,756,47,63,846,49,59,65,18,29,415,62,75,208,43,70,29,4,8,272,139,172,2,0,0,575373,58324,58629,568805,76793,65318,55612,47408,185000,429963,92566,109110,220822,98465,339507,23477,3567,47261,248224,272855,318025,42,0,0,29.320985959438374,0.024549141965678627
1658436640054,31.403002,0.5369458,0.28,0.33333334,0.7777778,0.24,0.6666667,0.9259259,0.08,1.0,48.9,48.600002,47.9,48.300003,48.300003,48.9,48.300003,51.300003,48.9,50.9,46.300003,45.9,3849725,-326538,1075200,1075200,1075200,1075200,1075200,1075200,652800,1401600,392,7,16,592,25,37,255,46,53,130,35,45,19,2,9,261,37,86,141,38,101,0,0,0,528135,14352,154852,658665,53884,124360,233803,97828,211827,106979,88402,203594,15891,4054,53381,222712,83383,406437,125772,108808,609852,0,0,0,-1.0,-1.0
1658436641104,31.441002,0.705314,0.84615386,0.6,0.6296296,0.65384614,0.61538464,0.9259259,0.33333334,1.0,47.300003,46.9,46.600002,46.9,46.9,46.9,46.9,49.300003,47.300003,49.600002,44.9,44.600002,3851866,-311279,1075200,1075200,1075200,1075200,1075200,1075200,652800,1401600,295,27,55,284,24,37,66,11,26,252,41,90,108,29,69,75,11,40,31,24,101,0,0,0,430627,60161,269648,325922,59662,81439,66498,26785,91159,224843,91758,547254,128998,67747,478996,89531,28916,337479,19769,74481,830691,0,0,0,-1.0,-1.0
1658436642142,31.444002,0.7929293,0.76,0.7916667,0.7083333,1.0,0.88,0.84615386,0.42307693,1.0,46.600002,46.600002,45.9,46.300003,46.9,47.300003,46.600002,48.9,47.300003,49.300003,44.600002,44.600002,3829093,-596008,1075200,1075200,1075200,1075200,1075200,1075200,652800,1401600,146,26,36,269,17,21,131,19,48,177,18,33,140,23,75,83,2,40,172,48,126,3,0,0,144563,91382,251154,310036,34996,104329,127598,32970,414926,126025,30007,199063,127433,54028,555125,62529,1626,540531,111230,114007,665817,86,0,0,-1.0,-1.0
1658436643199,31.438002,0.5522388,0.3181818,0.5,0.45833334,0.23076923,1.0,0.7037037,0.15384616,1.0,46.600002,46.9,46.600002,46.9,47.300003,47.300003,47.300003,47.9,48.300003,49.300003,44.9,44.600002,3777125,-1166077,1075200,1075200,1075200,1075200,1075200,1075200,652800,1401600,231,3,14,314,15,65,192,13,35,14,12,14,76,2,7,82,2,24,278,85,169,2,0,0,183688,7927,368567,266389,29675,432948,106911,28105,610001,15665,40102,119858,32875,1585,11394,54918,4459,572620,165397,213202,462803,596,0,0,484.8391788491446,1.694158631415241
1658436644280,31.428001,0.6,0.4,0.36,0.4,0.44444445,0.64,1.0,0.5833333,1.0,47.9,47.600002,46.9,47.300003,47.600002,47.600002,46.9,49.600002,47.9,49.300003,45.9,45.300003,3742674,-1448060,1075200,1075200,1075200,1075200,1075200,1075200,652800,1401600,563,24,31,830,30,36,536,52,62,386,59,88,1,0,0,187,45,55,199,80,164,0,0,0,550048,35520,44255,614196,36895,48887,526774,93370,126144,371289,90449,167609,1795,0,0,174329,86261,278439,211527,215874,461567,0,0,0,1314.1118006230529,0.9933457943925234
1658436645352,31.431002,0.53170735,0.20833333,0.5652174,0.34615386,0.25925925,0.5,1.0,0.37037036,1.0,49.300003,48.9,48.300003,48.300003,48.600002,48.600002,47.9,50.600002,48.9,50.300003,47.300003,46.300003,3732164,-1579590,1075200,1075200,1075200,1075200,1075200,1075200,652800,1401600,854,44,50,756,46,54,524,56,71,525,73,111,90,10,26,2,0,1,463,120,116,0,0,0,693973,64212,54878,546727,60630,62239,511636,78389,105203,504375,102441,167303,81415,10191,99693,187,0,36,363471,168203,151147,0,0,0,1010.1754430379747,0.6384810126582278
1658436646392,31.438002,0.5284974,0.17391305,0.2173913,0.36,0.17391305,0.9166667,0.9583333,0.33333334,1.0,49.600002,49.600002,48.9,48.9,48.9,48.600002,48.300003,51.300003,48.9,50.9,47.600002,46.9,3750265,-1448060,1075200,1075200,1075200,1075200,1075200,1075200,652800,1401600,861,40,54,712,28,30,441,68,98,362,83,107,71,9,18,34,1,15,558,115,56,0,0,0,750433,54702,51858,543844,42642,41070,455604,119728,143135,355313,158878,175165,65093,22362,194097,46407,3326,109652,417859,147306,82978,0,0,0,1035.5956454121306,0.703900466562986
1658436647477,31.460001,0.595122,0.33333334,0.45833334,0.36,0.25925925,0.96,0.96153843,0.34615386,1.0,49.600002,49.300003,48.9,49.300003,49.600002,49.600002,48.9,51.300003,49.9,51.300003,47.600002,47.300003,3741507,-1528931,1075200,1075200,1075200,1075200,1075200,1075200,652800,1401600,715,43,78,833,45,65,375,80,111,319,90,109,56,4,21,14,3,7,590,106,48,0,0,0,692385,66978,81066,699562,64641,89627,433848,149098,181599,370449,165698,172658,53292,8402,149730,11144,8672,31882,413776,136063,72440,0,0,0,1036.7776894409938,0.7247701863354037
1658436648531,31.482002,0.5410628,0.30769232,0.42307693,0.375,0.4,0.61538464,0.88,0.30769232,1.0,50.300003,49.600002,49.300003,49.600002,49.600002,49.9,48.9,51.600002,49.600002,51.600002,47.9,47.300003,3743648,-1556397,1075200,1075200,1075200,1075200,1075200,1075200,652800,1401600,708,56,77,654,48,77,424,87,90,404,94,112,31,1,2,4,1,1,550,90,78,0,0,0,633065,81081,76808,538264,78212,105574,452875,163146,137402,388864,200399,190049,20527,1136,7776,5124,943,6871,411574,149146,125786,0,0,0,1038.2393590138674,0.740979969183359
1658436649581,31.517002,0.51960784,0.26923078,0.28,0.2,0.15384616,0.92,1.0,0.30769232,1.0,50.300003,49.9,49.300003,49.9,49.600002,49.9,49.300003,51.9,49.9,51.9,48.300003,47.600002,3741117,-1516724,1075200,1075200,1075200,1075200,1075200,1075200,652800,1401600,765,38,61,878,30,40,446,81,94,405,83,108,87,14,39,31,1,6,473,128,83,0,0,0,683004,50319,62857,656097,38953,44163,470538,155252,132646,383651,151119,162596,96401,24414,151356,11018,2572,17730,396091,211182,144488,0,0,0,1041.0409470404984,0.6732461059190031
1658436650624,31.552002,0.51295334,0.375,0.45833334,0.32,0.65217394,0.15384616,1.0,0.28,1.0,50.300003,50.300003,49.9,49.9,50.300003,50.300003,49.600002,52.300003,50.300003,52.300003,48.600002,47.600002,3741117,-1528016,1075200,1075200,1075200,1075200,1075200,1075200,652800,1401600,774,43,62,780,46,68,397,81,107,369,106,134,56,9,23,0,0,0,598,121,37,0,0,0,671255,75951,63260,656618,64355,100967,400590,173136,169175,420487,234889,223482,59466,19487,147274,0,0,0,420642,166973,49691,0,0,0,1036.9966392092258,0.6715782537067545
1658436651625,31.575,0.54950494,0.375,0.4347826,0.26923078,0.28,0.8,1.0,0.09090909,1.0,50.600002,50.9,50.300003,50.300003,50.300003,50.300003,49.600002,52.300003,50.300003,52.300003,48.600002,47.9,3742869,-1511536,1075200,1075200,1075200,1075200,1075200,1075200,652800,1401600,775,44,73,666,32,63,392,88,101,270,86,109,89,24,36,0,0,0,552,114,56,0,0,0,673775,52810,78715,522506,53063,86021,464396,173848,164143,302389,173190,187256,94106,56468,262970,0,0,0,406341,142185,78782,0,0,0,1046.8927102803739,0.6674143302180685
1658436652677,31.625002,0.5123153,0.2857143,0.2173913,0.2857143,0.22222222,0.96,1.0,0.2,1.0,50.600002,50.9,49.9,50.300003,50.300003,50.600002,49.9,52.300003,50.9,52.600002,48.600002,47.9,3741117,-1585999,1075200,1075200,1075200,1075200,1075200,1075200,652800,1401600,901,35,44,594,22,36,521,70,93,386,96,120,40,9,24,33,9,16,497,109,96,0,0,0,734721,39831,53044,441110,33381,43718,522875,123409,144604,417125,185452,204400,53667,21127,147484,37274,21229,60526,393761,185820,150091,0,0,0,1039.2940621118012,0.7073291925465838
1658436653739,31.654001,0.5121951,0.2,0.42307693,0.34615386,0.5833333,0.2,1.0,0.34615386,1.0,50.9,50.9,50.600002,50.600002,50.9,50.600002,49.9,52.600002,50.600002,52.600002,48.9,48.300003,3733137,-1524964,1075200,1075200,1075200,1075200,1075200,1075200,652800,1401600,855,40,66,753,21,29,483,74,110,350,82,119,67,15,25,30,1,6,565,100,65,0,0,0,742015,50042,60973,555841,33173,30767,474353,134669,179354,381532,146686,213066,38710,47332,137020,24073,980,13756,435879,131222,101678,0,0,0,1054.7199003115263,0.71601246105919
1658436654806,31.692001,0.52879584,0.33333334,0.47826087,0.25,0.29166666,0.5652174,1.0,0.27272728,1.0,51.300003,51.300003,50.600002,50.600002,50.9,50.9,50.300003,52.9,50.9,52.9,48.9,47.9,3740339,-1538087,1075200,1075200,1075200,1075200,1075200,1075200,652800,1401600,876,34,54,739,38,66,437,81,107,353,72,98,76,12,38,0,0,1,570,113,50,0,0,0,737949,47653,61506,570357,54873,99327,473903,165673,190613,359969,143909,158634,66857,33085,322314,0,0,4667,406240,163720,73656,0,0,0,1061.5578658346333,0.6989578783151326
1658436655859,31.724,0.4950495,0.2,0.23076923,0.16,0.28,0.88461536,1.0,0.20833333,1.0,51.300003,51.300003,50.600002,50.9,51.300003,51.300003,50.600002,52.9,51.300003,52.9,49.300003,48.600002,3732164,-1593629,1075200,1075200,1075200,1075200,1075200,1075200,652800,1401600,823,44,54,666,19,30,444,81,114,381,77,113,85,18,50,0,0,0,497,103,93,0,0,0,687952,62093,59180,491750,20581,34638,472810,160001,181190,386401,137492,214497,70041,43102,337439,0,0,0,383826,160626,138137,0,0,0,1073.9705132192846,0.7291321928460341
1658436656912,31.778002,0.5808081,0.41666666,0.84,0.52,0.42307693,0.29166666,1.0,0.083333336,1.0,51.300003,51.300003,50.300003,50.600002,50.600002,50.9,50.300003,52.600002,50.9,52.600002,49.300003,48.600002,3734110,-1513367,1075200,1075200,1075200,1075200,1075200,1075200,652800,1401600,833,59,76,756,47,79,402,75,91,288,73,115,109,21,46,0,0,0,529,122,110,0,0,0,695173,74707,86581,583534,60821,93232,427796,141636,167252,346654,150460,222506,130053,38370,154318,0,0,0,429546,196848,184283,0,0,0,1034.4612087227413,0.6680623052959501
1658436657945,31.813002,0.5738636,0.42857143,0.3809524,0.3478261,0.6363636,0.3043478,1.0,0.47826087,1.0,51.300003,50.9,50.300003,50.9,50.600002,50.9,49.9,52.600002,50.300003,52.600002,49.300003,48.600002,3739949,-1464844,1075200,1075200,1075200,1075200,1075200,1075200,652800,1401600,831,33,37,534,19,29,498,57,79,392,67,97,165,40,62,5,0,0,240,155,126,0,0,0,652215,35415,37193,411951,27029,38729,483722,97356,120680,385736,117037,143251,147640,78793,222563,6444,1260,0,219412,331919,294945,0,0,0,1034.582194398682,0.6846523887973641
1658436658945,31.864002,0.4770115,0.54545456,0.15,0.4347826,0.3043478,0.26086956,1.0,0.0952381,1.0,52.300003,51.600002,50.9,50.600002,50.9,51.300003,50.600002,52.9,51.300003,53.300003,49.600002,48.9,3730412,-1609193,1075200,1075200,1075200,1075200,1075200,1075200,652800,1401600,852,18,27,882,8,16,487,66,72,409,37,40,174,29,40,65,8,14,271,90,132,0,0,0,689832,24985,29369,598992,10294,16632,432769,101187,123180,317000,51073,60380,120182,50350,128185,54562,8816,26301,248238,166560,252851,0,0,0,1030.3877,0.6968
1658436659955,31.893002,0.5891892,0.45833334,0.4,0.47619048,0.7083333,0.375,1.0,0.41666666,1.0,51.300003,50.9,50.300003,51.300003,50.600002,50.9,49.9,52.9,50.600002,52.9,48.9,48.600002,3738976,-1445618,1075200,1075200,1075200,1075200,1075200,1075200,652800,1401600,655,36,49,870,53,73,441,68,68,371,95,113,26,4,20,1,2,3,449,100,146,0,0,0,539485,39928,48432,675413,69419,88879,424285,130284,120457,385209,188850,185777,24296,11201,263022,1366,5820,6003,405408,177574,260335,0,0,0,1036.1474285714285,0.6724472049689441
1658436660981,31.924002,0.4784946,0.23809524,0.47826087,0.5,0.45833334,0.125,1.0,0.041666668,1.0,51.9,51.9,50.9,51.300003,50.9,51.600002,50.9,53.600002,51.300003,53.300003,49.9,48.9,3729439,-1539612,1075200,1075200,1075200,1075200,1075200,1075200,652800,1401600,785,14,16,931,19,23,531,54,64,467,45,56,239,43,51,0,0,0,226,92,135,0,0,0,604777,16881,19304,633885,26733,28890,436178,92263,101433,402856,64250,74400,207806,85624,211843,0,0,0,226732,199462,298173,0,0,0,1037.7595520995335,0.7097231726283048
1658436662025,31.966002,0.5270936,0.5,0.26923078,0.52,0.39285713,0.53846157,1.0,0.12,1.0,51.600002,51.300003,50.9,50.9,50.9,51.300003,50.600002,52.9,51.300003,53.300003,49.600002,48.9,3725741,-1487427,1075200,1075200,1075200,1075200,1075200,1075200,652800,1401600,738,47,60,796,48,66,412,67,95,467,53,65,110,11,47,5,1,3,214,136,147,0,0,0,572729,68683,65010,587995,55199,94166,449372,123607,156596,424672,95133,110800,84431,16147,354067,5661,2767,17657,237833,330551,346465,0,0,0,1034.5979337748345,0.7087152317880795
1658436663072,32.007,0.50537634,1.0,0.0,0.083333336,1.0,0.09090909,0.73913044,0.04347826,1.0,52.300003,51.9,51.300003,51.9,51.600002,51.300003,50.9,53.600002,51.9,53.600002,49.9,49.300003,3726520,-1704407,1075200,1075200,1075200,1075200,1075200,1075200,652800,1401600,680,36,48,620,49,52,504,54,78,407,66,94,111,18,44,7,0,3,530,113,72,0,0,0,540027,44241,52569,483085,92119,70192,465801,76427,97556,387086,108848,137768,91088,49297,292415,4517,0,8430,407170,179007,135161,0,0,0,199.78882972136222,0.13707739938080493
1658436664116,32.042,0.54228854,0.42307693,0.375,0.8076923,0.9230769,0.5416667,0.2,0.0,1.0,49.9,49.600002,48.9,49.600002,49.600002,49.300003,48.600002,51.9,49.600002,51.9,47.600002,47.300003,3832207,-655518,1075200,1075200,1075200,1075200,1075200,1075200,652800,1401600,259,2,4,427,12,33,328,65,84,175,35,60,145,27,56,160,28,57,256,27,82,0,0,0,249220,1555,5934,462442,28690,160849,309245,137315,305341,178528,80142,212149,154400,54939,343153,187405,41376,290275,176825,66048,545498,0,0,0,-1.0,-1.0
1658436665168,32.071003,0.73039216,0.5925926,0.88461536,0.6956522,0.6,0.7307692,0.9166667,0.46153846,1.0,48.9,48.600002,47.9,48.300003,48.600002,48.600002,48.300003,50.600002,48.600002,50.9,46.9,46.300003,3842523,-473938,1075200,1075200,1075200,1075200,1075200,1075200,652800,1401600,57,21,20,483,31,79,204,70,81,92,14,44,115,13,28,207,29,78,9,18,105,0,0,0,50690,45815,52085,511645,63631,255417,229487,160251,345360,107456,23832,369476,96097,19959,224512,182706,65986,559547,16208,76567,825396,0,0,0,-1.0,-1.0
1658436666245,32.09,0.6333333,0.9230769,0.36,0.96153843,0.48,0.5555556,0.5185185,0.25925925,1.0,48.600002,48.600002,48.300003,48.300003,48.600002,48.600002,47.9,50.300003,48.600002,50.600002,45.9,45.600002,3841745,-451050,1075200,1075200,1075200,1075200,1075200,1075200,652800,1401600,90,1,20,302,16,52,172,47,82,202,31,100,61,1,17,107,15,32,106,10,95,11,0,0,122078,3729,447364,244430,31091,327169,154668,124967,363640,188885,54679,496230,49128,2340,170248,88513,38490,255133,57613,23185,832188,3339,0,0,-1.0,-1.0
1658436667318,32.083,0.63809526,0.8214286,0.53846157,0.4814815,0.3478261,0.5185185,1.0,0.26923078,1.0,47.9,48.300003,47.9,47.9,47.9,48.300003,48.300003,49.9,48.300003,49.9,45.300003,45.300003,3768950,-1190186,1075200,1075200,1075200,1075200,1075200,1075200,652800,1401600,111,0,0,377,25,71,86,5,18,143,41,95,103,5,45,126,18,39,205,27,32,1,0,2,48314,0,0,327623,68425,423068,63909,10141,48520,154570,91317,413293,71834,5749,611555,95116,35709,579292,109143,45284,780826,37,0,883,484.6918811881188,2.0237227722772277
1658436668356,32.071003,0.5240642,0.3043478,0.3043478,0.47826087,0.20833333,1.0,0.65217394,0.18181819,1.0,49.600002,48.9,48.300003,49.300003,48.9,49.300003,48.300003,50.600002,48.600002,50.600002,46.9,46.300003,3749097,-1433106,1075200,1075200,1075200,1075200,1075200,1075200,652800,1401600,378,22,25,736,22,36,535,55,57,225,25,43,208,39,54,111,15,43,198,129,140,2,1,0,330132,41338,49991,522863,29450,63395,442387,88600,90814,208931,43793,100368,168708,72654,172843,91019,28422,223360,220523,269181,353404,48,298,0,1041.8133856209151,0.6756601307189543
1658436669395,32.064003,0.5270936,0.33333334,0.5652174,0.33333334,0.32,0.42857143,1.0,0.16,1.0,50.300003,49.9,49.300003,49.9,50.300003,50.300003,49.300003,51.600002,49.600002,51.9,48.300003,47.600002,3720291,-1807862,1075200,1075200,1075200,1075200,1075200,1075200,652800,1401600,807,35,53,1020,36,61,445,59,86,508,60,89,0,0,0,104,20,36,280,128,175,1,0,2,587778,46482,57312,649981,46083,66227,426999,93738,163239,415775,97591,222195,0,0,0,112110,28625,156406,281425,218309,333867,25,0,785,1282.3657035881436,0.9014414976599064
1658436670429,32.071003,0.57843137,0.4074074,0.32,0.5185185,0.33333334,0.6923077,0.96,0.4,1.0,51.300003,50.9,50.600002,50.300003,50.9,50.300003,49.300003,52.300003,49.9,52.300003,48.600002,47.9,3739366,-1549988,1075200,1075200,1075200,1075200,1075200,1075200,652800,1401600,904,24,31,838,26,39,441,71,76,509,71,80,193,42,60,23,0,2,205,86,205,1,0,1,631114,31155,26557,578480,34496,35309,360283,98377,91396,438506,105739,97349,154908,100556,294647,14648,0,11282,254421,171817,396806,21,0,495,1302.573059190031,0.7885856697819315
1658436671471,32.093002,0.65217394,0.52,0.44,0.2,0.5,1.0,0.96153843,0.5,1.0,51.9,52.300003,50.600002,51.300003,51.600002,51.600002,50.600002,53.300003,51.300003,53.300003,49.300003,48.9,3719902,-1664429,1075200,1075200,1075200,1075200,1075200,1075200,652800,1401600,887,24,42,886,26,41,461,69,60,413,76,90,88,20,32,9,1,3,304,89,215,1,0,1,627380,23434,37875,555778,31249,32093,410856,97708,77908,391291,148215,157698,68166,41413,128930,7482,288,5121,293842,182950,376950,25,0,413,1307.6041057542768,0.8145318818040436
1658436672542,32.102,0.48514852,0.24,0.56,0.56,0.08,0.115384616,0.96,0.26086956,1.0,52.300003,52.600002,51.300003,51.9,52.300003,51.9,51.300003,53.600002,51.9,53.600002,49.9,49.300003,3722043,-1755677,1075200,1075200,1075200,1075200,1075200,1075200,652800,1401600,884,26,34,779,22,46,472,102,117,314,50,66,71,10,20,53,9,23,323,121,180,3,0,1,630953,27792,31500,542352,23695,39792,509359,175386,164988,295535,76008,140160,58889,15123,81647,53237,17527,108001,305505,181429,304769,194,0,419,1287.0414498381876,0.7591456310679612
1658436673550,32.128002,0.48863637,0.3181818,0.8333333,0.2173913,0.39130434,0.13043478,1.0,0.17391305,1.0,52.600002,51.9,51.9,51.600002,51.9,52.300003,51.600002,53.600002,51.600002,53.9,50.300003,49.300003,3712116,-1818848,1075200,1075200,1075200,1075200,1075200,1075200,652800,1401600,980,31,56,760,23,31,272,42,47,418,93,118,41,5,19,89,13,27,499,83,153,2,0,0,751695,32742,52004,589127,26136,34412,254469,63357,63246,448266,171193,195655,37389,7049,437801,82104,15074,62790,368111,95471,195553,66,0,0,1294.3332130637637,0.763421461897356
1658436674558,32.166,0.5913978,0.29166666,0.39130434,0.26086956,0.4347826,0.75,1.0,0.5652174,1.0,52.600002,52.600002,51.600002,51.9,51.9,52.300003,51.300003,54.300003,51.9,53.600002,50.300003,49.300003,3724378,-1669312,1075200,1075200,1075200,1075200,1075200,1075200,652800,1401600,945,34,48,748,16,18,521,83,116,385,60,68,146,15,42,5,0,3,250,106,220,1,0,0,643999,38432,52016,482679,28080,24301,474710,126502,151324,363204,133254,94611,120269,29226,348782,6409,0,2193,277402,201693,384481,26,0,0,1288.0605968253967,0.7666285714285714
1658436675592,32.195,0.59195405,0.2857143,0.47619048,0.42857143,0.36363637,0.6363636,1.0,0.42857143,1.0,52.9,52.600002,52.600002,52.300003,52.9,52.300003,51.600002,54.300003,52.300003,54.300003,50.600002,49.600002,3719902,-1672364,1075200,1075200,1075200,1075200,1075200,1075200,652800,1401600,903,35,68,871,38,52,359,92,94,452,100,112,47,9,15,5,1,4,539,103,125,2,0,0,711934,43713,60792,671621,40508,46198,358552,165046,120100,472716,165450,179481,41184,15125,167955,7122,1634,27624,393472,112655,151642,79,0,0,1340.841957860616,0.8003111831442463
1658436676621,32.223003,0.515,0.30769232,0.26923078,0.625,0.45833334,0.7307692,0.53846157,0.23076923,1.0,53.600002,53.300003,52.600002,52.9,52.600002,52.9,51.600002,54.9,52.600002,54.300003,50.9,50.300003,3716009,-1658021,1075200,1075200,1075200,1075200,1075200,1075200,652800,1401600,973,24,49,977,28,40,516,71,97,358,60,71,106,18,37,1,1,1,272,91,230,1,0,0,686285,21719,49340,655911,28463,37082,437704,104906,121215,325698,100218,100787,87728,28330,312097,1792,21,233,300226,163935,406564,30,0,0,1316.40431825273,0.8164243369734789
1658436677652,32.255,0.54591835,0.625,0.44,0.26923078,0.26086956,0.4,1.0,0.44444445,1.0,53.600002,53.300003,52.600002,52.600002,52.9,52.9,51.9,54.9,52.600002,54.600002,51.300003,50.300003,3732553,-1567994,1075200,1075200,1075200,1075200,1075200,1075200,652800,1401600,807,28,36,849,35,53,396,65,77,594,67,71,125,22,20,8,5,15,324,98,235,2,0,0,557039,30454,30258,562743,46597,57583,342337,107798,94000,466010,97647,87046,105490,59149,86239,8913,16795,164213,310039,164731,373830,68,0,0,1289.3574161490683,0.7854906832298137
1658436678715,32.297,0.5418719,0.36,0.5217391,0.3846154,0.20833333,0.44,1.0,0.34615386,1.0,53.9,53.300003,52.9,52.9,53.300003,53.300003,51.9,55.300003,52.600002,54.9,50.9,50.300003,3729634,-1646119,1075200,1075200,1075200,1075200,1075200,1075200,652800,1401600,857,35,56,874,33,46,556,82,97,498,88,122,94,21,34,2,0,0,363,144,181,4,0,0,628292,35785,50671,603939,43740,41240,477830,122673,116842,506598,146394,172866,98054,31770,107645,24,0,0,320792,224294,290728,124,0,0,1274.8776727272727,0.7522380165289256
1658436679717,32.325,0.52873564,0.2,0.42857143,0.3181818,0.6818182,0.22727273,1.0,0.33333334,1.0,53.9,53.300003,52.9,53.600002,53.300003,53.600002,52.300003,54.9,52.9,55.300003,51.300003,50.300003,3717566,-1706239,1075200,1075200,1075200,1075200,1075200,1075200,652800,1401600,987,38,42,733,26,38,390,42,61,473,64,87,159,26,54,0,0,1,324,80,207,3,0,0,707874,37996,48147,522511,35027,33694,318149,66607,95130,414598,93452,116268,146955,78250,407201,0,0,448,307162,135168,347800,96,0,0,1282.3856397515528,0.7493167701863355
1658436680725,32.363003,0.5148515,0.33333334,0.30769232,0.5,0.5185185,0.24,1.0,0.26923078,1.0,53.9,53.600002,52.600002,53.600002,53.300003,53.300003,52.600002,55.300003,53.300003,55.300003,51.600002,50.600002,3720875,-1638489,1075200,1075200,1075200,1075200,1075200,1075200,652800,1401600,991,38,57,924,33,55,513,89,111,247,64,73,105,10,31,4,0,3,553,81,136,5,0,1,737619,50428,59352,661550,50368,66032,508873,139087,141501,256752,125356,113840,99176,12402,294700,3056,0,7419,411838,94748,178077,2203,0,1316,1297.5771073094868,0.7964167962674961
1658436681785,32.386,0.57843137,0.6923077,0.8076923,0.33333334,0.3478261,0.33333334,1.0,0.15384616,1.0,53.9,53.9,53.300003,53.600002,53.600002,53.9,52.600002,55.600002,53.300003,55.9,51.600002,50.600002,3722821,-1625062,1075200,1075200,1075200,1075200,1075200,1075200,652800,1401600,1016,30,50,906,34,54,466,57,52,372,67,83,158,20,52,9,0,6,462,96,202,0,0,2,738371,30039,48518,613099,39373,64769,367706,73943,54661,337487,114066,112971,117073,47595,436934,6825,0,32184,379236,123532,288379,0,0,847,1239.8597076205288,0.7679502332814929
1658436682812,32.436,0.509901,0.4,0.20833333,0.34615386,0.36,0.61538464,1.0,0.08,1.0,54.600002,54.300003,53.300003,53.600002,53.600002,53.9,52.600002,55.600002,53.300003,55.9,51.9,50.9,3713868,-1777039,1075200,1075200,1075200,1075200,1075200,1075200,652800,1401600,791,26,48,677,18,24,430,54,77,578,75,99,103,13,38,41,9,13,341,115,212,2,0,0,548204,29493,42623,386896,25019,28815,368167,69474,101784,517860,122153,134760,73534,31325,433362,39901,19722,33024,323128,190797,336516,50,0,0,1240.1675511551157,0.7688448844884489
1658436683851,32.468002,0.5049505,0.34615386,0.41666666,0.32,0.53846157,0.34615386,1.0,0.115384616,1.0,54.600002,53.9,52.9,53.300003,53.9,53.9,52.600002,55.600002,53.600002,55.600002,51.9,51.300003,3730412,-1589966,1075200,1075200,1075200,1075200,1075200,1075200,652800,1401600,1039,33,47,938,21,40,628,85,89,483,75,97,86,22,44,1,0,1,352,156,143,1,0,2,697308,34672,42232,627684,25095,33476,521342,123317,98930,446367,113652,140871,103685,46560,265636,5,0,21,328168,222208,258544,24,0,894,1239.9674027993779,0.7765972006220839
1658436684888,32.503002,0.49456522,0.33333334,0.2857143,0.3478261,0.2173913,0.68,1.0,0.083333336,1.0,54.600002,54.300003,53.9,53.600002,53.9,53.9,52.600002,55.9,53.300003,55.9,51.9,50.9,3724768,-1613160,1075200,1075200,1075200,1075200,1075200,1075200,652800,1401600,990,30,43,948,19,32,558,61,81,460,63,96,96,16,26,0,0,1,187,120,217,3,0,3,655334,36482,48681,604560,28496,38848,474461,85990,98226,440393,97853,143658,88946,35037,244302,0,0,19,256141,228703,402919,71,0,1213,1240.3073894080997,0.7684984423676012
1658436685894,32.538002,0.49726775,0.5714286,0.47826087,0.9130435,0.7826087,0.04347826,0.08695652,0.08695652,1.0,54.600002,54.300003,53.300003,54.300003,53.600002,53.9,52.9,55.600002,53.600002,55.9,51.9,51.300003,3720680,-1630555,1075200,1075200,1075200,1075200,1075200,1075200,652800,1401600,1035,18,27,838,32,49,399,42,67,399,88,105,107,13,52,35,2,3,197,111,218,5,0,0,667579,12422,22192,567015,36041,50317,338707,58617,81200,378636,161870,146197,83796,22289,451283,23552,866,3318,243252,206420,409232,236,0,0,1237.9258461538464,0.768
1658436686933,32.567,0.5176471,0.6666667,0.47619048,0.8181818,0.13636364,0.2777778,0.15,0.45,1.0,54.9,54.9,53.9,53.9,54.300003,53.600002,52.9,55.9,53.600002,55.600002,52.300003,51.300003,3725157,-1623231,1075200,1075200,1075200,1075200,1075200,1075200,652800,1401600,825,14,31,556,6,21,358,48,42,552,62,64,103,31,64,49,12,31,221,122,223,7,0,0,558070,17384,29702,359303,3689,25771,300346,62219,40520,434241,95098,68477,121192,74109,452106,48254,38212,267065,272404,208371,416258,167,0,0,990.4413597359736,0.6175577557755776
1658436687967,32.602,0.41624364,1.0,0.041666668,0.04,0.04,1.0,0.08,0.04347826,1.0,52.9,52.9,52.600002,52.600002,52.600002,52.9,52.600002,55.600002,52.9,55.300003,50.9,50.300003,3828509,-476990,1075200,1075200,1075200,1075200,1075200,1075200,652800,1401600,547,10,4,491,9,13,237,36,53,441,47,84,182,21,14,186,24,58,408,98,122,0,0,0,544427,10820,2227,434947,15997,22256,216785,63839,140724,323579,76959,307126,145483,31086,57391,166832,37027,250083,282368,156140,257709,0,0,0,-1.0,-1.0
1658436688981,32.643,0.45355192,1.0,0.1904762,1.0,0.09090909,0.16,0.045454547,0.045454547,1.0,51.300003,50.600002,49.9,50.300003,50.600002,51.300003,50.300003,53.600002,50.9,53.300003,48.9,48.600002,3799898,-668640,1075200,1075200,1075200,1075200,1075200,1075200,652800,1401600,117,0,6,432,33,40,55,7,34,232,39,106,20,6,17,152,20,58,70,88,159,0,0,0,268208,0,92648,521914,83398,313824,73281,24681,278445,225474,61965,581595,21962,15259,155877,163206,41777,594491,79521,250615,519101,0,0,0,-1.0,-1.0
1658436690022,32.653,0.42857143,1.0,0.07692308,0.0,0.037037037,0.24,1.0,0.037037037,1.0,49.9,49.300003,49.600002,49.300003,49.300003,49.300003,49.300003,51.9,49.600002,51.9,47.300003,47.300003,3847389,-318908,1075200,1075200,1075200,1075200,1075200,1075200,652800,1401600,0,0,0,261,46,74,58,8,31,223,23,93,59,8,39,175,10,42,58,63,163,0,0,0,0,0,0,291492,129994,425256,60772,23833,264420,209777,54477,607912,75341,20967,373899,128078,13984,352216,58780,216612,685244,0,0,0,-1.0,-1.0
1658436691048,32.656002,0.5290698,0.36363637,0.3809524,0.42857143,0.1904762,0.7826087,0.95238096,0.0952381,1.0,48.9,48.600002,47.9,48.600002,48.9,48.9,48.600002,51.300003,48.9,51.300003,46.600002,46.300003,3852060,-294800,1075200,1075200,1075200,1075200,1075200,1075200,652800,1401600,83,0,0,364,49,69,120,22,56,155,15,43,117,14,29,114,3,16,64,34,61,4,0,0,41676,0,0,382391,121044,209019,95135,58997,439321,90748,33848,499867,70362,25529,429770,64886,4177,72216,45113,65481,669251,143,0,0,6.676666666666667,0.15619230769230769
1658436692079,32.646,0.55617976,0.6363636,0.27272728,0.54545456,0.27272728,0.6086956,1.0,0.04761905,1.0,49.9,50.300003,49.300003,49.9,50.300003,50.300003,49.600002,51.9,50.600002,51.9,47.9,47.600002,3736835,-1662598,1075200,1075200,1075200,1075200,1075200,1075200,652800,1401600,389,13,22,628,40,41,380,24,48,252,41,67,186,21,38,78,4,15,346,44,112,5,0,0,288385,18495,30766,386235,85622,80443,310976,36528,372314,214401,65813,445228,123744,34536,256739,46264,2827,22357,236266,81732,503135,207,0,0,704.0748491446345,0.5686842923794713
1658436693095,32.634003,0.5686275,0.29166666,0.375,0.53846157,0.44444445,0.76,1.0,0.15384616,1.0,51.600002,50.9,50.300003,50.600002,50.600002,50.600002,49.9,52.600002,50.300003,52.600002,48.9,48.300003,3730023,-1585084,1075200,1075200,1075200,1075200,1075200,1075200,652800,1401600,696,39,42,718,35,59,399,65,79,364,52,60,212,40,55,0,0,0,217,70,164,1,0,0,614621,61682,63511,525865,45567,77130,457508,137404,136202,347930,82549,138806,198280,78963,150411,0,0,0,201531,155678,454234,35,0,0,1293.3902922824302,0.9474417077175697
1658436694148,32.643,0.6813725,0.47826087,0.5555556,0.625,0.7692308,0.962963,0.8,0.25925925,1.0,52.300003,51.9,50.9,51.600002,51.600002,51.9,50.600002,53.300003,51.300003,53.300003,49.9,49.300003,3734889,-1580811,1075200,1075200,1075200,1075200,1075200,1075200,652800,1401600,1008,34,47,875,26,23,544,60,82,388,74,95,130,15,39,0,0,0,337,91,170,3,0,0,727144,39057,42103,594495,31890,28744,574765,97502,102790,410109,107805,189096,131863,28788,184766,0,0,0,333571,132664,302119,93,0,0,1294.230559006211,0.9011180124223602
1658436695210,32.65,0.58469945,0.4347826,0.47826087,0.54545456,0.8181818,0.1904762,1.0,0.13043478,1.0,53.300003,52.600002,52.300003,52.300003,52.600002,52.600002,51.9,53.9,52.9,54.300003,50.600002,50.300003,3719123,-1740113,1075200,1075200,1075200,1075200,1075200,1075200,652800,1401600,819,17,25,809,27,36,527,46,64,405,49,69,106,19,27,35,1,6,320,91,153,2,0,0,712576,20962,21064,598583,43891,44325,537767,68883,84644,354340,67209,108679,85407,34494,76960,20848,606,31418,311792,124458,279705,72,0,0,1295.6657169517885,0.767303265940902
1658436696235,32.675003,0.5693069,0.32,0.24,0.52,0.28,1.0,1.0,0.12,1.0,53.300003,52.9,52.600002,52.9,52.600002,52.600002,51.600002,54.600002,52.300003,54.300003,51.300003,50.300003,3722432,-1712037,1075200,1075200,1075200,1075200,1075200,1075200,652800,1401600,855,31,43,840,40,73,512,52,70,274,44,55,106,9,33,0,0,0,298,140,130,1,0,0,704405,37846,49948,652242,51145,92805,539064,89301,98544,266435,87905,128244,95106,20013,172259,0,0,0,305310,219162,292260,21,0,0,1295.8492566096422,0.7621275272161742
1658436697284,32.7,0.63,0.375,0.56,0.5,0.61538464,0.65384614,1.0,0.36,1.0,53.600002,53.300003,52.9,53.300003,53.600002,53.300003,52.300003,55.300003,52.600002,54.9,51.300003,50.600002,3727493,-1593934,1075200,1075200,1075200,1075200,1075200,1075200,652800,1401600,850,33,48,873,38,63,509,44,56,213,48,81,5,1,0,0,0,0,348,147,108,2,0,0,725307,41222,42064,656520,47408,62977,529135,75249,68711,250990,87243,313685,1965,4042,0,0,0,0,322512,216958,203442,102,0,0,1289.5747289719627,0.7435264797507788
1658436698343,32.72,0.54545456,0.3478261,0.46153846,0.5,0.17391305,0.7307692,1.0,0.083333336,1.0,54.300003,53.9,52.9,53.300003,53.600002,53.9,52.9,55.600002,53.300003,55.300003,51.600002,50.9,3719513,-1758729,1075200,1075200,1075200,1075200,1075200,1075200,652800,1401600,946,24,35,778,28,40,462,65,82,365,51,93,123,19,29,2,0,1,298,155,93,2,0,0,734907,37117,41037,573585,39009,46437,525169,119875,111075,358120,93053,194336,90359,34627,117579,1387,0,539,293129,233800,162282,72,0,0,1284.2887476635512,0.8177445482866044
1658436699390,32.751003,0.54901963,0.24,0.32,0.4347826,0.28,0.84615386,1.0,0.1923077,1.0,54.300003,53.9,52.9,53.300003,53.600002,53.9,52.600002,55.9,53.300003,55.600002,51.9,50.9,3722821,-1750794,1075200,1075200,1075200,1075200,1075200,1075200,652800,1401600,800,37,63,685,56,83,430,80,91,404,98,121,39,6,14,1,1,0,284,139,151,1,0,0,656424,49417,70320,536600,71796,99807,552221,146217,126754,429251,197025,229308,35186,10501,110964,936,17,0,285795,229789,309710,30,0,0,1173.8290526315789,0.7469969040247678
1658436700429,32.789,0.6760563,0.61538464,0.5925926,0.6,0.4074074,0.71428573,1.0,0.44444445,1.0,53.9,53.600002,52.9,53.9,53.9,53.600002,52.600002,55.9,53.600002,55.600002,51.9,50.9,3729050,-1532288,1075200,1075200,1075200,1075200,1075200,1075200,652800,1401600,858,40,77,744,47,59,460,66,74,340,73,114,48,2,20,18,0,1,343,137,112,0,0,0,743756,51392,80560,627575,72095,76968,509532,120397,109908,385068,132233,216109,45193,3089,110746,12047,0,445,344417,204417,175501,0,0,0,1075.64285625966,0.6506831530139103
1658436701521,32.828003,0.54444444,0.29166666,0.4347826,0.3809524,0.45833334,0.90909094,0.6666667,0.22727273,1.0,54.300003,54.300003,53.600002,54.300003,54.300003,53.600002,52.9,55.9,53.600002,55.9,52.300003,51.300003,3717955,-1760865,1075200,1075200,1075200,1075200,1075200,1075200,652800,1401600,786,28,37,684,19,18,431,70,70,330,76,106,70,19,26,21,1,10,366,167,82,3,0,0,637482,39768,41057,496021,24742,18749,476151,155727,105833,369777,147934,210556,89125,43868,110747,14858,2812,93895,272155,248830,138175,104,0,0,1064.6001622464898,0.6574227769110764
1658436702544,32.882,0.58247423,0.375,0.36,0.56,0.72,0.52,1.0,0.18181819,1.0,54.300003,53.9,53.300003,53.600002,53.9,54.300003,53.300003,55.9,53.600002,55.600002,51.9,51.300003,3714063,-1759034,1075200,1075200,1075200,1075200,1075200,1075200,652800,1401600,717,59,84,679,38,62,397,75,70,255,78,102,32,12,33,28,2,14,349,143,120,2,0,0,703297,76172,90027,538976,50741,86278,463013,158088,103350,307853,166237,266134,30239,38645,169512,24606,6984,52774,302304,230832,214206,47,0,0,1279.671546191248,0.7298282009724473
1658436703582,32.933002,0.58152175,0.52,0.5652174,0.4090909,0.6666667,0.36,0.95652175,0.2173913,1.0,54.9,54.600002,53.9,54.300003,54.300003,54.600002,53.300003,56.300003,54.300003,56.300003,52.9,51.600002,3712895,-1688233,1075200,1075200,1075200,1075200,1075200,1075200,652800,1401600,866,19,36,796,24,31,393,47,66,266,50,68,99,8,34,0,0,1,281,84,162,1,0,0,667264,25316,39721,540646,27915,27742,482677,94454,99245,271738,102447,109368,88174,19858,300421,0,0,25,246806,147558,363553,35,0,0,1348.5482214983713,0.7093680781758958
1658436704594,33.009003,0.57560974,0.46153846,0.32142857,0.46153846,0.34615386,0.84,0.96,0.26923078,1.0,55.300003,54.9,53.9,54.600002,54.600002,54.600002,53.300003,56.300003,54.300003,56.600002,52.600002,51.600002,3723795,-1660767,1075200,1075200,1075200,1075200,1075200,1075200,652800,1401600,837,15,24,817,21,36,471,52,50,353,44,75,101,15,25,6,0,2,159,65,173,3,0,0,623729,21436,25558,593690,23994,41507,493753,88229,87097,330234,57286,186471,70823,33472,118095,4125,0,1972,195275,122319,429054,69,0,0,1215.4109113530326,0.7407776049766719
1658436705642,33.072002,0.578199,0.4,0.4827586,0.3043478,0.7777778,0.5769231,0.64285713,0.4074074,1.0,55.9,55.300003,54.600002,54.600002,54.9,54.9,54.300003,56.300003,54.9,56.600002,52.600002,51.9,3709391,-1844178,1075200,1075200,1075200,1075200,1075200,1075200,652800,1401600,757,31,35,837,38,61,505,64,74,377,70,89,49,6,26,1,0,2,147,78,157,0,0,0,611737,44089,37615,608625,55781,70829,559420,97223,114008,343361,135957,220588,19663,19804,229436,25,0,11607,130959,172292,528229,0,0,0,1307.3389984447901,0.831353032659409
1658436706696,33.162003,0.53588516,0.5,0.33333334,0.37037036,0.4074074,0.7692308,1.0,0.0,1.0,55.600002,55.300003,54.600002,54.9,55.600002,55.600002,54.9,56.9,55.600002,56.9,53.300003,51.9,3708418,-1740418,1075200,1075200,1075200,1075200,1075200,1075200,652800,1401600,855,27,40,904,42,55,630,58,73,199,43,51,91,29,41,61,11,20,273,79,101,2,0,0,700183,33172,40927,655178,58021,58506,595608,81519,92935,182407,76400,164814,104574,59283,203266,54436,12620,51124,238443,118598,421365,55,0,0,1280.3938193146416,0.7717383177570093
1658436707742,33.241,0.6089109,0.36363637,0.3181818,0.5555556,0.6923077,0.56,1.0,0.33333334,1.0,55.600002,55.600002,54.9,55.300003,54.9,55.300003,54.300003,56.9,54.600002,56.9,52.9,52.300003,3723989,-1649781,1075200,1075200,1075200,1075200,1075200,1075200,652800,1401600,801,25,24,928,23,34,542,53,71,251,43,60,97,17,40,4,0,0,57,14,104,2,0,0,628786,26206,21681,587464,25919,40325,538945,85317,93888,222289,84275,164126,90491,36602,291796,863,0,0,71256,46310,758372,45,0,0,1289.062,0.8340526315789474
1658436708755,33.321003,0.57211536,0.3846154,0.37037036,0.4,0.2962963,1.0,1.0,0.1923077,1.0,55.9,55.600002,54.9,55.300003,55.300003,55.300003,54.600002,56.9,55.300003,57.300003,53.300003,52.300003,3715814,-1663819,1075200,1075200,1075200,1075200,1075200,1075200,652800,1401600,783,34,37,707,26,35,473,50,81,338,62,88,96,14,19,21,4,17,184,51,131,3,0,0,611600,40295,39548,508496,45723,42770,508005,88370,100226,332496,98100,226979,82909,23503,98892,18890,7691,164386,172093,106667,515098,93,0,0,1365.817218210361,0.8466687598116169
1658436709791,33.4,0.60227275,0.4090909,0.52,0.45,0.5,0.5,1.0,0.47619048,1.0,55.9,55.600002,55.300003,55.300003,55.300003,55.300003,53.600002,56.9,54.600002,56.9,52.9,52.300003,3719707,-1658631,1075200,1075200,1075200,1075200,1075200,1075200,652800,1401600,816,28,46,852,38,47,450,53,68,364,59,82,21,1,8,1,0,1,199,53,167,2,0,0,645194,33501,47493,567662,44156,55207,503871,94928,85967,342547,112856,173247,16653,557,39782,10,0,23,203040,102875,460118,64,0,0,1358.0954322580644,0.8286451612903225
1658436710791,33.480003,0.8448276,0.9047619,0.94736844,0.7619048,0.8095238,0.72727275,1.0,0.5652174,1.0,56.600002,55.9,54.9,55.300003,55.600002,55.600002,54.300003,57.300003,54.9,57.300003,53.600002,52.9,3712506,-1725159,1075200,1075200,1075200,1075200,1075200,1075200,652800,1401600,849,26,35,834,26,39,501,67,75,363,64,90,109,12,24,7,1,5,164,59,133,1,0,0,612646,29813,37745,551654,36697,46265,547384,113103,90855,341545,115021,215337,66231,27878,138252,7180,217,23637,152480,99526,538251,33,0,0,1307.226096124031,0.7462201550387597
1658436711816,33.562,0.47959185,0.125,0.41666666,0.08695652,0.65384614,0.17391305,1.0,0.29166666,1.0,55.9,56.300003,54.9,55.300003,55.300003,55.9,54.9,57.9,55.600002,57.600002,53.600002,52.600002,3706861,-1751405,1075200,1075200,1075200,1075200,1075200,1075200,652800,1401600,487,29,41,323,9,12,323,34,54,208,50,83,70,18,47,2,1,0,454,108,99,1,0,0,389251,32533,43721,197743,7446,15658,348093,69092,150456,234507,111068,246242,67248,56153,255020,25,270,0,332560,168283,194960,30,0,0,0.012264943457189014,0.006733441033925687
1658436712821,33.645,0.88785046,0.8888889,0.962963,1.0,0.96153843,0.962963,1.0,0.30769232,1.0,53.600002,53.300003,52.300003,52.9,53.300003,53.600002,52.9,55.600002,53.300003,55.9,51.600002,50.9,3809435,-806274,1075200,1075200,1075200,1075200,1075200,1075200,652800,1401600,307,6,6,561,6,16,242,73,86,186,42,72,256,51,84,10,1,3,103,3,72,0,0,0,584108,6660,14837,572276,20125,51004,286676,168105,284089,180453,93487,230815,253712,113820,358669,15756,5002,3634,59763,7602,637706,0,0,0,-1.0,-1.0
1658436713969,33.724003,0.7255814,1.0,0.96428573,0.5555556,0.9259259,0.7037037,0.5,0.08,1.0,53.600002,53.9,53.300003,53.9,54.300003,53.9,53.600002,55.300003,54.600002,55.9,50.9,50.9,3767588,-938721,1075200,1075200,1075200,1075200,1075200,1075200,652800,1401600,416,0,0,437,28,49,60,0,1,194,16,41,135,1,34,182,5,35,978,1,34,0,0,0,144537,0,0,234054,73026,207578,52307,0,0,146210,36215,356158,98227,3516,383697,146170,10813,407099,436613,5821,468019,0,0,0,-1.0,-1.0
