1658426251511,32.115,0.35365853,0.11111111,0.3,0.25,0.3,0.23809524,0.31578946,0.23809524,1.0,43.9,43.9,43.600002,44.600002,44.9,44.9,44.300003,44.600002,45.600002,46.300003,40.600002,40.600002,4168540,-556946,1075200,1075200,1075200,1075200,1075200,1075200,652800,1401600,676742,16238,67371,675124,17334,67593,284539,20007,69218,282505,21055,71830,269533,18673,69724,270538,18826,73880,254948,26717,63984,184214,14783,65880,554371900,35954253,1596133420,574107618,36166656,1609727256,233324398,46250527,1904221005,230997541,50820979,1893621431,216095374,43610539,1898240511,217414489,43736510,1901126629,167502144,66172040,2054907148,98979641,34977869,2000327108,0.0070049751243781095,0.018016583747927032
1658426252504,32.169003,0.8369099,0.89285713,0.9285714,0.8214286,0.9,0.8333333,0.8965517,0.39285713,1.0,43.300003,43.300003,42.600002,43.9,43.9,44.300003,43.300003,44.9,43.9,45.300003,40.9,40.9,4150050,-867310,1075200,1075200,1075200,1075200,1075200,1075200,652800,1401600,870,0,0,661,0,0,486,1,1,528,5,9,419,1,7,247,7,9,328,15,25,41,0,0,439572,0,0,354824,0,0,456111,2538,320,400509,8595,19820,379096,873,12992,288398,10101,15365,461990,34414,118239,1569,0,0,-1.0,-1.0
1658426253660,32.22,0.22162162,0.125,0.083333336,0.09090909,0.13636364,0.20833333,0.17391305,0.0,0.96,44.300003,43.9,43.600002,44.600002,44.9,44.9,44.300003,44.300003,44.600002,45.300003,41.300003,41.300003,4143043,-673523,1075200,1075200,1075200,1075200,1075200,1075200,652800,1401600,366,0,0,470,0,0,471,5,10,340,5,10,315,8,12,472,4,10,674,93,62,218,5,13,149264,0,0,185591,0,0,189198,13951,20536,128302,11637,20483,107177,11600,22033,138699,4914,19585,423945,163349,124306,59116,6257,19228,-1.0,-1.0
1658426254733,32.262,0.4871795,0.45833334,0.48,0.45833334,0.4,0.47826087,0.4,0.29166666,1.0,42.300003,42.600002,41.9,42.9,42.9,43.300003,42.9,44.600002,43.300003,44.600002,40.600002,40.300003,4173017,-525818,1075200,1075200,1075200,1075200,1075200,1075200,652800,1401600,1053,0,0,979,0,0,565,30,70,618,41,54,255,14,33,288,15,45,541,70,97,59,0,1,538167,0,0,608239,0,0,317057,45280,205453,315673,88470,144429,178526,38616,222124,170167,26993,128533,311044,121509,344975,17428,0,532,0.04456609642301711,0.05709486780715396
1658426255831,32.303,0.42702702,0.26086956,0.25,0.36363637,0.4347826,0.3478261,0.4090909,0.29166666,0.96,42.300003,42.600002,41.9,42.9,43.300003,42.9,42.300003,43.300003,42.9,43.9,40.300003,39.9,4182165,-365600,1075200,1075200,1075200,1075200,1075200,1075200,652800,1401600,1241,0,0,1164,0,0,501,31,48,564,33,62,359,8,38,548,27,48,492,12,84,76,2,14,619945,0,0,631919,0,0,294868,67332,207791,297633,79236,221616,199055,9374,227399,329607,53541,158766,280142,28736,534469,26347,3716,19007,-1.0,-1.0
1658426256895,32.331,0.33333334,0.1904762,0.18181819,0.2173913,0.32,0.39130434,0.32,0.04347826,1.0,42.300003,42.300003,42.300003,42.300003,42.600002,42.9,42.300003,44.600002,43.300003,44.600002,40.300003,40.300003,4179634,-398559,1075200,1075200,1075200,1075200,1075200,1075200,652800,1401600,969,0,0,961,0,0,484,28,64,426,32,52,413,42,65,427,6,53,454,22,95,88,0,3,652866,0,0,655563,0,0,289461,55567,264903,225625,65887,161741,302465,76370,196764,236825,12860,292088,251372,46159,454159,21560,0,1855,-1.0,-1.0
1658426257989,32.373,0.4171123,0.25,0.47826087,0.4347826,0.26086956,0.45833334,0.29166666,0.22727273,0.9130435,42.300003,42.300003,41.9,42.600002,42.300003,42.600002,42.9,43.9,43.9,44.600002,40.300003,40.300003,4135257,-462951,1075200,1075200,1075200,1075200,1075200,1075200,652800,1401600,931,7,17,802,8,15,341,37,63,273,22,54,217,10,45,426,9,53,237,22,100,41,0,3,632532,18338,106941,620054,15152,49174,255588,79038,435685,190843,53272,377197,213147,14245,388466,225555,18314,513453,212092,51491,761015,9915,0,2019,-1.0,-1.0
1658426259084,32.414,0.18181819,0.03846154,0.14285715,0.074074075,0.07692308,0.08,0.074074075,0.037037037,1.0,42.300003,42.300003,41.600002,42.300003,43.300003,42.600002,42.600002,44.300003,42.9,44.600002,39.9,39.9,4162701,-1014405,1075200,1075200,1075200,1075200,1075200,1075200,652800,1401600,433,20,65,301,10,23,147,20,40,239,11,51,173,6,24,213,5,26,277,34,144,117,0,3,374177,46537,416241,323009,28296,431205,191301,68306,408938,235425,31308,604702,158047,10774,611246,163813,8884,516445,256806,111802,523153,20169,0,4041,-1.0,-1.0
1658426260210,32.440002,0.27419356,0.13043478,0.04761905,0.13043478,0.20833333,0.2173913,0.29166666,0.23076923,1.0,40.600002,40.600002,39.9,40.300003,40.600002,40.600002,40.600002,42.9,40.9,42.9,39.300003,38.9,4155499,-683594,1075200,1075200,1075200,1075200,1075200,1075200,652800,1401600,425,20,59,452,8,30,204,40,93,265,35,87,106,17,44,112,15,41,20,4,35,18,0,3,513769,39935,390385,499751,24923,425954,190666,102232,640026,188161,74248,636910,75509,56882,711118,117497,32596,805077,12911,5976,948039,1720,0,2394,-1.0,-1.0
1658426261268,32.471,0.2631579,0.04761905,0.0,0.18181819,0.17391305,0.35,0.2173913,0.04761905,1.0,40.600002,40.9,40.300003,40.9,41.300003,41.600002,40.9,43.300003,41.300003,43.300003,39.600002,39.600002,4180997,-360107,1075200,1075200,1075200,1075200,1075200,1075200,652800,1401600,600,15,34,578,15,40,205,42,79,169,30,76,107,21,52,189,24,73,29,2,55,11,0,5,643031,42710,258334,645762,22339,233766,206658,101954,647159,155178,68223,718457,115001,50513,618397,200220,36156,619097,32845,5532,849544,2921,0,5986,-1.0,-1.0
1658426262291,32.5,0.6666667,0.77272725,0.65217394,0.6666667,0.6,0.5,0.71428573,0.47619048,1.0,40.600002,40.600002,40.300003,40.9,40.9,40.9,40.9,42.9,41.600002,42.9,39.300003,38.9,4184500,-573120,1075200,1075200,1075200,1075200,1075200,1075200,652800,1401600,502,16,66,428,21,52,203,28,49,166,29,83,140,22,30,121,13,30,8,9,41,3,0,3,445178,28836,458264,451156,47828,416449,167818,63063,718505,179418,62746,649528,141824,39540,639209,106618,32697,657689,17085,31522,1052323,76,0,1761,-1.0,-1.0
1658426263328,32.529003,0.6721311,0.47826087,0.625,0.5,0.5652174,0.9583333,0.95652175,0.15789473,1.0,40.9,40.9,40.300003,41.300003,40.9,41.300003,40.600002,43.300003,41.300003,43.300003,39.600002,39.300003,4176715,-372314,1075200,1075200,1075200,1075200,1075200,1075200,652800,1401600,329,41,52,455,29,46,203,36,89,141,25,40,209,16,37,172,7,34,173,12,76,3,0,3,372892,103284,205708,429180,48263,237464,198421,103664,519284,133880,76315,438918,125063,38745,295368,108750,17885,397221,88341,20759,744801,98,0,1912,-1.0,-1.0
1658426264403,32.554,0.21761657,0.2,0.13043478,0.15384616,0.18518518,0.083333336,0.08,0.083333336,1.0,41.600002,41.600002,40.9,41.600002,42.300003,42.300003,41.600002,42.600002,41.600002,42.9,39.9,39.600002,4133505,-975342,1075200,1075200,1075200,1075200,1075200,1075200,652800,1401600,556,27,33,470,26,32,304,31,61,335,25,59,75,3,31,130,19,55,205,18,70,100,4,4,322015,72891,148865,360830,68969,209865,230382,69338,432976,249437,65882,494677,71979,4102,364854,123465,43988,377747,108612,33318,808930,39012,2565,3010,116.53133774834437,2.06076821192053
1658426265429,32.589,0.22285715,0.0952381,0.18181819,0.0952381,0.13043478,0.2173913,0.08695652,0.08695652,1.0,42.300003,41.600002,41.300003,41.9,41.9,41.600002,41.600002,44.300003,42.300003,44.300003,40.600002,40.300003,4117545,-1121521,1075200,1075200,1075200,1075200,1075200,1075200,652800,1401600,773,58,82,590,63,121,383,93,94,322,65,107,152,26,71,140,37,69,256,94,156,0,3,2,682584,86560,120982,536690,108373,247361,393003,176643,342282,331100,139059,453571,135822,70942,555382,154305,74136,481346,286151,201743,416355,0,3194,3474,99.85631168831169,0.12966233766233767
1658426266425,32.634003,0.2039801,0.15384616,0.12,0.08,0.083333336,0.12,0.0,0.03846154,1.0,42.600002,42.300003,41.9,41.9,42.300003,41.9,41.9,44.600002,42.600002,44.300003,41.300003,40.9,4113458,-1152954,1075200,1075200,1075200,1075200,1075200,1075200,652800,1401600,777,63,81,732,43,77,354,81,81,208,40,95,252,59,88,277,32,84,156,51,105,3,0,0,663372,97361,134570,624214,54318,151659,351530,190512,355152,237620,94645,556193,286014,123962,341252,275345,67141,548094,138253,131563,650346,991,0,0,100.58242105263159,0.10878947368421053
1658426267460,32.697002,0.24479167,0.16,0.16666667,0.16,0.16,0.125,0.083333336,0.13636364,0.96,42.9,43.300003,42.600002,42.9,42.600002,42.600002,42.300003,44.9,42.9,44.9,41.600002,40.9,4119492,-1089478,1075200,1075200,1075200,1075200,1075200,1075200,652800,1401600,795,59,89,694,49,93,329,63,79,421,74,104,164,30,75,470,53,92,112,38,109,0,1,0,713621,72666,149000,578295,86708,260517,371807,141852,360740,411412,137275,380676,166264,74038,566917,455158,75186,338992,113546,118106,771207,0,608,0,100.83320655737705,0.07706229508196721
1658426268503,32.77,0.35748792,0.16,0.25925925,0.26923078,0.15384616,0.44,0.375,0.2857143,1.0,43.300003,42.9,42.600002,42.600002,42.9,42.9,42.9,45.300003,43.300003,45.300003,41.9,41.300003,4116961,-1048889,1075200,1075200,1075200,1075200,1075200,1075200,652800,1401600,774,53,63,698,35,65,265,68,71,253,43,74,120,23,60,142,30,65,642,93,71,2,0,3,747285,84082,99154,641690,51551,197342,260607,136774,479305,278678,82513,570505,151335,36231,617669,169734,41154,711229,485746,179006,179104,71,0,5439,103.10439751552795,0.09754037267080745
1658426269561,32.850002,0.26704547,0.18181819,0.18181819,0.25,0.09090909,0.13636364,0.045454547,0.18181819,1.0,43.9,43.600002,42.600002,42.9,43.300003,42.600002,42.9,45.600002,43.9,45.600002,41.9,41.600002,4127861,-1041260,1075200,1075200,1075200,1075200,1075200,1075200,652800,1401600,772,56,88,693,35,91,269,53,59,224,40,85,70,11,24,75,23,55,438,124,91,3,1,0,733699,85345,153848,635680,51395,265394,228730,111926,562978,261785,93505,623334,81869,23506,631220,103883,62447,583427,365420,249055,285501,1192,3487,0,106.40381456953644,0.09298013245033113
1658426270570,32.933002,0.20812182,0.083333336,0.16,0.08,0.08,0.083333336,0.0,0.08,1.0,43.600002,43.300003,42.9,43.300003,43.600002,43.300003,42.9,45.9,43.600002,45.600002,42.300003,41.9,4118324,-1071167,1075200,1075200,1075200,1075200,1075200,1075200,652800,1401600,764,42,48,727,28,57,128,72,69,223,63,75,248,55,60,236,44,72,255,97,109,0,0,3,758182,66939,77895,696894,45566,151297,160354,185293,485991,261096,144747,506930,223526,105496,460635,229606,79162,554869,206847,231909,425215,0,0,18190,103.53414193548387,0.14492903225806453
1658426271601,33.025,0.22651933,0.0952381,0.20833333,0.125,0.045454547,0.13043478,0.125,0.20833333,1.0,43.9,43.9,43.600002,43.9,43.600002,43.600002,42.9,44.300003,43.600002,44.300003,42.300003,41.9,4115404,-1122742,1075200,1075200,1075200,1075200,1075200,1075200,652800,1401600,790,30,56,896,22,54,224,61,87,240,59,90,139,23,51,231,47,73,167,105,144,3,1,3,787363,38468,86536,743807,28772,120729,235256,141501,534392,255156,129991,528945,146369,50296,638914,199847,116914,540397,191443,249063,452283,2267,5790,4776,105.85346534653465,0.14141254125412542
1658426272598,33.107002,0.24719101,0.14285715,0.18181819,0.0952381,0.0952381,0.16666667,0.0,0.20833333,1.0,43.9,43.9,43.300003,43.300003,43.300003,43.600002,43.300003,46.300003,43.600002,46.300003,42.300003,42.300003,4106256,-1131592,1075200,1075200,1075200,1075200,1075200,1075200,652800,1401600,845,51,75,796,47,73,205,95,71,284,74,113,196,41,60,105,30,71,73,54,102,0,3,3,726066,67293,120739,663005,63749,143209,248815,208615,461833,318250,169798,383377,198558,75285,639301,106504,76504,638486,89638,149005,665440,0,5951,3453,105.97724092409241,0.07894389438943895
1658426273629,33.193,0.21022727,0.0952381,0.09090909,0.04761905,0.13043478,0.09090909,0.09090909,0.09090909,1.0,44.300003,43.9,43.600002,43.600002,43.600002,43.600002,43.300003,46.300003,43.600002,46.300003,42.9,42.300003,4096135,-1187744,1075200,1075200,1075200,1075200,1075200,1075200,652800,1401600,784,54,81,708,39,82,308,70,73,404,76,80,231,47,79,141,37,91,67,49,120,1,1,3,717240,77834,127842,647797,67258,207766,323751,139880,406440,390809,166420,364151,256226,114242,461856,176701,93896,674806,100615,116395,703268,2207,323,16879,100.49813509060955,0.07607248764415156
1658426274684,33.286003,0.28421053,0.2173913,0.15,0.13043478,0.2,0.2,0.20833333,0.125,1.0,44.300003,44.300003,43.600002,43.9,43.9,43.9,43.300003,46.600002,43.9,46.300003,42.9,42.600002,4119102,-1040650,1075200,1075200,1075200,1075200,1075200,1075200,652800,1401600,866,31,69,854,34,48,274,70,75,412,61,87,244,30,56,363,66,87,119,45,111,3,0,2,783542,34369,138212,739380,53505,110074,272274,169310,439517,417762,136415,313881,199260,59214,566801,358527,138041,430423,102256,116784,721977,2752,0,1751,103.06931259720062,0.07181337480559875
1658426275707,33.371002,0.22959183,0.16666667,0.16,0.2,0.115384616,0.08,0.083333336,0.125,1.0,44.600002,44.300003,43.600002,44.300003,44.300003,44.300003,43.9,46.9,44.300003,46.600002,43.300003,42.9,4115015,-1131287,1075200,1075200,1075200,1075200,1075200,1075200,652800,1401600,773,49,91,798,36,66,149,81,83,328,82,82,381,76,78,400,38,71,11,14,68,2,0,2,697286,65386,147967,683915,47629,149181,177062,211109,518053,324258,181777,415237,332820,155576,389744,349025,64517,351319,21670,58554,853120,909,0,1818,107.01057049180329,0.0743344262295082
1658426276713,33.460003,0.25,0.13636364,0.13636364,0.2857143,0.13636364,0.09090909,0.08695652,0.05,1.0,44.9,44.600002,44.300003,44.600002,44.9,44.300003,44.300003,46.9,44.300003,46.600002,43.600002,43.300003,4106646,-1134339,1075200,1075200,1075200,1075200,1075200,1075200,652800,1401600,751,59,83,939,52,57,303,80,67,207,68,81,219,49,86,255,40,74,74,53,69,1,1,3,702771,86266,137964,684800,75487,106825,315648,172321,350069,198934,165030,549144,202826,106293,503822,254267,94761,569453,83667,130027,705703,344,306,8911,103.76785454545454,0.07426115702479338
1658426277750,33.546,0.1904762,0.12,0.13043478,0.083333336,0.0,0.04347826,0.041666668,0.083333336,1.0,44.9,44.600002,44.300003,44.600002,44.9,44.300003,44.300003,46.9,44.9,46.9,43.300003,43.300003,4119686,-1065674,1075200,1075200,1075200,1075200,1075200,1075200,652800,1401600,759,35,64,810,33,60,242,71,68,426,68,83,97,29,59,236,43,103,305,107,146,3,0,1,789770,53917,106783,729356,53500,147894,223358,172776,509514,413387,132404,387429,121423,75146,624801,261698,92663,579642,322791,216747,352408,2924,0,431,105.80264909390445,0.06990444810543657
1658426278768,33.616,0.20454545,0.13636364,0.13043478,0.04761905,0.08695652,0.04761905,0.045454547,0.13636364,1.0,44.9,44.600002,44.300003,44.300003,44.600002,44.300003,44.300003,47.300003,44.9,46.9,43.600002,43.300003,4123579,-988770,1075200,1075200,1075200,1075200,1075200,1075200,652800,1401600,711,42,77,721,34,63,219,79,81,249,75,99,121,23,50,279,55,80,317,121,127,1,2,0,743159,67128,152181,687758,46685,190035,238803,197113,463969,340779,156297,444405,112778,45835,688889,263546,103463,578777,300510,249801,318761,42,3184,0,99.35239087947883,0.06436482084690553
1658426279771,33.712,0.2215909,0.14285715,0.13043478,0.08695652,0.0952381,0.04761905,0.0952381,0.04761905,1.0,45.300003,45.300003,44.300003,44.9,44.9,44.9,44.300003,47.600002,45.600002,47.300003,43.600002,43.300003,4115015,-1021118,1075200,1075200,1075200,1075200,1075200,1075200,652800,1401600,766,32,53,799,36,51,219,48,87,238,71,82,113,16,53,268,51,74,550,110,77,3,1,4,739506,64415,85970,686920,58775,129112,253360,114775,529943,219214,165775,499198,115921,47147,634858,250688,99918,529563,418524,248158,177954,2246,270,8027,100.7227012987013,0.07158441558441558
1658426280802,33.794003,0.20670392,0.13636364,0.13043478,0.125,0.16,0.04761905,0.0,0.04761905,1.0,45.600002,44.9,44.600002,44.600002,45.300003,44.9,44.300003,47.600002,45.300003,47.600002,43.600002,43.300003,4121633,-984802,1075200,1075200,1075200,1075200,1075200,1075200,652800,1401600,803,44,68,822,35,65,254,75,80,258,78,91,129,21,52,214,36,71,274,127,98,1,2,4,752473,65522,111922,685286,50130,170369,300354,161629,432550,311741,176548,410090,115996,55296,624296,200037,82177,623440,253810,268538,361402,33,1063,8312,105.94622291993721,0.07314285714285715
1658426281842,33.874,0.21,0.16,0.083333336,0.12,0.04347826,0.074074075,0.115384616,0.08,1.0,45.600002,45.300003,44.600002,44.600002,44.9,44.9,44.600002,47.9,45.300003,47.300003,43.9,43.600002,4114431,-1065979,1075200,1075200,1075200,1075200,1075200,1075200,652800,1401600,817,36,49,822,35,57,216,74,81,428,77,79,181,46,70,148,25,62,203,88,129,0,0,2,808382,65281,72971,744258,56526,136963,237134,178646,496415,403037,165150,365083,207879,92434,509541,160348,42324,779939,168194,227892,519697,0,0,14582,105.39931502423264,0.07526978998384491
1658426282853,33.944,0.24878049,0.12,0.2,0.12,0.08,0.25925925,0.115384616,0.18518518,0.96153843,45.9,45.600002,44.9,44.9,45.300003,45.300003,45.300003,47.9,45.600002,47.9,44.300003,43.600002,4099833,-1300354,1075200,1075200,1075200,1075200,1075200,1075200,652800,1401600,772,51,76,689,29,61,144,82,84,308,60,61,135,28,69,302,38,68,297,101,123,0,0,0,670368,77729,123085,638714,41474,165682,174917,190822,492452,322801,117705,458509,135351,59705,663869,299416,53152,462892,269037,219227,386006,0,0,0,100.75482975206612,0.08526280991735538
1658426283867,34.023003,0.23529412,0.0,0.09090909,0.13636364,0.2173913,0.1,0.0952381,0.25,1.0,45.9,45.600002,45.300003,45.600002,45.9,45.9,44.9,48.300003,45.600002,47.9,44.600002,43.9,4104310,-1112976,1075200,1075200,1075200,1075200,1075200,1075200,652800,1401600,796,45,64,755,27,57,281,86,81,147,52,68,158,17,50,349,33,79,327,128,95,2,0,2,729809,62772,101330,681984,38081,164538,261267,209148,438950,202710,135114,566939,130036,34410,664325,369299,67810,370637,290884,297996,237802,2458,0,15683,82.05394098360657,0.08439344262295083
1658426284865,34.09,0.18090452,0.041666668,0.04,0.041666668,0.041666668,0.083333336,0.08,0.14285715,1.0,45.9,45.600002,45.600002,45.300003,45.300003,45.600002,45.300003,48.300003,45.9,47.9,44.300003,43.600002,4153358,-582275,1075200,1075200,1075200,1075200,1075200,1075200,652800,1401600,707,21,48,703,14,40,359,69,79,210,33,88,139,28,70,403,42,65,262,97,117,0,0,2,653942,33154,159517,617537,20420,223465,356637,149627,341948,231009,65724,552999,147761,62181,542179,392666,73363,306109,190176,218804,411598,0,0,0,-1.0,-1.0
1658426285866,34.163002,0.16230367,0.04,0.0,0.0,0.0,0.125,0.08,0.0,1.0,44.600002,44.600002,43.9,44.300003,44.600002,44.600002,44.300003,46.9,44.600002,47.300003,42.9,42.600002,4180218,-263366,1075200,1075200,1075200,1075200,1075200,1075200,652800,1401600,392,32,62,363,12,27,195,41,101,131,16,85,222,63,108,92,12,65,32,25,117,0,0,0,577974,70912,279433,490200,36459,430531,216881,98209,635897,176206,34318,742874,241685,107252,517160,111596,38286,740508,43683,103086,765928,0,0,0,-1.0,-1.0
1658426286879,34.217003,0.14044943,0.083333336,0.0,0.0,0.0,0.0,0.08695652,0.04347826,1.0,44.300003,43.600002,42.9,43.600002,43.9,44.300003,43.600002,46.600002,44.600002,46.300003,42.600002,42.300003,4176910,-335998,1075200,1075200,1075200,1075200,1075200,1075200,652800,1401600,217,19,74,176,20,51,135,19,68,177,31,91,91,9,51,128,16,78,59,65,156,0,0,0,296415,31300,611833,253888,41196,638413,135131,46464,716192,208100,82818,644448,110239,20769,690984,144153,34261,706984,59925,170136,714874,0,0,0,-1.0,-1.0
1658426287892,34.262,0.23463687,0.13636364,0.15,0.04347826,0.25,0.04761905,0.08695652,0.09090909,1.0,43.600002,43.600002,42.9,43.300003,43.600002,43.600002,43.600002,45.9,43.9,46.300003,42.300003,41.9,4167956,-740662,1075200,1075200,1075200,1075200,1075200,1075200,652800,1401600,334,30,65,431,17,56,98,9,44,203,34,61,174,14,47,177,25,42,156,15,82,21,3,4,349158,62309,337322,400343,25605,367327,86350,28718,683054,128260,81229,635129,135523,15937,642422,119291,47274,539092,74856,32153,734964,8388,1963,2708,6.469771336553945,0.15389371980676328
1658426288899,34.294003,0.24102564,0.08695652,0.045454547,0.25,0.24,0.12,0.0,0.041666668,0.9583333,45.300003,45.300003,44.300003,44.9,44.600002,44.9,44.300003,46.9,44.9,46.9,43.600002,43.300003,4098276,-1335450,1075200,1075200,1075200,1075200,1075200,1075200,652800,1401600,760,29,47,797,22,34,342,56,91,423,50,66,288,29,71,155,16,58,281,56,147,13,1,6,557641,53502,220266,538166,38379,235501,258488,99351,448805,342859,105728,367428,220802,51204,497618,137256,34450,526121,244005,85873,491812,3525,526,6560,210.76660436137072,0.22484735202492212
1658426289913,34.316,0.22543353,0.09090909,0.18181819,0.18181819,0.13043478,0.09090909,0.0,0.13043478,1.0,45.600002,45.600002,44.600002,45.300003,45.300003,44.9,44.600002,46.9,45.600002,47.300003,43.9,43.600002,4105283,-1181031,1075200,1075200,1075200,1075200,1075200,1075200,652800,1401600,854,31,41,893,31,54,242,60,91,272,76,117,277,75,105,272,41,90,152,87,156,4,7,6,821110,41676,69667,772228,55731,109067,238784,129585,532024,353306,162349,401978,294962,170811,341553,282280,69511,525873,167971,192099,538332,1881,15684,9637,207.65024920127794,0.18407667731629393
1658426290945,34.357002,0.26589596,0.1904762,0.3043478,0.14285715,0.14285715,0.22727273,0.0952381,0.04761905,0.95238096,45.9,45.9,44.9,45.300003,45.300003,45.300003,44.9,47.9,45.9,47.9,44.600002,43.9,4109565,-1121521,1075200,1075200,1075200,1075200,1075200,1075200,652800,1401600,812,59,73,852,55,70,251,49,112,315,83,97,135,23,55,324,75,108,141,63,159,1,1,2,708052,84077,122915,683205,72632,127860,281540,108321,503257,391515,184420,338161,129032,54511,649960,323929,149742,462548,169518,133751,571732,1655,623,8551,213.77159344262296,0.20322622950819674
1658426291950,34.402,0.19318181,0.17391305,0.14285715,0.0,0.09090909,0.04761905,0.083333336,0.04347826,1.0,46.600002,46.300003,45.300003,45.9,45.9,45.9,45.600002,48.300003,45.9,48.300003,44.9,44.300003,4104505,-1237793,1075200,1075200,1075200,1075200,1075200,1075200,652800,1401600,712,49,86,857,38,77,233,47,73,242,54,102,103,12,54,327,68,103,243,88,169,5,3,5,679006,62723,149921,636397,50255,150127,222664,90415,522342,281154,128762,498680,124913,14932,657694,309378,126347,456178,278994,181549,392718,1625,3956,7743,206.33239215686274,0.209359477124183
1658426292969,34.453003,0.19653179,0.13636364,0.05,0.0,0.0952381,0.13043478,0.04761905,0.0,0.9583333,46.600002,46.300003,45.600002,45.600002,46.300003,45.600002,45.300003,48.300003,45.9,48.300003,44.9,44.600002,4106451,-1080628,1075200,1075200,1075200,1075200,1075200,1075200,652800,1401600,793,47,82,943,37,53,212,54,93,260,73,121,97,19,52,257,60,100,102,44,117,2,1,4,700369,73875,141599,732404,45789,89199,224206,109707,599262,310547,163748,466466,98614,38266,719902,267298,125465,509273,117602,141039,659363,58,2626,11429,207.49802531645568,0.1652151898734177
1658426294020,34.510002,0.20111732,0.0952381,0.16666667,0.04761905,0.17391305,0.08695652,0.045454547,0.04347826,0.95652175,46.9,46.600002,45.600002,45.9,45.9,45.600002,45.300003,48.300003,45.9,48.300003,44.9,44.300003,4110149,-1121216,1075200,1075200,1075200,1075200,1075200,1075200,652800,1401600,923,33,52,867,43,44,229,58,91,400,99,115,109,15,42,360,92,87,4,12,74,2,4,8,778957,49695,73255,787502,63351,82812,244980,117766,553510,424243,209567,276972,102768,24718,455579,387899,194279,329961,7729,45176,912595,1907,6780,29819,209.57858385093166,0.17699378881987576
1658426295023,34.561,0.2029703,0.083333336,0.16666667,0.07692308,0.083333336,0.04347826,0.074074075,0.0,1.0,46.9,46.600002,45.9,46.300003,46.300003,45.9,45.600002,48.600002,46.300003,48.9,45.600002,44.9,4091075,-1248780,1075200,1075200,1075200,1075200,1075200,1075200,652800,1401600,818,51,54,790,45,68,177,54,81,345,93,105,138,31,64,315,79,87,4,8,62,3,1,3,740831,60342,89299,704870,57573,121664,203554,110430,565393,429684,186134,285491,132457,68301,640207,335983,158084,394228,6193,29135,872404,2500,308,13502,210.97729192546583,0.18409937888198757
1658426296038,34.634003,0.22222222,0.0952381,0.17391305,0.045454547,0.08695652,0.17391305,0.18181819,0.0,0.96,46.600002,46.9,46.300003,46.600002,46.9,46.600002,45.9,48.9,46.600002,48.9,45.300003,44.9,4093216,-1257935,1075200,1075200,1075200,1075200,1075200,1075200,652800,1401600,870,42,58,975,41,61,154,39,92,311,83,119,171,25,57,135,39,72,1,1,74,6,6,2,761734,49441,87523,697081,48591,106865,185137,79507,652592,352288,168261,402592,130411,56348,694122,160782,107166,632724,49,9162,942243,2670,6095,8887,208.32250079744816,0.1884274322169059
1658426297045,34.701,0.2820513,0.13636364,0.23076923,0.04,0.16666667,0.08,0.72,0.0,1.0,46.9,46.9,45.9,46.300003,46.300003,46.600002,45.9,48.9,46.600002,48.9,45.600002,44.9,4098860,-1230774,1075200,1075200,1075200,1075200,1075200,1075200,652800,1401600,974,35,35,921,41,50,162,35,55,306,67,103,189,49,61,214,49,68,6,4,77,3,1,4,792957,46624,48643,714790,55235,115280,185699,64937,634775,324080,131727,453700,224608,118531,513621,228395,101909,468120,10648,12432,923231,2278,307,6742,203.86605928237128,0.15510764430577223
1658426298065,34.768,0.19337016,0.16666667,0.14285715,0.0,0.08695652,0.08695652,0.08695652,0.0,0.9130435,47.300003,46.9,46.300003,46.600002,46.600002,47.300003,46.300003,49.300003,46.9,49.300003,45.600002,45.300003,4110928,-1140137,1075200,1075200,1075200,1075200,1075200,1075200,652800,1401600,848,48,73,879,44,43,157,40,88,293,80,111,162,27,71,216,42,55,3,8,74,4,0,2,728762,54630,123138,742383,68057,74998,126941,108555,694904,355552,166233,399956,192098,44585,602738,224693,93947,397042,3787,36798,881312,2521,0,9730,206.22207578253708,0.16722240527182866
1658426299111,34.834003,0.21511628,0.14285715,0.22727273,0.0,0.1,0.04761905,0.09090909,0.09090909,0.95652175,46.9,46.600002,46.300003,46.600002,46.600002,46.300003,45.9,49.300003,46.600002,49.300003,45.600002,45.300003,4113847,-1034241,1075200,1075200,1075200,1075200,1075200,1075200,652800,1401600,903,48,85,876,55,67,246,69,88,305,81,99,138,27,66,299,51,85,3,11,73,1,4,13,764529,51557,131199,723319,67592,111589,271539,169089,433455,354184,174829,378197,144453,68386,612669,332808,107427,463905,6312,56664,927898,30,1242,59023,204.83468740279937,0.15915396578538105
1658426300109,34.908,0.22857143,0.22727273,0.18181819,0.045454547,0.23809524,0.04761905,0.0952381,0.04347826,1.0,47.9,47.9,46.9,47.300003,47.300003,47.300003,46.600002,49.600002,47.600002,49.600002,46.300003,45.600002,4095941,-1142884,1075200,1075200,1075200,1075200,1075200,1075200,652800,1401600,906,37,62,912,34,52,248,58,93,340,74,109,252,66,74,130,28,61,10,15,96,6,0,7,768200,49860,108524,715593,54887,99867,262021,114424,506841,404734,151575,346395,299305,164068,406737,141024,64329,633900,19051,60363,807895,3219,0,20243,207.2270198675497,0.17631788079470198
1658426301150,34.968002,0.2662722,0.1904762,0.15,0.14285715,0.25,0.18181819,0.18181819,0.14285715,0.8695652,47.600002,47.300003,46.600002,46.9,46.9,46.9,46.600002,49.600002,46.9,49.600002,45.9,45.300003,4083094,-1370240,1075200,1075200,1075200,1075200,1075200,1075200,652800,1401600,861,48,81,784,44,70,143,44,99,338,74,111,238,64,99,109,21,59,52,34,98,0,1,2,744056,69058,119346,723509,68778,143099,182122,132003,663270,368897,158520,354462,292370,136441,509240,107024,53243,725896,58278,89591,823365,0,319,12190,211.26111801242234,0.1879751552795031
1658426302159,35.034,0.23121387,0.18181819,0.0952381,0.08695652,0.3181818,0.18181819,0.04761905,0.08695652,1.0,47.9,47.600002,46.9,47.300003,47.300003,47.600002,47.300003,49.9,47.600002,49.9,46.600002,45.600002,4090101,-1221619,1075200,1075200,1075200,1075200,1075200,1075200,652800,1401600,913,33,47,877,29,42,319,92,112,252,56,112,300,68,107,185,50,76,4,14,91,7,4,11,779977,42659,90430,782198,44128,61063,365431,188716,332352,252736,127267,500081,328222,125461,440725,227642,121275,467941,8493,53616,816802,9006,1180,26992,207.15627009646303,0.1705466237942122
1658426303201,35.101,0.20118344,0.13636364,0.0952381,0.0,0.27272728,0.0952381,0.0,0.08695652,1.0,47.600002,47.600002,46.600002,47.300003,47.300003,46.600002,46.600002,49.9,47.300003,49.600002,45.9,45.600002,4109954,-1021729,1075200,1075200,1075200,1075200,1075200,1075200,652800,1401600,893,55,64,852,55,66,220,66,93,228,65,101,137,26,62,183,30,76,13,4,84,3,2,5,752801,79391,82776,725817,77949,112953,249576,160460,543629,257824,162297,505031,166438,58945,612511,190186,72696,699328,27039,18958,965009,3991,9321,9614,209.58668322981367,0.20541614906832295
1658426304242,35.169003,0.245,0.15384616,0.13043478,0.12,0.15384616,0.15384616,0.041666668,0.16666667,0.96,47.9,47.600002,46.9,47.600002,47.300003,47.300003,46.9,49.9,47.600002,49.9,46.600002,45.9,4098860,-1158142,1075200,1075200,1075200,1075200,1075200,1075200,652800,1401600,870,37,70,933,50,48,239,48,82,227,54,95,225,63,89,206,51,77,10,17,94,5,3,10,744831,50498,127059,746613,52492,105362,243890,110536,621763,248845,117001,510849,244684,150587,449245,230800,106787,592275,16298,65324,879505,1962,1007,34610,207.75971100164205,0.17623645320197043
1658426305251,35.233,0.19101124,0.09090909,0.14285715,0.045454547,0.04761905,0.0,0.13043478,0.0,1.0,48.300003,48.600002,47.600002,48.300003,47.9,47.9,47.9,50.300003,47.9,50.300003,46.9,46.600002,4096524,-1234436,1075200,1075200,1075200,1075200,1075200,1075200,652800,1401600,838,26,39,933,23,37,301,67,84,204,52,116,253,62,95,246,42,89,42,41,116,5,6,11,765061,31761,75694,760174,23347,75495,306468,118949,464973,246757,132268,500626,296644,100868,404333,266934,72661,577626,59673,132829,670068,5378,6404,32562,206.90517685950414,0.17602644628099173
1658426306283,35.294003,0.18932039,0.125,0.14814815,0.0,0.04,0.08,0.0,0.074074075,1.0,47.9,47.600002,47.600002,47.300003,47.300003,47.600002,46.9,48.600002,47.600002,48.9,46.600002,46.300003,4111706,-1065369,1075200,1075200,1075200,1075200,1075200,1075200,652800,1401600,726,61,103,798,56,79,97,46,80,258,57,106,150,42,82,46,12,44,120,44,146,2,5,7,682625,82444,197426,670697,84548,157632,103268,131890,740571,302609,132862,508466,171199,107761,642582,57440,35490,786268,139798,100842,716464,1761,12422,31141,206.093,0.2141578947368421
1658426307303,35.361,0.3105263,0.33333334,0.28,0.16666667,0.25,0.20833333,0.13043478,0.2173913,1.0,48.600002,47.9,47.300003,47.600002,47.9,47.600002,47.600002,50.600002,47.9,50.600002,47.300003,46.600002,4093994,-1279908,1075200,1075200,1075200,1075200,1075200,1075200,652800,1401600,745,46,69,866,49,60,147,45,65,136,48,106,124,17,46,118,18,69,211,113,109,3,3,5,714920,68665,110659,733596,58552,100620,149847,118274,684232,171820,116855,639193,126350,28728,693640,122419,47496,797132,229014,206218,446666,1906,910,9477,206.22550247116968,0.23232948929159802
1658426308309,35.429,0.1923077,0.074074075,0.0,0.074074075,0.04,0.21428572,0.115384616,0.07692308,1.0,49.300003,49.300003,48.600002,48.9,48.9,49.300003,48.300003,51.300003,48.9,51.300003,46.9,46.9,4082511,-1288453,1075200,1075200,1075200,1075200,1075200,1075200,652800,1401600,849,28,50,924,23,36,331,56,76,214,41,90,102,21,47,298,48,67,201,84,144,6,3,4,735015,43687,83665,721927,40750,64416,328149,124812,406063,233223,100755,520198,89027,60941,612188,286111,96150,396477,186700,175767,462766,1013,2943,15067,62.71040789473684,0.07243421052631578
1658426309365,35.493,0.23243243,0.125,0.09090909,0.33333334,0.08695652,0.13636364,0.0,0.0,1.0,46.9,46.600002,46.300003,46.9,46.9,46.9,46.600002,49.9,47.300003,49.600002,45.600002,45.300003,4179051,-341186,1075200,1075200,1075200,1075200,1075200,1075200,652800,1401600,446,37,67,517,26,61,260,48,111,167,39,99,134,40,56,122,14,55,297,85,105,1,1,3,575767,76160,307042,572742,37661,369250,277914,90161,619257,201015,93579,686385,149003,91046,631148,150191,32386,706880,228209,203717,499704,904,259,12942,-1.0,-1.0
1658426310370,35.534,0.30113637,0.18181819,0.13636364,0.13636364,0.39130434,0.22727273,0.05,0.22727273,1.0,46.600002,46.300003,45.9,46.300003,46.300003,46.300003,46.300003,48.9,46.600002,49.300003,45.300003,44.600002,4174769,-279846,1075200,1075200,1075200,1075200,1075200,1075200,652800,1401600,518,32,55,479,24,55,191,28,88,194,32,89,160,20,75,94,18,62,4,9,84,0,0,0,629157,44704,249811,597561,39092,232811,185115,71579,580995,204781,86991,601290,169644,32866,653140,105858,46591,745389,4475,23670,854868,0,0,0,-1.0,-1.0
1658426311390,35.581,0.24431819,0.09090909,0.045454547,0.7083333,0.045454547,0.09090909,0.0,0.04347826,1.0,46.9,47.300003,46.600002,46.600002,46.9,47.300003,47.300003,48.300003,48.300003,49.600002,44.9,44.9,4112874,-1004029,1075200,1075200,1075200,1075200,1075200,1075200,652800,1401600,402,30,92,368,20,72,187,14,77,279,35,92,149,11,44,182,18,82,97,23,68,21,2,6,369607,55966,434926,386458,26985,486037,149431,23923,755657,210988,88692,546465,85638,23259,715685,164088,31540,681056,59568,24441,792054,7442,733,4946,-1.0,-1.0
1658426312411,35.588,0.30898875,0.0952381,0.27272728,0.22727273,0.2173913,0.25,0.0952381,0.3181818,1.0,46.600002,46.600002,45.9,46.300003,46.9,46.9,46.300003,48.300003,46.9,48.9,44.600002,44.600002,4109565,-1108094,1075200,1075200,1075200,1075200,1075200,1075200,652800,1401600,334,50,76,255,2,18,132,17,34,159,4,26,19,3,17,53,1,34,199,1,32,16,3,8,357879,150832,313802,284402,7923,566249,83845,50133,604643,93429,1534,798403,23195,7322,746042,52256,376,790374,94160,734,848145,12082,2047,11581,228.82010457516338,1.6562614379084968
1658426313448,35.615,0.27722773,0.04,0.24,0.13043478,0.2,0.18518518,0.15384616,0.20833333,1.0,47.300003,47.300003,46.600002,46.9,46.9,46.9,46.600002,49.300003,47.300003,49.300003,45.600002,45.300003,4105867,-1130371,1075200,1075200,1075200,1075200,1075200,1075200,652800,1401600,709,15,29,898,15,25,426,69,109,367,75,105,279,52,90,409,70,107,275,125,104,9,5,4,758589,21250,68790,801017,17707,31769,395238,146038,290804,417156,165045,273971,240959,100357,418078,383914,108795,339306,179374,242978,357414,4804,1421,4828,311.09364705882354,0.28073202614379084
1658426314454,35.635002,0.20338982,0.0,0.18181819,0.09090909,0.045454547,0.0,0.125,0.04761905,1.0,47.9,47.600002,46.9,47.300003,47.300003,47.600002,46.9,49.9,47.300003,49.9,46.300003,45.9,4099639,-1157837,1075200,1075200,1075200,1075200,1075200,1075200,652800,1401600,571,31,56,779,30,51,376,83,112,409,84,102,162,28,65,401,86,98,87,109,120,0,0,1,701238,65638,179314,725691,38252,103251,426476,161242,299319,505148,169221,224699,166349,55504,573301,416565,142956,314523,89433,264028,501807,0,0,509,308.5728598130841,0.2436386292834891
1658426315472,35.669003,0.2173913,0.0,0.25,0.115384616,0.18518518,0.11111111,0.03846154,0.083333336,1.0,47.9,47.9,47.300003,47.600002,47.9,47.9,47.600002,49.9,47.9,50.300003,46.600002,46.300003,4089518,-1204834,1075200,1075200,1075200,1075200,1075200,1075200,652800,1401600,406,52,93,703,56,100,331,68,116,335,94,103,161,38,80,140,18,71,196,140,133,0,0,5,508325,101144,294332,671548,55903,167420,371726,136304,403852,417145,197309,301458,166039,92482,551358,149412,40628,666019,205058,316319,327999,0,0,49817,310.44752786885243,0.24823606557377048
1658426316479,35.703003,0.30177516,0.1,0.27272728,0.14285715,0.18181819,0.2173913,0.39130434,0.3043478,1.0,48.300003,48.600002,47.600002,47.600002,47.9,47.9,47.600002,50.300003,47.9,50.300003,46.9,46.600002,4090685,-1243592,1075200,1075200,1075200,1075200,1075200,1075200,652800,1401600,476,35,70,774,44,69,245,63,114,246,110,103,74,23,52,143,33,77,225,148,109,1,0,2,582944,87201,280631,713334,54275,119638,298588,146826,444832,326272,260308,332749,75647,56372,688168,158929,73925,697494,231346,286441,289019,26,0,1049,309.493990521327,0.2661611374407583
1658426317526,35.75,0.1978022,0.0,0.20833333,0.08695652,0.0952381,0.125,0.0,0.08695652,1.0,48.600002,48.600002,47.600002,48.600002,48.300003,48.600002,47.9,50.9,48.600002,50.9,47.300003,46.600002,4089518,-1246643,1075200,1075200,1075200,1075200,1075200,1075200,652800,1401600,692,24,34,917,17,34,278,63,121,322,91,94,168,39,74,147,31,66,269,164,101,3,0,1,846252,35313,65018,860302,25509,46172,312401,145305,445759,443053,183142,299467,161823,88910,623722,178726,71948,486718,298966,309085,224100,504,0,484,309.62654304635765,0.24656953642384105
1658426318531,35.79,0.2857143,0.04761905,0.1904762,0.25,0.17391305,0.16666667,0.13043478,0.22727273,1.0,48.9,48.300003,48.300003,48.300003,48.600002,48.300003,48.300003,50.600002,48.9,50.600002,47.300003,46.600002,4093800,-1156922,1075200,1075200,1075200,1075200,1075200,1075200,652800,1401600,400,45,89,746,37,85,258,63,114,419,89,85,61,13,51,93,25,53,226,144,124,3,0,3,548649,91026,312689,677264,35798,163769,315635,148683,410148,479523,160042,216036,73240,36509,748095,106219,88358,674880,253423,279303,327946,2255,0,3263,310.71440264026404,0.24781518151815182
1658426319554,35.841003,0.29310346,0.18181819,0.22727273,0.3181818,0.27272728,0.09090909,0.13636364,0.14285715,0.95454544,48.9,48.9,47.9,48.300003,48.600002,48.300003,48.300003,50.9,48.600002,50.9,47.300003,46.600002,4102364,-1118470,1075200,1075200,1075200,1075200,1075200,1075200,652800,1401600,696,30,36,782,25,43,218,70,117,287,98,111,101,41,67,164,24,88,286,156,95,1,0,0,781022,55027,74002,808123,33582,87344,266489,174152,453087,363355,242403,340292,113349,115159,637761,167521,38444,741892,271014,292309,268894,0,0,0,313.4898779342723,0.23957433489827856
1658426320593,35.885002,0.375,0.16666667,0.30769232,0.26086956,0.15384616,0.26923078,0.60714287,0.25,0.8888889,48.9,48.9,48.600002,48.600002,48.600002,48.600002,48.300003,51.300003,48.9,51.300003,47.600002,47.300003,4071611,-1467896,1075200,1075200,1075200,1075200,1075200,1075200,652800,1401600,588,50,62,738,40,92,207,70,119,264,92,94,128,15,67,118,40,76,251,119,136,3,0,3,650288,86499,155950,724053,43168,166301,234571,179667,509313,363851,208104,346556,131514,40989,741965,135667,126065,695087,236178,231273,410721,2828,0,5862,309.3178816199377,0.24623052959501557
1658426321627,35.929,0.255,0.083333336,0.23076923,0.32,0.083333336,0.12,0.074074075,0.125,1.0,49.300003,49.600002,48.9,49.300003,49.600002,49.600002,48.9,51.600002,49.600002,51.600002,47.9,47.300003,4088350,-1279908,1075200,1075200,1075200,1075200,1075200,1075200,652800,1401600,552,41,61,746,45,77,194,81,122,321,109,80,104,17,61,172,22,72,193,86,168,2,0,4,621686,89771,200151,721444,53308,129401,253147,197665,464345,400301,232573,302975,113648,27291,673570,180506,31208,537761,215126,210745,445667,2313,0,32772,308.7110769230769,0.24666666666666665
1658426322626,35.966003,0.25274727,0.08695652,0.18181819,0.09090909,0.20833333,0.13043478,0.125,0.22727273,1.0,49.600002,49.300003,48.600002,48.600002,48.9,48.9,48.600002,51.600002,49.300003,51.300003,47.600002,46.9,4100223,-1163330,1075200,1075200,1075200,1075200,1075200,1075200,652800,1401600,587,27,44,799,24,55,203,81,103,302,103,89,100,15,41,106,26,83,229,124,154,2,1,0,701555,44630,153682,765560,26911,87930,232701,209727,401646,402918,208032,301744,109763,32281,683366,155577,54560,721523,221160,248150,335226,1616,294,0,308.67163278688525,0.2564196721311476
1658426323630,36.010002,0.2413793,0.05,0.25,0.0952381,0.0952381,0.0952381,0.09090909,0.14285715,1.0,49.600002,49.9,48.600002,48.9,49.300003,48.9,48.600002,51.9,49.300003,51.600002,47.9,47.300003,4086014,-1300354,1075200,1075200,1075200,1075200,1075200,1075200,652800,1401600,421,32,71,764,44,75,209,65,112,221,110,101,60,15,42,130,37,69,278,100,122,0,2,1,538124,65176,338726,708951,49065,136933,211116,175491,509422,287072,277691,337133,77106,35387,755857,139342,98151,703411,310606,216476,274820,37,4071,780,309.7680622083981,0.22967340590979782
1658426324652,36.068,0.215,0.115384616,0.24,0.14814815,0.125,0.0,0.115384616,0.07692308,0.96153843,49.9,49.600002,49.600002,49.300003,49.600002,49.300003,49.300003,51.600002,49.600002,51.9,48.300003,47.600002,4088350,-1232300,1075200,1075200,1075200,1075200,1075200,1075200,652800,1401600,690,41,60,773,37,80,194,55,116,293,97,96,108,26,60,178,39,71,221,75,152,3,1,4,688815,67218,141653,707655,38371,161329,258829,138604,501144,376433,217545,344166,112276,83752,673466,183221,88835,655157,231448,183689,455071,2236,0,4213,309.98157495881384,0.25288962108731466
1658426325695,36.098003,0.27058825,0.09090909,0.1904762,0.15,0.22727273,0.10526316,0.13636364,0.22727273,0.95238096,49.9,49.600002,48.600002,49.300003,49.300003,49.300003,48.600002,51.9,49.300003,51.600002,48.300003,47.600002,4090685,-1289978,1075200,1075200,1075200,1075200,1075200,1075200,652800,1401600,656,26,54,852,34,52,402,92,93,466,105,93,151,11,68,217,46,83,9,15,77,1,2,3,740348,49962,132358,784368,39574,85199,400298,190361,291453,485615,223481,220925,111708,20410,828302,216854,91354,546232,18025,45537,872153,2207,793,6346,312.6303602484472,0.2338385093167702
1658426326706,36.159,0.19895288,0.041666668,0.16666667,0.08,0.125,0.125,0.04347826,0.0,1.0,49.9,49.9,48.9,49.9,49.600002,49.600002,49.300003,51.9,49.600002,51.9,48.300003,47.9,4078229,-1420289,1075200,1075200,1075200,1075200,1075200,1075200,652800,1401600,642,40,79,693,52,90,285,70,119,490,84,85,78,18,61,350,57,123,8,12,75,3,3,3,606193,60692,244632,690955,69005,151468,311492,175560,438041,537218,134315,205647,91276,42896,726206,365226,99556,427546,13377,53881,859025,5555,2261,3615,309.21997385620915,0.23790849673202613
1658426327719,36.210003,0.25730994,0.0,0.1904762,0.20833333,0.14285715,0.0952381,0.13636364,0.3181818,1.0,50.300003,49.9,49.300003,49.600002,49.9,49.600002,49.300003,52.300003,49.9,51.9,48.300003,47.9,4090101,-1360169,1075200,1075200,1075200,1075200,1075200,1075200,652800,1401600,611,29,44,862,27,32,229,64,113,358,102,83,155,25,70,276,51,79,148,67,147,0,0,0,743997,52930,139946,796693,34171,51736,273702,134425,458299,403410,235246,247787,171400,45894,615089,289922,98911,462151,163337,169453,532677,0,0,0,307.5830559006211,0.23125465838509315
1658426328718,36.247,0.19444445,0.0,0.18181819,0.16666667,0.13043478,0.04347826,0.04347826,0.04761905,1.0,49.9,50.300003,49.300003,49.300003,49.600002,49.9,49.600002,51.9,49.9,51.9,48.300003,47.9,4095941,-1276856,1075200,1075200,1075200,1075200,1075200,1075200,652800,1401600,512,31,59,744,43,75,234,64,106,263,103,99,102,18,67,360,70,100,247,83,157,2,0,3,556785,61358,288863,697411,51102,142590,276389,137048,459181,346988,235158,325577,110968,56645,689723,418530,139885,345778,244981,200609,413797,2249,0,6863,308.9814389438944,0.23751815181518152
1658426329758,36.297,0.2905028,0.09090909,0.2173913,0.17391305,0.2173913,0.18181819,0.09090909,0.3478261,1.0,50.300003,49.600002,49.300003,49.300003,49.300003,49.600002,48.9,51.9,49.300003,51.9,48.300003,47.600002,4099444,-1115418,1075200,1075200,1075200,1075200,1075200,1075200,652800,1401600,613,30,42,890,30,44,312,77,120,239,121,95,144,31,62,292,64,84,176,92,133,3,0,4,750026,58921,123065,791361,35035,95872,300321,166547,444281,356336,289187,299564,158583,75945,639071,307227,129722,502062,174370,205509,495564,2806,0,8033,310.9672546583851,0.2331925465838509
1658426330798,36.341003,0.2512563,0.08,0.23076923,0.083333336,0.08695652,0.15384616,0.041666668,0.25,1.0,50.300003,49.600002,49.300003,49.600002,49.9,49.600002,49.300003,52.300003,50.300003,52.300003,48.600002,47.9,4091269,-1115418,1075200,1075200,1075200,1075200,1075200,1075200,652800,1401600,654,60,67,806,45,79,250,49,123,273,109,90,114,31,69,300,103,108,87,49,92,0,0,0,703987,96781,141524,733517,57707,132013,276478,107105,541689,402100,248449,303434,147957,75715,661210,305719,228124,397310,90104,101860,735916,0,0,0,312.1836923076923,0.23733333333333334
1658426331824,36.385002,0.18367347,0.03846154,0.125,0.041666668,0.12,0.041666668,0.04,0.083333336,1.0,49.9,49.9,49.600002,49.600002,49.600002,49.600002,49.300003,52.300003,49.9,52.600002,48.600002,47.9,4092242,-1171875,1075200,1075200,1075200,1075200,1075200,1075200,652800,1401600,491,44,77,773,48,85,241,63,111,262,117,95,94,20,45,307,75,104,236,126,139,1,0,1,623621,88614,245809,718290,67299,133439,257357,139386,478205,360963,267753,312514,113998,48136,701019,353945,157411,395250,232784,259255,357450,591,0,430,308.10289789303084,0.2366547811993517
1658426332876,36.446003,0.23563218,0.0952381,0.13043478,0.0952381,0.04761905,0.05,0.0952381,0.29166666,1.0,49.9,49.9,48.9,49.300003,49.600002,49.600002,49.600002,52.300003,49.9,52.300003,48.600002,47.9,4110538,-948792,1075200,1075200,1075200,1075200,1075200,1075200,652800,1401600,562,24,64,769,40,63,341,70,104,396,77,78,172,22,54,226,42,82,386,94,146,0,0,0,649199,46959,274489,675242,60096,169662,328192,152588,380570,429490,171336,257423,147228,38794,641197,224711,95394,597796,315978,196437,321365,0,0,0,-1.0,-1.0
1658426333906,36.487003,0.14857143,0.0,0.0,0.08695652,0.083333336,0.0,0.09090909,0.045454547,1.0,48.600002,48.300003,47.600002,48.600002,48.600002,48.600002,48.600002,51.300003,48.9,51.300003,46.9,46.600002,4167762,-320434,1075200,1075200,1075200,1075200,1075200,1075200,652800,1401600,677,23,38,522,3,17,182,46,76,207,25,91,102,15,60,213,59,90,34,15,112,0,0,0,776179,47543,111174,713565,2323,231375,196451,115436,580318,231993,50889,662976,137038,31375,673540,241917,136747,484772,41207,57290,757258,0,0,0,-1.0,-1.0
1658426334906,36.510002,0.17326732,0.08,0.04,0.07692308,0.0,0.041666668,0.03846154,0.03846154,1.0,47.600002,47.600002,46.9,47.600002,47.600002,47.300003,47.600002,50.300003,48.300003,50.300003,45.9,45.600002,4157057,-403442,1075200,1075200,1075200,1075200,1075200,1075200,652800,1401600,130,19,71,187,15,44,143,26,81,125,25,80,88,7,37,142,9,61,58,106,159,0,0,0,197452,46936,514461,251067,26161,657954,150372,53592,715404,130022,72157,734972,87760,11122,679695,125363,21271,748446,84051,274831,549901,0,0,0,-1.0,-1.0
1658426335937,36.52,0.35078534,0.20833333,0.23809524,0.33333334,0.24,0.26923078,0.2173913,0.33333334,1.0,47.600002,47.600002,46.9,47.300003,47.600002,47.600002,47.300003,50.300003,48.300003,49.9,45.600002,45.600002,4161728,-312195,1075200,1075200,1075200,1075200,1075200,1075200,652800,1401600,399,29,78,317,7,27,163,26,64,149,15,58,190,18,62,184,11,42,167,38,124,8,0,2,426858,63962,343139,381231,8732,474932,135506,50128,654125,112715,39037,697824,154438,36886,641420,106486,9607,668873,104374,92658,705151,561,0,945,0.005467716535433071,0.00995275590551181
1658426336969,36.527,0.20707071,0.07692308,0.2,0.0,0.12,0.041666668,0.08,0.13043478,1.0,48.300003,48.300003,47.600002,47.9,47.9,48.300003,47.600002,50.300003,48.600002,50.300003,46.300003,45.9,4089128,-1289368,1075200,1075200,1075200,1075200,1075200,1075200,652800,1401600,582,26,57,686,12,44,237,35,62,234,34,70,237,34,56,204,28,46,279,40,99,14,0,1,498087,52177,289075,509026,15015,292643,180191,84779,543702,199609,79333,559410,163486,64552,554064,134854,58366,506361,160103,70939,628305,1633,0,567,436.84963696369635,0.5642772277227723
1658426337964,36.531002,0.29310346,0.17391305,0.23809524,0.0952381,0.14285715,0.05,0.18181819,0.4347826,1.0,48.9,48.9,48.600002,48.600002,48.9,48.9,48.600002,51.300003,48.9,51.300003,47.600002,46.9,4078618,-1341858,1075200,1075200,1075200,1075200,1075200,1075200,652800,1401600,545,25,36,790,19,36,221,59,86,309,78,108,230,59,103,140,20,63,354,118,155,5,2,5,697353,52155,114344,764317,19237,60700,218460,146509,476902,375746,166666,327039,274444,103887,509587,143684,42414,626305,301559,183325,251083,1604,6085,13221,391.0951287128713,0.3041056105610561
1658426339007,36.541,0.21875,0.083333336,0.17391305,0.08,0.09090909,0.04347826,0.2,0.125,0.88461536,49.9,49.300003,48.600002,48.9,48.9,49.300003,48.300003,51.600002,49.300003,51.600002,47.9,47.600002,4087960,-1188660,1075200,1075200,1075200,1075200,1075200,1075200,652800,1401600,500,50,83,742,53,80,144,20,94,320,103,115,348,87,127,131,20,73,338,160,138,4,3,1,581420,128053,274645,730569,66065,122666,149594,33917,777197,380553,229892,333164,415493,130506,393493,164493,48811,678168,313220,276306,260350,750,1154,534,400.91689256198345,0.3183603305785124
1658426340022,36.551003,0.2736842,0.04347826,0.13636364,0.12,0.36,0.04347826,0.12,0.3846154,1.0,49.9,49.9,49.300003,49.600002,49.600002,49.300003,48.9,51.9,49.300003,51.600002,48.300003,47.600002,4098860,-1252442,1075200,1075200,1075200,1075200,1075200,1075200,652800,1401600,546,31,49,765,24,43,182,22,68,372,80,102,241,54,93,158,22,69,345,166,97,2,4,6,716414,55232,100972,769294,34718,78066,145052,43679,688778,410077,138893,316090,256169,104433,462589,139290,46491,619767,317693,282308,183507,2246,13642,13800,409.8544278922346,0.3072202852614897
1658426341061,36.585003,0.26285714,0.08695652,0.1904762,0.0,0.13636364,0.18181819,0.17391305,0.25,1.0,49.9,49.9,48.9,49.600002,49.600002,49.600002,49.300003,51.9,50.300003,52.300003,48.600002,47.600002,4103726,-1059876,1075200,1075200,1075200,1075200,1075200,1075200,652800,1401600,478,38,73,790,47,67,109,26,53,206,82,111,131,18,66,108,23,60,340,155,107,0,2,2,648220,68667,237715,764025,62815,110166,120288,59983,745467,292306,208516,390320,134861,37878,808533,90499,72461,741582,340465,246110,238014,0,1684,4773,421.24456585365857,0.31250731707317075
1658426342098,36.629,0.20833333,0.0,0.13636364,0.0,0.083333336,0.083333336,0.0,0.18181819,1.0,49.9,49.600002,49.300003,49.600002,49.300003,49.600002,49.300003,52.600002,50.300003,52.300003,48.600002,47.9,4097303,-1196289,1075200,1075200,1075200,1075200,1075200,1075200,652800,1401600,562,52,68,776,47,80,134,20,71,249,100,126,80,23,52,84,15,50,331,149,115,2,0,5,658638,90856,187817,725345,71353,116288,142586,28737,758806,313314,247084,386682,99082,54993,523443,95019,39652,759610,327067,288129,228907,1933,0,18299,425.97765119999997,0.2888704
1658426343102,36.669003,0.23902439,0.08,0.23076923,0.07692308,0.17857143,0.041666668,0.04,0.23076923,1.0,50.600002,50.300003,49.300003,49.9,49.9,49.600002,49.600002,52.600002,50.600002,52.600002,48.9,48.300003,4091269,-1199952,1075200,1075200,1075200,1075200,1075200,1075200,652800,1401600,494,29,46,796,22,49,102,16,66,270,91,128,96,16,51,149,29,68,347,189,79,19,2,7,697897,67592,166939,785118,21978,75240,96601,41505,789658,360331,206562,341373,117245,44755,689066,164008,61782,664598,312266,299320,167716,15208,1738,17756,437.0223737704918,0.3089311475409836
1658426344142,36.716003,0.20512821,0.07692308,0.17391305,0.04347826,0.125,0.08,0.041666668,0.125,1.0,50.9,50.9,49.600002,49.9,50.600002,50.600002,49.9,52.9,50.600002,52.9,48.9,48.600002,4093410,-1181031,1075200,1075200,1075200,1075200,1075200,1075200,652800,1401600,591,43,74,697,39,65,140,41,89,204,86,123,130,22,47,122,23,50,312,177,114,0,2,2,621565,75948,204758,692393,53940,106497,150884,116447,695659,282673,205855,427913,122657,42911,718801,110650,56886,709948,288052,315412,258339,0,3470,1901,442.6986494345719,0.3145201938610662
1658426345183,36.767002,0.23756906,0.13043478,0.26086956,0.04347826,0.17391305,0.08695652,0.26086956,0.09090909,0.92,50.9,50.600002,49.9,50.600002,50.300003,50.300003,49.9,52.9,50.300003,52.600002,48.9,48.300003,4095941,-1227723,1075200,1075200,1075200,1075200,1075200,1075200,652800,1401600,471,26,38,881,22,42,229,42,87,312,67,113,113,10,57,229,41,64,445,155,91,3,0,3,646665,69477,179756,760835,32470,60762,247685,79989,553233,369365,164729,340466,149242,17249,689190,188417,99067,589965,396091,231160,167420,78,0,8265,416.5434788273616,0.29607817589576546
1658426346194,36.808002,0.19075145,0.04761905,0.2173913,0.0,0.09090909,0.09090909,0.045454547,0.045454547,1.0,51.300003,50.9,50.300003,50.600002,50.9,50.600002,50.300003,52.9,50.9,53.300003,49.600002,48.600002,4087377,-1278992,1075200,1075200,1075200,1075200,1075200,1075200,652800,1401600,499,45,70,811,36,73,195,82,109,363,68,105,122,25,49,58,14,33,269,158,120,4,2,6,615182,96280,207495,724895,45400,118879,235512,209731,467863,427366,131545,345671,146580,64834,631589,62522,43399,512271,237977,299408,281021,2962,1588,18400,414.7511125611746,0.30334747145187607
1658426347233,36.855003,0.19186047,0.0,0.18181819,0.045454547,0.05,0.13043478,0.04761905,0.045454547,1.0,51.600002,50.600002,49.9,50.600002,50.300003,50.300003,50.300003,53.300003,50.300003,52.9,49.600002,48.9,4081732,-1165161,1075200,1075200,1075200,1075200,1075200,1075200,652800,1401600,588,30,48,814,27,47,131,33,72,401,57,110,91,18,58,186,32,86,259,143,118,2,2,1,713617,54288,172990,778379,36972,83255,141004,83660,711844,459524,102472,352395,127739,44743,712406,210947,65045,685628,243320,264739,352464,59,574,1520,415.15362025316455,0.3060759493670886
1658426348274,36.906002,0.1957672,0.125,0.25,0.041666668,0.083333336,0.0,0.083333336,0.04347826,0.9583333,51.300003,50.9,50.300003,50.300003,50.9,50.300003,49.9,53.300003,50.600002,52.9,49.600002,48.9,4067329,-1292420,1075200,1075200,1075200,1075200,1075200,1075200,652800,1401600,575,47,70,759,41,61,80,18,69,348,80,110,118,16,50,323,61,101,331,159,113,3,2,5,637795,93583,233400,769513,48234,97018,107937,43729,815172,421993,160161,360005,109997,35176,640304,352593,127921,452112,319330,292392,275068,936,5375,2788,414.8375489891135,0.28854743390357696
1658426349284,36.946003,0.2195122,0.04,0.1923077,0.03846154,0.08,0.2,0.04,0.04347826,1.0,51.300003,50.9,50.600002,50.600002,50.9,50.9,50.600002,53.300003,51.300003,53.300003,49.600002,49.300003,4085235,-1354676,1075200,1075200,1075200,1075200,1075200,1075200,652800,1401600,614,55,64,855,35,62,172,31,81,375,71,110,122,18,65,150,31,55,159,122,132,4,1,1,666225,98645,132630,757355,43669,90935,160599,68648,679261,419292,143959,337901,129485,50241,732980,157263,51747,668593,154001,252940,469957,1266,2713,3726,413.3355162790698,0.3199007751937984
1658426350317,37.017002,0.2849162,0.45454547,0.18181819,0.04761905,0.14285715,0.13043478,0.13043478,0.09090909,1.0,51.600002,51.300003,50.300003,50.600002,50.600002,50.9,50.300003,53.600002,50.9,53.600002,49.600002,49.300003,4096524,-1203308,1075200,1075200,1075200,1075200,1075200,1075200,652800,1401600,554,35,47,828,27,48,218,52,84,288,65,107,150,14,66,70,13,48,345,183,122,3,1,3,740827,62693,138518,771391,41199,91319,225856,104898,583977,337080,157579,415500,136708,23664,728986,70940,42757,728314,337098,283039,215647,1541,336,4663,412.26822360248445,0.3051925465838509
1658426351354,37.058002,0.2159091,0.0,0.14285715,0.125,0.1,0.04761905,0.0,0.1,1.0,51.600002,50.9,50.600002,50.600002,50.9,50.9,50.600002,53.600002,51.300003,53.600002,49.9,48.9,4090296,-1138916,1075200,1075200,1075200,1075200,1075200,1075200,652800,1401600,570,32,51,821,38,61,189,47,95,337,50,105,136,15,55,153,18,63,377,157,122,2,2,2,616178,56939,150124,716965,49098,105081,236359,111716,614617,431400,97807,383987,133203,33984,713467,134533,38735,674991,346822,278776,228137,394,565,4641,414.4446407465008,0.3001928460342146
1658426352401,37.119003,0.19662921,0.04347826,0.1,0.0,0.04761905,0.04347826,0.09090909,0.20833333,1.0,51.600002,51.600002,50.9,51.300003,51.300003,51.300003,51.300003,53.9,51.9,53.600002,50.300003,49.600002,4093216,-1302185,1075200,1075200,1075200,1075200,1075200,1075200,652800,1401600,568,28,62,844,36,49,197,48,103,323,67,97,111,21,56,193,44,80,385,154,113,3,2,6,672050,53723,232893,789745,42037,69000,208981,123633,657818,404244,129945,365694,153357,46219,722401,233430,95551,544874,341034,253432,201674,4977,6301,10554,411.68354414125196,0.3031524879614767
1658426353430,37.166,0.22164948,0.083333336,0.16,0.04,0.08695652,0.041666668,0.12,0.28,1.0,51.600002,51.300003,50.300003,50.600002,50.9,51.300003,50.600002,53.9,51.300003,53.600002,49.9,49.300003,4086403,-1152649,1075200,1075200,1075200,1075200,1075200,1075200,652800,1401600,435,35,76,672,51,80,97,21,71,244,81,102,94,34,67,85,13,40,407,164,119,4,0,2,637820,80636,262167,716821,71478,135181,93082,55286,844792,324178,192536,388614,117148,96490,777361,88172,40440,763724,379399,278565,200064,6574,0,1341,418.1059527559055,0.30331968503937007
1658426354429,37.216003,0.24615385,0.08,0.20833333,0.083333336,0.28,0.15384616,0.04347826,0.083333336,0.96,52.300003,51.9,51.300003,51.600002,51.600002,51.9,51.600002,53.300003,52.600002,53.600002,50.300003,49.300003,4080564,-1283265,1075200,1075200,1075200,1075200,1075200,1075200,652800,1401600,607,16,43,673,35,41,180,36,91,318,74,108,153,37,100,105,16,52,414,146,83,4,0,5,708741,21611,187639,802601,40224,63166,189520,85275,662238,372930,156321,321453,198982,89239,649340,137756,27501,675571,375926,216395,126592,1337,0,5777,414.6467438016529,0.2949818181818182
1658426355447,37.281002,0.26966292,0.08695652,0.18181819,0.0,0.35,0.045454547,0.20833333,0.13043478,1.0,51.9,51.9,50.9,51.300003,51.300003,51.300003,50.600002,53.9,51.600002,54.300003,49.9,49.600002,4083873,-1263123,1075200,1075200,1075200,1075200,1075200,1075200,652800,1401600,411,28,74,682,47,76,151,43,84,235,70,99,150,23,67,224,43,78,289,135,144,3,1,3,581356,41604,321627,716916,72043,117568,175676,97859,668188,324241,155762,394749,122052,64547,714740,212417,92322,545916,270897,239811,382455,2764,395,4358,409.9764705882353,0.29976470588235293
1658426356501,37.331,0.24712643,0.05,0.045454547,0.09090909,0.3181818,0.17391305,0.13636364,0.14285715,1.0,52.300003,52.600002,51.600002,51.9,52.300003,52.300003,51.600002,54.300003,52.600002,54.300003,50.300003,49.9,4082121,-1257935,1075200,1075200,1075200,1075200,1075200,1075200,652800,1401600,474,26,63,688,52,68,178,34,94,322,62,91,178,24,80,191,37,69,462,173,118,1,0,1,595767,51331,320213,714128,75788,119782,220427,81366,666892,397094,151374,303261,169388,53203,729429,208875,76659,558094,409167,253723,193215,2207,0,530,185.19227361563517,0.15162214983713357
1658426357525,37.385002,0.19,0.0,0.0,0.0,0.04,0.24,0.08,0.0,1.0,50.9,50.600002,49.9,50.600002,50.600002,50.9,50.600002,53.600002,50.9,53.600002,48.9,48.9,4168929,-241394,1075200,1075200,1075200,1075200,1075200,1075200,652800,1401600,777,12,15,598,7,17,215,41,106,211,39,82,209,50,93,160,18,74,266,85,95,3,0,2,835361,13873,37460,843381,8934,66010,239422,85100,593527,218994,79218,584077,251032,121462,549606,170606,41632,621591,209583,159904,364201,1053,0,1669,-1.0,-1.0
1658426358570,37.440002,0.185,0.08,0.08695652,0.07692308,0.04,0.15384616,0.07692308,0.0,1.0,49.600002,49.600002,48.9,49.9,49.9,49.600002,48.9,52.300003,49.9,52.300003,47.9,47.600002,4157251,-416870,1075200,1075200,1075200,1075200,1075200,1075200,652800,1401600,467,37,76,224,13,65,168,32,74,118,15,65,153,14,67,93,8,58,3,14,94,0,0,0,486407,76338,394202,405415,32370,523966,190050,75406,707819,135680,35048,682645,136885,32500,743774,114237,14736,763990,2857,78758,882786,0,0,0,-1.0,-1.0
1658426359573,37.47,0.14146341,0.074074075,0.0,0.0,0.0,0.08,0.0,0.0,1.0,49.600002,49.600002,48.9,49.600002,49.600002,49.9,49.9,51.300003,50.600002,51.9,47.600002,47.600002,4147714,-519714,1075200,1075200,1075200,1075200,1075200,1075200,652800,1401600,337,34,83,248,29,72,144,16,74,132,8,63,140,11,60,134,17,50,104,41,111,7,0,2,355860,69210,461216,348611,50591,510857,133785,35371,731030,124735,12838,793144,112558,20870,744726,86495,27673,778743,70487,98769,736465,1316,0,2980,-1.0,-1.0
1658426360623,37.477,0.27325583,0.0952381,0.22727273,0.17391305,0.13636364,0.13043478,0.0952381,0.33333334,1.0,48.9,49.300003,48.600002,48.9,49.300003,49.300003,48.9,50.300003,49.600002,51.600002,47.600002,46.9,4129613,-818482,1075200,1075200,1075200,1075200,1075200,1075200,652800,1401600,363,19,69,334,10,28,134,2,37,269,38,104,98,14,36,97,12,39,168,35,122,4,0,0,392204,33213,441812,339618,18836,533709,83095,2096,764804,207705,68446,576388,73711,27335,691587,60508,26287,789264,124676,109033,707320,133,0,0,164.00041091492778,1.6906837881219905
1658426361617,37.480003,0.20111732,0.045454547,0.15,0.04347826,0.04761905,0.08695652,0.08695652,0.13043478,1.0,50.300003,50.600002,49.600002,50.300003,49.9,50.300003,49.9,52.600002,50.600002,52.300003,49.300003,48.600002,4075309,-1363526,1075200,1075200,1075200,1075200,1075200,1075200,652800,1401600,732,12,25,718,19,27,321,59,75,406,86,112,449,52,80,296,53,87,308,59,134,14,2,12,672775,27739,101556,738370,32939,44778,320418,114799,370426,386272,156741,225595,358843,99865,304952,225458,108449,394638,221679,109393,397123,7828,3806,13002,505.40392258064514,0.4441806451612903
1658426362627,37.483,0.24731183,0.13043478,0.25,0.04347826,0.083333336,0.083333336,0.16666667,0.26086956,1.0,50.600002,50.600002,49.9,50.300003,50.300003,50.300003,49.600002,52.600002,50.300003,52.600002,48.9,48.600002,4093994,-1177369,1075200,1075200,1075200,1075200,1075200,1075200,652800,1401600,495,53,86,525,62,84,168,41,89,321,75,111,370,78,102,150,33,68,249,97,183,1,2,4,497182,105652,311561,609790,107460,169131,201623,86271,614975,345110,137282,384759,358847,161195,343829,168401,90742,593235,262287,227017,430693,1167,595,15263,434.8422328548644,0.3304114832535885
1658426363666,37.514,0.34408602,0.29166666,0.3043478,0.3181818,0.22727273,0.2173913,0.28,0.08695652,1.0,51.300003,51.300003,50.600002,50.9,50.9,50.9,50.9,53.300003,51.600002,53.600002,49.600002,48.9,4085625,-1303711,1075200,1075200,1075200,1075200,1075200,1075200,652800,1401600,889,18,30,729,24,28,325,68,87,417,87,117,294,51,97,199,51,88,231,96,138,0,0,0,793749,23680,65247,845883,36384,49029,356133,124269,390470,419887,172224,316896,340845,108051,477919,209890,104955,544425,251215,208377,363475,0,0,0,458.8097293934681,0.3448335925349922
1658426364661,37.534,0.25757575,0.041666668,0.20833333,0.4,0.0,0.125,0.12,0.12,1.0,51.300003,51.300003,50.300003,51.300003,51.300003,51.300003,50.600002,53.600002,51.300003,53.600002,49.600002,49.300003,4079786,-1269837,1075200,1075200,1075200,1075200,1075200,1075200,652800,1401600,511,50,82,468,52,79,178,33,67,282,89,97,133,30,69,143,29,55,282,109,160,2,2,4,551586,98066,214273,599007,98611,151058,161809,66650,598323,306456,209524,338731,133854,55375,589905,162113,75822,597600,284286,220895,399568,481,732,19158,471.35045,0.338
1658426365663,37.554,0.3255814,0.1,0.2,0.27272728,0.13636364,0.4347826,0.15,0.2,1.0,51.600002,51.600002,50.9,51.600002,51.600002,51.600002,50.9,51.600002,51.300003,51.9,49.9,49.300003,4076282,-1302796,1075200,1075200,1075200,1075200,1075200,1075200,652800,1401600,619,27,56,638,44,36,230,48,95,224,53,84,219,39,78,248,48,73,212,87,172,6,1,8,655929,47387,163302,729613,75667,67973,248868,104480,469366,209952,108235,571014,226613,70618,488024,239008,96289,475751,226954,207162,430255,3794,2918,20597,490.1845714285715,0.34602597402597407
1658426366671,37.578003,0.24022347,0.09090909,0.17391305,0.09090909,0.125,0.18181819,0.13636364,0.0952381,0.95454544,52.300003,52.300003,51.600002,51.600002,51.9,51.9,51.300003,54.300003,51.9,54.300003,50.600002,49.9,4086014,-1337281,1075200,1075200,1075200,1075200,1075200,1075200,652800,1401600,859,13,28,661,20,34,270,60,88,312,49,105,142,24,52,349,55,94,190,90,146,1,1,1,726574,14443,84396,785085,40754,66427,270726,138808,471319,343203,98133,419173,137787,47223,388930,335767,89332,417711,213567,203950,376348,36,4893,511,480.88372892561983,0.3424264462809917
1658426367709,37.619003,0.25146198,0.13636364,0.1904762,0.23809524,0.0,0.1,0.1904762,0.13636364,0.90909094,52.300003,51.9,51.300003,51.300003,51.300003,51.600002,50.9,53.9,51.300003,54.300003,50.300003,49.600002,4067718,-1350708,1075200,1075200,1075200,1075200,1075200,1075200,652800,1401600,778,48,69,469,63,79,240,46,97,166,35,76,113,16,43,121,46,74,418,101,188,3,4,3,637559,74769,169907,630909,137534,165453,252232,85599,611134,172607,86759,722707,99722,50004,711699,136139,124766,676500,396451,173654,347772,2257,2272,6858,507.8159619651347,0.34216164817749606
1658426368712,37.646,0.33888888,0.23809524,0.23809524,0.18181819,0.09090909,0.13636364,0.2857143,0.44,0.95652175,52.300003,51.9,51.300003,51.600002,51.600002,51.600002,50.9,54.300003,51.600002,54.300003,50.600002,49.9,4086014,-1280213,1075200,1075200,1075200,1075200,1075200,1075200,652800,1401600,732,33,58,578,44,63,249,55,97,340,83,100,139,30,75,144,36,76,167,79,147,10,4,9,639044,45419,154558,664301,84074,145086,273972,112196,483743,363704,188305,330702,158922,66023,705130,159312,98639,568254,186125,209291,460861,6491,1486,13470,525.0915949367088,0.35478481012658225
1658426369752,37.679,0.3646409,0.18181819,0.27272728,0.08695652,0.0,0.8181818,0.4090909,0.13636364,0.95652175,52.600002,52.300003,51.9,51.9,51.9,52.300003,51.9,54.600002,52.600002,54.600002,50.9,50.300003,4090491,-1235962,1075200,1075200,1075200,1075200,1075200,1075200,652800,1401600,793,17,27,691,21,36,325,53,101,351,77,98,180,55,91,98,28,52,237,73,151,7,0,6,763874,23014,75359,790584,42044,76920,325592,92610,501568,390460,161156,374421,210371,125054,608384,88424,76827,663685,229613,205045,373500,7329,0,7383,576.4824844720497,0.3992049689440994
1658426370759,37.72,0.2460733,0.125,0.17391305,0.12,0.17391305,0.0,0.23076923,0.08695652,1.0,52.9,52.9,51.9,52.300003,52.300003,52.600002,52.300003,54.9,52.9,54.9,50.9,50.300003,4082316,-1371155,1075200,1075200,1075200,1075200,1075200,1075200,652800,1401600,553,48,91,567,63,83,122,33,69,279,58,106,169,51,72,83,15,57,323,123,152,4,1,8,563542,87677,244797,651769,101457,125415,149329,78814,728731,323595,108987,480757,177607,111060,398746,90722,39334,667580,290950,252358,339543,2606,357,19903,620.3953564668769,0.3897539432176656
1658426371763,37.757,0.25842696,0.09090909,0.1904762,0.045454547,0.08695652,0.09090909,0.08695652,0.47619048,1.0,53.300003,52.9,51.9,52.300003,52.600002,52.9,51.9,54.9,52.9,54.9,50.9,50.9,4085235,-1256409,1075200,1075200,1075200,1075200,1075200,1075200,652800,1401600,628,33,70,575,51,66,263,58,67,239,57,89,132,25,73,62,18,49,437,116,123,0,0,0,644538,50088,206328,724588,95361,106455,283102,137100,474270,264287,110468,516364,150058,74468,709473,58033,55904,688199,376288,152665,226841,0,0,0,679.8415288303131,0.42628006589785833
1658426372815,37.794003,0.23756906,0.09090909,0.14285715,0.125,0.16,0.13043478,0.08695652,0.22727273,1.0,53.300003,53.300003,52.300003,52.600002,52.600002,52.600002,52.300003,55.300003,53.300003,55.300003,51.600002,50.9,4082511,-1231079,1075200,1075200,1075200,1075200,1075200,1075200,652800,1401600,820,29,33,739,28,40,284,71,121,257,43,85,93,12,66,170,37,94,445,125,136,5,2,3,825393,45430,48395,846897,50061,63082,333607,144383,453861,219296,74021,567297,121987,23520,776145,209224,93591,654683,338392,193869,223399,3082,3913,4243,619.9686645367412,0.3455591054313099
1658426373826,37.842003,0.2556818,0.17391305,0.14285715,0.0952381,0.09090909,0.13636364,0.05,0.3478261,1.0,53.300003,53.300003,52.600002,52.600002,52.9,52.600002,52.300003,55.300003,52.600002,55.300003,51.300003,50.600002,4079786,-1235352,1075200,1075200,1075200,1075200,1075200,1075200,652800,1401600,667,34,55,661,40,57,166,34,65,152,31,64,89,37,62,217,50,83,373,116,114,4,0,0,698380,57552,154701,742574,62972,106448,157010,78055,684859,161658,55446,690401,109043,94888,714407,219593,107639,567523,333886,217982,239077,4721,0,0,515.9918016528926,0.3176727272727273
1658426374844,37.882,0.22413793,0.0952381,0.2173913,0.0,0.14285715,0.09090909,0.16666667,0.0952381,0.95652175,53.600002,53.300003,52.300003,52.9,52.9,52.600002,51.9,54.9,52.600002,55.300003,51.300003,50.9,4086987,-1170960,1075200,1075200,1075200,1075200,1075200,1075200,652800,1401600,780,35,49,600,41,63,424,109,112,137,36,73,135,46,63,169,38,72,219,89,129,2,2,5,734895,48357,99505,737055,71662,131405,454514,215074,261772,140959,83526,727920,143817,104828,589461,194012,90599,623404,242390,237832,375581,76,4040,17163,513.9777032258065,0.312
1658426375862,37.933002,0.23699422,0.22727273,0.14285715,0.04761905,0.04761905,0.13636364,0.0952381,0.13636364,1.0,53.300003,53.300003,52.300003,52.600002,52.9,52.9,52.300003,55.300003,52.9,55.300003,51.600002,51.300003,4074336,-1298523,1075200,1075200,1075200,1075200,1075200,1075200,652800,1401600,648,43,85,551,54,81,186,45,88,317,60,79,97,16,45,194,46,76,360,113,135,0,1,1,613293,75936,226023,675085,90982,166409,254014,110331,576427,346492,112304,422629,73722,42654,769017,174713,133844,635893,341840,222911,299574,0,421,8116,515.1228322981367,0.3126459627329193
1658426376863,37.973003,0.22916667,0.041666668,0.125,0.08695652,0.045454547,0.083333336,0.08,0.2173913,1.0,53.600002,53.300003,52.300003,52.600002,53.300003,52.9,52.9,55.600002,52.9,55.600002,51.600002,51.300003,4072779,-1334534,1075200,1075200,1075200,1075200,1075200,1075200,652800,1401600,616,37,65,503,60,71,337,94,104,175,50,82,127,32,47,268,75,104,225,93,146,0,0,0,640001,61708,194268,673752,132035,124973,359871,195352,340302,176483,148329,566203,153590,67881,610023,309722,162550,426918,233614,221652,408143,0,0,0,516.4317350993377,0.3044238410596027
1658426377911,38.024002,0.23728813,0.13043478,0.17391305,0.04761905,0.16666667,0.13043478,0.09090909,0.18181819,1.0,53.300003,52.9,52.300003,52.600002,52.9,52.600002,51.9,55.300003,52.9,55.600002,51.600002,50.600002,4094189,-1313477,1075200,1075200,1075200,1075200,1075200,1075200,652800,1401600,699,30,58,579,41,64,282,74,91,328,102,98,180,57,65,167,25,81,378,122,116,0,0,0,757231,38489,132317,742452,85958,152118,293633,178414,474611,364597,199891,358471,221069,130289,497724,197928,54966,697949,341876,233734,270044,0,0,0,519.6903713355049,0.3116612377850163
1658426378934,38.068,0.20512821,0.083333336,0.13043478,0.12,0.0,0.08695652,0.08,0.125,1.0,53.600002,53.600002,52.600002,53.300003,52.9,52.9,52.600002,55.600002,53.300003,55.9,51.9,51.600002,4081537,-1403809,1075200,1075200,1075200,1075200,1075200,1075200,652800,1401600,791,47,56,514,45,82,259,40,73,388,109,94,54,13,47,165,43,87,266,110,140,0,0,1,711381,64614,114180,675216,78827,191217,237838,80405,622766,444825,188375,267529,61479,41760,713634,182075,93041,659359,270724,250776,328451,0,0,533,517.6183514376996,0.30435782747603835
1658426379951,38.112003,0.30054644,0.17391305,0.3181818,0.13636364,0.09090909,0.17391305,0.29166666,0.14285715,1.0,53.600002,52.9,52.300003,52.600002,52.9,52.300003,51.9,55.300003,52.9,55.300003,51.9,51.300003,4088155,-1172181,1075200,1075200,1075200,1075200,1075200,1075200,652800,1401600,730,26,52,599,46,57,196,39,81,194,58,94,194,44,65,215,34,86,290,106,140,2,2,2,711554,38211,152729,722242,80515,116909,227691,80516,626957,224133,125493,589353,207264,87778,498178,228041,64509,642587,273594,234258,337486,344,630,10538,515.6992099533437,0.30860342146189734
1658426380965,38.163002,0.23589744,0.12,0.08,0.08,0.04347826,0.16,0.04347826,0.29166666,1.0,53.600002,53.300003,52.600002,52.9,53.300003,52.9,52.600002,55.600002,53.300003,55.9,51.600002,51.300003,4090296,-1124268,1075200,1075200,1075200,1075200,1075200,1075200,652800,1401600,696,31,55,560,37,65,206,30,79,378,79,100,207,32,64,203,19,83,365,114,112,0,0,2,656696,38559,146162,641659,79433,135190,243549,66967,581945,433048,160418,280433,187022,57638,516824,194663,47584,630924,304614,260273,276377,0,0,8625,0.015,0.006766233766233766
1658426382004,38.223003,0.20670392,0.13043478,0.0,0.04347826,0.29166666,0.045454547,0.08695652,0.0,1.0,51.300003,51.300003,50.9,51.600002,51.600002,51.300003,51.300003,54.600002,51.600002,54.300003,49.9,49.9,4150439,-344543,1075200,1075200,1075200,1075200,1075200,1075200,652800,1401600,645,17,24,367,10,20,194,34,93,243,45,99,133,26,60,172,31,86,90,51,124,0,0,0,716957,33596,175051,730112,24124,156123,231469,58527,669800,257636,113792,537910,136495,72007,559329,177000,69132,676944,75814,134388,614050,0,0,0,-1.0,-1.0
1658426383021,38.247,0.41142857,0.39130434,0.2857143,0.3478261,0.2857143,0.27272728,0.4090909,0.25,1.0,50.300003,50.300003,49.300003,49.9,50.300003,50.300003,50.300003,53.300003,50.600002,53.300003,48.9,48.9,4164842,-237426,1075200,1075200,1075200,1075200,1075200,1075200,652800,1401600,303,32,89,184,16,70,121,4,58,72,14,52,86,8,47,177,12,72,52,31,134,0,0,0,308915,71670,574664,261211,24791,688834,101053,11196,824945,104065,28259,786579,107579,10915,755077,152412,24668,768986,46875,98017,818936,0,0,0,-1.0,-1.0
1658426384023,38.267002,0.50236964,0.44,0.39285713,0.4074074,0.4074074,0.60714287,0.44,0.37037036,1.0,50.300003,50.300003,49.300003,49.9,50.300003,50.300003,49.9,52.9,50.600002,52.9,48.600002,48.300003,4152969,-469055,1075200,1075200,1075200,1075200,1075200,1075200,652800,1401600,428,19,65,373,24,73,186,19,60,200,23,79,145,22,55,162,14,55,120,17,119,12,2,0,444152,13999,401080,452330,43241,359983,149868,33200,674477,167857,56732,645463,118962,54138,636354,135865,32611,664449,76264,42169,721987,324,1344,0,-1.0,-1.0
1658426385034,38.274002,0.27317074,0.115384616,0.25,0.083333336,0.16666667,0.08,0.07692308,0.33333334,1.0,50.9,50.600002,50.300003,50.9,50.9,51.300003,51.300003,52.9,51.600002,53.300003,48.9,48.600002,4098276,-1129151,1075200,1075200,1075200,1075200,1075200,1075200,652800,1401600,466,20,57,471,45,75,172,4,29,238,27,37,162,7,34,198,9,38,211,17,51,14,0,0,316987,55948,442090,405490,117661,317976,120652,6121,633921,149284,60228,613261,102056,12358,605943,104708,15082,697568,129372,37640,722949,763,0,0,257.17273202614376,2.0190849673202615
1658426386079,38.267002,0.25882354,0.04761905,0.14285715,0.13636364,0.14285715,0.14285715,0.13636364,0.3181818,1.0,51.600002,51.9,50.600002,51.300003,50.9,51.300003,50.600002,53.300003,51.300003,53.9,49.9,49.300003,4088544,-1278687,1075200,1075200,1075200,1075200,1075200,1075200,652800,1401600,628,32,61,579,36,54,391,81,121,312,70,105,193,28,79,136,17,74,468,128,96,5,0,0,679522,75320,174908,740382,70205,113732,374297,186149,372487,370449,157613,389065,173697,59539,637117,122123,33323,776945,337197,225642,159158,3040,0,0,619.0137328990228,0.46816938110749184
1658426387086,38.278004,0.3647059,0.23809524,0.3,0.23809524,0.2857143,0.27272728,0.1904762,0.33333334,1.0,52.300003,52.300003,51.600002,51.9,52.300003,51.600002,51.9,54.300003,52.600002,54.300003,50.600002,50.600002,4083094,-1323548,1075200,1075200,1075200,1075200,1075200,1075200,652800,1401600,628,41,68,575,50,68,280,69,108,379,83,107,126,47,75,180,37,90,348,127,98,1,0,2,651052,73256,192494,703052,91264,136140,338620,137642,437676,435399,156552,313474,156840,117093,565618,215987,71625,604984,338983,222612,200609,29,0,3272,502.2085103668262,0.3947687400318979
1658426388094,38.294003,0.24390244,0.115384616,0.16666667,0.12,0.18518518,0.11111111,0.03846154,0.25925925,1.0,52.600002,52.600002,51.9,52.300003,52.300003,52.600002,52.300003,54.600002,52.600002,54.9,51.300003,50.300003,4069665,-1356507,1075200,1075200,1075200,1075200,1075200,1075200,652800,1401600,586,25,60,593,47,61,305,70,121,355,95,119,121,36,79,139,29,74,366,131,88,1,2,1,633698,48050,206248,683374,93460,125375,362598,147252,381237,409943,208249,276677,172184,87067,621448,165830,62893,594149,354815,217590,169385,32,3524,1093,529.0685263157894,0.3913684210526316
1658426389094,38.335003,0.37128714,0.12,0.23076923,0.12,0.22222222,0.8076923,0.15384616,0.26086956,1.0,52.600002,52.600002,51.600002,52.300003,52.300003,51.9,51.600002,54.9,52.600002,54.9,50.9,50.600002,4086987,-1224366,1075200,1075200,1075200,1075200,1075200,1075200,652800,1401600,655,32,63,529,42,56,237,60,97,271,91,133,135,30,63,156,27,67,348,148,72,0,0,2,682004,41188,171832,723388,78254,106907,290853,135169,429233,327498,238226,337419,122709,66505,630408,176854,75245,664632,310716,263478,150405,0,0,1798,537.55,0.41668421052631577
1658426390119,38.365,0.24590164,0.13043478,0.18181819,0.125,0.16,0.04347826,0.09090909,0.2857143,1.0,53.300003,53.300003,52.300003,52.9,53.300003,53.300003,52.600002,55.300003,52.9,55.600002,51.600002,51.300003,4071806,-1526185,1075200,1075200,1075200,1075200,1075200,1075200,652800,1401600,655,36,66,558,40,65,250,78,115,353,82,132,27,10,48,120,27,52,361,168,78,3,2,5,680138,68792,153451,755146,79613,93909,330538,186745,420716,416602,183081,331031,41795,32107,565426,103897,59603,709284,352719,295894,114530,3930,6242,16814,497.53938211382115,0.3970081300813008
1658426391159,38.403004,0.21022727,0.14285715,0.15,0.09090909,0.09090909,0.0,0.08695652,0.09090909,1.0,53.300003,53.300003,52.600002,52.9,52.600002,52.9,52.9,55.600002,53.600002,55.600002,51.600002,51.300003,4070832,-1343384,1075200,1075200,1075200,1075200,1075200,1075200,652800,1401600,617,34,70,523,42,65,256,87,116,272,85,134,102,34,73,52,13,38,381,164,76,2,2,0,703704,62509,184448,733870,78528,145700,306270,199512,450145,358909,199605,401884,142995,73832,746719,42428,47448,758355,330770,286026,169715,174,5335,0,501.4104694533762,0.4180064308681672
1658426392196,38.446003,0.29239765,0.14285715,0.26086956,0.20833333,0.2173913,0.1,0.14285715,0.3809524,1.0,53.600002,53.600002,52.9,52.9,52.600002,52.9,52.300003,55.600002,53.300003,55.600002,51.9,50.9,4082900,-1299744,1075200,1075200,1075200,1075200,1075200,1075200,652800,1401600,772,28,56,579,46,62,304,72,102,313,84,141,141,24,74,53,7,42,347,155,94,0,3,2,709244,34134,155474,751195,89708,117202,363252,143635,437798,369093,192112,401683,157675,54465,725157,57176,12041,780654,302797,296548,223960,1844,10369,16900,516.6447827426811,0.3807457627118644
1658426393242,38.477,0.3631841,0.083333336,0.16666667,0.25,0.13043478,0.64,0.16,0.41666666,1.0,53.600002,53.600002,52.9,52.9,53.300003,52.9,52.600002,55.9,53.300003,55.9,51.9,51.600002,4069275,-1293030,1075200,1075200,1075200,1075200,1075200,1075200,652800,1401600,699,28,66,583,42,67,269,64,128,361,87,129,98,29,64,184,28,66,192,93,123,6,6,10,681931,44092,148410,745841,69822,112918,304121,141365,504590,417182,190311,306944,120825,79976,671993,182837,51444,657916,172019,188903,487658,5007,7236,16693,520.3808099688473,0.41126479750778816
1658426394245,38.521004,0.23888889,0.045454547,0.33333334,0.08695652,0.13636364,0.04347826,0.125,0.18181819,1.0,54.300003,53.9,52.9,53.300003,53.300003,53.600002,53.300003,55.9,53.600002,55.9,51.9,51.300003,4072195,-1290284,1075200,1075200,1075200,1075200,1075200,1075200,652800,1401600,637,29,63,483,53,64,207,95,112,425,87,111,69,16,37,81,19,48,298,146,98,0,0,0,690886,48396,176966,703314,113600,96209,269139,227045,429187,430646,163482,292288,94062,30836,612064,88180,52499,666352,264061,259715,247226,0,0,0,537.3474119547658,0.4039030694668821
1658426395287,38.561,0.27868852,0.08695652,0.2173913,0.0952381,0.13043478,0.09090909,0.1923077,0.3181818,1.0,53.9,53.600002,52.9,52.9,53.300003,53.300003,52.9,55.9,53.300003,55.9,52.300003,51.300003,4071416,-1282044,1075200,1075200,1075200,1075200,1075200,1075200,652800,1401600,696,28,65,621,34,56,341,80,97,323,78,134,117,27,62,105,19,44,277,149,107,4,0,7,684570,41189,179622,749259,64683,102079,332325,176491,428587,437694,158397,346700,142044,76032,741068,98815,49387,692583,231596,301033,287598,3955,0,17357,544.1767885532591,0.43451828298887124
1658426396331,38.609,0.2741117,0.125,0.24,0.125,0.16666667,0.115384616,0.115384616,0.32,1.0,54.300003,53.9,53.300003,53.600002,53.300003,53.9,53.300003,56.300003,53.9,56.300003,52.600002,51.9,4074336,-1314393,1075200,1075200,1075200,1075200,1075200,1075200,652800,1401600,684,35,48,548,57,64,267,67,121,363,84,140,245,41,74,78,4,44,257,174,105,6,0,0,728789,64095,123132,736751,111998,114412,357942,140391,464871,409486,179420,351781,230541,81172,638400,95210,11932,710218,244405,340060,239057,4029,0,0,569.242,0.4082
1658426397335,38.639,0.23902439,0.17857143,0.1923077,0.12,0.12,0.08,0.03846154,0.24,1.0,54.9,54.600002,53.300003,53.9,53.600002,53.600002,52.9,54.300003,53.600002,54.600002,52.600002,51.9,4085041,-1273804,1075200,1075200,1075200,1075200,1075200,1075200,652800,1401600,587,46,61,552,54,70,367,93,105,321,95,118,165,24,74,72,13,43,300,131,105,4,0,4,631870,86894,152454,701301,106334,114218,387216,196084,306588,377249,224250,291096,167341,55882,718980,67265,37720,705586,271312,245255,277529,2169,0,20623,587.5456894409938,0.4470062111801242
1658426398344,38.690002,0.27011493,0.0952381,0.15,0.1,0.25,0.0952381,0.045454547,0.33333334,1.0,54.600002,54.300003,53.9,54.300003,53.9,53.9,53.600002,56.600002,53.9,56.600002,52.600002,51.9,4082316,-1361695,1075200,1075200,1075200,1075200,1075200,1075200,652800,1401600,584,40,54,557,47,74,342,88,123,282,110,135,115,16,63,90,25,58,381,150,84,2,4,5,679263,75299,127556,736179,81796,125132,427234,173752,323212,338764,282922,312935,111601,45425,711622,87906,67385,746863,352129,240790,149848,2306,14991,10081,599.9855313531353,0.4262970297029703
1658426399383,38.727,0.3398058,0.22222222,0.3846154,0.34615386,0.16666667,0.18518518,0.07692308,0.37037036,1.0,54.600002,54.300003,53.600002,53.9,53.600002,53.9,53.300003,56.600002,54.300003,56.600002,52.9,52.300003,4066745,-1317444,1075200,1075200,1075200,1075200,1075200,1075200,652800,1401600,575,32,74,589,50,78,297,91,120,296,111,121,116,17,49,87,27,61,365,140,87,0,0,3,669725,75019,203221,724242,100716,125725,346600,203962,396058,376951,264785,311857,114863,44160,736460,80116,68787,782732,325724,250426,212557,0,0,1272,619.4814464,0.4506112
1658426400387,38.771004,0.22807017,0.1,0.1,0.1,0.13636364,0.13043478,0.0,0.13636364,1.0,54.9,54.9,53.9,54.600002,54.600002,54.300003,53.9,56.9,54.300003,56.9,52.9,52.300003,4071611,-1336060,1075200,1075200,1075200,1075200,1075200,1075200,652800,1401600,771,30,39,624,32,41,379,71,102,399,81,110,120,42,55,128,18,64,254,97,109,2,0,0,671822,52712,94730,716565,59896,63733,402831,132281,304789,446090,165903,259839,136332,103801,562530,128519,37765,642080,243918,184418,336602,2410,0,0,649.0416947040499,0.4717258566978193
1658426401426,38.801003,0.30508474,0.14285715,0.27272728,0.28,0.27272728,0.09090909,0.3478261,0.17391305,1.0,54.9,54.600002,54.300003,53.9,53.9,53.9,53.600002,56.9,54.300003,56.600002,53.300003,52.300003,4080370,-1226807,1075200,1075200,1075200,1075200,1075200,1075200,652800,1401600,858,39,53,745,39,50,413,86,107,329,95,121,141,37,59,186,39,68,102,40,126,2,2,2,665433,68696,127335,723702,68076,71323,428489,181846,278259,399068,218674,302483,151297,87334,624014,152748,81832,658891,121788,87999,667699,3801,2781,1236,659.5422426229508,0.4535081967213115
1658426402468,38.845,0.26630434,0.17391305,0.22727273,0.25,0.20833333,0.08695652,0.20833333,0.0,1.0,54.9,54.600002,53.9,54.300003,54.300003,53.9,53.600002,56.9,54.300003,56.9,53.300003,52.600002,4080953,-1270752,1075200,1075200,1075200,1075200,1075200,1075200,652800,1401600,900,41,53,665,57,74,466,92,123,404,96,110,102,16,48,269,52,85,8,5,83,7,4,5,726210,45019,92319,720200,92822,110510,443912,193055,279867,471169,197853,245271,105297,46481,741639,262582,96048,555870,13907,17080,905917,534,2816,8538,677.5662,0.4655
1658426403510,38.876003,0.26486486,0.13043478,0.2,0.16,0.16666667,0.08695652,0.26086956,0.125,1.0,55.300003,54.9,53.9,54.300003,54.300003,53.9,53.9,56.9,54.300003,56.9,53.300003,52.9,4080953,-1379395,1075200,1075200,1075200,1075200,1075200,1075200,652800,1401600,727,43,68,636,50,70,588,79,93,464,87,118,289,35,87,96,24,68,82,76,109,14,2,12,721554,62142,152624,745675,95255,108684,522079,133161,193510,522991,159454,225082,280377,39456,519586,111080,47628,700525,75151,181515,626044,10221,9486,35919,706.8511423895254,0.47895253682487726
1658426404549,38.906002,0.29411766,0.1,0.13636364,0.14285715,0.13636364,0.14285715,0.3478261,0.3809524,1.0,54.9,54.9,54.300003,54.600002,54.600002,54.300003,53.9,57.300003,54.300003,56.9,53.300003,52.600002,4077839,-1275330,1075200,1075200,1075200,1075200,1075200,1075200,652800,1401600,644,43,60,672,55,56,307,106,133,404,102,119,119,36,66,166,36,71,183,135,129,4,7,12,682437,54874,179063,721341,92510,80460,378658,240438,328969,420743,218708,277371,151007,92307,698216,158630,98476,572628,198858,256882,385155,207,29633,39544,670.2519605263158,0.47857894736842105
1658426405554,38.95,0.18079096,0.04347826,0.0,0.045454547,0.08695652,0.08695652,0.09090909,0.17391305,1.0,54.600002,54.300003,53.300003,53.9,53.9,54.300003,53.9,56.9,54.600002,56.9,52.600002,51.9,4147909,-293884,1075200,1075200,1075200,1075200,1075200,1075200,652800,1401600,825,15,23,576,19,27,326,51,82,285,53,88,176,24,54,217,20,67,292,69,72,5,3,4,760083,15543,40181,749630,23715,43552,330326,120172,301451,275666,98423,332621,165204,43422,494271,180771,38945,571408,193558,124238,392332,5407,1034,13924,-1.0,-1.0
1658426406583,38.984,0.15686275,0.074074075,0.0,0.0,0.10714286,0.03846154,0.041666668,0.0,1.0,52.600002,52.300003,51.600002,51.9,52.300003,52.9,52.300003,55.300003,52.9,55.600002,50.9,50.600002,4161144,-255127,1075200,1075200,1075200,1075200,1075200,1075200,652800,1401600,497,20,65,269,24,51,223,71,120,173,25,93,150,25,83,82,12,60,19,30,105,0,0,0,622899,25389,317667,561228,60227,344083,238127,152540,547596,173635,51948,737147,151385,55688,731337,106976,33990,676542,25774,93263,761548,0,0,0,-1.0,-1.0
1658426407596,39.007,0.2292683,0.14814815,0.041666668,0.08,0.08,0.16,0.115384616,0.08,1.0,51.600002,51.300003,50.9,51.300003,51.300003,51.600002,51.300003,54.300003,51.9,54.600002,49.9,49.600002,4146157,-369568,1075200,1075200,1075200,1075200,1075200,1075200,652800,1401600,265,17,71,47,1,23,113,8,73,147,13,73,166,22,77,111,12,47,94,92,165,0,0,0,301054,39110,622947,116440,460,727735,117102,22395,829565,144234,27137,798496,167462,51853,730051,83819,33330,737152,103944,252278,589463,0,0,0,-1.0,-1.0
1658426408617,39.014004,0.24277456,0.0952381,0.22727273,0.18181819,0.13043478,0.04761905,0.14285715,0.09090909,1.0,51.300003,50.9,50.300003,50.9,51.300003,50.9,50.9,53.9,51.300003,54.300003,49.300003,49.300003,4161144,-254211,1075200,1075200,1075200,1075200,1075200,1075200,652800,1401600,407,18,54,277,6,27,229,39,79,189,18,68,107,8,37,131,14,56,154,49,147,27,1,2,411718,54473,420598,362168,18786,547495,190597,91092,564905,130260,37904,640283,73357,15791,669586,94057,32768,726601,112132,148118,597072,8032,590,1353,1.0086849757673666,0.03865589660743134
1658426409657,39.018,0.28804347,0.2173913,0.36363637,0.29166666,0.04347826,0.09090909,0.13636364,0.08695652,1.0,52.600002,52.300003,51.300003,51.600002,51.9,51.9,51.600002,54.600002,51.9,54.600002,50.600002,50.300003,4077255,-1321717,1075200,1075200,1075200,1075200,1075200,1075200,652800,1401600,744,27,60,434,20,36,376,49,84,435,65,94,260,49,74,254,40,44,182,58,146,15,1,4,549665,36561,244423,478727,42706,278699,287416,115850,447240,302394,102068,465791,209523,89647,487235,194701,72247,448319,150781,113483,557270,3638,666,2782,595.6501533646323,0.49998122065727696
1658426410698,39.011,0.26842105,0.16,0.2,0.36,0.13043478,0.041666668,0.15384616,0.083333336,1.0,53.600002,53.300003,52.300003,52.600002,52.9,52.600002,52.300003,55.300003,53.300003,55.600002,51.9,51.300003,4073363,-1399231,1075200,1075200,1075200,1075200,1075200,1075200,652800,1401600,668,39,62,636,32,53,413,82,119,282,55,98,322,71,117,225,39,98,186,110,202,2,1,2,652536,67488,146225,728055,51944,79198,452026,150785,276794,300109,117249,519248,334080,150692,429787,252232,87292,502762,248041,215441,405301,2573,275,5011,900.8304253968254,0.5705142857142856
1658426411703,39.024002,0.29946524,0.13043478,0.1904762,0.4,0.0,0.27272728,0.125,0.13636364,0.9583333,53.600002,53.9,52.600002,52.9,52.9,53.300003,52.600002,55.9,53.600002,55.9,52.300003,51.600002,4078229,-1299439,1075200,1075200,1075200,1075200,1075200,1075200,652800,1401600,653,31,53,715,32,33,397,81,104,328,57,97,311,68,113,153,20,79,174,100,192,4,1,3,664334,60543,145528,750471,42697,41230,439967,159089,247167,334217,100796,447945,322478,154883,413222,177326,41658,611518,194540,227526,421585,356,348,6445,723.6072487644151,0.43107742998352555
1658426412742,39.055,0.25945947,0.2,0.17391305,0.3043478,0.0,0.04761905,0.13043478,0.09090909,1.0,54.600002,54.600002,53.9,53.9,53.9,54.300003,53.600002,56.300003,54.9,56.600002,52.600002,51.9,4067718,-1484986,1075200,1075200,1075200,1075200,1075200,1075200,652800,1401600,672,40,52,761,37,51,341,83,114,229,55,105,359,78,99,119,12,68,360,91,169,3,1,7,689911,62388,146969,775785,57226,58509,359246,181552,289161,250265,126776,558498,397107,159704,287971,142042,29072,679699,308568,154753,337599,2287,305,20332,725.4329937888199,0.44506832298136645
1658426413761,39.075,0.20833333,0.05,0.14285715,0.1904762,0.09090909,0.05,0.09090909,0.04761905,1.0,54.300003,54.300003,53.300003,53.600002,53.600002,53.9,53.300003,56.300003,53.9,56.300003,52.600002,51.600002,4084652,-1255494,1075200,1075200,1075200,1075200,1075200,1075200,652800,1401600,586,36,61,654,51,70,242,79,140,150,26,84,449,66,89,111,34,78,370,119,170,8,6,1,637760,70251,171222,758763,84016,82826,283958,219332,403025,209522,65441,698948,432109,98629,365159,139966,115095,616001,331627,195175,315635,3223,10606,424,725.7133399014779,0.4412742200328407
1658426414793,39.109,0.21910113,0.13636364,0.27272728,0.17391305,0.04347826,0.0,0.08695652,0.0,1.0,54.600002,53.9,53.300003,53.600002,53.9,53.9,53.600002,56.9,54.300003,56.9,52.600002,52.300003,4088155,-1272278,1075200,1075200,1075200,1075200,1075200,1075200,652800,1401600,601,27,62,666,47,66,274,61,126,282,98,80,467,86,101,70,10,31,274,104,176,3,2,4,695672,53674,181348,793203,88117,77568,342003,120094,413952,320065,245151,373836,481226,149479,247775,86011,20080,493996,293887,209083,345569,866,1436,3984,721.7873080724877,0.4290214168039539
1658426415805,39.132,0.22395833,0.115384616,0.16666667,0.25,0.0,0.083333336,0.04347826,0.13043478,1.0,54.9,54.9,53.9,54.300003,54.300003,54.300003,53.9,56.600002,54.600002,56.9,52.9,52.600002,4063242,-1405945,1075200,1075200,1075200,1075200,1075200,1075200,652800,1401600,597,31,46,766,28,38,400,81,120,264,62,79,241,47,85,181,33,71,192,111,164,9,5,9,716301,48611,116364,826430,32461,46231,431579,177247,269471,258685,124047,529806,250811,100153,493169,186885,77202,613131,200732,236298,384792,9441,9068,14841,719.5163286821705,0.4527627906976744
1658426416818,39.173,0.20304568,0.115384616,0.2,0.125,0.0,0.08,0.07692308,0.045454547,0.96,54.9,54.600002,53.600002,54.300003,54.300003,54.300003,53.9,54.9,54.300003,55.300003,53.300003,52.300003,4084846,-1283265,1075200,1075200,1075200,1075200,1075200,1075200,652800,1401600,475,45,87,582,55,83,217,73,133,117,34,74,101,24,52,227,38,79,498,128,114,1,3,6,566198,95279,259226,699675,95407,109832,277291,183155,439436,152120,87402,709964,87387,71226,702753,241884,63717,530246,407955,219994,179099,33,8592,22147,721.9828913385826,0.4349984251968504
1658426417851,39.210003,0.24242425,0.04,0.16666667,0.08,0.07692308,0.33333334,0.07692308,0.2173913,1.0,55.300003,55.300003,54.300003,54.600002,54.600002,54.600002,54.300003,56.9,54.9,57.300003,53.300003,52.9,4085819,-1282349,1075200,1075200,1075200,1075200,1075200,1075200,652800,1401600,531,35,63,658,55,72,427,89,126,208,52,105,208,50,88,158,35,66,474,160,115,3,3,0,631491,63131,199390,796398,83811,78426,484854,157352,271414,257164,105755,601237,242932,102826,524177,153799,88110,665297,372001,240866,191745,4974,2187,0,724.5158277511962,0.43059649122807014
1658426418861,39.254,0.22222222,0.05,0.17391305,0.083333336,0.041666668,0.08695652,0.0,0.20833333,1.0,55.600002,55.600002,54.9,55.9,56.300003,55.9,55.300003,57.9,55.600002,57.600002,53.9,52.9,4057597,-1499940,1075200,1075200,1075200,1075200,1075200,1075200,652800,1401600,658,20,43,688,29,42,411,81,144,162,39,78,75,21,47,111,22,67,436,120,102,2,3,3,780406,28835,106232,812228,55650,61775,415811,168330,336251,168751,100411,643776,75743,48582,648759,115641,54193,658741,370325,179062,156206,51,1065,9451,727.5879307086615,0.4232062992125984
1658426419862,39.318,0.2009804,0.18518518,0.16,0.04,0.03846154,0.04,0.115384616,0.08,1.0,55.600002,55.600002,54.300003,54.9,54.9,55.300003,54.9,57.600002,55.600002,57.600002,53.9,52.9,4069081,-1454773,1075200,1075200,1075200,1075200,1075200,1075200,652800,1401600,606,36,50,656,52,69,388,66,119,141,24,76,100,17,51,124,22,44,493,104,122,1,0,3,683503,52966,138998,718602,87711,81372,415983,122514,348533,126662,66976,715374,106695,41904,677596,141866,50289,704030,408352,148889,188124,172,0,4453,719.1709466882068,0.4408659127625202
1658426420901,39.362003,0.18905473,0.12,0.125,0.083333336,0.0,0.07692308,0.0,0.041666668,1.0,55.600002,55.300003,53.9,54.600002,54.9,54.600002,53.9,57.300003,54.9,57.300003,53.600002,52.9,4067913,-1262513,1075200,1075200,1075200,1075200,1075200,1075200,652800,1401600,657,46,72,591,59,90,278,98,128,91,25,62,75,22,54,275,81,103,390,112,189,3,0,3,648943,70191,166185,734716,102269,135711,342158,261837,374346,77858,74506,805672,87314,53296,766492,327953,144595,461990,380646,197525,311720,2977,0,5068,721.7609774919614,0.4394083601286174
1658426421940,39.406002,0.25443786,0.1,0.15,0.0952381,0.04761905,0.18181819,0.17391305,0.3181818,1.0,55.300003,54.9,54.300003,54.600002,54.9,54.600002,54.300003,57.600002,55.300003,57.600002,53.600002,52.9,4080953,-1218262,1075200,1075200,1075200,1075200,1075200,1075200,652800,1401600,818,39,52,702,49,74,441,87,116,83,20,77,100,17,62,280,60,86,423,116,134,3,0,0,746124,39232,112845,793935,86536,84359,471239,182645,278555,124363,44985,769431,130794,33281,727592,275666,118601,540796,384113,222830,243064,2211,0,0,727.0144596273292,0.44054658385093165
1658426422943,39.460003,0.20689656,0.0952381,0.2,0.045454547,0.09090909,0.09090909,0.045454547,0.13636364,0.95238096,56.300003,55.9,54.9,55.300003,55.600002,55.600002,55.600002,58.300003,56.300003,57.9,54.300003,53.600002,4071806,-1308594,1075200,1075200,1075200,1075200,1075200,1075200,652800,1401600,838,18,29,725,24,34,356,95,126,133,29,78,153,44,70,333,83,109,313,126,118,3,1,5,760650,20505,75171,839569,40642,43018,389127,194743,322735,166377,66618,652864,155648,91687,580603,368261,146053,346088,296704,202614,232539,63,317,5255,726.4453374805598,0.4418786936236392
1658426423978,39.511,0.19095477,0.083333336,0.16666667,0.0,0.03846154,0.16,0.0,0.083333336,0.96153843,55.600002,55.600002,54.9,54.9,55.300003,54.9,54.300003,57.600002,55.600002,57.9,53.600002,53.300003,4077255,-1325684,1075200,1075200,1075200,1075200,1075200,1075200,652800,1401600,677,53,76,711,62,72,270,91,140,137,24,69,76,12,47,191,36,83,396,150,157,11,3,9,601349,86259,193490,734315,91683,68946,317724,221278,437715,156653,43008,710164,81575,39486,779551,179189,82230,677166,364063,266890,288315,11207,7723,14347,726.7737388429753,0.43869090909090913
1658426425023,39.548,0.27586207,0.10526316,0.22727273,0.0952381,0.04761905,0.13636364,0.16666667,0.4347826,1.0,55.9,55.9,54.9,54.9,54.9,55.300003,54.9,57.9,55.600002,57.9,53.9,53.600002,4073752,-1247254,1075200,1075200,1075200,1075200,1075200,1075200,652800,1401600,754,34,56,715,53,60,306,77,139,193,35,79,116,18,61,179,21,68,337,142,152,4,4,6,732388,44204,134029,782538,88189,67102,384445,193732,371171,187560,76744,663369,143074,31806,706793,168414,52297,760180,311042,248154,273406,5856,8747,17292,726.5167701863353,0.44894409937888197
1658426426042,39.609,0.19565217,0.09090909,0.13636364,0.083333336,0.0,0.04347826,0.08695652,0.13636364,0.96,56.300003,56.300003,55.600002,55.600002,55.600002,55.9,55.600002,58.600002,56.300003,58.600002,54.600002,53.600002,4064799,-1405335,1075200,1075200,1075200,1075200,1075200,1075200,652800,1401600,861,19,29,786,26,27,338,75,124,199,42,73,107,23,76,342,44,87,401,85,166,4,5,5,756788,34424,55214,831520,43959,39268,404158,152704,363643,194948,77821,619474,137432,49398,673407,330644,68981,470016,360206,129328,252077,4130,7901,9612,725.4904866562009,0.444734693877551
1658426427049,39.653004,0.2793296,0.13636364,0.2,0.13636364,0.125,0.125,0.13043478,0.47826087,1.0,56.300003,55.9,54.9,55.600002,55.600002,55.600002,54.9,58.300003,55.600002,58.300003,54.300003,53.600002,4069470,-1285096,1075200,1075200,1075200,1075200,1075200,1075200,652800,1401600,507,52,89,552,73,86,298,91,133,96,37,63,131,21,62,69,9,43,540,108,148,4,4,6,556960,91502,253344,686193,120754,109241,342301,219734,368234,104522,109689,713726,123445,54445,774832,68202,22742,805574,453038,141741,227357,3241,5933,15380,723.1092382495948,0.43757536466774716
1658426428102,39.693,0.41666666,0.24,0.22727273,0.29166666,0.29166666,0.33333334,0.36,0.5,1.0,56.300003,56.300003,55.300003,55.9,55.600002,55.9,55.300003,58.300003,55.9,58.600002,54.600002,53.9,4067134,-1313782,1075200,1075200,1075200,1075200,1075200,1075200,652800,1401600,862,23,22,735,26,38,268,101,146,144,35,79,164,36,74,113,13,60,474,91,162,10,1,3,807351,42213,42208,825877,47524,56239,334041,228427,413110,144903,85783,704546,198655,69295,692326,121533,28917,755925,385542,133692,227839,8275,457,1819,719.2438692810458,0.44386928104575163
1658426429130,39.754,0.19186047,0.05,0.0,0.13636364,0.04761905,0.09090909,0.09090909,0.14285715,1.0,56.9,56.600002,55.600002,55.9,56.300003,56.300003,55.9,58.9,56.600002,58.600002,54.9,54.300003,4048838,-1485291,1075200,1075200,1075200,1075200,1075200,1075200,652800,1401600,680,30,63,677,52,60,269,75,137,127,27,56,168,22,64,172,25,61,582,103,106,1,1,2,657219,57331,183560,763707,82974,66586,298038,192162,427607,128046,66966,695262,169792,42791,698207,165184,49450,610456,455258,137903,125272,48,299,781,130.00142950819674,0.09811147540983607
1658426430143,39.791,0.59799,0.6666667,0.45833334,0.48,0.6,0.7692308,0.52,0.2173913,1.0,54.600002,54.600002,54.300003,54.600002,54.300003,54.9,54.9,57.600002,55.9,57.300003,53.300003,52.600002,4138566,-440979,1075200,1075200,1075200,1075200,1075200,1075200,652800,1401600,661,22,57,495,24,39,238,40,100,149,24,74,174,35,81,127,31,60,287,32,106,0,0,0,703071,45586,151377,714229,44533,186762,299227,98842,520752,162679,45293,666924,213378,84290,603516,132399,83636,630328,208252,74478,459526,0,0,0,-1.0,-1.0
1658426431160,39.825,0.43718594,0.23076923,0.26923078,0.2,0.32,0.46153846,0.88,0.12,0.96153843,55.600002,55.9,55.300003,55.9,55.9,56.300003,55.600002,57.600002,55.9,57.9,52.9,52.600002,4102947,-1011048,1075200,1075200,1075200,1075200,1075200,1075200,652800,1401600,1007,18,51,1256,11,33,425,9,49,367,5,34,144,5,25,469,8,49,645,11,56,11,0,0,399028,48929,262710,456368,28954,329048,266986,26259,501067,206597,12182,535224,135256,14233,559092,248263,15327,485707,305122,37841,534092,272,0,0,-1.0,-1.0
