1660076393196,28.634,0.112426035,0.1,0.0,0.20833333,0.14285715,0.0952381,0.13636364,0.04761905,0.1904762,35.9,35.600002,35.300003,36.300003,36.600002,36.600002,36.9,36.9,37.300003,38.600002,33.9,34.300003,4161339,-599060,1075200,1075200,1075200,1075200,1075200,1075200,652800,1401600,3958584,118258,964104,3945444,117797,971347,1755304,211224,862444,1804420,218268,880440,1697676,206566,937325,1727579,217844,987471,847681,127958,372205,513717,46967,273837,5641793342,259867435,31506602132,5505392536,240999745,31629471622,1417424617,485625009,35848780164,1456695607,501715440,35790254350,1391175215,480784593,35629427440,1427972123,510443680,35588002108,607333549,295630760,37731271380,406123927,107827903,37493226564,-1.0,-1.0
1660076394194,28.625002,0.18181819,0.2,0.1,0.1904762,0.15,0.22727273,0.05263158,0.1,0.33333334,33.9,33.9,33.300003,33.9,33.9,33.9,33.600002,33.9,34.300003,34.9,32.9,32.9,4191702,-296631,1075200,1075200,1075200,1075200,1075200,1075200,652800,1401600,742,0,0,912,0,0,272,31,84,386,30,83,344,37,95,270,38,87,126,20,66,98,5,57,785320,0,0,797389,0,0,262526,67402,437006,272337,67210,426741,283948,61568,407731,298116,80893,412146,117117,45558,652187,44887,7436,549194,-1.0,-1.0
1660076395191,28.628002,0.20754717,0.16,0.14814815,0.2,0.25925925,0.26923078,0.25925925,0.17857143,0.17857143,34.9,34.9,34.600002,35.600002,35.300003,35.300003,35.600002,35.300003,35.600002,35.9,33.9,34.600002,4183333,-419617,1075200,1075200,1075200,1075200,1075200,1075200,652800,1401600,2497,0,0,2752,0,0,724,0,0,1328,0,0,963,0,0,470,0,0,591,0,0,626,0,0,676193,0,0,775856,0,0,742491,0,0,737991,0,0,720706,0,0,735815,0,0,843121,0,0,661828,0,0,-1.0,-1.0
1660076396212,28.637001,0.7195767,0.7083333,0.625,0.5833333,0.5833333,0.8,0.5,1.0,1.0,34.600002,34.600002,34.300003,34.9,34.9,34.9,34.600002,34.9,34.9,35.300003,33.9,33.300003,4157640,-585022,1075200,1075200,1075200,1075200,1075200,1075200,652800,1401600,1167,0,0,1321,0,0,446,36,61,387,29,74,399,23,63,626,24,64,415,25,128,302,25,93,698274,0,0,759666,0,0,352949,93981,248371,309966,59727,299721,296622,45055,255992,328106,43917,309064,321497,65675,458868,248740,46348,363808,-1.0,-1.0
1660076397297,28.640001,0.9957983,0.96666664,1.0,1.0,1.0,1.0,1.0,1.0,1.0,35.300003,35.9,34.9,36.300003,35.9,36.300003,36.600002,37.600002,36.9,37.9,33.600002,33.600002,4151412,-679016,1075200,1075200,1075200,1075200,1075200,1075200,652800,1401600,1020,0,0,926,0,0,665,46,70,467,32,59,368,20,42,329,26,47,63,1,10,0,0,0,508667,0,0,448567,0,0,351219,58929,148889,312454,45919,154290,195805,36057,133671,260238,40529,161197,44223,942,32827,0,0,0,-1.0,-1.0
1660076398499,28.649002,1.0,1.0,1.0,1.0,1.0,1.0,1.0,1.0,1.0,36.300003,36.300003,36.300003,36.9,37.300003,37.300003,37.300003,38.300003,37.600002,38.300003,33.9,33.9,4153553,-645752,1075200,1075200,1075200,1075200,1075200,1075200,652800,1401600,78,0,0,6,0,0,71,6,6,102,2,8,68,0,2,43,0,2,0,0,1,1,0,0,37402,0,0,3730,0,0,25955,7662,6944,42977,1777,14179,26946,0,3642,14522,0,1498,0,0,27,6,0,0,-1.0,-1.0
1660076399731,28.649002,0.88,1.0,1.0,1.0,1.0,1.0,1.0,0.0,1.0,37.9,38.300003,37.600002,38.9,38.9,38.9,38.600002,38.600002,39.300003,39.9,34.9,34.9,4159587,-635071,1075200,1075200,1075200,1075200,1075200,1075200,652800,1401600,0,0,0,0,0,0,3,0,3,0,0,0,0,0,0,0,0,0,0,0,0,0,0,0,0,0,0,0,0,0,5334,0,4007,0,0,0,0,0,0,0,0,0,1223,0,0,0,0,0,-1.0,-1.0
1660076401129,28.661001,0.88990825,1.0,1.0,1.0,1.0,1.0,1.0,0.03846154,1.0,36.9,37.300003,36.600002,37.300003,37.600002,37.600002,36.600002,38.600002,37.300003,38.600002,34.600002,33.9,4173795,-441894,1075200,1075200,1075200,1075200,1075200,1075200,652800,1401600,0,0,0,0,0,0,0,0,0,0,0,0,0,0,0,0,0,0,593,218,90,0,0,0,0,0,0,0,0,0,0,0,0,0,0,0,0,0,0,0,0,0,239418,536474,245841,0,0,0,-1.0,-1.0
1660076402371,28.670002,0.9030837,1.0,1.0,1.0,1.0,1.0,1.0,0.21428572,1.0,37.300003,37.600002,36.9,37.600002,37.9,37.600002,37.300003,38.9,37.600002,38.9,34.600002,34.9,4185668,-302734,1075200,1075200,1075200,1075200,1075200,1075200,652800,1401600,0,0,0,0,0,0,0,0,0,0,0,0,0,0,0,0,0,0,335,142,84,0,0,0,0,0,0,0,0,0,0,0,0,0,0,0,0,0,0,0,0,0,209136,333934,183899,0,0,0,-1.0,-1.0
1660076403588,28.676,0.8875969,1.0,1.0,1.0,1.0,1.0,1.0,0.033333335,1.0,36.9,36.9,36.600002,37.300003,37.600002,37.300003,36.600002,38.9,37.300003,38.9,34.600002,34.300003,4183527,-326538,1075200,1075200,1075200,1075200,1075200,1075200,652800,1401600,0,0,0,0,0,0,0,0,0,0,0,0,0,0,0,0,0,0,200,206,132,0,0,0,0,0,0,0,0,0,0,0,0,0,0,0,0,0,0,0,0,0,181969,476159,336944,0,0,0,-1.0,-1.0
1660076404897,28.688002,0.88340807,1.0,1.0,1.0,1.0,1.0,1.0,0.0,1.0,36.9,36.9,36.600002,37.300003,37.600002,36.9,36.600002,38.600002,37.300003,38.9,34.300003,34.600002,4183722,-335693,1075200,1075200,1075200,1075200,1075200,1075200,652800,1401600,0,0,0,0,0,0,0,0,0,0,0,0,0,0,0,0,0,0,229,309,150,0,0,0,0,0,0,0,0,0,0,0,0,0,0,0,0,0,0,0,0,0,204583,699823,383351,0,0,0,-1.0,-1.0
1660076406176,28.7,0.8888889,1.0,1.0,1.0,1.0,1.0,1.0,0.0,1.0,36.9,36.9,36.300003,37.300003,37.300003,36.9,36.300003,38.300003,37.300003,38.600002,34.300003,34.300003,4183722,-314026,1075200,1075200,1075200,1075200,1075200,1075200,652800,1401600,0,0,0,0,0,0,0,0,0,0,0,0,0,0,0,0,0,0,166,289,100,0,0,0,0,0,0,0,0,0,0,0,0,0,0,0,0,0,0,0,0,0,168834,702845,265318,0,0,0,-1.0,-1.0
1660076407418,28.706001,0.88235295,1.0,1.0,1.0,1.0,1.0,1.0,0.071428575,1.0,36.9,36.9,36.600002,37.300003,37.300003,36.9,36.600002,38.300003,37.300003,38.9,34.600002,34.600002,4182165,-359192,1075200,1075200,1075200,1075200,1075200,1075200,652800,1401600,0,0,0,0,0,0,0,0,0,0,0,0,0,0,0,0,0,0,237,245,136,0,0,0,0,0,0,0,0,0,0,0,0,0,0,0,0,0,0,0,0,0,227930,544724,352432,0,0,0,-1.0,-1.0
1660076408669,28.718,0.88372093,1.0,1.0,1.0,1.0,1.0,1.0,0.0,1.0,36.9,36.9,36.600002,37.300003,36.9,37.600002,36.600002,38.600002,36.9,38.600002,34.600002,34.600002,4185279,-317688,1075200,1075200,1075200,1075200,1075200,1075200,652800,1401600,0,0,0,0,0,0,0,0,0,0,0,0,0,0,0,0,0,0,299,275,133,0,0,0,0,0,0,0,0,0,0,0,0,0,0,0,0,0,0,0,0,0,298094,543824,292765,0,0,0,-1.0,-1.0
1660076409915,28.729002,0.88235295,1.0,1.0,1.0,1.0,1.0,1.0,0.0,1.0,36.600002,36.9,36.600002,37.300003,37.300003,37.300003,36.600002,38.600002,36.9,38.600002,34.600002,34.300003,4181970,-311889,1075200,1075200,1075200,1075200,1075200,1075200,652800,1401600,0,0,0,0,0,0,0,0,0,0,0,0,0,0,0,0,0,0,121,246,150,0,0,0,0,0,0,0,0,0,0,0,0,0,0,0,0,0,0,0,0,0,120339,612359,382263,0,0,0,-1.0,-1.0
1660076411121,28.741001,0.88492066,1.0,1.0,1.0,1.0,1.0,1.0,0.06451613,1.0,36.9,36.9,36.9,36.9,37.300003,36.9,36.600002,38.600002,37.300003,38.300003,34.300003,34.300003,4185474,-305786,1075200,1075200,1075200,1075200,1075200,1075200,652800,1401600,0,0,0,0,0,0,0,0,0,0,0,0,0,0,0,0,0,0,118,246,155,0,0,0,0,0,0,0,0,0,0,0,0,0,0,0,0,0,0,0,0,0,117021,584005,444947,0,0,0,-1.0,-1.0
1660076412439,28.753002,0.88073397,1.0,1.0,1.0,1.0,1.0,1.0,0.0,1.0,36.600002,36.9,36.300003,36.9,36.9,37.300003,36.300003,38.300003,36.600002,38.300003,34.300003,34.300003,4186057,-307922,1075200,1075200,1075200,1075200,1075200,1075200,652800,1401600,0,0,0,0,0,0,0,0,0,0,0,0,0,0,0,0,0,0,161,250,182,0,0,0,0,0,0,0,0,0,0,0,0,0,0,0,0,0,0,0,0,0,167503,580399,417150,0,0,0,-1.0,-1.0
1660076413653,28.759,0.88340807,1.0,1.0,1.0,1.0,1.0,1.0,0.0,1.0,36.600002,36.600002,36.600002,36.9,36.9,36.9,36.300003,38.300003,36.9,38.600002,34.300003,33.9,4186057,-311279,1075200,1075200,1075200,1075200,1075200,1075200,652800,1401600,0,0,0,0,0,0,0,0,0,0,0,0,0,0,0,0,0,0,107,229,155,0,0,0,0,0,0,0,0,0,0,0,0,0,0,0,0,0,0,0,0,0,122879,568328,415159,0,0,0,-1.0,-1.0
1660076414849,28.777,0.8857143,1.0,1.0,1.0,1.0,1.0,1.0,0.03448276,1.0,36.9,36.9,36.600002,36.9,36.9,37.300003,36.600002,38.300003,36.9,38.300003,33.9,33.9,4182359,-307312,1075200,1075200,1075200,1075200,1075200,1075200,652800,1401600,0,0,0,0,0,0,0,0,0,0,0,0,0,0,0,0,0,0,130,233,166,0,0,0,0,0,0,0,0,0,0,0,0,0,0,0,0,0,0,0,0,0,93048,570306,443376,0,0,0,-1.0,-1.0
1660076416101,28.78,0.8873239,1.0,1.0,1.0,1.0,1.0,1.0,0.07692308,1.0,36.9,36.9,36.300003,36.9,36.9,36.9,36.300003,38.300003,36.9,38.600002,33.9,34.300003,4186447,-303955,1075200,1075200,1075200,1075200,1075200,1075200,652800,1401600,0,0,0,0,0,0,0,0,0,0,0,0,0,0,0,0,0,0,140,241,165,0,0,0,0,0,0,0,0,0,0,0,0,0,0,0,0,0,0,0,0,0,105245,601209,450408,0,0,0,-1.0,-1.0
1660076417369,28.795002,0.8854626,1.0,1.0,1.0,1.0,1.0,1.0,0.0,1.0,36.600002,36.600002,35.9,36.9,36.9,36.9,35.9,37.9,36.9,38.300003,34.300003,33.9,4186836,-308838,1075200,1075200,1075200,1075200,1075200,1075200,652800,1401600,0,0,0,0,0,0,0,0,0,0,0,0,0,0,0,0,0,0,158,267,134,0,0,0,0,0,0,0,0,0,0,0,0,0,0,0,0,0,0,0,0,0,167681,586741,370183,0,0,0,-1.0,-1.0
1660076418581,28.807001,0.8828829,1.0,1.0,1.0,1.0,1.0,1.0,0.0,1.0,35.9,35.9,35.600002,36.300003,36.300003,36.300003,35.9,38.300003,36.600002,38.300003,33.9,33.9,4187809,-293274,1075200,1075200,1075200,1075200,1075200,1075200,652800,1401600,0,0,0,0,0,0,0,0,0,0,0,0,0,0,0,0,0,0,148,268,120,0,0,0,0,0,0,0,0,0,0,0,0,0,0,0,0,0,0,0,0,0,178337,655682,288405,0,0,0,-1.0,-1.0
1660076419783,28.813002,0.8873874,1.0,1.0,1.0,1.0,1.0,1.0,0.0,1.0,36.300003,36.9,36.300003,36.9,36.9,36.600002,36.300003,37.9,36.600002,38.300003,33.9,33.9,4184306,-302429,1075200,1075200,1075200,1075200,1075200,1075200,652800,1401600,0,0,0,0,0,0,0,0,0,0,0,0,0,0,0,0,0,0,127,236,159,0,0,0,0,0,0,0,0,0,0,0,0,0,0,0,0,0,0,0,0,0,103654,587165,409529,0,0,0,-1.0,-1.0
1660076420978,28.828001,0.88073397,1.0,1.0,1.0,1.0,1.0,1.0,0.0,1.0,36.9,36.600002,36.300003,36.9,36.9,36.9,36.300003,38.300003,36.9,38.300003,33.9,33.9,4185474,-301208,1075200,1075200,1075200,1075200,1075200,1075200,652800,1401600,0,0,0,0,0,0,0,0,0,0,0,0,0,0,0,0,0,0,78,244,154,0,0,0,0,0,0,0,0,0,0,0,0,0,0,0,0,0,0,0,0,0,76606,618273,415592,0,0,0,-1.0,-1.0
1660076422146,28.828001,0.88461536,1.0,1.0,1.0,1.0,1.0,1.0,0.035714287,1.0,36.600002,36.600002,36.600002,36.9,36.9,36.9,36.300003,38.300003,36.9,38.600002,34.300003,33.9,4185084,-319519,1075200,1075200,1075200,1075200,1075200,1075200,652800,1401600,0,0,0,0,0,0,0,0,0,0,0,0,0,0,0,0,0,0,132,231,154,0,0,0,0,0,0,0,0,0,0,0,0,0,0,0,0,0,0,0,0,0,121205,544615,409492,0,0,0,-1.0,-1.0
1660076423363,28.834002,0.88687783,1.0,1.0,1.0,1.0,1.0,1.0,0.0,1.0,36.600002,36.600002,36.300003,36.600002,36.9,36.9,35.9,37.9,36.600002,38.300003,33.9,33.600002,4183916,-326538,1075200,1075200,1075200,1075200,1075200,1075200,652800,1401600,0,0,0,0,0,0,0,0,0,0,0,0,0,0,0,0,0,0,126,238,157,0,0,0,0,0,0,0,0,0,0,0,0,0,0,0,0,0,0,0,0,0,113754,570010,423107,0,0,0,-1.0,-1.0
1660076424526,28.837002,0.8812785,1.0,1.0,1.0,1.0,1.0,1.0,0.0,1.0,36.600002,36.600002,36.300003,36.9,37.300003,36.9,35.9,38.300003,36.600002,38.300003,33.9,33.9,4185279,-304565,1075200,1075200,1075200,1075200,1075200,1075200,652800,1401600,0,0,0,0,0,0,0,0,0,0,0,0,0,0,0,0,0,0,106,239,157,0,0,0,0,0,0,0,0,0,0,0,0,0,0,0,0,0,0,0,0,0,100502,584678,442852,0,0,0,-1.0,-1.0
1660076425768,28.846,0.8863636,1.0,1.0,1.0,1.0,1.0,1.0,0.037037037,1.0,36.600002,36.9,36.300003,36.9,36.9,36.9,36.600002,38.300003,36.9,38.300003,33.9,33.9,4184890,-307312,1075200,1075200,1075200,1075200,1075200,1075200,652800,1401600,0,0,0,0,0,0,0,0,0,0,0,0,0,0,0,0,0,0,169,226,160,0,0,0,0,0,0,0,0,0,0,0,0,0,0,0,0,0,0,0,0,0,126749,564716,406957,0,0,0,-1.0,-1.0
1660076426947,28.854002,0.8842593,1.0,1.0,1.0,1.0,1.0,1.0,0.0,1.0,36.600002,36.9,36.600002,36.9,37.300003,36.9,36.300003,38.600002,36.9,38.600002,33.9,33.9,4185279,-341797,1075200,1075200,1075200,1075200,1075200,1075200,652800,1401600,0,0,0,0,0,0,0,0,0,0,0,0,0,0,0,0,0,0,101,224,149,0,0,0,0,0,0,0,0,0,0,0,0,0,0,0,0,0,0,0,0,0,101581,550189,382849,0,0,0,-1.0,-1.0
1660076428051,28.851002,0.8818182,1.0,1.0,1.0,1.0,1.0,1.0,0.0,1.0,36.300003,36.600002,35.9,36.600002,36.600002,36.600002,36.300003,38.300003,36.600002,38.300003,33.9,33.9,4187809,-285644,1075200,1075200,1075200,1075200,1075200,1075200,652800,1401600,0,0,0,0,0,0,0,0,0,0,0,0,0,0,0,0,0,0,169,233,165,0,0,0,0,0,0,0,0,0,0,0,0,0,0,0,0,0,0,0,0,0,148944,530641,427531,0,0,0,-1.0,-1.0
1660076429251,28.86,0.88584477,1.0,1.0,1.0,1.0,1.0,1.0,0.03846154,1.0,36.600002,36.9,36.300003,37.300003,37.300003,36.9,36.300003,38.600002,36.9,38.600002,34.300003,34.300003,4184890,-302124,1075200,1075200,1075200,1075200,1075200,1075200,652800,1401600,0,0,0,0,0,0,0,0,0,0,0,0,0,0,0,0,0,0,183,214,171,0,0,0,0,0,0,0,0,0,0,0,0,0,0,0,0,0,0,0,0,0,134131,497053,435382,0,0,0,-1.0,-1.0
1660076430415,28.863,0.8853211,1.0,1.0,1.0,1.0,1.0,1.0,0.03846154,1.0,36.600002,36.9,36.600002,36.600002,36.9,36.9,36.300003,38.300003,36.9,38.600002,34.300003,34.300003,4185474,-305481,1075200,1075200,1075200,1075200,1075200,1075200,652800,1401600,0,0,0,0,0,0,0,0,0,0,0,0,0,0,0,0,0,0,94,227,154,0,0,0,0,0,0,0,0,0,0,0,0,0,0,0,0,0,0,0,0,0,85864,572044,414612,0,0,0,-1.0,-1.0
1660076431573,28.86,0.88340807,1.0,1.0,1.0,1.0,1.0,1.0,0.0,1.0,36.600002,36.600002,36.300003,36.9,36.9,36.9,36.300003,38.300003,36.9,38.300003,34.300003,33.9,4184500,-347290,1075200,1075200,1075200,1075200,1075200,1075200,652800,1401600,0,0,0,0,0,0,0,0,0,0,0,0,0,0,0,0,0,0,126,231,152,0,0,0,0,0,0,0,0,0,0,0,0,0,0,0,0,0,0,0,0,0,90419,548126,432824,0,0,0,-1.0,-1.0
1660076432734,28.869001,0.8828829,1.0,1.0,1.0,1.0,1.0,1.0,0.037037037,1.0,36.600002,36.9,36.300003,36.9,37.300003,36.600002,36.300003,38.600002,36.9,38.300003,34.300003,33.9,4183138,-329590,1075200,1075200,1075200,1075200,1075200,1075200,652800,1401600,0,0,0,0,0,0,0,0,0,0,0,0,0,0,0,0,0,0,156,224,160,0,0,0,0,0,0,0,0,0,0,0,0,0,0,0,0,0,0,0,0,0,109762,531759,432547,0,0,0,-1.0,-1.0
1660076433948,28.878002,0.8812785,1.0,1.0,1.0,1.0,1.0,1.0,0.0,1.0,36.300003,36.300003,35.600002,36.300003,36.300003,36.300003,35.9,37.9,36.600002,38.300003,34.300003,33.9,4186057,-285644,1075200,1075200,1075200,1075200,1075200,1075200,652800,1401600,0,0,0,0,0,0,0,0,0,0,0,0,0,0,0,0,0,0,114,233,176,0,0,0,0,0,0,0,0,0,0,0,0,0,0,0,0,0,0,0,0,0,111976,570239,460986,0,0,0,-1.0,-1.0
1660076435143,28.890001,0.8789238,1.0,1.0,1.0,1.0,1.0,1.0,0.0,1.0,36.600002,36.9,36.300003,36.600002,36.9,36.9,36.300003,38.300003,36.9,38.300003,33.9,34.300003,4185279,-311279,1075200,1075200,1075200,1075200,1075200,1075200,652800,1401600,0,0,0,0,0,0,0,0,0,0,0,0,0,0,0,0,0,0,99,239,153,0,0,0,0,0,0,0,0,0,0,0,0,0,0,0,0,0,0,0,0,0,91089,557815,427230,0,0,0,-1.0,-1.0
1660076436332,28.887001,0.88584477,1.0,1.0,1.0,1.0,1.0,1.0,0.074074075,1.0,36.300003,36.600002,36.300003,36.600002,36.9,37.300003,36.600002,38.300003,36.9,38.300003,33.9,33.9,4187225,-299682,1075200,1075200,1075200,1075200,1075200,1075200,652800,1401600,0,0,0,0,0,0,0,0,0,0,0,0,0,0,0,0,0,0,133,249,158,0,0,0,0,0,0,0,0,0,0,0,0,0,0,0,0,0,0,0,0,0,98935,622745,421020,0,0,0,-1.0,-1.0
1660076437539,28.893002,0.8828829,1.0,1.0,1.0,1.0,1.0,1.0,0.0,1.0,36.9,36.600002,36.300003,36.600002,36.9,36.9,36.600002,38.300003,36.9,38.300003,34.300003,33.9,4183138,-313720,1075200,1075200,1075200,1075200,1075200,1075200,652800,1401600,0,0,0,0,0,0,0,0,0,0,0,0,0,0,0,0,0,0,137,225,155,0,0,0,0,0,0,0,0,0,0,0,0,0,0,0,0,0,0,0,0,0,117908,534924,416491,0,0,0,-1.0,-1.0
1660076438723,28.896002,0.88584477,1.0,1.0,1.0,1.0,1.0,1.0,0.03846154,1.0,36.300003,36.300003,35.9,36.300003,36.300003,36.600002,35.9,38.300003,36.9,38.300003,33.9,33.9,4182749,-325317,1075200,1075200,1075200,1075200,1075200,1075200,652800,1401600,0,0,0,0,0,0,0,0,0,0,0,0,0,0,0,0,0,0,160,223,158,0,0,0,0,0,0,0,0,0,0,0,0,0,0,0,0,0,0,0,0,0,128310,538045,424576,0,0,0,-1.0,-1.0
1660076439886,28.902,0.8818182,1.0,1.0,1.0,1.0,1.0,1.0,0.037037037,1.0,36.9,36.9,36.300003,36.9,36.9,36.9,36.300003,38.300003,36.600002,38.300003,33.9,33.9,4186057,-308532,1075200,1075200,1075200,1075200,1075200,1075200,652800,1401600,0,0,0,0,0,0,0,0,0,0,0,0,0,0,0,0,0,0,123,220,158,0,0,0,0,0,0,0,0,0,0,0,0,0,0,0,0,0,0,0,0,0,109325,521695,418817,0,0,0,-1.0,-1.0
1660076441019,28.905,0.88073397,1.0,1.0,1.0,1.0,1.0,1.0,0.0,1.0,36.600002,36.9,36.300003,36.9,36.9,36.9,36.300003,38.300003,36.600002,38.600002,33.9,33.9,4187225,-314026,1075200,1075200,1075200,1075200,1075200,1075200,652800,1401600,0,0,0,0,0,0,0,0,0,0,0,0,0,0,0,0,0,0,73,233,157,0,0,0,0,0,0,0,0,0,0,0,0,0,0,0,0,0,0,0,0,0,61629,569504,428955,0,0,0,-1.0,-1.0
1660076442172,28.902,0.88381743,1.0,1.0,1.0,1.0,1.0,1.0,0.0,1.0,36.9,36.600002,36.300003,36.600002,36.9,36.9,36.300003,38.300003,36.9,38.300003,34.300003,33.9,4184890,-315857,1075200,1075200,1075200,1075200,1075200,1075200,652800,1401600,0,0,0,0,0,0,0,0,0,0,0,0,0,0,0,0,0,0,102,233,156,0,0,0,0,0,0,0,0,0,0,0,0,0,0,0,0,0,0,0,0,0,83892,549074,446439,0,0,0,-1.0,-1.0
1660076443376,28.914001,0.88789237,1.0,1.0,1.0,1.0,1.0,1.0,0.03846154,1.0,36.300003,36.9,36.300003,36.9,37.300003,37.300003,36.600002,38.300003,36.9,38.600002,34.300003,33.9,4185084,-305481,1075200,1075200,1075200,1075200,1075200,1075200,652800,1401600,0,0,0,0,0,0,0,0,0,0,0,0,0,0,0,0,0,0,139,227,165,0,0,0,0,0,0,0,0,0,0,0,0,0,0,0,0,0,0,0,0,0,111353,551188,446193,0,0,0,-1.0,-1.0
1660076444533,28.914001,0.8828829,1.0,1.0,1.0,1.0,1.0,1.0,0.0,1.0,36.9,36.600002,36.300003,37.300003,36.9,37.300003,36.600002,38.300003,36.9,38.600002,34.300003,34.300003,4183333,-303955,1075200,1075200,1075200,1075200,1075200,1075200,652800,1401600,0,0,0,0,0,0,0,0,0,0,0,0,0,0,0,0,0,0,123,235,159,0,0,0,0,0,0,0,0,0,0,0,0,0,0,0,0,0,0,0,0,0,98464,556223,426884,0,0,0,-1.0,-1.0
1660076445773,28.914001,0.8863636,1.0,1.0,1.0,1.0,1.0,1.0,0.03846154,1.0,35.9,35.9,35.600002,36.300003,36.600002,36.300003,35.9,37.9,36.600002,37.9,33.9,34.300003,4188588,-307007,1075200,1075200,1075200,1075200,1075200,1075200,652800,1401600,0,0,0,0,0,0,0,0,0,0,0,0,0,0,0,0,0,0,113,242,161,0,0,0,0,0,0,0,0,0,0,0,0,0,0,0,0,0,0,0,0,0,106505,605161,408834,0,0,0,-1.0,-1.0
1660076446912,28.917002,0.8851675,1.0,1.0,1.0,1.0,1.0,1.0,0.07692308,1.0,36.600002,36.600002,36.300003,36.9,36.9,36.9,36.600002,38.300003,36.9,38.300003,34.300003,33.9,4183916,-319214,1075200,1075200,1075200,1075200,1075200,1075200,652800,1401600,0,0,0,0,0,0,0,0,0,0,0,0,0,0,0,0,0,0,241,222,152,0,0,0,0,0,0,0,0,0,0,0,0,0,0,0,0,0,0,0,0,0,139509,532265,378942,0,0,0,-1.0,-1.0
1660076448066,28.914001,0.8789238,1.0,1.0,1.0,1.0,1.0,1.0,0.035714287,1.0,36.9,36.600002,35.9,36.9,36.9,36.9,36.300003,38.300003,36.9,38.600002,34.300003,33.9,4185084,-325317,1075200,1075200,1075200,1075200,1075200,1075200,652800,1401600,0,0,0,0,0,0,0,0,0,0,0,0,0,0,0,0,0,0,106,230,158,0,0,0,0,0,0,0,0,0,0,0,0,0,0,0,0,0,0,0,0,0,77463,570461,429170,0,0,0,-1.0,-1.0
1660076449225,28.929,0.88596493,1.0,1.0,1.0,1.0,1.0,1.0,0.0,1.0,36.600002,36.9,36.300003,36.9,36.9,37.300003,36.600002,38.300003,36.9,38.600002,33.9,33.9,4180024,-375671,1075200,1075200,1075200,1075200,1075200,1075200,652800,1401600,0,0,0,0,0,0,0,0,0,0,0,0,0,0,0,0,0,0,142,233,144,0,0,0,0,0,0,0,0,0,0,0,0,0,0,0,0,0,0,0,0,0,114702,561833,407889,0,0,0,-1.0,-1.0
1660076450451,28.929,0.8842593,1.0,1.0,1.0,1.0,1.0,1.0,0.0,1.0,36.300003,36.300003,35.600002,36.300003,36.600002,36.300003,36.300003,38.300003,36.600002,38.300003,34.300003,33.9,4188198,-283203,1075200,1075200,1075200,1075200,1075200,1075200,652800,1401600,0,0,0,0,0,0,0,0,0,0,0,0,0,0,0,0,0,0,174,231,182,0,0,0,0,0,0,0,0,0,0,0,0,0,0,0,0,0,0,0,0,0,172520,535104,428764,0,0,0,-1.0,-1.0
1660076451661,28.938002,0.8828829,1.0,1.0,1.0,1.0,1.0,1.0,0.0,1.0,36.600002,36.600002,36.300003,36.9,36.9,36.9,36.300003,38.300003,36.600002,38.600002,33.9,33.600002,4186252,-311584,1075200,1075200,1075200,1075200,1075200,1075200,652800,1401600,0,0,0,0,0,0,0,0,0,0,0,0,0,0,0,0,0,0,114,227,173,0,0,0,0,0,0,0,0,0,0,0,0,0,0,0,0,0,0,0,0,0,107990,518936,442164,0,0,0,-1.0,-1.0
1660076452808,28.944002,0.88687783,1.0,1.0,1.0,1.0,1.0,1.0,0.03846154,1.0,36.600002,36.600002,36.300003,37.300003,37.300003,37.300003,36.300003,38.300003,36.9,38.600002,34.300003,33.9,4184306,-314636,1075200,1075200,1075200,1075200,1075200,1075200,652800,1401600,0,0,0,0,0,0,0,0,0,0,0,0,0,0,0,0,0,0,107,228,166,0,0,0,0,0,0,0,0,0,0,0,0,0,0,0,0,0,0,0,0,0,92200,556278,441112,0,0,0,-1.0,-1.0
1660076453987,28.944002,0.88053095,1.0,1.0,1.0,1.0,1.0,1.0,0.0,1.0,36.600002,36.9,36.300003,37.300003,37.300003,37.300003,36.300003,38.300003,36.9,38.300003,33.9,33.9,4185084,-299682,1075200,1075200,1075200,1075200,1075200,1075200,652800,1401600,0,0,0,0,0,0,0,0,0,0,0,0,0,0,0,0,0,0,99,243,155,0,0,0,0,0,0,0,0,0,0,0,0,0,0,0,0,0,0,0,0,0,86185,591532,437522,0,0,0,-1.0,-1.0
1660076455208,28.938002,0.8826087,1.0,1.0,1.0,1.0,1.0,1.0,0.0,1.0,36.600002,36.9,36.300003,36.9,36.9,36.9,36.300003,38.300003,37.300003,38.300003,33.9,33.9,4186252,-308227,1075200,1075200,1075200,1075200,1075200,1075200,652800,1401600,0,0,0,0,0,0,0,0,0,0,0,0,0,0,0,0,0,0,115,245,153,0,0,0,0,0,0,0,0,0,0,0,0,0,0,0,0,0,0,0,0,0,107488,563419,405625,0,0,0,-1.0,-1.0
1660076456371,28.944002,0.8869565,1.0,1.0,1.0,1.0,1.0,1.0,0.0,1.0,36.600002,36.600002,35.9,36.9,36.9,36.9,36.600002,38.300003,36.9,38.300003,34.300003,33.9,4184111,-327148,1075200,1075200,1075200,1075200,1075200,1075200,652800,1401600,0,0,0,0,0,0,0,0,0,0,0,0,0,0,0,0,0,0,115,230,155,0,0,0,0,0,0,0,0,0,0,0,0,0,0,0,0,0,0,0,0,0,94694,576455,423723,0,0,0,-1.0,-1.0
1660076457558,28.95,0.8815789,1.0,1.0,1.0,1.0,1.0,1.0,0.0,1.0,36.600002,36.600002,36.600002,36.9,36.9,36.9,36.300003,38.300003,36.600002,38.300003,34.300003,33.9,4184111,-310363,1075200,1075200,1075200,1075200,1075200,1075200,652800,1401600,0,0,0,0,0,0,0,0,0,0,0,0,0,0,0,0,0,0,105,241,158,0,0,0,0,0,0,0,0,0,0,0,0,0,0,0,0,0,0,0,0,0,106226,586771,406080,0,0,0,-1.0,-1.0
1660076458740,28.95,0.88785046,1.0,1.0,1.0,1.0,1.0,1.0,0.03846154,1.0,36.9,36.600002,36.600002,36.9,36.9,36.9,36.300003,38.300003,36.600002,38.600002,33.9,33.9,4184111,-318908,1075200,1075200,1075200,1075200,1075200,1075200,652800,1401600,0,0,0,0,0,0,0,0,0,0,0,0,0,0,0,0,0,0,145,249,146,0,0,0,0,0,0,0,0,0,0,0,0,0,0,0,0,0,0,0,0,0,142345,583200,400308,0,0,0,-1.0,-1.0
1660076459938,28.956001,0.8842593,1.0,1.0,1.0,1.0,1.0,1.0,0.03846154,1.0,36.600002,36.600002,36.300003,37.300003,36.9,36.9,36.300003,38.300003,36.600002,38.300003,34.300003,33.9,4184306,-315857,1075200,1075200,1075200,1075200,1075200,1075200,652800,1401600,0,0,0,0,0,0,0,0,0,0,0,0,0,0,0,0,0,0,124,228,147,0,0,0,0,0,0,0,0,0,0,0,0,0,0,0,0,0,0,0,0,0,126485,536397,381622,0,0,0,-1.0,-1.0
1660076461082,28.956001,0.8826291,1.0,1.0,1.0,1.0,1.0,1.0,0.0,1.0,36.600002,36.600002,36.300003,36.9,36.9,36.9,36.300003,38.300003,36.9,38.600002,33.9,34.300003,4185474,-316162,1075200,1075200,1075200,1075200,1075200,1075200,652800,1401600,0,0,0,0,0,0,0,0,0,0,0,0,0,0,0,0,0,0,178,232,139,0,0,0,0,0,0,0,0,0,0,0,0,0,0,0,0,0,0,0,0,0,145179,577601,351878,0,0,0,-1.0,-1.0
1660076462249,28.956001,0.88340807,1.0,1.0,1.0,1.0,1.0,1.0,0.037037037,1.0,36.9,36.600002,36.600002,36.9,36.9,36.600002,36.300003,38.300003,36.9,38.600002,34.300003,33.9,4186836,-330505,1075200,1075200,1075200,1075200,1075200,1075200,652800,1401600,0,0,0,0,0,0,0,0,0,0,0,0,0,0,0,0,0,0,150,227,149,0,0,0,0,0,0,0,0,0,0,0,0,0,0,0,0,0,0,0,0,0,126340,507390,406673,0,0,0,-1.0,-1.0
1660076463410,28.956001,0.88785046,1.0,1.0,1.0,1.0,1.0,1.0,0.04,1.0,36.300003,36.600002,35.9,36.9,36.9,36.9,36.300003,38.600002,36.9,38.600002,34.300003,33.9,4185474,-289306,1075200,1075200,1075200,1075200,1075200,1075200,652800,1401600,0,0,0,0,0,0,0,0,0,0,0,0,0,0,0,0,0,0,128,238,165,0,0,0,0,0,0,0,0,0,0,0,0,0,0,0,0,0,0,0,0,0,100667,595907,435653,0,0,0,-1.0,-1.0
1660076464620,28.962002,0.88053095,1.0,1.0,1.0,1.0,1.0,1.0,0.0,1.0,36.9,36.9,36.600002,37.300003,36.9,36.9,36.600002,38.300003,36.9,38.300003,34.300003,33.9,4185668,-311584,1075200,1075200,1075200,1075200,1075200,1075200,652800,1401600,0,0,0,0,0,0,0,0,0,0,0,0,0,0,0,0,0,0,130,230,162,0,0,0,0,0,0,0,0,0,0,0,0,0,0,0,0,0,0,0,0,0,123710,550068,405102,0,0,0,-1.0,-1.0
1660076465791,28.959002,0.88584477,1.0,1.0,1.0,1.0,1.0,1.0,0.03846154,1.0,36.9,36.600002,36.300003,36.9,36.9,37.300003,36.600002,38.300003,36.9,38.600002,34.300003,34.300003,4181581,-349426,1075200,1075200,1075200,1075200,1075200,1075200,652800,1401600,0,0,0,0,0,0,0,0,0,0,0,0,0,0,0,0,0,0,133,236,145,0,0,0,0,0,0,0,0,0,0,0,0,0,0,0,0,0,0,0,0,0,109981,564849,404738,0,0,0,-1.0,-1.0
1660076466949,28.968002,0.8852459,1.0,1.0,1.0,1.0,1.0,1.0,0.0,1.0,36.300003,36.9,36.600002,36.9,37.300003,36.9,36.600002,38.9,37.300003,38.600002,34.300003,34.300003,4185279,-314026,1075200,1075200,1075200,1075200,1075200,1075200,652800,1401600,0,0,0,0,0,0,0,0,0,0,0,0,0,0,0,0,0,0,123,236,151,0,0,0,0,0,0,0,0,0,0,0,0,0,0,0,0,0,0,0,0,0,99159,567717,415531,0,0,0,-1.0,-1.0
1660076468150,28.968002,0.88018435,1.0,1.0,1.0,1.0,1.0,1.0,0.0,1.0,36.600002,36.9,36.300003,36.9,36.9,36.9,36.300003,38.300003,36.600002,38.300003,33.9,33.9,4183333,-305481,1075200,1075200,1075200,1075200,1075200,1075200,652800,1401600,0,0,0,0,0,0,0,0,0,0,0,0,0,0,0,0,0,0,121,235,150,0,0,0,0,0,0,0,0,0,0,0,0,0,0,0,0,0,0,0,0,0,110921,574888,409149,0,0,0,-1.0,-1.0
1660076469309,28.973001,0.88372093,1.0,1.0,1.0,1.0,1.0,1.0,0.074074075,1.0,36.600002,36.600002,36.300003,36.9,36.600002,36.9,36.600002,38.300003,36.9,38.600002,33.9,33.9,4182359,-335693,1075200,1075200,1075200,1075200,1075200,1075200,652800,1401600,0,0,0,0,0,0,0,0,0,0,0,0,0,0,0,0,0,0,143,249,167,0,0,0,0,0,0,0,0,0,0,0,0,0,0,0,0,0,0,0,0,0,124516,580875,454478,0,0,0,-1.0,-1.0
1660076470549,28.982002,0.8783784,1.0,1.0,1.0,1.0,1.0,1.0,0.0,1.0,36.600002,36.600002,36.300003,36.9,36.9,36.9,36.300003,37.9,36.9,38.300003,34.300003,33.9,4184890,-319824,1075200,1075200,1075200,1075200,1075200,1075200,652800,1401600,0,0,0,0,0,0,0,0,0,0,0,0,0,0,0,0,0,0,124,228,167,0,0,0,0,0,0,0,0,0,0,0,0,0,0,0,0,0,0,0,0,0,106473,534671,423806,0,0,0,-1.0,-1.0
1660076471721,28.976002,0.8828829,1.0,1.0,1.0,1.0,1.0,1.0,0.071428575,1.0,36.600002,36.9,36.300003,37.300003,36.9,37.300003,36.300003,38.300003,36.9,38.600002,34.300003,33.9,4183916,-313720,1075200,1075200,1075200,1075200,1075200,1075200,652800,1401600,0,0,0,0,0,0,0,0,0,0,0,0,0,0,0,0,0,0,111,238,148,0,0,0,0,0,0,0,0,0,0,0,0,0,0,0,0,0,0,0,0,0,106533,572447,408885,0,0,0,-1.0,-1.0
1660076472899,28.982002,0.8842593,1.0,1.0,1.0,1.0,1.0,1.0,0.03846154,1.0,36.600002,36.9,36.300003,36.600002,36.9,36.9,36.300003,38.300003,36.9,38.300003,34.300003,33.9,4182165,-320739,1075200,1075200,1075200,1075200,1075200,1075200,652800,1401600,0,0,0,0,0,0,0,0,0,0,0,0,0,0,0,0,0,0,123,228,156,0,0,0,0,0,0,0,0,0,0,0,0,0,0,0,0,0,0,0,0,0,101311,567789,412975,0,0,0,-1.0,-1.0
1660076474056,28.982002,0.88105726,1.0,1.0,1.0,1.0,1.0,1.0,0.035714287,1.0,36.600002,36.9,36.300003,36.9,36.9,37.300003,36.300003,38.300003,36.9,38.300003,34.300003,33.9,4183722,-309143,1075200,1075200,1075200,1075200,1075200,1075200,652800,1401600,0,0,0,0,0,0,0,0,0,0,0,0,0,0,0,0,0,0,101,223,152,0,0,0,0,0,0,0,0,0,0,0,0,0,0,0,0,0,0,0,0,0,85460,576713,407723,0,0,0,-1.0,-1.0
1660076475231,28.985,0.88235295,1.0,1.0,1.0,1.0,1.0,1.0,0.035714287,1.0,36.600002,36.9,36.300003,36.9,37.300003,36.9,36.300003,37.9,37.300003,38.300003,34.300003,33.9,4186447,-310058,1075200,1075200,1075200,1075200,1075200,1075200,652800,1401600,0,0,0,0,0,0,0,0,0,0,0,0,0,0,0,0,0,0,139,231,150,0,0,0,0,0,0,0,0,0,0,0,0,0,0,0,0,0,0,0,0,0,132546,565477,388355,0,0,0,-1.0,-1.0
1660076476402,28.985,0.8826291,1.0,1.0,1.0,1.0,1.0,1.0,0.0,1.0,36.300003,36.600002,36.300003,36.9,36.9,36.9,36.600002,38.300003,37.300003,38.600002,33.9,33.9,4184500,-325317,1075200,1075200,1075200,1075200,1075200,1075200,652800,1401600,0,0,0,0,0,0,0,0,0,0,0,0,0,0,0,0,0,0,110,231,152,0,0,0,0,0,0,0,0,0,0,0,0,0,0,0,0,0,0,0,0,0,92196,584857,416956,0,0,0,-1.0,-1.0
1660076477599,28.988,0.88,1.0,1.0,1.0,1.0,1.0,1.0,0.037037037,1.0,36.300003,36.600002,35.9,36.600002,36.9,36.600002,36.300003,38.300003,36.9,38.300003,34.300003,33.9,4185668,-287780,1075200,1075200,1075200,1075200,1075200,1075200,652800,1401600,0,0,0,0,0,0,0,0,0,0,0,0,0,0,0,0,0,0,101,240,172,0,0,0,0,0,0,0,0,0,0,0,0,0,0,0,0,0,0,0,0,0,100827,567762,418860,0,0,0,-1.0,-1.0
1660076478747,28.991001,0.88185656,1.0,1.0,1.0,1.0,1.0,1.0,0.0,1.0,36.300003,36.600002,36.300003,36.9,36.9,36.9,36.300003,38.300003,36.600002,38.300003,33.9,33.9,4184695,-296325,1075200,1075200,1075200,1075200,1075200,1075200,652800,1401600,0,0,0,0,0,0,0,0,0,0,0,0,0,0,0,0,0,0,109,227,164,0,0,0,0,0,0,0,0,0,0,0,0,0,0,0,0,0,0,0,0,0,109388,516173,459232,0,0,0,-1.0,-1.0
1660076479949,28.991001,0.8894009,1.0,1.0,1.0,1.0,1.0,1.0,0.04,1.0,36.300003,36.300003,35.9,36.600002,36.600002,36.600002,36.300003,38.300003,36.9,38.300003,33.9,33.9,4187031,-306396,1075200,1075200,1075200,1075200,1075200,1075200,652800,1401600,0,0,0,0,0,0,0,0,0,0,0,0,0,0,0,0,0,0,128,224,163,0,0,0,0,0,0,0,0,0,0,0,0,0,0,0,0,0,0,0,0,0,114687,543212,414095,0,0,0,-1.0,-1.0
1660076481075,28.994001,0.88073397,1.0,1.0,1.0,1.0,1.0,1.0,0.0,1.0,36.600002,36.600002,35.9,36.600002,36.9,36.9,36.300003,38.300003,36.600002,38.600002,33.9,33.9,4184890,-301819,1075200,1075200,1075200,1075200,1075200,1075200,652800,1401600,0,0,0,0,0,0,0,0,0,0,0,0,0,0,0,0,0,0,104,216,166,0,0,0,0,0,0,0,0,0,0,0,0,0,0,0,0,0,0,0,0,0,98188,540542,433753,0,0,0,-1.0,-1.0
1660076482263,28.991001,0.88584477,1.0,1.0,1.0,1.0,1.0,1.0,0.03846154,1.0,36.300003,36.600002,35.600002,36.9,36.600002,36.600002,36.300003,38.300003,36.600002,38.300003,33.9,34.300003,4186447,-285339,1075200,1075200,1075200,1075200,1075200,1075200,652800,1401600,0,0,0,0,0,0,0,0,0,0,0,0,0,0,0,0,0,0,140,239,152,0,0,0,0,0,0,0,0,0,0,0,0,0,0,0,0,0,0,0,0,0,127613,552382,415510,0,0,0,-1.0,-1.0
1660076483442,29.000002,0.8844444,1.0,1.0,1.0,1.0,1.0,1.0,0.0,1.0,36.600002,36.600002,36.300003,36.9,37.300003,37.300003,36.300003,38.300003,36.9,38.600002,34.300003,34.300003,4183527,-307617,1075200,1075200,1075200,1075200,1075200,1075200,652800,1401600,0,0,0,0,0,0,0,0,0,0,0,0,0,0,0,0,0,0,128,235,155,0,0,0,0,0,0,0,0,0,0,0,0,0,0,0,0,0,0,0,0,0,104802,546435,415855,0,0,0,-1.0,-1.0
1660076484594,29.003002,0.8783784,1.0,1.0,1.0,1.0,1.0,1.0,0.0,1.0,36.600002,36.600002,36.300003,36.9,36.9,36.600002,36.300003,38.300003,36.600002,38.300003,33.9,34.300003,4186057,-311889,1075200,1075200,1075200,1075200,1075200,1075200,652800,1401600,0,0,0,0,0,0,0,0,0,0,0,0,0,0,0,0,0,0,110,220,161,0,0,0,0,0,0,0,0,0,0,0,0,0,0,0,0,0,0,0,0,0,106344,540083,423702,0,0,0,-1.0,-1.0
1660076485762,29.000002,0.88461536,1.0,1.0,1.0,1.0,1.0,1.0,0.0,1.0,36.9,36.9,36.300003,36.9,36.9,36.9,36.600002,38.300003,36.9,38.300003,34.300003,34.300003,4184500,-309448,1075200,1075200,1075200,1075200,1075200,1075200,652800,1401600,0,0,0,0,0,0,0,0,0,0,0,0,0,0,0,0,0,0,116,228,159,0,0,0,0,0,0,0,0,0,0,0,0,0,0,0,0,0,0,0,0,0,108660,552956,424749,0,0,0,-1.0,-1.0
1660076486956,29.003002,0.88793105,1.0,1.0,1.0,1.0,1.0,1.0,0.035714287,1.0,36.300003,36.600002,36.300003,36.9,36.9,36.9,36.600002,38.300003,36.600002,38.300003,33.9,34.300003,4184306,-303344,1075200,1075200,1075200,1075200,1075200,1075200,652800,1401600,0,0,0,0,0,0,0,0,0,0,0,0,0,0,0,0,0,0,138,216,166,0,0,0,0,0,0,0,0,0,0,0,0,0,0,0,0,0,0,0,0,0,135255,509329,421787,0,0,0,-1.0,-1.0
1660076488096,29.012001,0.88235295,1.0,1.0,1.0,1.0,1.0,1.0,0.0,1.0,36.600002,36.9,36.300003,36.9,36.9,36.9,36.300003,38.300003,36.9,38.300003,34.300003,34.300003,4182554,-304870,1075200,1075200,1075200,1075200,1075200,1075200,652800,1401600,0,0,0,0,0,0,0,0,0,0,0,0,0,0,0,0,0,0,127,235,150,0,0,0,0,0,0,0,0,0,0,0,0,0,0,0,0,0,0,0,0,0,123344,558872,397394,0,0,0,-1.0,-1.0
1660076489291,29.018002,0.88372093,1.0,1.0,1.0,1.0,1.0,1.0,0.0,1.0,36.600002,36.600002,35.9,36.600002,36.9,36.600002,36.300003,38.300003,36.9,38.300003,34.300003,33.9,4185084,-317688,1075200,1075200,1075200,1075200,1075200,1075200,652800,1401600,0,0,0,0,0,0,0,0,0,0,0,0,0,0,0,0,0,0,135,237,161,0,0,0,0,0,0,0,0,0,0,0,0,0,0,0,0,0,0,0,0,0,99860,570238,447455,0,0,0,-1.0,-1.0
1660076490489,29.021002,0.8839286,1.0,1.0,1.0,1.0,1.0,1.0,0.03846154,1.0,36.300003,36.600002,36.300003,36.600002,36.600002,36.9,36.300003,38.300003,36.9,38.600002,34.300003,34.300003,4185279,-301819,1075200,1075200,1075200,1075200,1075200,1075200,652800,1401600,0,0,0,0,0,0,0,0,0,0,0,0,0,0,0,0,0,0,147,221,167,0,0,0,0,0,0,0,0,0,0,0,0,0,0,0,0,0,0,0,0,0,106930,559564,447637,0,0,0,-1.0,-1.0
1660076491724,29.027,0.9305556,1.0,1.0,1.0,1.0,1.0,1.0,0.44444445,1.0,36.600002,36.600002,35.9,36.9,36.600002,36.600002,35.9,37.9,36.9,38.300003,34.300003,33.9,4183916,-303955,1075200,1075200,1075200,1075200,1075200,1075200,652800,1401600,0,0,0,0,0,0,0,0,0,0,0,0,0,0,0,0,0,0,119,237,177,0,0,0,0,0,0,0,0,0,0,0,0,0,0,0,0,0,0,0,0,0,123333,556578,462239,0,0,0,-1.0,-1.0
1660076492952,29.024002,0.9078341,1.0,1.0,1.0,1.0,1.0,1.0,0.23076923,1.0,38.300003,38.600002,37.9,38.9,38.9,39.300003,38.300003,38.9,38.9,39.600002,35.300003,35.600002,4155694,-630798,1075200,1075200,1075200,1075200,1075200,1075200,652800,1401600,0,0,0,0,0,0,0,0,0,0,0,0,0,0,0,0,0,0,635,157,106,0,0,0,0,0,0,0,0,0,0,0,0,0,0,0,0,0,0,0,0,0,184262,376037,297803,0,0,0,-1.0,-1.0
