1660084110109,27.295002,0.13690476,0.0952381,0.05263158,0.1,0.14285715,0.18181819,0.1,0.04761905,0.27272728,33.300003,33.600002,33.300003,33.600002,33.9,33.9,34.300003,34.600002,34.9,36.300003,31.600002,31.600002,4015361,-566711,1075200,1075200,1075200,1075200,1075200,1075200,652800,1401600,4870355,148786,1113403,4920538,145655,1122431,2252674,247518,981944,2297020,255966,1004725,2131239,240839,1103315,2148691,251375,1154469,1421693,308346,562171,765812,61658,349891,6381743502,332692467,36232453703,6279866887,311633737,36274617135,1834210514,567373857,40824011301,1866014254,583939009,40781400044,1752942712,556369916,40609960260,1785926120,583737484,40592327273,1027599835,706489554,43102575812,582067326,141318350,42553501205,-1.0,-1.0
1660084111099,27.292002,0.121212125,0.14285715,0.05263158,0.05,0.0952381,0.14285715,0.0,0.2173913,0.15,31.900002,31.600002,31.300001,31.900002,31.900002,31.600002,31.600002,31.900002,31.900002,32.600002,30.600002,30.900002,4035019,-359802,1075200,1075200,1075200,1075200,1075200,1075200,652800,1401600,645,0,0,754,0,0,270,46,83,272,47,86,282,49,85,240,31,92,147,17,94,74,8,72,751822,0,0,783754,0,0,223426,96585,445908,278969,101781,357269,288742,115709,357970,238240,76829,438325,90640,62915,684004,43719,29574,509775,-1.0,-1.0
1660084112119,27.286001,0.29239765,0.36842105,0.21052632,0.2857143,0.3181818,0.33333334,0.2857143,0.18181819,0.36363637,31.300001,30.900002,30.600002,31.300001,31.300001,31.300001,30.900002,31.600002,31.600002,31.600002,30.600002,30.300001,4054483,-165100,1075200,1075200,1075200,1075200,1075200,1075200,652800,1401600,372,16,34,577,25,61,218,27,60,190,37,99,363,28,64,463,20,59,114,12,94,75,7,57,493127,30980,279255,524549,48294,300211,180031,53463,564447,169156,95723,583517,157893,68709,604145,137785,40958,569213,84982,14691,779832,50716,28857,726141,-1.0,-1.0
1660084113114,27.277,0.16847827,0.1,0.2173913,0.13636364,0.13043478,0.18181819,0.13043478,0.08695652,0.13636364,32.300003,32.600002,31.900002,32.600002,32.600002,32.600002,32.600002,32.600002,32.600002,32.9,31.600002,31.600002,4037355,-347900,1075200,1075200,1075200,1075200,1075200,1075200,652800,1401600,1452,0,12,1756,1,13,538,13,20,370,7,29,1037,16,19,428,6,22,366,4,21,345,2,24,565734,0,198322,651082,4216,192548,466152,29871,317509,467388,13723,318022,469206,39121,295086,465453,5741,332773,496826,13100,378723,388280,1651,373355,-1.0,-1.0
1660084114152,27.283,0.21910113,0.25,0.1904762,0.26086956,0.18181819,0.33333334,0.33333334,0.09090909,0.27272728,33.300003,33.600002,33.300003,33.9,33.9,33.9,33.600002,33.9,33.9,34.600002,32.9,32.9,4015166,-682678,1075200,1075200,1075200,1075200,1075200,1075200,652800,1401600,967,1,7,1145,0,8,466,23,52,449,20,48,370,9,34,409,18,26,309,26,81,256,23,35,726921,2759,54223,757643,0,57323,537072,39412,211857,500864,48000,289995,415744,16013,240144,442712,35297,219330,503023,48004,364176,412740,39686,258900,-1.0,-1.0
1660084115243,27.271002,0.20512821,0.33333334,0.25,0.13043478,0.17391305,0.23076923,0.20833333,0.045454547,0.2,32.300003,32.600002,31.900002,32.300003,32.300003,32.600002,32.300003,32.600002,32.600002,32.600002,31.900002,31.600002,4012831,-641479,1075200,1075200,1075200,1075200,1075200,1075200,652800,1401600,882,0,6,1016,3,23,313,42,90,374,56,84,284,23,76,174,29,77,123,29,122,306,61,134,731117,0,161783,731129,9128,133264,252930,78065,503242,300432,105224,444157,182258,43095,566924,154609,68519,469607,128768,72961,776330,228151,99299,548454,29.11286842105263,0.5827894736842105
1660084116309,27.271002,0.11578947,0.13636364,0.2173913,0.04,0.25,0.115384616,0.083333336,0.04347826,0.12,33.600002,33.300003,33.300003,33.300003,33.300003,32.9,32.9,33.300003,33.300003,33.300003,32.9,32.600002,3956191,-1107788,1075200,1075200,1075200,1075200,1075200,1075200,652800,1401600,685,38,22,1093,19,25,314,47,91,474,73,84,349,50,84,169,26,64,94,49,133,269,71,153,678511,75356,37539,761025,25683,44472,274781,92472,497066,422941,141192,255609,303635,82521,386726,153848,50308,586507,132969,158086,671070,244731,114230,500653,265.1206124401914,0.4000765550239235
1660084117371,27.283,0.2195122,0.42307693,0.29166666,0.115384616,0.17391305,0.23076923,0.25925925,0.1923077,0.07692308,34.300003,33.9,33.600002,33.9,33.9,33.300003,33.300003,33.600002,33.600002,33.9,33.600002,33.300003,3946459,-1111756,1075200,1075200,1075200,1075200,1075200,1075200,652800,1401600,661,47,56,932,35,65,188,40,71,393,64,86,173,34,55,235,19,59,277,104,145,265,89,161,654363,75636,94095,650189,41097,106254,163408,116745,508505,409871,126886,258349,175476,70101,447650,210263,38371,522403,254644,202933,491047,248497,213889,492547,891.7472411575563,0.7209774919614148
1660084118447,27.301,0.1734104,0.3181818,0.23809524,0.17391305,0.14285715,0.13043478,0.04761905,0.22727273,0.09090909,35.600002,35.300003,34.600002,34.9,34.9,34.9,34.600002,35.300003,35.600002,36.300003,34.600002,34.300003,3937701,-1369935,1075200,1075200,1075200,1075200,1075200,1075200,652800,1401600,866,35,24,1179,29,57,216,40,98,380,82,92,154,25,74,331,63,86,269,77,207,369,110,202,741234,50543,43614,766310,39488,87655,210938,99094,596035,395195,168229,303998,153352,54988,707279,321399,110700,358794,285209,171053,494248,325013,215311,442282,1172.353697749196,0.811266881028939
1660084119487,27.349,0.3483146,0.33333334,0.22727273,0.08695652,0.0952381,0.8695652,0.6086956,0.26086956,0.22727273,36.600002,36.300003,35.600002,35.600002,35.600002,35.300003,35.300003,35.9,35.300003,35.9,35.300003,34.9,3955997,-988465,1075200,1075200,1075200,1075200,1075200,1075200,652800,1401600,808,17,26,1176,21,48,460,94,99,421,65,87,216,35,90,171,27,75,357,77,205,399,101,199,659896,33825,47932,696453,22097,89614,448563,147310,227082,401720,107455,285339,209446,43751,500028,164787,59410,510876,315296,127979,427420,355156,142302,410077,1127.220785046729,0.6479750778816199
1660084120544,27.402,0.26865673,0.48,0.34615386,0.2,0.24,0.1923077,0.34615386,0.25,0.083333336,36.9,36.9,36.300003,36.9,36.600002,36.600002,36.300003,36.600002,36.9,37.300003,36.600002,35.9,3942177,-1301575,1075200,1075200,1075200,1075200,1075200,1075200,652800,1401600,937,31,47,1155,32,61,232,47,103,306,56,103,99,8,18,75,12,36,396,95,220,612,175,120,807641,41166,63793,759179,37754,84894,229846,100525,612896,350581,105220,414054,83353,11290,43443,71237,38960,410380,354750,128274,388652,406614,236103,205587,1250.3729823434992,0.729836276083467
1660084121615,27.462002,0.2247191,0.33333334,0.22727273,0.1,0.22727273,0.09090909,0.39130434,0.13636364,0.13043478,37.600002,37.600002,36.9,36.9,37.300003,37.300003,36.9,36.9,37.300003,37.300003,36.600002,36.300003,3926217,-1328431,1075200,1075200,1075200,1075200,1075200,1075200,652800,1401600,944,28,34,1226,34,54,449,86,100,350,57,94,116,17,53,139,29,81,368,132,196,356,122,199,748135,36006,42892,739411,42994,64628,418079,143173,282642,358840,101825,322588,94476,38529,643163,155248,72925,575616,319543,219470,386568,315836,206944,443264,1270.6396883116884,0.8205194805194805
1660084122649,27.527,0.23428571,0.2857143,0.2857143,0.1,0.22727273,0.27272728,0.25,0.4,0.18181819,38.300003,38.300003,37.300003,37.9,37.300003,37.300003,36.9,37.9,37.600002,38.600002,37.300003,36.600002,3929331,-1259156,1075200,1075200,1075200,1075200,1075200,1075200,652800,1401600,935,28,33,997,33,58,459,88,107,408,72,69,157,35,71,211,30,79,315,69,208,366,110,208,739959,36004,43440,664788,52119,89868,448997,132119,240690,417698,151640,232231,153389,85616,535708,196507,53723,487668,318243,129738,453859,341443,189021,393847,1311.4850196078432,0.8687058823529412
1660084123668,27.607002,0.26344085,0.39130434,0.3043478,0.13043478,0.26086956,0.22727273,0.25,0.33333334,0.18181819,38.9,38.600002,37.9,38.300003,38.300003,37.9,37.9,38.300003,38.600002,38.600002,37.9,37.600002,3914539,-1367188,1075200,1075200,1075200,1075200,1075200,1075200,652800,1401600,978,21,31,1195,31,54,451,99,81,338,52,85,324,54,80,115,15,54,301,81,206,313,103,196,758808,25142,44514,757301,34785,71378,466074,168738,231732,359568,101312,345259,292529,93997,509121,115745,38920,634141,299967,147800,441369,283082,169970,458751,1431.964405063291,0.9866835443037975
1660084124711,27.673002,0.19337016,0.45454547,0.14285715,0.08695652,0.13043478,0.2173913,0.13043478,0.17391305,0.13043478,39.300003,38.9,38.300003,38.300003,38.300003,38.300003,37.600002,38.600002,37.9,38.600002,38.300003,37.600002,3914344,-1420899,1075200,1075200,1075200,1075200,1075200,1075200,652800,1401600,1082,22,33,1244,33,69,423,72,105,364,49,101,319,30,73,219,52,84,338,96,209,437,132,167,778386,29997,38882,804341,41432,95396,473241,106986,303450,387239,95012,343340,258060,42916,595322,248838,99561,421227,323160,163494,439765,371769,233717,335640,1575.6865370675455,1.0149851729818782
1660084125744,27.756,0.25,0.3,0.27272728,0.17391305,0.22727273,0.29166666,0.13636364,0.3043478,0.25,39.600002,38.9,38.300003,38.9,38.600002,38.600002,37.9,38.9,38.600002,38.9,38.600002,37.9,3921157,-1409913,1075200,1075200,1075200,1075200,1075200,1075200,652800,1401600,1025,7,18,1282,29,46,426,65,116,421,51,99,248,39,94,160,27,53,341,66,245,483,188,151,733625,7089,22201,772281,28427,54777,407616,108594,377869,442269,98271,287151,242174,79868,553662,149115,63318,551271,350063,100397,438913,391618,275169,248485,1696.9752079207922,1.1587590759075908
1660084126760,27.837002,0.35428572,0.5652174,0.4,0.14285715,0.45454547,0.2857143,0.27272728,0.2857143,0.3043478,39.9,39.9,38.9,39.300003,39.300003,38.9,38.600002,39.300003,38.9,39.9,38.9,38.600002,3916874,-1404725,1075200,1075200,1075200,1075200,1075200,1075200,652800,1401600,1031,12,25,1210,18,36,443,55,119,402,44,96,201,49,101,162,27,62,381,53,249,475,160,162,749360,14067,37156,777648,21824,47431,439295,91580,315325,437586,69423,274823,212044,108176,480943,145256,53851,639203,367219,80657,428113,375873,236463,276157,1920.0857557755776,1.3900990099009902
1660084127761,27.908,0.2556818,0.42857143,0.375,0.0952381,0.47619048,0.1,0.20833333,0.17391305,0.2173913,40.600002,40.300003,39.9,39.9,39.9,39.600002,39.300003,39.9,39.600002,40.600002,39.600002,39.300003,3917653,-1382447,1075200,1075200,1075200,1075200,1075200,1075200,652800,1401600,1068,13,17,1082,15,62,416,74,115,412,51,89,327,55,85,145,20,71,400,65,228,539,171,159,762625,13240,22053,759854,19788,65978,377722,122885,295815,436840,100257,231976,304644,83883,341955,135337,55448,642445,362625,92959,385219,403574,235451,225961,2070.737967637541,1.4499417475728156
1660084128784,27.997002,0.4054054,0.4090909,0.3181818,0.17391305,0.3043478,0.48,0.9583333,0.30769232,0.27272728,41.300003,40.9,40.300003,40.600002,40.300003,40.300003,39.600002,40.9,39.9,41.300003,40.300003,39.600002,3917264,-1386414,1075200,1075200,1075200,1075200,1075200,1075200,652800,1401600,1251,4,13,1253,9,30,436,75,112,551,54,88,167,34,64,319,59,93,409,61,270,602,222,128,860838,3677,19131,805168,9394,28586,429566,108111,285536,543459,88859,139969,165167,74105,515678,325728,87463,408654,391917,82080,399296,428420,284450,164713,2003.3401779242174,1.5433805601317958
1660084129796,28.069002,0.25252524,0.3846154,0.41666666,0.2,0.29166666,0.28,0.14814815,0.125,0.20833333,41.9,41.600002,40.9,41.300003,40.9,40.300003,40.300003,41.300003,40.600002,41.9,40.600002,39.9,3910841,-1342469,1075200,1075200,1075200,1075200,1075200,1075200,652800,1401600,1054,4,11,1209,8,28,340,83,106,579,45,69,141,27,42,135,36,78,522,45,210,465,111,225,755374,4509,11325,740105,7284,27910,341217,138660,257297,524687,67435,105971,117380,60689,384440,177383,81613,443327,472282,70818,336541,349356,148744,341642,2079.6390938511327,1.5260064724919093
1660084130840,28.149002,0.252809,0.5652174,0.25,0.16666667,0.2,0.13636364,0.22727273,0.14285715,0.2173913,42.300003,41.600002,41.300003,41.600002,41.300003,40.600002,40.300003,41.300003,40.9,41.600002,40.600002,40.600002,3911035,-1360779,1075200,1075200,1075200,1075200,1075200,1075200,652800,1401600,1230,5,8,1277,6,58,472,69,97,694,40,62,266,44,72,296,50,90,383,68,269,511,80,261,894951,5764,6054,806713,6711,60184,470505,107461,336598,634267,52022,107917,253715,73467,401671,308305,85397,504475,353663,92498,475636,407160,98985,384989,2071.2844582043344,1.5463529411764707
1660084131891,28.235,0.27218935,0.5,0.4,0.26086956,0.3,0.23809524,0.05,0.13636364,0.23809524,42.300003,41.9,41.300003,41.9,41.9,41.600002,40.600002,41.9,41.300003,41.9,41.300003,40.600002,3909673,-1391907,1075200,1075200,1075200,1075200,1075200,1075200,652800,1401600,1147,3,5,1341,15,39,435,97,101,647,44,86,228,39,96,250,53,87,427,70,266,540,66,265,804447,3100,4903,844100,13163,26914,432868,160273,243767,625402,65276,135408,235519,75674,482053,245338,101862,519293,371645,104701,411909,439865,88788,370135,2102.4423344262295,1.4873704918032786
1660084132887,28.313002,0.34848484,0.5769231,0.3043478,0.23076923,0.3846154,0.84,0.13043478,0.08695652,0.1923077,42.9,42.600002,41.600002,41.9,41.9,41.600002,41.300003,41.9,41.9,42.300003,41.600002,40.9,3920962,-1374512,1075200,1075200,1075200,1075200,1075200,1075200,652800,1401600,1187,4,5,1204,11,25,214,35,92,714,41,58,222,31,65,226,41,94,381,86,241,504,100,233,742151,4331,4888,719215,8837,21953,217034,65131,605191,629565,55253,72293,191298,41574,503622,212494,97623,573102,322874,130197,425538,378277,122912,329720,2101.667498392283,1.4807459807073955
1660084133932,28.396002,0.17977528,0.45833334,0.3478261,0.13636364,0.15789473,0.08695652,0.13636364,0.083333336,0.09090909,43.300003,42.600002,41.9,42.9,42.9,42.300003,41.300003,42.300003,41.600002,42.600002,41.9,41.300003,3902277,-1422120,1075200,1075200,1075200,1075200,1075200,1075200,652800,1401600,1163,13,12,1303,11,33,338,87,102,637,37,67,118,31,60,370,72,98,363,70,268,598,89,221,810261,11161,9580,805412,11188,25861,376097,171275,350951,582720,59148,163466,131253,61910,404560,399763,120258,232743,338019,117774,473776,425333,120875,323962,2104.365345736434,1.3118511627906975
1660084134990,28.471,0.3272727,0.5,0.45454547,0.05263158,0.44444445,0.3,0.33333334,0.1,0.2,43.300003,43.300003,42.300003,42.300003,42.300003,42.300003,41.9,42.9,41.9,43.300003,42.300003,41.600002,3902861,-1434022,1075200,1075200,1075200,1075200,1075200,1075200,652800,1401600,1285,4,13,1318,14,40,403,84,135,652,40,73,250,34,84,262,50,103,293,111,260,627,191,135,870646,3849,11106,840455,14504,35554,402614,140416,334722,578786,72407,168663,251489,52130,557470,240500,102760,505541,300056,187559,467314,445589,242603,183967,2097.838708401977,1.4282438220757825
1660084135999,28.557001,0.21764706,0.31578946,0.54545456,0.14285715,0.25,0.0952381,0.1,0.0952381,0.17391305,43.600002,43.300003,42.600002,42.9,42.9,42.600002,42.300003,43.300003,42.600002,43.600002,42.600002,41.9,3909089,-1343995,1075200,1075200,1075200,1075200,1075200,1075200,652800,1401600,1140,3,12,1189,23,28,215,41,90,615,42,71,377,54,103,302,46,83,418,80,224,519,97,202,720128,3776,12968,757016,23985,25462,179692,102810,588013,565638,50406,97926,312486,82460,390598,248615,72610,363973,383554,113333,350747,410694,118011,288009,2101.5451073094864,1.434973561430793
1660084137021,28.628002,0.19387755,0.29166666,0.48,0.13043478,0.17391305,0.115384616,0.041666668,0.12,0.16,44.300003,43.600002,42.9,43.300003,42.9,42.9,42.300003,43.300003,42.600002,43.600002,42.9,41.9,3904028,-1408997,1075200,1075200,1075200,1075200,1075200,1075200,652800,1401600,1323,4,11,1286,5,30,323,56,110,717,36,65,302,50,73,339,47,102,372,81,259,474,80,251,837965,2434,9178,781613,3393,21374,324085,89195,452653,633272,49708,93805,287491,109478,419940,315793,81179,450891,337962,117820,438935,401198,113374,343954,2100.5055057283143,1.4386382978723404
1660084138069,28.712002,0.19387755,0.39130434,0.44,0.0,0.22727273,0.15384616,0.115384616,0.083333336,0.083333336,44.600002,43.9,43.9,43.600002,43.600002,43.600002,43.300003,43.300003,43.600002,43.600002,43.300003,42.600002,3898384,-1508790,1075200,1075200,1075200,1075200,1075200,1075200,652800,1401600,1345,2,2,1195,11,44,422,55,118,691,43,67,248,46,90,182,41,88,321,73,258,626,83,236,867445,528,2068,753048,14832,37846,445783,69527,343453,638559,56629,131958,267079,83660,459944,191570,102845,561515,313045,111636,449444,461082,98963,314929,2099.612164203613,1.5219178981937602
1660084139099,28.792002,0.21511628,0.2857143,0.45454547,0.22727273,0.33333334,0.14285715,0.13043478,0.04761905,0.0952381,44.600002,44.300003,43.600002,43.600002,43.300003,43.300003,42.9,43.9,43.300003,43.9,43.300003,42.600002,3900914,-1392518,1075200,1075200,1075200,1075200,1075200,1075200,652800,1401600,1181,4,11,1177,8,37,367,63,100,690,29,71,385,69,97,108,17,74,379,81,250,513,88,237,816778,3166,10986,753866,8653,37909,361608,103393,428357,667274,37695,99867,409136,138826,319481,101774,39398,698559,383500,131968,407014,409337,130535,351103,2099.5977368421054,1.475842105263158
1660084140127,28.866001,0.21637426,0.3181818,0.5,0.05,0.31578946,0.13636364,0.0952381,0.05,0.2173913,44.9,44.300003,43.9,43.600002,43.300003,43.300003,42.9,44.300003,43.600002,44.600002,43.600002,42.600002,3902082,-1363526,1075200,1075200,1075200,1075200,1075200,1075200,652800,1401600,1236,3,6,1181,8,31,446,77,102,707,32,80,361,77,107,158,26,58,318,82,254,517,77,245,803270,2620,4098,774785,9274,23334,418872,120618,300124,656658,36660,107510,373038,152425,369504,142910,70946,598245,301960,144992,476517,416824,95407,357504,2080.622394984326,1.3705830721003134
1660084141157,28.944002,0.3699422,0.4090909,0.2857143,0.59090906,0.54545456,0.4090909,0.22727273,0.04761905,0.45454547,44.9,44.9,43.9,44.300003,44.300003,43.9,43.600002,44.600002,44.300003,44.9,43.9,43.300003,3890404,-1473084,1075200,1075200,1075200,1075200,1075200,1075200,652800,1401600,1353,2,8,1306,4,21,491,82,99,683,36,68,454,83,111,195,42,63,336,50,248,524,79,258,907692,1326,5745,800163,1291,12337,467311,124521,268364,632214,47847,107430,425544,123423,236742,189282,89595,547525,307577,82519,487801,403954,109920,348569,2100.365424148607,1.3806563467492259
1660084142239,29.033,0.21468927,0.3809524,0.22727273,0.08695652,0.47619048,0.14285715,0.13636364,0.08695652,0.16666667,45.9,45.600002,45.300003,45.300003,45.300003,45.300003,44.600002,45.600002,44.9,46.300003,44.300003,43.600002,3892934,-1541749,1075200,1075200,1075200,1075200,1075200,1075200,652800,1401600,1203,5,9,1338,21,25,213,60,72,684,35,68,142,29,49,161,28,65,384,105,248,669,124,143,783510,4658,7362,774561,18256,20947,172488,152970,242654,517873,49446,95888,105520,64419,402008,151007,50678,340259,327981,150724,460406,413071,124693,186548,2100.327082390953,1.409292407108239
1660084143261,29.101002,0.30057803,0.4,0.36363637,0.1904762,0.42105263,0.23809524,0.22727273,0.28,0.27272728,45.600002,44.9,44.600002,44.9,44.300003,44.300003,43.9,44.9,44.300003,44.9,44.300003,43.600002,3903055,-1360779,1075200,1075200,1075200,1075200,1075200,1075200,652800,1401600,1200,6,4,1229,7,38,285,64,86,549,39,53,300,65,85,183,26,53,326,74,234,526,77,239,812592,5173,3188,763758,4708,29715,299279,147027,352070,516584,58149,93481,296766,109092,413554,178581,47325,440970,290729,115773,464096,396820,100125,335927,2099.9928655737704,1.4164459016393445
1660084144282,29.191002,0.1919192,0.45833334,0.24,0.26923078,0.2173913,0.041666668,0.11111111,0.08,0.083333336,45.9,45.600002,44.9,45.600002,44.9,44.9,44.600002,45.600002,45.300003,45.9,44.600002,44.300003,3897216,-1515809,1075200,1075200,1075200,1075200,1075200,1075200,652800,1401600,1323,0,3,1387,4,14,437,85,110,619,43,69,427,77,96,201,40,85,352,84,244,527,87,242,824923,0,1396,832176,2580,12546,433986,135499,287926,610871,51326,99335,402690,139923,256628,212466,87179,479089,325126,118474,430849,392913,117496,345175,2100.8705681444994,1.4973267651888342
1660084145335,29.28,0.20338982,0.33333334,0.3043478,0.08695652,0.42857143,0.15789473,0.09090909,0.09090909,0.09090909,46.300003,45.600002,44.9,44.9,44.600002,44.600002,43.9,44.9,44.9,45.600002,44.600002,43.9,3905002,-1348572,1075200,1075200,1075200,1075200,1075200,1075200,652800,1401600,1220,7,10,1205,22,46,233,68,94,633,35,73,242,66,93,155,31,67,358,77,249,517,97,261,817016,6827,9041,805451,21151,39068,280963,133845,457995,636948,50486,138555,244278,149290,538271,158297,73923,594292,357049,122677,476853,409138,122952,375787,2100.8787096774195,1.4217806451612904
1660084146358,29.351002,0.27218935,0.3888889,0.2631579,0.10526316,0.42857143,0.1904762,0.1904762,0.3181818,0.14285715,45.9,45.600002,45.300003,44.9,45.300003,44.9,44.300003,45.300003,44.600002,45.600002,44.9,44.300003,3905002,-1442261,1075200,1075200,1075200,1075200,1075200,1075200,652800,1401600,1308,5,2,1264,10,22,427,86,112,595,35,63,194,29,81,415,71,104,314,86,219,554,106,230,887327,6330,2694,807135,8032,16047,437714,129772,286470,590399,52056,102461,163278,62503,542691,401703,105996,321433,295995,143847,459689,392530,132404,331895,2105.705391304348,1.3831055900621119
1660084147396,29.423002,0.23255815,0.33333334,0.36363637,0.3478261,0.3,0.2173913,0.1904762,0.04761905,0.1,46.600002,45.9,45.300003,45.9,45.600002,44.9,44.600002,45.600002,45.300003,45.9,45.300003,44.600002,3886900,-1510621,1075200,1075200,1075200,1075200,1075200,1075200,652800,1401600,1247,2,9,1509,3,19,282,44,110,679,45,74,411,59,88,305,52,83,291,81,226,601,104,234,831001,1284,8685,856778,2746,17269,261118,82768,581680,583589,65838,107259,367309,89920,302160,272738,109675,449639,295684,144405,432160,417446,141407,330041,2100.6062660098523,1.4631724137931035
1660084148441,29.506,0.21578947,0.5,0.3043478,0.2,0.29166666,0.045454547,0.24,0.083333336,0.13043478,46.600002,45.9,45.9,45.9,45.9,45.9,45.300003,46.300003,45.600002,46.600002,45.300003,44.600002,3895075,-1491395,1075200,1075200,1075200,1075200,1075200,1075200,652800,1401600,1177,7,10,1306,10,35,220,43,84,624,34,75,240,37,70,115,28,66,336,102,235,539,97,231,781759,6377,8478,773906,9897,30923,220163,101153,553137,619515,46453,125871,237728,75687,448247,124152,82225,631457,317426,173612,446344,417534,127550,332466,2097.068358974359,1.46
1660084149488,29.587002,0.24365482,0.53846157,0.2,0.2,0.26086956,0.2,0.2,0.16,0.125,46.600002,46.600002,45.9,45.9,45.600002,45.600002,45.300003,46.9,45.9,47.300003,45.600002,44.9,3883786,-1463318,1075200,1075200,1075200,1075200,1075200,1075200,652800,1401600,1186,8,8,1359,6,21,214,33,94,649,53,67,387,57,99,268,37,80,351,91,237,548,95,216,838787,7860,7080,794810,6862,16047,212795,71442,603016,598062,84237,132130,378565,76197,385159,220941,76774,511920,324753,161205,448915,413554,125448,309827,2069.6659409020217,1.4233281493001555
1660084150545,29.652002,0.29142857,0.45454547,0.3,0.2857143,0.41666666,0.22727273,0.17391305,0.26086956,0.23809524,46.9,46.600002,45.9,45.9,45.9,45.600002,45.300003,46.300003,45.600002,46.300003,45.600002,44.9,3901498,-1383057,1075200,1075200,1075200,1075200,1075200,1075200,652800,1401600,1309,3,10,1548,9,18,373,63,93,716,40,75,368,42,77,339,41,119,381,79,243,514,108,246,850176,3063,11710,842902,4911,14959,369443,106161,402688,670653,51968,95437,347685,64863,415676,357332,61596,447030,365345,121066,414965,398468,157255,349119,2087.5700869565217,1.4747329192546583
1660084151577,29.720001,0.25641027,0.44,0.36,0.24,0.29166666,0.20833333,0.2,0.20833333,0.16666667,46.9,46.9,46.300003,46.600002,46.300003,46.300003,45.600002,46.600002,45.9,46.600002,46.300003,45.300003,3895464,-1518555,1075200,1075200,1075200,1075200,1075200,1075200,652800,1401600,1264,3,14,1390,11,22,246,42,88,617,20,46,248,44,49,229,40,91,325,79,252,498,109,245,783651,1518,11378,804433,9592,21251,254347,78606,524175,552950,24658,53842,214055,83196,331599,213619,77403,596369,337843,121385,434291,378854,132233,347589,2080.1539472868217,1.5414573643410854
1660084152645,29.804,0.24705882,0.31578946,0.23809524,0.3181818,0.25,0.18181819,0.1904762,0.18181819,0.27272728,47.600002,47.300003,46.300003,46.9,46.600002,46.300003,45.9,46.600002,46.300003,46.9,46.300003,45.600002,3881645,-1529847,1075200,1075200,1075200,1075200,1075200,1075200,652800,1401600,1309,7,11,1418,13,37,334,70,103,724,41,69,187,33,74,422,78,117,551,48,167,516,76,251,848394,5430,10756,811109,12689,27430,312186,149632,440720,677720,55678,109542,178662,87018,562571,403664,143164,331961,542977,73952,306410,435362,100474,376716,2101.218161449753,1.5043163097199341
1660084153686,29.875002,0.2228261,0.39130434,0.27272728,0.0,0.23809524,0.045454547,0.3478261,0.16666667,0.13043478,47.600002,47.600002,46.600002,46.300003,46.600002,46.300003,45.9,46.9,46.300003,47.300003,45.9,45.300003,3888457,-1429444,1075200,1075200,1075200,1075200,1075200,1075200,652800,1401600,1358,3,13,1389,6,37,252,51,91,709,46,60,133,9,55,469,71,95,341,81,241,461,102,244,890175,2711,13890,832848,4713,29206,208284,134527,559252,675448,72457,78130,120981,17077,726309,436943,111674,209244,351473,125208,451414,384028,134072,368523,2101.736397515528,1.400447204968944
1660084154725,29.938002,0.27108434,0.4,0.35,0.2857143,0.33333334,0.1,0.18181819,0.15,0.2857143,47.600002,47.300003,46.600002,46.9,46.300003,46.600002,45.9,46.9,46.300003,47.600002,46.600002,45.600002,3893713,-1399842,1075200,1075200,1075200,1075200,1075200,1075200,652800,1401600,1132,3,6,1312,6,27,319,58,125,723,36,59,296,65,103,166,33,55,332,117,221,491,82,248,747662,3494,6127,767475,5078,18641,316461,116291,478161,644794,49706,71684,283449,131950,445815,150330,70603,525434,316093,185008,394208,379682,112143,374126,2100.665484400657,1.5396781609195402
1660084155726,30.007002,0.20710059,0.33333334,0.36363637,0.14285715,0.2857143,0.10526316,0.0952381,0.0952381,0.18181819,47.600002,47.300003,46.300003,46.9,46.600002,46.600002,45.9,46.9,46.600002,47.300003,46.600002,45.600002,3892350,-1390992,1075200,1075200,1075200,1075200,1075200,1075200,652800,1401600,1197,2,11,1201,7,42,326,69,117,688,44,60,381,58,73,102,14,61,381,71,256,562,69,195,787249,1236,10388,766533,8363,35000,347083,117889,365701,643953,62526,82970,344900,92043,432740,116668,26689,659735,369466,98240,422838,454848,87483,287541,2101.7014634146344,1.4637788617886178
1660084156767,30.086002,0.25748503,0.33333334,0.4090909,0.27272728,0.2857143,0.15,0.2173913,0.2,0.23809524,47.9,47.300003,46.600002,46.600002,46.600002,46.600002,45.9,46.9,46.300003,47.300003,46.600002,45.600002,3892156,-1388245,1075200,1075200,1075200,1075200,1075200,1075200,652800,1401600,1297,3,7,1269,9,40,349,86,97,728,41,70,516,72,102,239,38,76,324,74,235,544,97,245,817353,3261,5032,815434,9790,32396,353140,211952,333727,679850,51876,96889,456477,115444,249759,235207,62582,519035,337308,124469,443063,399464,123060,364364,2099.2038547854786,1.4271683168316833
1660084157806,30.156002,0.2763819,0.4,0.36,0.2,0.26086956,0.25,0.16,0.125,0.25,47.9,47.600002,46.9,47.300003,46.9,46.9,46.300003,46.9,46.600002,47.300003,46.600002,45.9,3894102,-1365357,1075200,1075200,1075200,1075200,1075200,1075200,652800,1401600,1270,5,11,1227,11,46,364,75,104,703,38,68,398,89,99,109,25,60,356,87,214,535,84,260,888816,3916,6920,806647,10443,40856,350403,156586,361959,640311,52881,110752,343368,171202,312580,124796,74752,638488,374912,146071,390819,412896,122420,371301,2096.5688599348537,1.3509837133550489
1660084158839,30.229002,0.22941177,0.3181818,0.1904762,0.23809524,0.39130434,0.2857143,0.18181819,0.0952381,0.0952381,48.600002,48.600002,47.600002,47.600002,47.300003,47.300003,46.9,47.600002,46.9,47.9,46.9,46.300003,3893129,-1414185,1075200,1075200,1075200,1075200,1075200,1075200,652800,1401600,1141,4,5,1280,4,39,289,72,64,589,39,80,199,31,68,176,30,62,426,69,200,462,59,248,711805,5628,5013,726402,3677,31422,276272,136698,460917,562908,54835,133677,176820,49405,620995,148464,48472,602041,416728,110582,384266,408034,78818,361443,2102.834159349594,1.3853138211382112
1660084159856,30.302002,0.23837209,0.35,0.33333334,0.1,0.3478261,0.18181819,0.09090909,0.2173913,0.29166666,48.300003,47.9,47.300003,47.600002,46.9,47.300003,46.9,47.600002,47.300003,47.9,47.300003,46.300003,3891182,-1428528,1075200,1075200,1075200,1075200,1075200,1075200,652800,1401600,1266,2,9,1365,8,31,487,75,80,600,32,89,416,64,98,144,18,65,316,95,218,481,93,229,816827,811,8897,855144,4737,26681,440891,125450,246995,588292,44482,156665,378239,100811,305025,147307,43129,605913,311438,149999,399905,401509,135319,336913,2104.5534117647057,1.4383267973856209
1660084160875,30.36,0.24175824,0.4347826,0.3478261,0.08695652,0.3478261,0.25,0.04761905,0.17391305,0.28,48.300003,47.9,47.300003,47.600002,47.300003,46.9,46.600002,47.300003,47.300003,47.600002,47.300003,46.300003,3888068,-1452637,1075200,1075200,1075200,1075200,1075200,1075200,652800,1401600,1304,6,12,1311,14,27,461,75,101,670,40,70,159,35,85,117,22,53,292,92,224,505,90,238,861897,5171,10267,748921,11649,25223,432739,105911,281295,654710,47777,93407,169238,72954,638377,148184,47233,635255,304731,138617,471848,389207,115118,362043,2081.1333290113453,1.4543144246353323
1660084161884,30.426,0.22527473,0.3478261,0.3181818,0.13043478,0.23809524,0.27272728,0.125,0.13636364,0.13043478,48.600002,48.300003,47.600002,47.600002,47.300003,47.300003,46.600002,47.600002,47.300003,48.300003,47.600002,46.600002,3886706,-1466981,1075200,1075200,1075200,1075200,1075200,1075200,652800,1401600,1220,4,10,1228,18,47,364,78,100,688,44,77,204,37,67,95,24,61,326,63,237,502,90,246,777106,2787,7068,776817,14210,38433,349260,118150,381821,636294,64610,86584,186309,74623,587029,117645,61540,632654,320094,99853,431288,394342,113015,361769,2101.1609937888197,1.456
1660084162904,30.500002,0.1618497,0.36363637,0.2173913,0.20833333,0.1904762,0.08695652,0.09090909,0.05,0.13636364,48.600002,48.300003,47.600002,47.600002,47.600002,47.600002,46.600002,48.300003,47.300003,48.300003,47.300003,46.600002,3889041,-1442261,1075200,1075200,1075200,1075200,1075200,1075200,652800,1401600,1207,5,19,1293,14,27,418,72,117,684,42,81,223,36,83,137,28,63,364,70,260,445,80,242,823571,6353,15257,780227,10054,17540,434785,114479,298503,626702,56938,115461,216203,61371,558221,140794,63300,613766,366267,107177,427686,380372,107686,371685,2100.995752442997,1.4526123778501627
1660084163944,30.560001,0.18877551,0.3846154,0.2,0.12,0.17391305,0.16,0.24,0.04347826,0.16,48.600002,48.600002,47.9,47.9,47.300003,47.300003,46.9,47.600002,47.600002,48.600002,47.300003,46.9,3897411,-1436768,1075200,1075200,1075200,1075200,1075200,1075200,652800,1401600,1311,1,7,1355,11,23,508,64,114,665,39,76,165,35,82,268,40,93,331,70,254,523,107,236,887041,520,4292,838029,6807,20110,486845,87232,256315,620817,53981,142941,186859,65763,626634,275196,61600,512158,343417,105923,449834,398169,141907,346955,2101.8708459016393,1.4566819672131148
1660084164962,30.630001,0.16860466,0.25,0.3809524,0.0,0.2857143,0.0,0.17391305,0.0952381,0.13636364,48.9,48.9,48.300003,48.300003,47.9,47.300003,47.300003,48.300003,47.600002,48.600002,47.600002,46.9,3882229,-1418458,1075200,1075200,1075200,1075200,1075200,1075200,652800,1401600,1172,6,12,1243,12,30,343,82,118,584,42,78,279,44,73,147,29,81,376,68,249,530,85,240,797829,6488,9233,761634,11217,26140,353148,145961,356718,566206,67151,154195,257626,71447,431082,163116,65589,635979,368331,117130,398619,407655,114889,347194,2062.928923556942,1.3492418096723868
1660084165974,30.694002,0.18032786,0.2857143,0.3181818,0.125,0.22727273,0.045454547,0.13043478,0.125,0.09090909,49.300003,48.600002,47.9,48.300003,47.600002,47.9,47.300003,48.300003,47.300003,48.300003,47.9,46.9,3887095,-1444092,1075200,1075200,1075200,1075200,1075200,1075200,652800,1401600,1154,6,12,1245,11,33,441,65,101,647,45,68,209,36,104,217,33,55,341,61,235,539,85,245,843702,4649,11128,753746,7884,30908,413868,112596,291876,625034,58552,99760,198195,71521,607026,206351,71031,568629,322779,80362,438788,405431,113073,362802,2104.5707626841245,1.4379574468085108
1660084166973,30.764002,0.16129032,0.4090909,0.29166666,0.083333336,0.18181819,0.12,0.0,0.083333336,0.16666667,48.9,48.600002,47.9,48.300003,48.300003,47.9,47.300003,47.9,47.600002,48.600002,47.600002,46.9,3890209,-1408387,1075200,1075200,1075200,1075200,1075200,1075200,652800,1401600,1106,9,4,1295,9,21,308,64,100,707,26,69,141,18,77,383,57,108,327,60,234,486,96,257,798748,8429,4018,811798,7633,14681,280740,141872,411137,659338,27828,85193,125198,38427,635984,372005,94935,323643,343283,92456,398808,380782,128361,374474,2102.713948717949,1.436
1660084167984,30.818,0.16959064,0.33333334,0.2857143,0.13043478,0.2,0.09090909,0.04761905,0.09090909,0.18181819,48.9,48.600002,47.9,48.300003,47.9,47.600002,47.300003,48.600002,47.600002,48.600002,47.9,47.300003,3889820,-1380616,1075200,1075200,1075200,1075200,1075200,1075200,652800,1401600,1054,0,6,1273,11,45,440,68,103,688,38,63,140,24,57,336,49,99,301,74,232,463,80,250,736455,0,4586,831225,11305,38530,441088,93540,291577,661074,49435,78669,156728,45920,576323,293598,100423,458212,297655,120268,452606,379984,118455,362437,2097.6078569105694,1.4234536585365853
1660084169009,30.897001,0.21142857,0.45,0.3043478,0.08695652,0.3181818,0.20833333,0.18181819,0.13043478,0.18181819,49.300003,48.9,48.300003,48.300003,47.9,47.9,47.300003,48.300003,47.9,48.9,47.600002,47.300003,3887679,-1385804,1075200,1075200,1075200,1075200,1075200,1075200,652800,1401600,1218,11,10,1352,14,27,399,67,113,686,49,72,174,29,85,319,43,91,307,90,231,513,78,235,836277,9661,9894,818151,11212,24825,385993,117032,389221,642835,67000,101926,196407,70402,623356,292751,61252,432305,293625,161420,479631,415414,102841,338613,2100.7264579901153,1.461825370675453
1660084170011,30.954002,0.22527473,0.4090909,0.1904762,0.14285715,0.3043478,0.20833333,0.13043478,0.09090909,0.26086956,49.300003,48.9,48.600002,48.600002,48.300003,47.9,47.300003,48.9,47.9,48.9,47.9,47.300003,3883786,-1367798,1075200,1075200,1075200,1075200,1075200,1075200,652800,1401600,895,7,3,1197,8,36,326,58,111,649,23,55,337,45,83,231,53,101,314,61,244,456,75,229,722496,7192,3281,801478,6583,29700,286688,116018,428455,621183,25496,88120,278417,60742,380301,249262,88313,472152,305944,105097,471093,370931,95340,327077,2104.799373572594,1.3796541598694945
1660084171057,31.024002,0.19672132,0.3181818,0.15,0.2173913,0.3043478,0.08695652,0.04761905,0.16666667,0.2173913,49.300003,49.300003,48.300003,48.600002,47.9,47.9,47.300003,48.600002,47.9,48.600002,47.9,47.600002,3890015,-1394043,1075200,1075200,1075200,1075200,1075200,1075200,652800,1401600,1085,3,12,1297,8,25,466,70,91,693,41,60,325,57,103,187,32,79,290,95,236,464,79,236,791956,3175,11885,773730,7117,24454,425343,144701,283645,632900,55587,83111,347099,106534,367347,197916,77354,519904,308674,168809,433902,391883,104953,339625,2101.647552795031,1.3552298136645964
1660084172074,31.082,0.13541667,0.3478261,0.3043478,0.07692308,0.1904762,0.0,0.04,0.07692308,0.13043478,49.9,49.600002,48.600002,48.9,48.600002,48.600002,47.9,49.300003,48.600002,49.9,48.600002,47.9,3880283,-1490479,1075200,1075200,1075200,1075200,1075200,1075200,652800,1401600,1183,2,7,1370,6,29,419,75,84,729,30,63,326,40,71,273,38,95,295,73,238,595,70,195,825315,1405,4488,782376,5969,21030,402428,112496,304056,639921,41222,91240,266332,60241,497247,279777,67642,409472,280019,119806,505300,434731,89775,279399,2110.6994430379746,1.3546329113924052
1660084173110,31.132002,0.17258883,0.41666666,0.29166666,0.14814815,0.2173913,0.074074075,0.08,0.08,0.125,49.600002,49.300003,48.600002,48.600002,48.600002,48.600002,47.9,48.9,48.300003,48.9,48.300003,47.600002,3885927,-1387940,1075200,1075200,1075200,1075200,1075200,1075200,652800,1401600,1183,4,8,1274,17,40,286,46,90,640,46,73,247,42,90,268,46,71,303,88,243,534,99,222,810939,3316,7880,802324,17945,39186,246438,125604,533886,619937,62624,85700,238696,92220,603128,251934,75454,464765,316329,155930,466572,413464,139168,320707,2097.837435897436,1.3666666666666667
1660084174138,31.196001,0.1736527,0.3,0.2857143,0.05263158,0.16666667,0.05,0.13636364,0.14285715,0.2173913,49.9,49.300003,48.600002,48.600002,48.300003,48.300003,47.9,49.300003,48.300003,49.300003,48.600002,47.600002,3891766,-1369019,1075200,1075200,1075200,1075200,1075200,1075200,652800,1401600,1168,4,8,1267,13,26,218,49,99,713,36,69,331,56,97,279,61,65,337,65,240,517,92,245,809554,1772,6579,804214,9980,17051,227940,120188,517652,685557,43038,88299,321315,117248,393191,298822,111604,372069,343617,118720,436822,384164,123541,360763,2102.983796178344,1.3533248407643312
1660084175147,31.250002,0.18627451,0.28,0.28,0.1923077,0.28,0.15384616,0.07692308,0.14814815,0.16,50.300003,49.600002,48.9,49.300003,48.9,48.9,48.600002,49.300003,48.9,50.300003,48.9,47.9,3884954,-1465455,1075200,1075200,1075200,1075200,1075200,1075200,652800,1401600,1271,2,12,1247,8,31,458,59,112,683,40,74,489,62,111,180,40,80,315,82,233,458,90,223,827411,2896,10058,787089,9322,24674,418569,94764,303738,641010,57180,78612,436260,89830,324127,165401,95603,498036,313945,131000,446800,366684,117236,322884,2099.3803588907017,1.3871190864600327
1660084176152,31.314001,0.18274112,0.28,0.2173913,0.16,0.1904762,0.28,0.04,0.08,0.083333336,49.9,49.600002,48.600002,48.9,48.300003,48.600002,47.9,48.9,48.600002,49.600002,48.300003,48.300003,3881256,-1440735,1075200,1075200,1075200,1075200,1075200,1075200,652800,1401600,1266,4,11,1249,18,47,424,72,91,640,41,71,426,74,117,95,10,50,279,67,222,480,82,241,877416,5691,10199,816686,19811,41080,391649,116698,303887,599916,56763,117751,404056,130614,291507,80772,23966,676355,316324,118951,476654,399291,118994,353467,2102.4232822185973,1.3138270799347471
1660084177154,31.374,0.22222222,0.47826087,0.36363637,0.09090909,0.33333334,0.045454547,0.09090909,0.09090909,0.25,49.9,49.9,48.600002,48.9,48.9,48.600002,48.300003,49.300003,48.300003,49.9,48.600002,47.9,3879699,-1410828,1075200,1075200,1075200,1075200,1075200,1075200,652800,1401600,1292,5,13,1292,13,28,384,67,94,718,39,68,347,58,98,115,17,64,253,72,238,487,84,233,889633,4312,10098,777806,11632,26033,396477,110809,313032,658706,49835,84917,327419,103830,372188,128427,50553,583824,265884,136479,480129,394859,114369,335839,2091.592703583062,1.3794397394136808
1660084178175,31.416002,0.1764706,0.33333334,0.23076923,0.04,0.26923078,0.15384616,0.07692308,0.14814815,0.1923077,50.300003,49.9,49.600002,49.300003,49.600002,49.300003,48.600002,49.9,49.300003,50.600002,48.9,48.300003,3874249,-1465149,1075200,1075200,1075200,1075200,1075200,1075200,652800,1401600,1129,7,7,1329,9,25,407,53,104,789,32,49,346,55,103,145,25,55,308,78,256,477,75,237,761820,6747,5108,783092,8203,24941,348420,77839,432703,649133,50976,73792,280090,102721,510891,134124,61849,577957,320695,121095,465335,371479,101475,342347,2099.535662884927,1.3855429497568883
1660084179187,31.473001,0.14942528,0.33333334,0.1904762,0.05263158,0.2,0.0,0.08695652,0.08695652,0.0952381,50.600002,49.9,49.300003,49.300003,48.9,48.9,48.300003,49.600002,48.600002,50.300003,48.600002,48.300003,3883592,-1377564,1075200,1075200,1075200,1075200,1075200,1075200,652800,1401600,1266,5,19,1250,17,53,298,50,104,706,34,54,382,61,101,151,28,62,256,75,229,472,98,233,837800,3491,18226,796499,18647,39112,275242,96054,524396,684078,48987,75396,383183,92523,358711,122371,60494,582012,270686,135288,516992,379200,142978,350137,2097.984317355372,1.3490776859504134
1660084180233,31.527002,0.2035928,0.3,0.25,0.18181819,0.25,0.14285715,0.14285715,0.04761905,0.2857143,49.9,49.600002,49.300003,49.300003,48.9,48.600002,47.9,49.300003,48.600002,49.9,48.9,47.9,3885149,-1366883,1075200,1075200,1075200,1075200,1075200,1075200,652800,1401600,1195,5,11,1187,14,45,530,86,99,686,28,72,288,46,107,167,20,75,278,72,234,489,98,255,829970,4885,11051,796472,12814,41891,497669,155991,193341,678131,35873,100571,256441,89463,508572,176238,43350,665329,286795,132413,509093,384909,136926,376547,2102.8280248447204,1.3287453416149069
1660084181239,31.581001,0.13846155,0.33333334,0.20833333,0.12,0.18181819,0.0,0.11111111,0.08,0.045454547,50.600002,50.600002,49.9,49.9,49.600002,49.600002,48.9,49.9,49.600002,50.300003,49.300003,48.9,3865685,-1615601,1075200,1075200,1075200,1075200,1075200,1075200,652800,1401600,1182,1,5,1403,7,19,460,55,86,740,33,51,161,33,82,536,62,107,242,82,226,445,73,233,783036,1394,2842,835299,7841,17776,358926,87096,377245,621077,47507,75350,182329,74905,516314,435197,86937,283366,250848,134366,519458,348349,95935,338344,2097.363460815047,1.3803636363636362
1660084182269,31.638002,0.13812155,0.2857143,0.27272728,0.041666668,0.1,0.083333336,0.13043478,0.045454547,0.13043478,50.600002,49.9,49.600002,49.600002,49.300003,48.9,48.600002,49.300003,49.300003,49.600002,48.9,48.300003,3883592,-1406251,1075200,1075200,1075200,1075200,1075200,1075200,652800,1401600,1260,3,19,1205,11,57,290,63,91,675,35,70,359,60,109,184,33,68,250,72,227,539,107,220,890816,2317,15437,800275,12468,43776,284945,121349,439914,669409,53116,90866,377503,111690,392515,197691,63795,540523,281266,127643,540748,425747,148330,321465,2102.737697749196,1.357016077170418
1660084183306,31.692001,0.25274727,0.33333334,0.1904762,0.20833333,0.3181818,0.14285715,0.20833333,0.25,0.29166666,50.600002,49.9,49.600002,49.300003,48.9,48.9,48.600002,49.9,48.9,50.300003,49.300003,48.300003,3883397,-1390992,1075200,1075200,1075200,1075200,1075200,1075200,652800,1401600,1362,2,10,1259,18,29,231,43,92,714,44,72,393,53,104,329,45,75,286,67,225,523,87,251,888514,1614,7426,804622,16060,19012,205279,78931,590328,650714,52838,103318,381249,81402,385841,322105,76065,399594,300138,121941,459217,420645,117428,359357,2102.798177847114,1.3868829953198127
1660084184313,31.743002,0.14942528,0.3809524,0.25,0.08695652,0.22727273,0.09090909,0.0,0.04761905,0.17391305,50.9,50.600002,49.9,50.300003,50.300003,49.9,49.300003,49.9,49.9,50.300003,49.600002,48.9,3873470,-1510621,1075200,1075200,1075200,1075200,1075200,1075200,652800,1401600,1309,5,3,1395,7,22,552,60,84,692,29,77,490,47,95,222,37,76,313,67,256,491,99,207,852800,4778,1517,831340,7919,22205,449230,103924,259749,627137,37667,114421,416696,64923,219713,223643,72321,527246,299064,105721,457011,372608,126816,303458,2101.9297736434105,1.348613953488372
1660084185360,31.788002,0.19607843,0.44444445,0.36,0.08,0.4074074,0.0,0.07692308,0.041666668,0.12,50.600002,50.300003,49.300003,49.600002,49.600002,49.300003,48.9,50.300003,49.600002,50.600002,49.600002,48.600002,3881645,-1497193,1075200,1075200,1075200,1075200,1075200,1075200,652800,1401600,1303,6,14,1302,21,45,508,86,107,585,45,82,87,30,59,114,32,85,325,88,240,500,114,234,823268,4860,13603,813865,27511,31847,522014,114237,238646,578997,74966,201643,98717,89196,691630,103372,96534,752441,324611,154581,483822,415163,154214,350069,2099.404163132137,1.3328287112561175
1660084186412,31.835001,0.2762431,0.41666666,0.47619048,0.09090909,0.4347826,0.14285715,0.16666667,0.2173913,0.1904762,50.9,50.300003,49.600002,49.9,49.9,49.9,49.300003,50.300003,49.600002,50.600002,49.600002,48.9,3883592,-1471558,1075200,1075200,1075200,1075200,1075200,1075200,652800,1401600,956,3,8,1277,8,28,409,83,95,547,44,71,262,63,103,125,23,70,258,80,248,534,95,241,814644,3391,9295,810456,9363,28073,422972,138442,292235,550118,73190,138272,280009,114119,479531,148559,46115,576638,276802,149479,519504,410888,129647,367889,2098.5380063492066,1.3701587301587301
1660084187484,31.899002,0.1904762,0.3181818,0.35,0.05263158,0.25,0.045454547,0.0952381,0.05,0.2,50.9,50.600002,49.9,49.9,49.9,49.600002,49.300003,50.300003,49.600002,50.600002,49.600002,48.9,3879504,-1428223,1075200,1075200,1075200,1075200,1075200,1075200,652800,1401600,1011,0,6,1202,3,14,412,72,102,612,33,66,286,71,93,177,42,83,250,52,219,596,137,217,882093,0,6707,739863,3443,12738,412960,109585,280664,576726,39746,104255,281678,151612,313371,189357,106672,499536,241783,84219,517308,407230,178283,288384,2098.707117552335,1.4074331723027376
1660084188488,31.940002,0.16568047,0.3181818,0.2857143,0.045454547,0.2,0.10526316,0.0952381,0.17391305,0.1904762,50.9,50.9,49.9,50.300003,49.9,49.9,49.600002,50.600002,49.9,51.600002,49.600002,48.9,3875417,-1519166,1075200,1075200,1075200,1075200,1075200,1075200,652800,1401600,1227,7,19,1162,11,35,402,69,112,618,42,87,203,42,99,205,34,69,310,83,224,546,151,160,859967,6721,15039,745740,11162,26519,392020,96912,341542,592214,55268,135927,204072,107405,499095,190211,70566,539150,296466,142630,454477,397612,212232,214804,2101.5329673202614,1.2867450980392157
1660084189496,31.988,0.2647059,0.42857143,0.33333334,0.14285715,0.33333334,0.22727273,0.14285715,0.2857143,0.10526316,51.600002,50.9,49.9,50.300003,50.300003,50.600002,49.9,50.600002,50.300003,51.300003,49.9,49.300003,3871524,-1492310,1075200,1075200,1075200,1075200,1075200,1075200,652800,1401600,1299,11,19,1246,20,55,367,68,114,589,36,81,351,53,102,70,10,49,293,70,235,599,143,143,874145,9158,15768,758858,19641,42913,360783,116709,369335,543055,49188,198133,338922,90094,363575,67589,25727,687913,316435,117436,442235,432053,182626,214752,2100.841568627451,1.1718692810457516
1660084190525,32.045002,0.23076923,0.33333334,0.3043478,0.15,0.33333334,0.18181819,0.15,0.05,0.3181818,51.300003,51.300003,50.300003,50.600002,50.300003,49.600002,49.300003,50.600002,49.9,50.9,50.300003,49.300003,3883397,-1402588,1075200,1075200,1075200,1075200,1075200,1075200,652800,1401600,1094,0,6,1219,6,18,304,62,92,474,35,66,238,36,58,275,65,83,325,76,193,606,118,196,774052,0,4992,730586,5699,14230,288860,114814,311869,477525,58654,131186,191149,65296,403222,305966,152864,356040,268932,119952,381845,402071,133387,275292,2096.629761978362,1.360519319938176
1660084191557,32.09,0.23243243,0.3181818,0.25,0.3043478,0.29166666,0.16666667,0.125,0.33333334,0.2173913,51.300003,50.9,50.600002,50.600002,50.600002,50.600002,50.300003,50.9,51.300003,51.600002,49.9,49.300003,3869578,-1577454,1075200,1075200,1075200,1075200,1075200,1075200,652800,1401600,1052,4,14,1273,9,25,328,39,89,517,35,64,332,62,95,226,33,78,444,37,157,483,66,259,825668,3832,15269,787424,9127,20233,303737,54102,462372,477766,64171,199342,316169,108888,305928,210520,45628,578785,467800,55897,361236,378881,77086,364154,2100.23934591195,1.288553459119497
1660084192582,32.134003,0.17,0.32,0.34615386,0.125,0.26923078,0.08,0.03846154,0.11111111,0.16666667,51.600002,50.9,50.300003,50.600002,50.300003,50.300003,49.9,50.9,50.600002,50.9,50.300003,49.600002,3865685,-1630860,1075200,1075200,1075200,1075200,1075200,1075200,652800,1401600,1252,5,8,1231,13,49,411,69,104,496,44,79,106,21,63,405,79,105,263,64,212,502,107,236,842744,3833,7347,806500,19468,42205,391994,141345,316087,534508,84917,213620,124373,53538,703237,365041,136150,266895,266290,109042,512193,387269,156063,336262,2102.2460416,1.2493311999999999
1660084193611,32.188,0.2263158,0.4,0.3478261,0.08695652,0.25,0.125,0.13043478,0.09090909,0.26086956,51.600002,51.300003,50.300003,50.600002,50.600002,50.300003,49.600002,51.300003,50.300003,51.600002,50.300003,49.600002,3879310,-1412354,1075200,1075200,1075200,1075200,1075200,1075200,652800,1401600,1320,2,12,1364,8,22,331,68,114,531,36,76,243,25,66,207,31,84,241,79,222,490,93,211,813845,2207,12727,746629,6681,18980,326902,114258,389978,513629,60342,223938,191729,34056,630966,191489,61708,615796,266632,138939,494105,383332,125572,325347,2094.946913821138,1.4171056910569106
1660084194645,32.223003,0.3908046,0.52380955,0.33333334,0.27272728,0.3181818,0.2173913,0.14285715,0.3181818,1.0,51.600002,51.300003,50.600002,50.9,50.300003,50.300003,50.300003,51.300003,50.300003,51.600002,50.300003,49.600002,3876001,-1492920,1075200,1075200,1075200,1075200,1075200,1075200,652800,1401600,1336,3,8,1283,6,33,204,54,94,615,46,87,149,33,73,326,63,104,287,100,240,523,92,209,840364,1960,8339,788672,6626,25527,217753,109487,548027,582486,66092,151651,160025,81223,587830,342206,125220,431691,308125,166718,448086,422864,129112,304676,2099.0371464968152,1.189044585987261
1660084195655,32.274002,0.15028901,0.3043478,0.14285715,0.045454547,0.15,0.1904762,0.125,0.04761905,0.14285715,52.600002,52.300003,51.600002,51.9,52.300003,52.300003,51.600002,52.300003,51.9,52.9,50.9,49.9,3865490,-1491700,1075200,1075200,1075200,1075200,1075200,1075200,652800,1401600,1014,9,5,1117,7,33,419,70,91,613,38,59,193,26,66,243,45,57,309,79,194,214,10,41,639306,8151,4594,701432,9351,27222,353290,140332,264028,553830,49113,121528,205387,49915,466499,193006,98592,305789,301327,124201,393079,142949,11413,49749,2100.613255284553,1.352169105691057
1660084196684,32.312,0.25555557,0.4090909,0.3043478,0.13043478,0.23809524,0.17391305,0.24,0.22727273,0.3043478,52.300003,51.600002,50.9,50.9,51.300003,50.600002,50.600002,51.600002,50.9,51.9,50.600002,50.300003,3863739,-1523438,1075200,1075200,1075200,1075200,1075200,1075200,652800,1401600,1301,5,13,1388,8,34,343,55,86,637,48,81,404,45,87,308,50,74,299,79,233,524,86,207,849362,4903,9753,838591,7096,28747,307207,98236,456742,585859,79739,164265,373965,58541,379795,259024,97800,435862,299282,133561,510576,406998,121611,317190,2108.949897520661,1.3841454545454546
1660084197693,32.376003,0.253886,0.375,0.3043478,0.2,0.27272728,0.2,0.16,0.25,0.2173913,51.9,51.600002,50.9,51.300003,51.300003,50.600002,50.300003,51.300003,50.600002,51.600002,50.600002,49.9,3865880,-1547547,1075200,1075200,1075200,1075200,1075200,1075200,652800,1401600,1226,5,3,1191,11,48,226,58,87,650,46,58,396,80,118,191,30,88,277,58,214,520,90,228,793581,4556,1253,779176,12404,37247,238687,143404,451865,612022,54515,117315,386816,135477,318128,194410,63698,544633,277751,91875,512216,396303,110292,330467,2098.8528728414444,1.3897142857142857
1660084198710,32.411003,0.2204301,0.36,0.3181818,0.04347826,0.33333334,0.0952381,0.13043478,0.0952381,0.25,51.9,51.600002,50.600002,51.300003,51.300003,50.600002,50.300003,51.300003,50.9,51.600002,50.300003,50.300003,3872497,-1474305,1075200,1075200,1075200,1075200,1075200,1075200,652800,1401600,1293,1,13,1234,10,43,330,56,94,685,42,71,218,28,69,298,40,97,272,64,241,498,90,233,839906,703,11491,779660,10419,33829,327205,107668,402849,650474,54738,111144,200301,32395,579571,277971,73752,499534,261888,121356,518898,392738,122545,342321,2099.882898911353,1.3858040435458787
1660084199711,32.452,0.25698325,0.3478261,0.1904762,0.22727273,0.33333334,0.17391305,0.1904762,0.1904762,0.36363637,51.9,51.600002,50.9,51.300003,51.300003,50.9,50.300003,51.300003,50.9,51.600002,50.9,49.9,3879893,-1452332,1075200,1075200,1075200,1075200,1075200,1075200,652800,1401600,1217,1,11,1270,8,30,379,65,98,641,39,74,451,60,97,225,35,72,271,70,232,475,72,228,809027,305,8782,790280,8031,21182,338185,136642,364997,579031,57383,144104,419617,100959,303092,210383,71406,542122,266793,120869,505008,387417,96802,326600,2101.4940293637846,1.3945840130505711
1660084200713,32.506,0.28323698,0.36363637,0.3478261,0.1,0.25,0.0952381,0.73913044,0.2173913,0.2173913,52.300003,51.9,51.300003,51.600002,51.300003,50.600002,50.300003,50.9,50.600002,51.300003,50.9,49.9,3877363,-1469422,1075200,1075200,1075200,1075200,1075200,1075200,652800,1401600,1230,5,5,1308,5,25,383,58,84,590,38,101,160,33,80,384,56,98,296,72,222,604,63,169,778446,3731,4553,758721,3486,21539,355360,108395,380005,582227,48703,188261,182835,69896,564263,348566,110014,387842,291217,122803,480349,499358,85656,244162,2101.218278317152,1.3193527508090617
1660084201740,32.551003,0.25,0.36363637,0.36,0.18518518,0.33333334,0.23076923,0.16666667,0.29166666,0.17391305,52.300003,51.600002,50.9,51.300003,50.9,50.600002,50.300003,51.300003,50.9,51.9,50.300003,49.600002,3882034,-1429139,1075200,1075200,1075200,1075200,1075200,1075200,652800,1401600,1398,2,13,1270,5,30,388,65,95,585,42,85,382,53,110,295,43,73,282,62,242,509,90,239,900777,1154,8880,795237,5510,26314,383726,116627,379927,567789,67465,178203,334353,98752,381278,278743,70432,335465,289765,108943,505532,400164,116926,365862,2102.9342476190477,1.3549714285714287
1660084202774,32.611,0.20588236,0.42857143,0.45454547,0.04761905,0.23809524,0.13636364,0.09090909,0.14285715,0.14285715,52.300003,51.9,51.300003,50.9,50.9,50.600002,49.9,51.300003,50.600002,51.600002,50.9,49.9,3874249,-1418458,1075200,1075200,1075200,1075200,1075200,1075200,652800,1401600,1188,3,7,1223,7,31,409,83,106,570,42,86,222,37,87,190,22,69,242,71,218,532,106,234,764555,2168,6095,768022,5564,25950,397713,167091,321930,554226,60430,190745,211912,76432,638817,181856,32033,600738,239081,121574,517541,390989,151490,350388,2092.283234042553,1.334468085106383
1660084203825,32.65,0.25698325,0.3478261,0.45833334,0.17391305,0.3478261,0.09090909,0.18181819,0.25,0.33333334,52.300003,51.600002,50.600002,51.300003,50.9,50.600002,50.300003,51.600002,50.600002,51.9,50.9,49.9,3890793,-1384888,1075200,1075200,1075200,1075200,1075200,1075200,652800,1401600,1266,1,3,1339,3,24,458,89,116,575,41,93,279,43,87,350,68,109,324,78,246,527,92,223,880187,815,2964,798869,1442,22820,410824,148834,276556,596851,68286,153062,270753,77365,461392,327206,116990,421304,345001,135596,426656,397082,118634,322820,2098.783471947195,1.3736237623762377
1660084204854,32.704002,0.21348314,0.3181818,0.3181818,0.14285715,0.25,0.20833333,0.083333336,0.13636364,0.22727273,52.300003,51.9,50.9,51.300003,50.9,50.9,50.300003,51.300003,50.9,51.9,50.600002,50.300003,3878336,-1398011,1075200,1075200,1075200,1075200,1075200,1075200,652800,1401600,1253,1,8,1199,11,44,473,79,77,665,44,83,145,13,77,217,37,77,293,53,230,489,100,224,834793,764,6663,744860,10518,34622,441687,151442,272417,566920,58357,166592,141235,22177,737609,157706,84630,630635,297936,99655,497955,378056,140389,349825,2102.6149283489094,1.2125981308411216
1660084205892,32.754,0.2512563,0.5769231,0.46153846,0.12,0.28,0.08,0.17391305,0.125,0.17391305,52.300003,51.9,50.9,50.9,50.9,50.9,50.300003,51.9,50.9,52.300003,50.9,50.300003,3868605,-1413880,1075200,1075200,1075200,1075200,1075200,1075200,652800,1401600,1280,6,12,1233,14,35,545,76,111,528,41,83,198,33,64,121,27,71,294,81,237,510,100,222,835822,4028,9919,753573,15387,28504,451969,98221,268317,486134,65870,246460,161486,67604,604631,144936,80217,733130,321239,127231,489459,396985,131572,327169,2096.997714285714,1.3761428571428573
1660084206933,32.818,0.21,0.29166666,0.32,0.2,0.16,0.14814815,0.20833333,0.083333336,0.16666667,52.600002,51.9,51.300003,51.600002,51.300003,51.300003,50.300003,51.9,50.9,52.300003,50.9,50.300003,3878920,-1418458,1075200,1075200,1075200,1075200,1075200,1075200,652800,1401600,1218,0,11,1248,9,27,382,74,104,675,53,77,153,37,79,520,63,108,302,78,242,555,104,232,811967,0,9931,752519,10911,28748,343551,134731,416983,653292,73471,109295,183321,83619,593258,488596,68680,295740,295157,147236,441337,408049,133928,333809,2103.331808264463,1.262122314049587
1660084207974,32.878002,0.2777778,0.36,0.32,0.09090909,0.4090909,0.16,0.375,0.15384616,0.30769232,52.600002,51.9,51.300003,51.600002,51.300003,51.600002,50.600002,51.9,51.300003,52.300003,51.300003,50.300003,3869967,-1530457,1075200,1075200,1075200,1075200,1075200,1075200,652800,1401600,1284,10,14,1197,14,50,419,69,115,441,51,75,170,20,71,486,61,88,311,79,241,548,112,207,884068,10978,10333,784214,10555,43411,431481,113509,338830,432548,91014,350986,172279,34903,651225,418080,72883,332825,309145,132459,470389,405866,155740,301731,2101.10439628483,1.266030959752322
1660084209015,32.923,0.2122905,0.3809524,0.4,0.08695652,0.23809524,0.23809524,0.17391305,0.13043478,0.13636364,52.600002,51.9,51.600002,51.300003,51.300003,50.9,50.600002,51.9,51.300003,52.600002,51.300003,50.300003,3885538,-1416321,1075200,1075200,1075200,1075200,1075200,1075200,652800,1401600,1205,7,11,1276,11,43,352,72,115,534,50,86,118,28,69,166,31,59,291,82,249,602,105,215,835749,7254,11085,775094,8673,35916,335470,109329,424678,502811,78185,215670,109787,77438,626669,171758,45576,440916,291876,142875,485089,420385,127986,286102,2100.3344051446948,1.2760900321543407
1660084210021,32.958,0.22285715,0.47619048,0.5652174,0.04761905,0.2,0.16666667,0.09090909,0.13043478,0.14285715,52.600002,52.300003,51.300003,51.600002,51.600002,50.9,50.300003,51.9,51.300003,52.600002,51.300003,50.600002,3874054,-1437378,1075200,1075200,1075200,1075200,1075200,1075200,652800,1401600,1281,1,4,1225,9,29,455,59,96,542,50,81,507,57,96,230,31,75,242,66,217,556,126,180,858823,2276,3646,824256,11421,32679,426688,121744,278371,527209,81586,165330,452577,75357,216972,234983,48313,556170,259102,107549,489057,420265,167387,268373,2098.96802640264,1.2685940594059406
1660084211056,33.012,0.22826087,0.39130434,0.3181818,0.09090909,0.36363637,0.08695652,0.25,0.16666667,0.24,52.600002,51.9,51.300003,51.600002,51.600002,51.300003,50.600002,51.9,51.600002,52.600002,51.300003,50.600002,3872887,-1420289,1075200,1075200,1075200,1075200,1075200,1075200,652800,1401600,1119,6,5,1114,19,68,390,71,87,493,54,111,136,30,69,425,51,105,264,76,216,557,87,227,797948,6161,4606,766170,14763,54085,437075,139498,307151,497831,100119,260350,169039,69774,610750,416381,72924,362619,281851,137727,444888,418179,112339,336884,2104.6873663366337,1.2740858085808582
1660084212062,33.06,0.20348836,0.3809524,0.36363637,0.05,0.25,0.20833333,0.13636364,0.09090909,0.2173913,52.600002,52.600002,51.9,51.9,51.600002,51.600002,50.9,52.300003,51.9,52.600002,51.9,50.9,3871329,-1455994,1075200,1075200,1075200,1075200,1075200,1075200,652800,1401600,1188,5,6,1313,9,27,453,69,92,490,49,91,321,48,97,225,42,77,302,65,219,528,95,201,835848,2553,5404,783350,6874,25231,419466,96049,301601,502922,68983,215947,318177,99357,419944,218737,84018,488900,296928,103172,461286,374612,121938,315592,2097.1304736842108,1.3034210526315788
1660084213107,33.107002,0.19387755,0.3846154,0.44,0.12,0.16666667,0.125,0.15384616,0.08695652,0.125,52.600002,52.300003,51.300003,51.600002,51.600002,51.300003,50.600002,51.600002,51.300003,51.9,51.300003,50.600002,3878726,-1386719,1075200,1075200,1075200,1075200,1075200,1075200,652800,1401600,1220,1,9,1220,18,37,464,85,109,551,71,88,346,79,124,164,30,82,240,84,221,514,102,232,835681,857,7010,823365,15264,37049,420244,138196,306107,552003,118760,179969,352277,151348,382514,175485,73144,612491,251267,148345,520617,394672,136579,351499,2102.7253333333333,1.304423676012461
1660084214127,33.162003,0.2204301,0.3043478,0.39130434,0.25,0.09090909,0.28,0.18181819,0.08695652,0.13636364,52.600002,52.300003,51.600002,51.9,51.600002,51.300003,50.600002,51.9,51.300003,52.300003,51.300003,50.600002,3877752,-1408692,1075200,1075200,1075200,1075200,1075200,1075200,652800,1401600,1211,9,14,1186,15,32,307,54,119,596,46,106,361,59,110,245,41,74,359,80,244,515,113,215,842801,8229,10670,748967,13849,30594,296048,92022,493370,578451,65181,193035,339928,98880,438269,251492,75776,466675,327640,134678,434310,399768,151545,300565,2099.3473267326735,1.276145214521452
1660084215154,33.203003,0.21387284,0.39130434,0.42857143,0.3043478,0.22727273,0.17391305,0.09090909,0.0952381,0.13636364,52.9,52.9,51.9,51.9,51.9,51.9,51.600002,52.600002,51.9,53.600002,51.600002,50.9,3862181,-1579896,1075200,1075200,1075200,1075200,1075200,1075200,652800,1401600,1337,10,4,1299,17,34,410,62,108,616,37,88,399,62,99,265,36,87,343,83,263,492,81,218,912022,7601,2885,779691,15181,28738,378905,96514,353563,603536,52781,193387,390110,81401,322541,241500,58225,490825,313808,124380,474481,374651,113423,317248,2104.1456051779937,1.301177993527508
1660084216197,33.260002,0.21787709,0.4347826,0.47826087,0.09090909,0.18181819,0.045454547,0.20833333,0.16666667,0.13636364,52.9,52.600002,51.600002,52.300003,51.600002,51.300003,51.300003,52.300003,51.300003,52.9,51.600002,50.600002,3875611,-1420289,1075200,1075200,1075200,1075200,1075200,1075200,652800,1401600,1241,5,14,1213,19,49,450,69,95,527,55,95,282,38,86,265,28,117,325,74,237,530,102,216,886478,5253,12843,751120,18604,40735,455281,115422,275226,559344,85103,211947,306613,65374,446166,254763,51600,610371,336789,123504,469638,426105,127774,332259,2098.1938300653596,1.235764705882353
1660084217198,33.308002,0.2371134,0.36,0.3846154,0.1904762,0.33333334,0.15384616,0.115384616,0.26923078,0.2,52.9,52.600002,51.9,51.9,51.600002,51.600002,50.9,51.9,51.300003,52.300003,51.600002,50.600002,3866269,-1549683,1075200,1075200,1075200,1075200,1075200,1075200,652800,1401600,1189,7,13,1103,19,53,447,59,95,511,56,89,382,49,108,259,47,85,237,58,199,542,96,218,833579,6218,12179,775036,19325,50023,434768,95342,251748,525482,82055,209555,368024,68479,384930,255346,104118,433148,223153,103213,539134,410008,129563,312475,2101.805919743178,1.2146131621187801
1660084218207,33.356003,0.16949153,0.2857143,0.36363637,0.125,0.23809524,0.08695652,0.09090909,0.08695652,0.17391305,53.300003,53.300003,52.600002,52.600002,52.300003,52.300003,51.9,52.600002,52.9,52.9,51.600002,50.9,3864906,-1568299,1075200,1075200,1075200,1075200,1075200,1075200,652800,1401600,1272,1,3,1225,8,25,451,54,90,518,46,96,277,48,69,224,45,80,226,66,202,637,84,234,877008,670,2017,778679,7228,22263,413959,84302,278046,501539,80693,208092,261668,73869,423708,225142,97740,502563,256655,119733,429739,407463,103039,314919,2099.0029306930696,1.2912475247524753
1660084219239,33.397003,0.15151516,0.25,0.23809524,0.0952381,0.2,0.13636364,0.0952381,0.05,0.1,52.9,52.300003,51.600002,51.600002,51.600002,51.600002,50.9,52.600002,51.300003,52.9,51.600002,50.600002,3869772,-1436768,1075200,1075200,1075200,1075200,1075200,1075200,652800,1401600,1210,2,12,1170,18,54,356,57,99,499,53,93,136,31,72,346,57,107,252,83,227,531,96,222,842754,2709,11691,784298,17107,44411,329904,119803,458682,507006,87214,235772,152548,76949,636691,295836,123024,474227,285489,147234,522728,417321,128397,347352,2100.631894039735,1.2197615894039737
1660084220282,33.445,0.2871795,0.3478261,0.375,0.22222222,0.32,0.26086956,0.20833333,0.23076923,0.3846154,52.9,52.600002,51.600002,52.300003,51.9,51.600002,50.9,51.9,51.9,52.9,51.9,50.9,3882424,-1421814,1075200,1075200,1075200,1075200,1075200,1075200,652800,1401600,1280,1,9,1187,26,58,483,87,100,521,57,95,131,25,76,386,67,109,283,87,241,531,97,226,911523,0,8516,811532,30756,55202,472254,157298,209663,496648,94635,222415,143966,65162,654465,361097,138452,377239,292930,126693,499603,412173,132909,328328,2105.1978683788125,1.2306388443017655
1660084221291,33.495003,0.17297298,0.32,0.3181818,0.0,0.17391305,0.2173913,0.041666668,0.08695652,0.13043478,53.300003,52.9,52.600002,52.600002,52.9,52.600002,52.300003,52.9,52.600002,53.9,52.300003,51.300003,3862765,-1584168,1075200,1075200,1075200,1075200,1075200,1075200,652800,1401600,1214,3,13,1223,15,38,462,65,100,533,37,83,299,48,84,416,66,100,300,64,236,519,84,211,872962,1821,9686,812598,15488,28417,460364,107735,252006,488245,71499,220437,300588,71835,402135,349815,122775,268278,299294,101377,448650,378418,106128,306415,2106.2312585365853,1.2865560975609758
1660084222295,33.534,0.23428571,0.4,0.33333334,0.13636364,0.15,0.13636364,0.17391305,0.17391305,0.41666666,53.300003,52.9,51.9,52.300003,51.9,51.600002,50.9,52.600002,51.600002,52.9,51.9,50.9,3868215,-1496277,1075200,1075200,1075200,1075200,1075200,1075200,652800,1401600,1293,8,10,1164,22,41,344,45,117,457,62,105,141,28,83,284,51,105,260,92,236,515,95,224,900118,6535,7480,753707,20755,29511,349745,73588,450915,491437,115686,231984,138914,64412,647153,300756,78467,430396,262545,178810,481345,418437,128620,325728,2100.0142397372742,1.2630279146141214
1660084223295,33.581,0.15425532,0.33333334,0.3181818,0.12,0.16666667,0.04347826,0.08,0.083333336,0.13043478,53.600002,53.300003,52.600002,52.9,52.600002,52.600002,51.9,52.9,52.600002,53.9,52.300003,51.600002,3846805,-1632996,1075200,1075200,1075200,1075200,1075200,1075200,652800,1401600,1211,0,10,1282,12,36,383,80,102,597,50,82,336,55,103,253,57,78,303,92,236,448,64,223,828380,0,9706,804567,12762,36460,367551,145124,305730,569122,65019,154917,323059,92524,378072,256762,116648,387829,290938,134889,452376,331333,85403,332729,2103.454595611285,1.3001630094043888
1660084224300,33.632,0.15151516,0.32,0.24,0.083333336,0.13043478,0.07692308,0.083333336,0.08,0.125,53.300003,52.9,51.9,52.300003,52.600002,51.9,51.300003,52.600002,51.600002,52.9,51.9,51.300003,3877169,-1416016,1075200,1075200,1075200,1075200,1075200,1075200,652800,1401600,1198,6,9,1273,10,26,384,68,107,505,57,78,56,30,58,155,24,77,317,73,212,466,96,252,822210,6214,7922,775691,8171,17675,373607,111900,408838,514288,90376,233205,59231,98778,714273,97681,65675,734662,339076,117316,490899,377030,134417,392424,2104.5160193236716,1.2325925925925927
1660084225328,33.674,0.25748503,0.3809524,0.33333334,0.2,0.2857143,0.14285715,0.1904762,0.14285715,0.4347826,53.300003,52.9,52.300003,52.300003,52.300003,51.600002,51.300003,52.600002,51.600002,53.300003,51.9,51.300003,3865685,-1518250,1075200,1075200,1075200,1075200,1075200,1075200,652800,1401600,1188,4,10,1243,15,27,436,55,107,471,56,97,78,27,61,310,48,101,256,82,214,558,77,227,836026,4990,7941,763192,14996,20516,415236,67428,345112,499296,103867,234597,107182,67267,671793,314523,118419,439367,264803,150709,479429,403792,98098,325334,2098.9102139534884,1.228353488372093
1660084226343,33.715,0.16853933,0.375,0.3478261,0.045454547,0.2173913,0.0,0.18181819,0.09090909,0.14285715,53.600002,53.300003,52.300003,52.9,52.600002,52.600002,51.9,52.9,52.600002,53.600002,52.300003,51.300003,3871135,-1449891,1075200,1075200,1075200,1075200,1075200,1075200,652800,1401600,1231,8,5,1305,7,26,493,64,104,530,60,94,400,54,112,162,44,74,319,90,234,495,65,221,842002,6335,3552,790428,8758,27760,431827,90885,279774,521913,89755,188854,409667,76838,349756,150398,88609,554869,301611,129434,463969,359109,89753,308670,2098.8428403100775,1.182858914728682
1660084227348,33.759003,0.16568047,0.3181818,0.23809524,0.18181819,0.15,0.0952381,0.14285715,0.1,0.1,53.600002,53.300003,52.300003,52.600002,52.600002,51.9,51.300003,52.600002,51.9,53.300003,52.300003,51.300003,3855758,-1604005,1075200,1075200,1075200,1075200,1075200,1075200,652800,1401600,1125,11,6,1089,23,57,316,45,109,431,39,71,338,51,99,126,25,83,303,72,237,495,92,227,856803,10155,5229,742291,24283,48679,303379,81335,465479,419654,66447,265364,318425,86214,420768,133329,54580,638594,297446,123158,499398,387147,114590,350068,2094.8405630114567,1.3269787234042552
1660084228364,33.807003,0.2601156,0.36363637,0.33333334,0.18181819,0.23809524,0.18181819,0.25,0.36363637,0.1904762,53.300003,53.300003,52.300003,52.300003,52.600002,52.300003,51.600002,52.600002,52.300003,53.300003,51.9,51.300003,3872108,-1401673,1075200,1075200,1075200,1075200,1075200,1075200,652800,1401600,1092,1,15,1204,13,40,316,75,97,453,44,87,229,29,102,353,58,105,333,65,242,485,96,203,811898,1057,12692,776574,10550,35989,347813,148152,374499,495650,74093,239858,195414,52968,621436,336908,95147,347910,299598,114534,474100,374274,130736,303379,2102.462222222222,1.2691301587301589
1660084229405,33.861,0.29069766,0.3,0.2857143,0.3,0.3,0.2857143,0.3478261,0.18181819,0.3043478,53.600002,53.300003,52.600002,52.9,52.600002,52.600002,51.9,53.300003,52.300003,53.9,52.300003,51.300003,3877363,-1579590,1075200,1075200,1075200,1075200,1075200,1075200,652800,1401600,1257,3,12,1266,11,20,297,52,93,492,51,94,426,64,120,272,50,77,307,62,240,523,86,225,888616,3188,10557,742919,13915,19661,296922,107246,454857,489732,83572,241380,442349,90598,353140,260659,96040,447059,300235,101837,466814,402025,112122,321450,398.90006191950465,0.469609907120743
1660084230442,33.899002,0.40223464,0.4090909,0.2857143,0.6666667,0.47826087,0.47826087,0.5,0.14285715,0.29166666,51.9,52.300003,51.300003,51.9,51.9,52.300003,51.600002,52.300003,51.9,52.300003,50.600002,50.600002,3947238,-636597,1075200,1075200,1075200,1075200,1075200,1075200,652800,1401600,1311,3,21,1648,2,23,443,16,46,607,37,48,379,17,49,460,11,38,353,14,58,412,9,60,626748,5155,170657,652384,516,177008,326594,19963,456184,390670,75974,381272,292657,38269,476016,299807,26104,482348,352128,33475,547708,323628,12465,531300,-1.0,-1.0
