1660073909005,29.021002,0.2037037,0.3,0.27272728,0.2,0.23809524,0.23809524,0.27272728,0.14285715,0.1,35.9,36.300003,36.300003,37.300003,37.9,38.9,38.600002,40.9,40.600002,44.600002,32.600002,32.9,4196762,-747070,1804800,1804800,1804800,1804800,1804800,1804800,2208000,2400000,3078865,102679,884803,3102922,108370,911679,1383756,182982,776952,1423015,189947,793057,1362047,183243,853796,1389210,193906,903783,571680,88959,268370,351138,38619,219671,5028434226,224539526,30073583098,4874854559,218458638,30132943170,1147639869,421563580,34037046167,1182331865,439577245,34000495400,1136726040,430648509,33839434141,1172330976,458309229,33806381854,390440390,200715132,35695425453,272903646,88751912,35625300807,-1.0,-1.0
1660073910000,29.018002,0.04477612,0.04,0.0,0.0,0.0,0.16,0.0,0.0,0.0,34.600002,34.600002,34.300003,34.9,35.300003,35.300003,35.300003,34.9,35.9,35.600002,33.600002,33.300003,4237442,-369262,1804800,1804800,1804800,1804800,1804800,1804800,2208000,2400000,1558,0,0,1086,0,0,795,38,47,734,19,53,908,20,53,510,12,51,402,18,50,299,0,24,717285,0,0,768667,0,0,508062,87503,147687,463590,36736,237446,449899,30727,274723,419742,15035,256166,377621,29369,368970,393261,0,386014,-1.0,-1.0
1660073911043,29.018002,0.024271844,0.0,0.037037037,0.074074075,0.0,0.07692308,0.0,0.0,0.0,35.300003,35.600002,34.9,36.300003,36.600002,36.9,36.600002,38.300003,37.300003,40.9,32.9,33.300003,4209025,-731812,1804800,1804800,1804800,1804800,1804800,1804800,2208000,2400000,1112,1,9,857,1,10,607,21,46,573,13,36,385,11,25,664,6,34,411,12,48,376,3,52,784412,3802,116952,778688,4343,112895,608713,36226,284399,547881,16356,248679,469921,23509,319674,540003,6504,340798,507326,26049,369561,508814,4470,399176,-1.0,-1.0
1660073912060,29.012001,0.07602339,0.05,0.05,0.04761905,0.09090909,0.0952381,0.0952381,0.0,0.09090909,33.9,33.9,33.300003,33.9,34.300003,33.9,33.9,33.600002,33.9,34.300003,32.600002,32.9,4256321,-182190,1804800,1804800,1804800,1804800,1804800,1804800,2208000,2400000,726,8,22,730,1,6,395,43,78,470,26,59,357,22,59,375,29,69,275,42,67,158,11,51,573113,29376,156465,518982,418,183326,219706,101565,422916,204346,59183,505116,187130,50274,425789,223942,49674,450544,183870,77260,490208,80885,23165,381235,-1.0,-1.0
1660073913055,29.003002,0.014925373,0.0,0.03846154,0.0,0.0,0.08,0.0,0.0,0.0,33.600002,33.300003,32.9,33.9,34.300003,34.9,33.600002,33.300003,33.9,33.600002,32.300003,32.300003,4248341,-249328,1804800,1804800,1804800,1804800,1804800,1804800,2208000,2400000,425,19,48,448,8,54,97,15,71,90,16,51,85,8,52,82,14,45,13,0,37,3,0,24,439889,49526,435153,435941,20827,512635,95842,25514,819454,82875,27947,790327,99014,19413,739659,72362,26206,740521,19872,0,886655,5349,0,1151287,-1.0,-1.0
1660073914100,29.009,0.019607844,0.0,0.03846154,0.0,0.0,0.03846154,0.07692308,0.0,0.0,32.300003,32.300003,31.900002,32.300003,32.600002,32.300003,32.300003,32.300003,32.600002,32.600002,31.600002,31.600002,4260020,-146789,1804800,1804800,1804800,1804800,1804800,1804800,2208000,2400000,140,12,60,110,6,48,47,0,29,39,10,28,18,1,23,53,5,42,0,0,7,0,1,5,229707,20124,756052,220015,18146,786094,21707,0,885532,22607,33473,1019782,22271,3188,925295,42190,15192,907505,0,0,1126096,0,3444,1059242,-1.0,-1.0
1660073915112,29.003002,0.014563107,0.074074075,0.0,0.0,0.0,0.07692308,0.0,0.0,0.0,32.300003,32.300003,31.900002,32.300003,32.600002,32.300003,32.300003,31.900002,31.900002,31.900002,31.600002,31.300001,4250288,-223694,1804800,1804800,1804800,1804800,1804800,1804800,2208000,2400000,158,10,60,155,14,46,27,6,26,37,8,34,59,7,25,28,7,28,0,0,4,0,0,1,231970,18175,731918,219048,47156,717621,25969,16702,1077639,25874,29214,902531,37044,13225,882681,33389,13842,848711,0,0,1031785,0,0,469433,-1.0,-1.0
1660073916142,28.997002,0.081871346,0.0952381,0.0952381,0.05263158,0.05,0.20833333,0.09090909,0.0,0.0,31.900002,31.900002,31.600002,31.900002,31.900002,32.300003,31.600002,31.900002,31.900002,32.300003,31.300001,31.300001,4258657,-150756,1804800,1804800,1804800,1804800,1804800,1804800,2208000,2400000,280,22,64,181,8,44,66,6,29,191,2,48,63,3,27,109,2,39,24,1,17,15,1,15,337894,47280,564584,312180,26085,650424,55782,13529,905452,77933,2792,961567,64960,1629,833980,85612,2275,875706,29614,3595,875443,30916,512,1440019,-1.0,-1.0
1660073917181,29.003002,0.009852217,0.0,0.0,0.0,0.0,0.04,0.0,0.0,0.0,32.9,32.300003,31.600002,32.600002,32.300003,32.600002,32.300003,32.300003,32.300003,32.300003,31.600002,31.600002,4258073,-104675,1804800,1804800,1804800,1804800,1804800,1804800,2208000,2400000,812,10,45,615,3,28,298,17,73,380,21,87,81,14,43,165,18,48,67,5,47,41,4,35,551985,14307,375130,522050,3935,421534,168371,19790,763304,194397,39651,671522,66615,35823,546913,143702,42384,722962,71698,16123,1096699,68670,17631,1040476,-1.0,-1.0
1660073918196,29.003002,0.009852217,0.074074075,0.03846154,0.0,0.0,0.04,0.03846154,0.0,0.0,31.900002,32.300003,31.900002,32.300003,32.300003,31.900002,31.600002,31.900002,31.900002,31.900002,31.600002,31.600002,4250482,-89416,1804800,1804800,1804800,1804800,1804800,1804800,2208000,2400000,140,1,45,117,0,34,63,3,30,62,5,28,53,8,42,45,2,28,0,0,6,0,0,1,197192,3823,767734,215258,0,769832,31508,8384,916627,37646,10881,940916,50351,19085,803998,44322,7399,930733,0,0,933380,0,0,324066,-1.0,-1.0
1660073919205,29.003002,0.35714287,0.24,0.09090909,0.16,0.23076923,0.92,0.8076923,0.04,0.4,31.900002,32.300003,31.600002,32.600002,32.300003,32.600002,31.900002,31.600002,31.900002,31.900002,31.300001,31.300001,4253791,-219421,1804800,1804800,1804800,1804800,1804800,1804800,2208000,2400000,120,1,33,122,1,14,18,6,23,49,4,36,28,2,22,46,7,30,0,0,2,0,0,1,212105,3537,781503,194297,2704,791428,12902,21380,950786,30580,9448,959594,28614,4776,861159,45695,17261,900937,0,0,997597,0,0,1005655,-1.0,-1.0
1660073920208,29.009,0.08947369,0.0,0.0,0.04,0.0,0.48,0.18181819,0.0,0.0,33.600002,33.9,33.300003,34.600002,35.9,34.9,34.300003,33.9,34.600002,34.600002,31.600002,31.600002,4237247,-340271,1804800,1804800,1804800,1804800,1804800,1804800,2208000,2400000,212,22,63,194,18,58,81,11,48,103,20,60,19,3,19,84,11,33,65,54,42,60,1,20,274496,39460,596065,249861,37067,649265,46297,33936,874803,91543,52767,823400,13523,654,643992,52887,21846,629488,57279,115630,905319,14857,243,1559035,-1.0,-1.0
1660073921227,29.012001,0.04477612,0.0,0.03846154,0.0,0.0,0.26923078,0.04,0.0,0.0,33.9,33.600002,32.9,34.300003,34.9,34.600002,32.9,32.9,33.300003,33.600002,31.300001,31.600002,4226542,-390320,1804800,1804800,1804800,1804800,1804800,1804800,2208000,2400000,236,12,75,158,12,54,121,13,61,106,27,55,29,2,27,52,6,33,76,21,35,12,1,15,266777,13902,681305,248352,26669,705374,114227,29467,872713,123775,73275,764199,27488,8672,700158,59567,11742,725789,59844,52398,903752,19592,8363,1071282,-1.0,-1.0
1660073922244,29.021002,0.014705882,0.0,0.0,0.0,0.0,0.0,0.04,0.0,0.0,32.300003,32.600002,31.900002,32.600002,33.9,32.9,32.300003,32.300003,32.9,32.300003,31.300001,31.300001,4241918,-289917,1804800,1804800,1804800,1804800,1804800,1804800,2208000,2400000,274,13,71,186,5,49,290,11,91,104,5,51,67,7,20,42,2,20,4,8,29,0,5,29,340719,19784,612306,285460,12283,632881,180950,31173,728667,126219,18985,805100,72220,13094,530746,123557,1295,748755,4558,26652,928859,0,19263,943696,-1.0,-1.0
1660073923244,29.015001,0.014634146,0.0,0.0,0.0,0.0,0.0,0.04,0.0,0.0,31.900002,31.900002,31.300001,32.600002,32.300003,32.300003,31.900002,31.600002,32.300003,31.900002,31.300001,31.300001,4250677,-199279,1804800,1804800,1804800,1804800,1804800,1804800,2208000,2400000,133,6,40,120,0,40,42,3,29,21,2,24,64,1,32,44,2,19,0,2,13,0,0,4,177461,7395,787471,184297,0,786869,21524,5393,951880,15025,2856,972174,35981,805,935630,21971,8800,862783,0,8852,988826,0,0,997371,-1.0,-1.0
1660073924253,29.024002,0.049261082,0.0,0.04,0.0,0.0,0.14814815,0.25925925,0.0,0.0,31.900002,31.900002,31.600002,31.600002,31.900002,31.900002,31.600002,31.300001,31.600002,31.900002,30.900002,30.900002,4258073,-173645,1804800,1804800,1804800,1804800,1804800,1804800,2208000,2400000,135,5,35,110,2,18,25,4,24,52,15,35,35,4,29,44,5,26,0,2,7,0,0,2,204319,9406,771181,205572,8498,776736,15132,17199,971280,33740,50079,923185,31128,11501,904096,32188,6555,883852,0,9714,997513,0,0,996009,-1.0,-1.0
1660073925262,29.015001,0.019417476,0.0,0.03846154,0.0,0.0,0.0,0.04,0.0,0.0,32.300003,32.300003,31.900002,32.600002,31.900002,32.600002,31.600002,31.600002,31.900002,31.900002,30.900002,30.900002,4260798,-113830,1804800,1804800,1804800,1804800,1804800,1804800,2208000,2400000,168,5,59,144,6,57,29,2,25,90,15,67,46,4,29,39,3,32,1,0,8,0,0,3,212807,7470,767337,227567,10282,736501,24285,3619,951939,85658,32605,857244,43897,6368,888500,30484,6747,807074,2215,0,1001736,0,0,1009231,-1.0,-1.0
1660073926264,29.021002,0.03960396,0.0,0.0,0.0,0.04,0.16,0.07692308,0.0,0.0,31.600002,31.600002,31.900002,31.900002,31.600002,32.300003,31.300001,31.300001,31.600002,31.900002,30.900002,30.900002,4262939,-92468,1804800,1804800,1804800,1804800,1804800,1804800,2208000,2400000,136,2,38,137,3,32,19,5,27,84,8,37,36,3,30,32,1,19,0,1,7,0,0,3,189986,5396,791322,205676,7458,754002,18585,13477,960327,47017,19685,923381,18061,9346,918911,34828,1852,885717,0,4340,1005178,0,0,1004130,-1.0,-1.0
1660073927267,29.024002,0.019704433,0.0,0.03846154,0.0,0.07692308,0.0,0.041666668,0.0,0.0,31.600002,32.300003,31.600002,31.900002,31.900002,32.300003,31.600002,31.600002,31.600002,31.900002,31.300001,31.300001,4260214,-100097,1804800,1804800,1804800,1804800,1804800,1804800,2208000,2400000,227,24,70,148,6,39,69,5,37,61,26,64,127,22,77,100,12,42,0,2,9,0,0,7,256671,62257,630345,228718,9850,700576,55476,18347,898431,88332,64065,780764,94282,80050,718621,70507,28051,504862,0,6010,985092,0,0,1009387,-1.0,-1.0
1660073928271,29.027,0.02955665,0.03846154,0.08,0.0,0.03846154,0.04,0.04,0.0,0.0,31.900002,31.900002,31.300001,31.600002,32.300003,31.600002,31.600002,31.600002,31.900002,31.600002,30.900002,30.900002,4261771,-94604,1804800,1804800,1804800,1804800,1804800,1804800,2208000,2400000,169,6,47,57,0,18,35,8,31,24,5,29,44,9,28,91,5,65,0,0,8,0,0,3,201614,7720,762941,214402,0,781244,28316,12909,947094,22717,20155,933581,33684,26898,873512,46939,3665,835374,0,0,1041229,0,0,1000041,-1.0,-1.0
1660073929272,29.027,0.0054644807,0.0,0.0,0.0,0.0,0.041666668,0.04347826,0.0,0.0,31.600002,31.600002,30.900002,31.600002,31.600002,31.900002,31.300001,30.900002,31.900002,31.300001,30.900002,30.900002,4250872,-121765,1804800,1804800,1804800,1804800,1804800,1804800,2208000,2400000,155,2,53,106,1,34,29,1,28,54,8,47,65,6,26,71,2,51,0,0,9,0,0,1,182983,1465,784513,178584,4337,774169,22150,241,957762,31894,33218,914283,47667,9617,873810,45734,4703,867034,0,0,954303,0,0,218527,-1.0,-1.0
1660073930316,29.024002,0.015789473,0.0,0.0,0.0,0.041666668,0.04347826,0.0,0.0,0.0,31.600002,31.300001,30.900002,31.300001,31.300001,31.300001,30.900002,31.300001,31.300001,31.600002,30.900002,30.600002,4255154,-159912,1804800,1804800,1804800,1804800,1804800,1804800,2208000,2400000,123,10,47,106,3,26,24,8,32,93,7,34,40,1,35,49,3,35,0,0,3,0,0,0,236580,21055,745519,233357,10093,769788,26774,28344,961161,46296,13225,962537,32778,361,920514,47788,9894,926875,0,0,963674,0,0,0,-1.0,-1.0
1660073931351,29.03,0.02259887,0.0,0.0,0.0,0.04347826,0.0,0.0,0.0,0.0,31.300001,31.300001,30.600002,31.300001,31.300001,31.600002,30.900002,31.300001,31.300001,31.300001,30.900002,30.600002,4254764,-170288,1804800,1804800,1804800,1804800,1804800,1804800,2208000,2400000,168,8,43,125,4,37,62,13,39,68,10,50,32,1,24,77,10,36,0,0,9,0,0,1,203882,26529,779614,211264,12358,782018,53499,33040,922968,37091,37990,950030,32650,3379,927183,64448,36052,871423,0,0,1088269,0,0,2804359,-1.0,-1.0
1660073932376,29.03,0.023255814,0.09090909,0.0,0.0,0.045454547,0.0,0.0,0.0,0.0,31.600002,31.600002,30.900002,31.600002,31.600002,31.300001,30.900002,31.300001,31.600002,31.300001,30.900002,30.900002,4251261,-201416,1804800,1804800,1804800,1804800,1804800,1804800,2208000,2400000,225,30,80,117,3,41,76,8,51,120,29,91,94,6,23,73,12,45,0,0,6,0,0,2,275724,63406,645097,223215,1098,717792,64737,17527,899439,123181,92086,738595,42480,18819,680052,67775,30391,780669,0,0,986965,0,0,133129,-1.0,-1.0
1660073933381,29.027,0.028089888,0.045454547,0.04347826,0.0,0.04347826,0.0,0.045454547,0.0,0.0,31.300001,31.300001,30.900002,31.300001,31.300001,31.300001,31.300001,30.900002,31.300001,31.300001,30.600002,30.600002,4253013,-166015,1804800,1804800,1804800,1804800,1804800,1804800,2208000,2400000,104,7,46,103,0,23,47,1,36,46,16,50,66,5,33,58,8,18,0,0,4,0,0,2,200813,16853,736738,186487,0,790973,29143,4339,937624,47522,54025,877735,47200,12337,904398,32802,29261,832806,0,0,1026490,0,0,1913650,-1.0,-1.0
1660073934393,29.018002,0.03448276,0.0,0.0,0.045454547,0.0,0.08695652,0.13636364,0.0,0.0,31.300001,31.300001,30.900002,31.600002,31.600002,31.300001,30.900002,31.300001,30.900002,31.300001,30.900002,30.600002,4259241,-137329,1804800,1804800,1804800,1804800,1804800,1804800,2208000,2400000,152,5,52,144,2,25,53,18,43,55,6,40,75,8,52,45,6,25,0,0,9,0,0,0,228732,2986,762547,210899,4841,823045,55540,56756,932854,30669,17783,957747,71682,12371,868363,29424,17199,905570,0,0,988507,0,0,0,-1.0,-1.0
1660073935390,29.024002,0.011494253,0.0,0.045454547,0.0,0.04347826,0.0,0.0,0.0,0.0,31.600002,31.300001,30.600002,31.300001,31.300001,31.300001,30.900002,31.300001,31.300001,31.300001,30.600002,30.600002,4258073,-179748,1804800,1804800,1804800,1804800,1804800,1804800,2208000,2400000,141,6,51,88,2,19,45,4,54,61,11,49,41,11,32,98,3,48,0,1,5,0,0,2,206296,12157,746329,202682,664,730565,35417,1151,923576,50761,24678,886072,39403,35138,848994,44732,8139,831771,0,5742,1036915,0,0,2035869,-1.0,-1.0
1660073936404,29.027,0.023529412,0.0,0.0,0.0,0.0,0.045454547,0.04761905,0.0,0.0,31.300001,31.600002,30.600002,31.300001,31.300001,31.600002,30.900002,30.900002,31.300001,30.900002,30.600002,30.600002,4258268,-155334,1804800,1804800,1804800,1804800,1804800,1804800,2208000,2400000,170,8,45,134,3,21,27,9,40,78,15,65,63,5,28,28,5,24,0,0,5,0,0,0,231624,17189,737627,211593,5840,802460,42053,29632,938619,67889,46069,880575,53981,7833,919255,36519,17785,857273,0,0,976335,0,0,0,-1.0,-1.0
1660073937418,29.021002,0.023529412,0.0,0.0,0.0,0.08695652,0.04761905,0.08695652,0.0,0.0,31.300001,30.900002,30.900002,31.300001,31.300001,31.300001,31.300001,30.900002,31.300001,31.300001,30.600002,30.600002,4250093,-197754,1804800,1804800,1804800,1804800,1804800,1804800,2208000,2400000,128,9,54,114,2,34,60,15,44,51,13,54,71,3,55,79,16,36,0,0,6,0,0,2,204196,19813,763252,194852,291,790998,53061,38377,898470,51245,26933,860109,33382,1972,876893,69725,45315,845221,0,0,1007428,0,0,1986896,-1.0,-1.0
1660073938460,29.021002,0.015544041,0.0,0.0,0.0,0.0,0.041666668,0.0,0.0,0.0,30.900002,31.300001,30.600002,31.300001,31.300001,30.900002,30.900002,30.900002,30.900002,31.300001,30.600002,30.600002,4255154,-144653,1804800,1804800,1804800,1804800,1804800,1804800,2208000,2400000,132,9,53,101,0,16,81,16,67,36,4,32,45,4,26,88,10,46,0,0,6,0,0,0,219224,25974,758956,199561,0,740791,44405,41532,922385,32690,13128,1028206,27916,8910,885056,67361,11077,922505,0,0,1002857,0,0,0,-1.0,-1.0
1660073939507,29.018002,0.02955665,0.04,0.0,0.03846154,0.03846154,0.07692308,0.03846154,0.0,0.0,30.900002,30.900002,30.600002,30.900002,31.300001,30.600002,30.600002,30.900002,30.900002,30.900002,30.300001,30.300001,4261382,-105590,1804800,1804800,1804800,1804800,1804800,1804800,2208000,2400000,130,8,57,116,6,35,26,8,35,74,10,40,82,6,36,55,4,37,0,0,4,0,0,0,231505,12850,771986,239852,11652,848726,39136,25253,959173,60498,27953,847853,41647,19981,874038,52955,8853,956784,0,0,1056048,0,0,0,-1.0,-1.0
1660073940501,29.027,0.011627907,0.0,0.0,0.045454547,0.0,0.04761905,0.045454547,0.0,0.0,31.300001,31.600002,30.600002,31.300001,31.600002,31.300001,30.900002,30.900002,31.300001,31.300001,30.300001,30.600002,4255543,-214538,1804800,1804800,1804800,1804800,1804800,1804800,2208000,2400000,155,5,52,176,5,38,71,7,37,35,5,38,69,8,36,89,7,53,0,0,2,0,0,1,302807,9266,630737,301559,11489,615949,24785,24541,911298,34886,19746,954290,48144,24142,811435,71544,10851,891236,0,0,888656,0,0,2645927,-1.0,-1.0
1660073941549,29.018002,0.023391813,0.045454547,0.0,0.045454547,0.0,0.045454547,0.0,0.045454547,0.0,30.900002,30.900002,30.300001,30.900002,31.300001,30.900002,30.600002,30.600002,30.600002,30.900002,30.600002,30.600002,4254959,-140686,1804800,1804800,1804800,1804800,1804800,1804800,2208000,2400000,162,12,55,113,4,42,82,12,63,46,2,26,35,0,29,112,17,56,0,0,8,0,0,0,260497,23052,740303,228137,4861,812952,61680,32168,889043,38227,2935,994291,45082,0,897146,83770,42275,861499,0,0,1138944,0,0,0,-1.0,-1.0
1660073942590,29.012001,0.020304568,0.07692308,0.0,0.04,0.0,0.041666668,0.0,0.0,0.0,31.300001,30.900002,30.300001,30.900002,31.300001,30.900002,30.600002,30.600002,30.600002,31.300001,30.600002,30.600002,4255543,-132446,1804800,1804800,1804800,1804800,1804800,1804800,2208000,2400000,187,11,60,166,3,36,42,11,30,18,3,18,38,10,32,155,21,65,0,0,4,0,0,1,250589,35420,729679,211399,8871,794946,34664,34770,878745,13210,9985,940554,40416,24615,878064,110996,37260,857434,0,0,873012,0,0,2400458,-1.0,-1.0
1660073943644,29.012001,0.02955665,0.0,0.0,0.04,0.03846154,0.04,0.04,0.0,0.0,31.300001,30.600002,30.600002,30.900002,30.900002,30.900002,30.600002,30.600002,30.900002,30.900002,30.300001,30.300001,4253207,-139465,1804800,1804800,1804800,1804800,1804800,1804800,2208000,2400000,152,16,54,108,4,49,46,5,26,83,12,59,30,5,33,38,4,35,0,0,5,0,0,0,233771,29368,762503,209169,13243,809462,15551,24076,979385,40010,35420,1057258,27162,18378,907445,27412,8749,979660,0,0,1143192,0,0,0,-1.0,-1.0
1660073944636,29.018002,0.024630541,0.0,0.04,0.04,0.0,0.03846154,0.07692308,0.037037037,0.0,31.300001,30.900002,30.600002,30.900002,31.300001,31.600002,30.900002,30.900002,30.900002,31.600002,30.600002,30.600002,4257295,-123291,1804800,1804800,1804800,1804800,1804800,1804800,2208000,2400000,172,16,49,112,3,31,79,6,26,31,3,34,37,0,29,87,18,67,1,0,5,1,0,2,263945,35064,661376,217203,8588,738503,36854,21662,1023664,31641,9089,938788,35121,0,879806,73691,63406,748068,1232,0,1067808,1751,0,2133027,-1.0,-1.0
1660073945690,29.009,0.01010101,0.04,0.0,0.0,0.03846154,0.0,0.04,0.0,0.0,30.900002,30.900002,30.300001,30.600002,30.600002,30.900002,30.300001,30.600002,31.300001,30.900002,30.300001,30.600002,4258657,-132751,1804800,1804800,1804800,1804800,1804800,1804800,2208000,2400000,165,11,55,99,3,37,60,7,40,52,5,32,48,3,38,33,0,37,0,0,5,0,0,1,262987,16493,744321,208901,18,725213,37790,13863,1012262,31348,11405,854253,41996,12107,979173,24313,0,929732,0,0,928112,0,0,930430,-1.0,-1.0
1660073946733,29.003002,0.015075377,0.0,0.0,0.0,0.0,0.07692308,0.04,0.0,0.0,30.900002,30.900002,30.600002,30.600002,30.600002,30.900002,30.600002,30.900002,30.900002,30.600002,30.300001,30.300001,4261187,-134277,1804800,1804800,1804800,1804800,1804800,1804800,2208000,2400000,133,20,44,132,10,38,34,3,40,24,5,23,117,6,41,27,1,29,0,1,2,0,0,0,222968,52380,740818,217762,33529,855429,32547,1809,872568,23967,7593,1019771,73341,10933,942685,31534,4263,912141,0,5431,867283,0,0,0,-1.0,-1.0
1660073947787,29.003002,0.00990099,0.0,0.0,0.0,0.0,0.0,0.07692308,0.0,0.0,30.900002,30.600002,30.300001,30.600002,30.600002,31.300001,30.300001,30.600002,30.600002,30.900002,30.300001,30.300001,4262550,-122070,1804800,1804800,1804800,1804800,1804800,1804800,2208000,2400000,117,10,55,129,6,51,71,1,28,41,8,43,76,12,46,19,1,23,0,0,5,0,0,0,222563,20442,779865,220211,7400,790429,25138,2978,970064,28450,28966,945173,71126,30481,905771,21118,4261,929575,0,0,1018545,0,0,0,-1.0,-1.0
1660073948787,28.997002,0.016666668,0.0,0.0,0.0,0.0,0.045454547,0.04347826,0.0,0.0,30.900002,31.300001,30.300001,30.900002,30.900002,30.900002,30.600002,30.600002,30.900002,30.900002,30.300001,30.300001,4257684,-130004,1804800,1804800,1804800,1804800,1804800,1804800,2208000,2400000,128,10,48,110,4,47,23,3,31,75,3,47,55,13,42,28,4,26,0,0,3,0,0,0,212662,20149,736561,210157,13317,756866,23514,8032,1031669,35549,4782,1034763,51684,36764,848753,22330,9482,915360,0,0,989108,0,0,0,-1.0,-1.0
1660073949831,28.997002,0.009852217,0.0,0.03846154,0.0,0.0,0.03846154,0.03846154,0.0,0.0,30.900002,30.900002,30.300001,30.900002,30.900002,30.300001,30.600002,30.600002,30.900002,30.600002,30.300001,30.300001,4252429,-119323,1804800,1804800,1804800,1804800,1804800,1804800,2208000,2400000,135,8,45,131,9,38,44,6,30,40,10,47,21,7,32,58,5,44,0,0,2,0,0,0,206276,19904,799036,223838,25726,755774,19804,21436,1059901,46206,26409,1003395,23647,26230,889849,48796,12128,956095,0,0,1506501,0,0,0,-1.0,-1.0
1660073950873,28.997002,0.011560693,0.0,0.0,0.045454547,0.0,0.04761905,0.0,0.0,0.0,30.900002,30.900002,30.300001,30.600002,30.900002,30.600002,30.300001,30.300001,30.600002,30.600002,30.300001,29.900002,4260214,-152282,1804800,1804800,1804800,1804800,1804800,1804800,2208000,2400000,172,8,46,139,8,32,76,4,49,86,5,39,41,2,29,31,3,25,0,0,3,0,0,4,242590,11619,754467,230986,19374,755817,49374,8501,950163,49081,8843,964446,31280,1709,902734,29145,8859,965044,0,0,1024045,0,0,5299254,-1.0,-1.0
1660073951906,28.985,0.009852217,0.0,0.0,0.03846154,0.0,0.04,0.0,0.0,0.0,30.900002,30.900002,30.900002,30.900002,31.300001,30.900002,30.600002,30.600002,30.900002,30.600002,30.300001,30.300001,4263328,-96740,1804800,1804800,1804800,1804800,1804800,1804800,2208000,2400000,208,10,63,179,14,40,89,5,51,22,7,33,26,6,38,106,12,69,0,0,4,0,0,3,255266,21579,728088,254532,38691,703427,46299,11139,946126,24125,26173,884345,26006,21349,885037,65400,29541,900014,0,0,1002962,0,0,1040733,-1.0,-1.0
1660073952952,28.991001,0.0051282053,0.0,0.0,0.0,0.0,0.08,0.0,0.0,0.0,30.900002,30.900002,30.600002,30.900002,30.900002,30.900002,30.600002,30.600002,30.900002,30.900002,29.900002,30.300001,4257879,-155334,1804800,1804800,1804800,1804800,1804800,1804800,2208000,2400000,134,6,30,98,0,24,62,18,46,57,13,40,32,3,24,87,5,34,0,0,3,0,0,0,251531,11199,763614,237438,0,783414,45958,53142,925136,57416,18617,952027,36375,12294,898602,45045,16855,960475,0,0,987681,0,0,0,-1.0,-1.0
1660073953971,28.991001,0.01,0.0,0.03846154,0.0,0.03846154,0.04,0.0,0.0,0.0,31.300001,30.900002,30.600002,30.900002,30.900002,30.900002,30.900002,30.600002,30.900002,30.900002,30.300001,30.600002,4253402,-200805,1804800,1804800,1804800,1804800,1804800,1804800,2208000,2400000,114,3,38,139,1,17,60,6,28,54,4,34,49,10,28,55,11,48,0,0,3,0,0,0,197747,8184,792189,202886,2296,793141,30908,14223,960264,34770,16723,958291,35097,30167,882573,46385,34433,838516,0,0,1006498,0,0,0,-1.0,-1.0
1660073954977,28.982002,0.02020202,0.03846154,0.0,0.0,0.0,0.04,0.0,0.0,0.0,31.300001,30.600002,30.900002,31.300001,31.300001,30.900002,30.600002,30.600002,30.600002,30.600002,30.300001,30.300001,4256127,-161438,1804800,1804800,1804800,1804800,1804800,1804800,2208000,2400000,131,4,40,141,2,37,39,4,34,65,4,39,45,5,26,81,15,37,0,0,3,0,0,0,193386,13027,782484,203352,3311,761392,29177,4691,949556,29392,5992,947595,36702,6181,869818,53802,45359,874491,0,0,1019623,0,0,0,-1.0,-1.0
1660073956018,28.976002,0.02116402,0.0,0.0,0.0,0.0,0.04347826,0.041666668,0.0,0.0,30.900002,30.900002,30.300001,30.900002,30.900002,30.600002,30.600002,30.600002,30.900002,30.900002,30.300001,30.300001,4253402,-211181,1804800,1804800,1804800,1804800,1804800,1804800,2208000,2400000,141,6,34,133,1,27,15,5,26,22,8,28,35,3,17,119,21,45,0,0,4,0,0,0,201120,15909,794681,201665,431,801656,19902,12386,952989,17032,19447,968280,28809,4686,915515,68067,55500,883490,0,0,991428,0,0,0,-1.0,-1.0
1660073957059,28.971,0.0154639175,0.04,0.04,0.0,0.04,0.041666668,0.0,0.0,0.0,30.600002,30.600002,30.300001,30.900002,31.300001,30.600002,30.300001,30.600002,30.900002,30.600002,30.300001,30.300001,4258268,-132751,1804800,1804800,1804800,1804800,1804800,1804800,2208000,2400000,137,3,51,83,1,21,67,5,39,64,1,32,40,4,24,93,16,56,0,0,3,0,0,3,209604,7370,797630,188117,739,810483,47960,4841,969804,37577,262,968596,30110,9143,901847,73297,42581,867057,0,0,1007803,0,0,5168985,-1.0,-1.0
1660073958064,28.971,0.01724138,0.0,0.0,0.0,0.0,0.04761905,0.0,0.0,0.0,30.900002,30.900002,30.600002,30.900002,31.300001,30.600002,30.600002,30.300001,30.900002,30.600002,30.300001,30.300001,4256711,-176696,1804800,1804800,1804800,1804800,1804800,1804800,2208000,2400000,162,8,46,84,3,16,77,1,33,19,2,25,43,10,31,108,12,54,0,0,2,0,0,2,231726,12282,733511,194795,8570,755146,30590,3020,954573,16302,3840,1000539,29625,29435,842869,83861,18868,874354,0,0,503999,0,0,1046747,-1.0,-1.0
1660073959105,28.959002,0.024875622,0.03846154,0.0,0.0,0.03846154,0.07692308,0.0,0.0,0.0,30.900002,30.900002,30.300001,30.900002,30.900002,30.600002,30.600002,30.600002,30.600002,30.600002,30.600002,30.300001,4248536,-357666,1804800,1804800,1804800,1804800,1804800,1804800,2208000,2400000,163,6,51,138,0,37,80,4,26,48,10,43,39,6,35,94,8,41,0,0,4,0,0,0,245491,10392,757043,212467,0,832760,38206,12314,1017725,55313,24301,947205,56178,8077,877608,51120,27816,919507,0,0,1515010,0,0,0,-1.0,-1.0
1660073960161,28.959002,0.015,0.0,0.0,0.0,0.0,0.07692308,0.04,0.0,0.0,30.600002,30.900002,30.600002,30.600002,30.900002,30.600002,30.600002,30.600002,30.900002,30.900002,29.900002,30.300001,4258657,-133667,1804800,1804800,1804800,1804800,1804800,1804800,2208000,2400000,270,12,60,173,7,46,103,15,75,161,23,94,75,7,44,73,7,33,21,0,12,1,0,9,380185,18350,635976,331261,7750,650613,86046,30814,899582,85524,53446,836691,59484,12713,874134,51143,19973,917435,4057,0,1239081,950,0,2142066,-1.0,-1.0
1660073961166,28.959002,0.028571429,0.0,0.045454547,0.0,0.0,0.08695652,0.04347826,0.0,0.0,30.900002,31.300001,30.600002,31.300001,30.900002,30.900002,30.600002,30.600002,31.300001,30.900002,30.300001,30.300001,4253402,-167846,1804800,1804800,1804800,1804800,1804800,1804800,2208000,2400000,143,4,47,93,3,34,41,1,38,32,11,39,33,2,25,67,4,36,0,0,2,0,0,1,220634,6543,715278,203551,2183,761472,23030,4487,943683,34748,30520,921626,33865,4241,854557,41320,7078,910966,0,0,751988,0,0,284879,-1.0,-1.0
1660073962231,28.953001,0.01980198,0.0,0.03846154,0.0,0.0,0.0,0.07692308,0.03846154,0.0,30.900002,30.600002,29.900002,30.600002,30.600002,30.600002,30.600002,30.600002,30.600002,30.900002,29.900002,30.300001,4261382,-123901,1804800,1804800,1804800,1804800,1804800,1804800,2208000,2400000,98,10,57,79,2,21,27,9,35,63,13,57,52,4,36,72,5,33,0,0,4,0,0,0,215122,20483,803540,211874,1019,773456,23692,24843,865641,55462,31571,826011,32144,9062,972856,27769,13246,943315,0,0,1007587,0,0,0,-1.0,-1.0
1660073963230,28.944002,0.024630541,0.0,0.03846154,0.03846154,0.0,0.04,0.07692308,0.0,0.0,30.900002,30.900002,30.600002,30.900002,30.900002,30.900002,30.900002,30.600002,30.600002,30.900002,30.300001,30.300001,4260993,-140686,1804800,1804800,1804800,1804800,1804800,1804800,2208000,2400000,106,5,50,101,2,31,13,0,26,14,3,23,83,7,46,39,6,32,0,0,4,0,0,0,225216,9901,737767,206008,3135,824220,18245,0,952638,21203,8864,1065544,60457,18558,899153,37251,16810,851432,0,0,1025168,0,0,0,-1.0,-1.0
1660073964267,28.944002,0.035,0.0,0.0,0.0,0.0,0.12,0.07692308,0.0,0.0,30.900002,30.900002,30.300001,30.900002,30.600002,30.900002,30.600002,30.600002,30.600002,30.600002,30.300001,30.300001,4260993,-111084,1804800,1804800,1804800,1804800,1804800,1804800,2208000,2400000,281,29,73,141,7,52,20,4,28,96,14,67,108,10,63,29,2,32,0,0,7,0,0,4,303273,61615,638029,220638,21131,737111,15017,15132,853812,55447,44340,907964,74601,13628,869769,33333,1363,873542,0,0,1310422,0,0,2930875,-1.0,-1.0
1660073965269,28.944002,0.01980198,0.0,0.04,0.0,0.04,0.03846154,0.03846154,0.0,0.0,30.900002,30.900002,30.600002,30.900002,30.900002,31.300001,30.600002,30.600002,30.900002,30.900002,30.300001,30.300001,4252818,-220337,1804800,1804800,1804800,1804800,1804800,1804800,2208000,2400000,172,14,53,122,7,44,44,4,33,13,2,19,76,7,46,35,10,37,0,0,6,0,0,0,236017,29239,712386,219391,12996,754593,27930,7568,941029,6026,8676,917053,49172,13620,890412,32331,27959,847114,0,0,763638,0,0,0,-1.0,-1.0
1660073966271,28.944002,0.024752475,0.04,0.0,0.0,0.0,0.0,0.04,0.0,0.0,30.600002,30.600002,30.300001,30.600002,30.900002,30.600002,30.300001,30.600002,30.900002,30.900002,30.300001,30.300001,4257684,-162353,1804800,1804800,1804800,1804800,1804800,1804800,2208000,2400000,137,13,43,96,1,35,18,6,39,17,4,26,87,3,51,51,6,30,0,0,2,0,0,0,230402,24863,724506,214831,325,764361,13912,21890,971147,17318,10750,992923,53131,4701,907942,48268,13225,849706,0,0,411860,0,0,0,-1.0,-1.0
1660073967330,28.932001,0.01980198,0.0,0.0,0.0,0.03846154,0.0,0.04,0.0,0.0,30.900002,30.600002,30.300001,30.600002,30.900002,30.900002,30.600002,30.300001,30.600002,30.600002,30.300001,30.300001,4261577,-144653,1804800,1804800,1804800,1804800,1804800,1804800,2208000,2400000,101,11,55,123,9,55,13,2,24,81,1,62,110,18,45,20,2,23,0,0,0,0,0,0,220196,20217,779267,234309,21631,771802,11857,4331,1048945,49108,13,916974,62890,55382,886685,22990,652,939969,0,0,0,0,0,0,-1.0,-1.0
1660073968327,28.932001,0.016666668,0.0,0.08695652,0.04347826,0.0,0.0,0.083333336,0.0,0.0,31.300001,30.900002,29.900002,30.600002,30.300001,30.600002,30.300001,30.600002,30.600002,30.900002,30.300001,30.300001,4261966,-137939,1804800,1804800,1804800,1804800,1804800,1804800,2208000,2400000,110,16,44,105,5,36,62,5,44,37,4,23,58,4,47,20,1,21,0,0,4,0,0,0,214172,33100,733830,209965,6337,753292,31576,8794,949364,19350,8623,975740,50316,7247,912387,16903,1689,889875,0,0,2531883,0,0,0,-1.0,-1.0
1660073969340,28.926,0.021505376,0.0,0.0,0.041666668,0.0,0.04347826,0.041666668,0.0,0.0,30.600002,30.600002,30.300001,30.600002,30.900002,30.600002,30.300001,30.300001,30.600002,30.600002,30.300001,30.300001,4258657,-128784,1804800,1804800,1804800,1804800,1804800,1804800,2208000,2400000,152,12,42,112,3,30,29,8,37,58,10,34,87,10,42,45,7,31,0,0,2,0,0,1,231817,21685,726459,202775,9248,765817,28229,26916,932230,36519,41141,939352,52718,33072,869323,30951,24327,895342,0,0,997650,0,0,5817890,-1.0,-1.0
1660073970389,28.926,0.0099502485,0.0,0.0,0.0,0.0,0.0,0.07692308,0.0,0.0,30.600002,31.300001,30.300001,30.300001,30.600002,30.300001,30.300001,30.600002,30.600002,30.600002,29.900002,30.300001,4255348,-117797,1804800,1804800,1804800,1804800,1804800,1804800,2208000,2400000,115,12,55,138,7,46,38,11,29,48,4,33,28,5,30,41,7,33,0,0,3,0,0,1,215212,29048,766104,209559,19481,794419,28402,29202,853105,31004,7862,934912,22418,19414,965595,43003,10883,895560,0,0,995592,0,0,291994,-1.0,-1.0
1660073971412,28.920002,0.00990099,0.0,0.0,0.0,0.0,0.07692308,0.0,0.0,0.0,30.900002,30.600002,29.900002,30.600002,30.600002,30.600002,30.300001,30.300001,30.600002,30.600002,30.300001,29.900002,4259241,-126342,1804800,1804800,1804800,1804800,1804800,1804800,2208000,2400000,129,13,50,123,1,38,62,3,32,16,10,30,54,6,43,59,0,25,0,0,3,0,0,0,215617,42338,729507,212048,395,761609,28261,8845,985684,15416,38908,1007252,46829,7665,910030,32622,3552,922927,0,0,1436965,0,0,0,-1.0,-1.0
1660073972452,28.908,0.014778325,0.0,0.03846154,0.0,0.0,0.07692308,0.0,0.0,0.0,30.900002,30.600002,30.300001,30.600002,30.900002,30.300001,30.600002,30.300001,30.600002,30.600002,30.300001,30.300001,4263718,-122680,1804800,1804800,1804800,1804800,1804800,1804800,2208000,2400000,124,9,55,116,0,23,47,9,26,57,5,44,22,4,26,64,17,57,0,0,3,0,0,0,216685,19299,762554,193464,0,831283,23689,25869,727348,35591,15516,982255,22549,6705,919636,70555,33869,903188,0,0,578879,0,0,0,-1.0,-1.0
1660073973486,28.911001,0.022222223,0.0,0.04347826,0.04347826,0.0,0.045454547,0.0,0.0,0.0,30.600002,30.300001,30.300001,30.300001,30.600002,30.300001,30.300001,30.300001,30.300001,30.600002,30.300001,30.300001,4253013,-170288,1804800,1804800,1804800,1804800,1804800,1804800,2208000,2400000,119,11,46,132,4,30,48,6,35,44,9,33,10,2,16,60,1,36,0,0,2,0,0,0,221593,28985,753881,208337,6935,766046,39270,10940,1324918,27023,22559,1014856,7287,5892,956461,44452,416,902847,0,0,1505328,0,0,0,-1.0,-1.0
1660073974528,28.914001,0.009852217,0.0,0.0,0.0,0.0,0.03846154,0.07692308,0.0,0.0,30.600002,30.600002,30.300001,30.300001,30.600002,30.300001,30.300001,30.300001,30.600002,30.600002,29.900002,29.900002,4256127,-140991,1804800,1804800,1804800,1804800,1804800,1804800,2208000,2400000,164,13,39,173,1,33,77,4,30,67,7,48,52,3,36,51,6,41,0,0,3,0,0,0,240392,22430,750649,231011,560,810027,36472,11008,979029,47168,9028,952779,48360,4807,937787,38206,15856,928649,0,0,1014873,0,0,0,-1.0,-1.0
1660073975534,28.908,0.048543688,0.0,0.0,0.0,0.037037037,0.11111111,0.2857143,0.0,0.0,30.900002,30.600002,30.300001,31.300001,30.900002,30.600002,30.300001,30.600002,30.600002,30.600002,30.300001,30.300001,4255154,-219726,1804800,1804800,1804800,1804800,1804800,1804800,2208000,2400000,147,4,33,121,4,21,83,10,31,12,2,23,41,1,21,28,6,20,0,0,4,0,0,0,216391,5411,751078,212094,8274,764429,40943,19012,921542,11055,5304,967285,27548,424,954965,28275,17621,864460,0,0,992990,0,0,0,-1.0,-1.0
1660073976572,28.905,0.0099502485,0.03846154,0.0,0.0,0.0,0.04,0.0,0.0,0.0,30.900002,30.900002,30.600002,30.900002,31.300001,30.900002,30.300001,30.300001,30.600002,30.600002,30.300001,30.300001,4259241,-129394,1804800,1804800,1804800,1804800,1804800,1804800,2208000,2400000,169,9,57,141,8,44,28,5,37,27,2,31,43,1,29,72,9,30,0,0,4,0,0,0,244362,21746,735787,242214,14266,751103,33844,11242,962923,30876,1502,982561,38875,305,899061,41073,28353,862508,0,0,1008058,0,0,0,-1.0,-1.0
1660073977597,28.899002,0.005952381,0.0,0.0,0.0,0.0,0.0,0.04761905,0.0,0.0,30.900002,30.900002,30.300001,30.600002,30.900002,31.300001,30.600002,30.300001,30.600002,30.600002,30.300001,30.300001,4260603,-135498,1804800,1804800,1804800,1804800,1804800,1804800,2208000,2400000,167,7,45,136,3,39,33,0,37,25,5,35,78,5,31,70,9,44,0,0,3,0,0,0,228907,12538,751032,235212,6977,746240,39440,3615,983590,30789,23447,966609,41703,13727,893423,52678,26665,894789,0,0,1003985,0,0,0,-1.0,-1.0
1660073978612,28.887001,0.0099502485,0.0,0.0,0.0,0.0,0.07692308,0.0,0.0,0.0,30.600002,30.600002,30.300001,30.600002,30.600002,30.600002,30.600002,30.300001,30.600002,30.900002,29.900002,30.300001,4260603,-141601,1804800,1804800,1804800,1804800,1804800,1804800,2208000,2400000,159,7,34,105,0,23,67,8,30,45,4,33,28,3,25,62,15,31,0,0,3,0,0,0,223510,13571,749842,215783,0,766693,35521,13580,943622,28165,7274,955033,28137,5963,914513,51320,32025,879474,0,0,1005208,0,0,0,-1.0,-1.0
1660073979619,28.893002,0.019900497,0.0,0.03846154,0.03846154,0.0,0.07692308,0.03846154,0.0,0.0,30.900002,30.900002,30.300001,30.900002,31.600002,30.900002,30.600002,30.600002,30.900002,30.900002,30.300001,30.300001,4250093,-270996,1804800,1804800,1804800,1804800,1804800,1804800,2208000,2400000,137,4,28,134,0,18,35,2,29,33,3,31,42,9,30,40,3,26,0,0,5,0,0,0,179582,5142,794756,175589,0,807116,30067,1470,959754,28162,15613,948043,38106,19428,850656,28854,8686,925705,0,0,1021643,0,0,0,-1.0,-1.0
1660073980661,28.887001,0.016129032,0.041666668,0.0,0.041666668,0.0,0.083333336,0.0,0.0,0.0,30.900002,30.600002,30.300001,30.600002,30.900002,30.600002,30.300001,30.600002,30.600002,30.600002,30.300001,29.900002,4256321,-223388,1804800,1804800,1804800,1804800,1804800,1804800,2208000,2400000,180,3,43,126,1,22,67,8,50,37,2,20,20,1,24,91,15,45,0,0,2,0,0,0,226818,8848,769195,231615,3962,775208,57929,17801,908898,17663,1385,973613,29221,1145,917814,80975,30835,894079,0,0,957042,0,0,0,-1.0,-1.0
1660073981668,28.881,0.02970297,0.07692308,0.07692308,0.0,0.04,0.04,0.07692308,0.0,0.0,30.600002,30.900002,30.600002,30.600002,30.600002,30.600002,30.600002,30.300001,30.600002,30.900002,29.900002,29.900002,4253791,-234680,1804800,1804800,1804800,1804800,1804800,1804800,2208000,2400000,145,8,43,122,4,39,16,5,22,67,2,34,40,4,25,104,19,44,0,0,5,0,0,0,228365,10947,742002,221242,9171,740507,30615,16265,953998,53397,4699,957461,47645,4403,862334,85801,43501,837086,0,0,1043013,0,0,0,-1.0,-1.0
1660073982712,28.881,0.02793296,0.045454547,0.083333336,0.0,0.0,0.04347826,0.0,0.0,0.0,30.900002,30.900002,29.900002,30.600002,30.600002,30.600002,30.600002,30.600002,30.600002,30.600002,30.300001,29.900002,4260409,-102844,1804800,1804800,1804800,1804800,1804800,1804800,2208000,2400000,146,13,36,134,4,30,11,7,27,30,7,38,47,0,23,63,18,52,0,0,3,0,0,0,223191,25658,776091,196213,7676,796776,12481,26034,956526,35336,15721,972983,23414,0,934284,53956,47693,907581,0,0,1001282,0,0,0,-1.0,-1.0
1660073983729,28.881,0.01775148,0.0,0.04761905,0.0,0.0,0.0,0.09090909,0.0,0.0,30.600002,30.600002,29.900002,30.300001,30.600002,30.600002,30.300001,30.600002,30.600002,30.600002,30.300001,29.900002,4260409,-152282,1804800,1804800,1804800,1804800,1804800,1804800,2208000,2400000,129,13,38,97,0,14,18,0,24,34,10,35,50,3,28,98,13,54,0,0,5,0,0,0,213716,28615,744861,183952,0,803649,15628,0,1031557,39547,25131,895586,24933,5832,921834,56558,28824,864313,0,0,1017747,0,0,0,-1.0,-1.0
1660073984730,28.872002,0.06043956,0.04347826,0.04347826,0.04347826,0.04347826,0.18181819,0.045454547,0.0,0.0,30.900002,30.300001,29.900002,30.600002,30.600002,30.600002,30.600002,30.300001,30.600002,30.600002,29.900002,29.900002,4256905,-158996,1804800,1804800,1804800,1804800,1804800,1804800,2208000,2400000,178,11,36,115,0,32,59,4,26,81,13,42,37,3,30,56,4,30,0,0,3,0,0,0,230704,28134,713156,200634,0,783653,37501,9963,940972,55470,39798,952268,32435,4699,932568,51488,9790,850941,0,0,985411,0,0,0,-1.0,-1.0
1660073985787,28.875002,0.03409091,0.045454547,0.04761905,0.0,0.045454547,0.0,0.09090909,0.0,0.0,30.600002,30.900002,30.300001,30.600002,30.600002,30.900002,30.300001,30.300001,30.900002,30.600002,30.300001,30.300001,4258462,-147705,1804800,1804800,1804800,1804800,1804800,1804800,2208000,2400000,149,11,65,163,4,54,35,3,30,40,4,47,55,14,42,84,9,44,0,0,4,0,0,1,227369,25071,770323,211063,8963,808898,20772,8537,953065,39178,9113,877073,36478,41517,918022,45959,28142,878116,0,0,1007532,0,0,15989382,-1.0,-1.0
1660073986797,28.866001,0.017857144,0.0,0.0,0.04761905,0.0,0.0,0.04761905,0.045454547,0.0,30.600002,30.600002,30.300001,30.600002,30.600002,30.300001,30.300001,30.300001,30.600002,30.600002,30.300001,29.900002,4259825,-105285,1804800,1804800,1804800,1804800,1804800,1804800,2208000,2400000,135,8,52,108,1,32,49,4,33,58,13,44,63,5,50,27,9,27,0,0,3,0,0,1,212337,13836,750555,213246,289,746758,35400,4590,994491,70791,31624,1005957,39738,11853,899436,28262,36910,859017,0,0,1003751,0,0,946386,-1.0,-1.0
1660073987844,28.86,0.024752475,0.04,0.04,0.03846154,0.0,0.03846154,0.041666668,0.0,0.0,30.900002,30.300001,29.900002,30.600002,30.600002,30.600002,30.300001,30.300001,30.600002,30.600002,30.300001,29.900002,4261382,-107116,1804800,1804800,1804800,1804800,1804800,1804800,2208000,2400000,157,11,36,130,2,34,35,5,26,61,3,28,46,3,29,40,6,35,0,0,3,0,0,0,244098,25541,751024,219015,785,772734,22606,9153,903136,30619,9494,985907,39489,4322,969703,36925,13062,941390,0,0,1012775,0,0,0,-1.0,-1.0
1660073988840,28.866001,0.027322404,0.04347826,0.083333336,0.04347826,0.0,0.04347826,0.08695652,0.0,0.0,30.900002,30.900002,29.900002,30.600002,30.600002,30.900002,30.300001,30.300001,30.600002,30.600002,29.900002,29.900002,4262939,-124206,1804800,1804800,1804800,1804800,1804800,1804800,2208000,2400000,152,10,45,102,6,25,32,4,32,68,7,34,52,11,46,37,4,35,0,0,1,0,0,0,230613,18069,720157,222845,17023,782303,20418,9636,1019901,28223,26140,908737,40825,28214,880031,37857,10897,858946,0,0,995186,0,0,0,-1.0,-1.0
1660073989891,28.854002,0.024752475,0.07692308,0.0,0.04,0.0,0.0,0.0,0.0,0.0,30.600002,30.600002,29.900002,30.300001,30.300001,30.600002,30.300001,30.300001,30.300001,30.300001,29.900002,29.900002,4256711,-220337,1804800,1804800,1804800,1804800,1804800,1804800,2208000,2400000,104,16,62,142,5,60,46,6,50,33,4,24,57,3,43,50,7,36,0,0,3,0,0,0,227746,31264,758554,217778,9176,786884,29007,22350,860203,28629,5900,817387,45107,6332,975776,29140,26143,901165,0,0,1007658,0,0,0,-1.0,-1.0
1660073990932,28.854002,0.010050251,0.0,0.03846154,0.04,0.0,0.0,0.04,0.0,0.0,30.600002,30.600002,29.900002,30.300001,30.600002,30.900002,30.300001,30.300001,30.600002,30.300001,29.900002,29.900002,4258852,-163269,1804800,1804800,1804800,1804800,1804800,1804800,2208000,2400000,137,8,49,104,2,21,22,3,29,61,5,29,91,15,47,45,6,41,0,0,1,0,0,0,234518,15407,764212,195460,8627,807039,20802,5625,1105622,31667,17042,1068160,79764,23846,921266,45404,13445,885392,0,0,1006350,0,0,0,-1.0,-1.0
1660073991939,28.848001,0.024630541,0.07692308,0.0,0.03846154,0.0,0.04,0.11111111,0.0,0.0,30.900002,30.600002,30.300001,30.600002,30.900002,30.900002,30.300001,30.300001,30.600002,30.900002,30.300001,30.300001,4257295,-94604,1804800,1804800,1804800,1804800,1804800,1804800,2208000,2400000,152,8,47,75,4,28,19,4,25,50,5,36,103,17,43,47,1,17,0,0,3,0,0,0,239027,10452,720949,204532,5185,750749,19096,7850,936977,28540,12771,992229,74571,40035,839186,23178,1189,895158,0,0,1003417,0,0,0,-1.0,-1.0
1660073992994,28.848001,0.019704433,0.03846154,0.03846154,0.074074075,0.03846154,0.0,0.0,0.0,0.0,30.600002,30.300001,29.600002,30.600002,30.600002,30.600002,30.300001,30.300001,30.600002,30.600002,29.600002,29.900002,4260603,-104980,1804800,1804800,1804800,1804800,1804800,1804800,2208000,2400000,133,12,48,83,1,23,20,4,31,78,6,32,80,14,46,32,2,28,0,0,2,0,0,0,209172,26670,778256,200948,595,808320,22195,14453,958800,31448,16058,797905,55227,32014,937067,26436,2363,935787,0,0,1026568,0,0,0,-1.0,-1.0
1660073994032,28.837002,0.014925373,0.0,0.0,0.03846154,0.0,0.0,0.07692308,0.0,0.0,30.600002,30.600002,29.900002,30.300001,30.600002,30.900002,30.300001,30.300001,30.600002,30.600002,29.900002,30.300001,4255932,-160522,1804800,1804800,1804800,1804800,1804800,1804800,2208000,2400000,137,8,43,74,1,18,77,5,39,53,12,41,79,11,58,27,2,26,0,0,4,0,0,0,231001,13926,772780,196261,635,853765,42487,12223,1078358,43070,31927,1076559,66974,22871,906261,20788,1959,923044,0,0,984280,0,0,0,-1.0,-1.0
1660073995088,28.834002,0.0,0.0,0.0,0.0,0.0,0.0,0.0,0.0,0.0,30.900002,30.300001,29.900002,29.900002,30.300001,29.900002,30.300001,30.300001,30.600002,30.300001,29.900002,29.900002,4264107,-143127,1804800,1804800,1804800,1804800,1804800,1804800,2208000,2400000,158,16,51,124,0,42,31,7,36,45,2,21,26,5,45,59,3,32,0,0,3,0,0,0,243795,37025,752010,218102,0,825770,29541,17340,847600,20663,4565,970469,27699,16060,961664,35878,5513,938956,0,0,1006656,0,0,0,-1.0,-1.0
1660073996087,28.831001,0.0099502485,0.0,0.0,0.03846154,0.0,0.04,0.0,0.0,0.0,30.900002,30.600002,29.900002,30.600002,30.900002,30.300001,30.300001,30.600002,30.300001,30.600002,29.900002,29.900002,4255738,-182190,1804800,1804800,1804800,1804800,1804800,1804800,2208000,2400000,146,13,38,76,0,40,87,3,45,40,7,29,19,0,15,53,1,37,0,0,4,0,0,0,221285,37047,695920,200475,0,752071,39462,7777,1030191,28833,22416,1047876,19061,0,881667,36316,1363,929700,0,0,1028305,0,0,0,-1.0,-1.0
1660073997133,28.828001,0.009852217,0.0,0.0,0.0,0.0,0.04,0.0,0.0,0.0,30.600002,30.900002,29.900002,30.300001,30.600002,30.300001,29.900002,30.300001,30.300001,30.300001,30.300001,29.900002,4255348,-144653,1804800,1804800,1804800,1804800,1804800,1804800,2208000,2400000,141,9,55,126,1,53,28,18,40,62,0,18,28,2,23,50,2,42,0,0,3,0,0,0,228819,19520,763886,210626,4188,823345,36008,53329,987626,18659,0,1052196,27282,8683,921288,36665,8621,980163,0,0,984152,0,0,0,-1.0,-1.0
1660073998172,28.834002,0.004950495,0.03846154,0.0,0.0,0.0,0.04,0.0,0.0,0.0,30.900002,30.600002,30.300001,30.600002,30.600002,30.300001,29.900002,30.600002,30.600002,30.300001,29.900002,30.300001,4258462,-98877,1804800,1804800,1804800,1804800,1804800,1804800,2208000,2400000,172,11,45,103,3,44,90,18,41,62,5,46,27,0,19,46,5,33,0,0,3,0,0,0,249889,19704,732173,243166,2491,761479,44938,59035,909629,43803,5876,953893,20999,0,929920,21815,13803,951782,0,0,1514237,0,0,0,-1.0,-1.0
1660073999210,28.828001,0.045714285,0.09090909,0.045454547,0.045454547,0.045454547,0.04761905,0.08695652,0.0,0.0,30.600002,30.900002,30.600002,31.300001,31.300001,30.600002,30.300001,30.300001,30.600002,30.600002,30.300001,30.300001,4260603,-132446,1804800,1804800,1804800,1804800,1804800,1804800,2208000,2400000,135,3,44,138,1,46,49,7,33,46,6,30,19,3,25,56,7,35,0,0,3,0,0,0,216200,7536,784909,222287,2278,771935,32855,16647,970638,24787,19308,976129,22915,16718,912774,43225,11414,961278,0,0,996547,0,0,0,-1.0,-1.0
1660074000227,28.822,0.009852217,0.0,0.03846154,0.0,0.0,0.04,0.0,0.0,0.0,30.600002,30.900002,30.300001,30.600002,30.900002,30.600002,30.300001,30.600002,30.600002,30.600002,30.300001,29.900002,4252818,-159912,1804800,1804800,1804800,1804800,1804800,1804800,2208000,2400000,209,6,42,167,0,40,76,11,51,74,5,43,61,7,35,75,15,52,0,0,4,0,0,1,299177,11934,656397,292481,0,687390,56673,28009,901660,47239,6355,941739,52323,11751,861910,65374,50343,873660,0,0,1005542,0,0,13567477,-1.0,-1.0
1660074001266,28.816002,0.016393442,0.04347826,0.0,0.0,0.0,0.083333336,0.0,0.0,0.0,30.600002,30.300001,29.900002,30.600002,30.900002,30.600002,29.900002,30.300001,30.300001,30.600002,29.900002,29.600002,4259046,-140991,1804800,1804800,1804800,1804800,1804800,1804800,2208000,2400000,141,6,26,115,0,22,74,12,34,43,10,32,58,3,23,23,4,31,0,0,2,0,0,0,227795,13498,776940,247309,0,764729,49982,22808,961189,48010,19161,959331,39019,8995,904912,25115,14700,961035,0,0,1002948,0,0,0,-1.0,-1.0
1660074002308,28.816002,0.0058139535,0.0,0.045454547,0.0,0.04347826,0.08695652,0.0,0.045454547,0.0,30.900002,30.300001,30.300001,30.600002,30.600002,30.600002,30.300001,30.300001,30.600002,30.600002,29.900002,29.900002,4259436,-134582,1804800,1804800,1804800,1804800,1804800,1804800,2208000,2400000,122,11,48,84,1,28,57,10,44,35,1,35,50,1,21,88,5,46,0,0,2,0,0,0,226436,28488,749718,209930,2206,786464,38839,24586,898958,41411,512,961205,38322,2686,907984,65470,4715,938891,0,0,1005557,0,0,0,-1.0,-1.0
1660074003364,28.807001,0.035714287,0.04,0.08,0.0,0.04,0.125,0.0,0.0,0.0,30.900002,30.300001,29.900002,30.300001,30.600002,30.300001,30.300001,30.300001,30.300001,30.300001,30.300001,29.900002,4261966,-114135,1804800,1804800,1804800,1804800,1804800,1804800,2208000,2400000,129,12,39,106,0,26,50,4,34,23,2,21,23,1,26,78,3,33,0,0,5,0,0,0,205688,30227,788125,184587,0,833634,32753,7667,1042422,16616,4530,960083,20591,4329,947785,38032,4313,990617,0,0,1024025,0,0,0,-1.0,-1.0
1660074004358,28.804,0.02970297,0.03846154,0.07692308,0.0,0.04,0.07692308,0.04,0.0,0.0,30.900002,30.600002,30.300001,30.600002,31.300001,30.600002,30.600002,30.300001,30.900002,30.900002,29.900002,29.900002,4252039,-211792,1804800,1804800,1804800,1804800,1804800,1804800,2208000,2400000,155,16,41,101,8,39,75,7,30,35,3,20,42,2,23,59,5,27,0,0,3,0,0,0,248518,42283,668400,223680,13966,760684,44907,20057,920169,21396,8390,957051,33630,5239,840445,41143,7035,900498,0,0,987756,0,0,0,-1.0,-1.0
1660074005361,28.804,0.028089888,0.0,0.045454547,0.04347826,0.045454547,0.08695652,0.0,0.04347826,0.0,30.600002,30.900002,29.900002,30.600002,30.900002,30.300001,30.300001,30.300001,30.600002,30.600002,29.900002,29.900002,4258852,-136718,1804800,1804800,1804800,1804800,1804800,1804800,2208000,2400000,133,12,34,109,6,23,48,8,29,46,5,28,43,2,26,85,3,35,0,0,3,0,0,0,230851,25051,718557,209415,17119,750856,34525,22791,930141,34794,6937,992941,26480,8677,879771,46168,2341,925201,0,0,1028100,0,0,0,-1.0,-1.0
1660074006409,28.801,0.01754386,0.0,0.0,0.045454547,0.045454547,0.08695652,0.0,0.0,0.0,30.600002,30.300001,30.300001,30.300001,30.600002,30.300001,30.300001,30.300001,30.600002,30.600002,29.600002,29.900002,4253013,-143127,1804800,1804800,1804800,1804800,1804800,1804800,2208000,2400000,155,13,48,129,8,51,41,2,41,49,6,31,48,0,31,73,4,41,0,1,3,0,0,1,221768,30041,760722,221781,23661,771896,33434,3726,943623,40861,15872,923758,39595,0,907198,44294,8397,969340,0,5439,993031,0,0,5539881,-1.0,-1.0
1660074007455,28.798002,0.030927835,0.0,0.0,0.0,0.07692308,0.08,0.0,0.0,0.0,30.600002,30.300001,29.900002,30.300001,30.600002,29.900002,30.300001,29.900002,30.300001,30.300001,29.900002,29.600002,4259436,-139770,1804800,1804800,1804800,1804800,1804800,1804800,2208000,2400000,153,11,47,128,1,35,40,5,29,41,4,29,36,5,27,57,3,31,0,0,4,0,0,0,233507,26648,762345,220651,811,798484,19190,13908,1060174,25276,6943,1039273,31584,11733,911864,40174,7659,969561,0,0,1250669,0,0,0,-1.0,-1.0
1660074008493,28.795002,0.032608695,0.04347826,0.08,0.083333336,0.04347826,0.04347826,0.045454547,0.0,0.0,30.600002,30.300001,29.900002,30.300001,30.300001,30.600002,29.900002,30.300001,30.600002,30.600002,29.900002,30.300001,4257100,-127868,1804800,1804800,1804800,1804800,1804800,1804800,2208000,2400000,142,16,49,111,0,20,55,1,51,20,7,36,16,5,26,67,6,42,0,0,4,0,0,0,227463,36286,740691,192557,0,777021,30654,1944,868119,22242,27558,1014377,13295,23900,940177,33384,18009,927488,0,0,764862,0,0,0,-1.0,-1.0
1660074009540,28.795002,0.024752475,0.07692308,0.07692308,0.07692308,0.04,0.0,0.04,0.0,0.0,30.900002,29.900002,29.900002,30.300001,30.600002,30.300001,29.900002,30.300001,30.600002,30.300001,29.600002,29.900002,4258268,-127258,1804800,1804800,1804800,1804800,1804800,1804800,2208000,2400000,166,16,53,84,0,26,93,7,56,21,7,31,42,11,53,36,6,39,0,0,5,0,0,1,233625,38046,747160,197165,0,853882,57302,15425,1057180,18803,24397,977995,36512,27244,958597,33440,22194,899229,0,0,1150028,0,0,3946345,-1.0,-1.0
1660074010535,28.789001,0.019900497,0.03846154,0.04,0.04,0.0,0.0,0.04,0.0,0.0,30.900002,30.600002,30.300001,30.900002,30.600002,31.300001,30.600002,30.300001,30.900002,30.600002,29.900002,29.900002,4257100,-207214,1804800,1804800,1804800,1804800,1804800,1804800,2208000,2400000,144,11,40,119,5,27,26,4,31,96,14,47,42,1,28,42,4,30,0,0,4,0,0,0,242296,18540,709301,204539,12618,732439,20912,7404,894915,67054,24734,908369,30982,2896,913722,37313,15142,849256,0,0,838204,0,0,0,-1.0,-1.0
1660074011571,28.783,0.02970297,0.074074075,0.04,0.04,0.03846154,0.0,0.04,0.0,0.0,30.600002,30.300001,29.900002,30.600002,30.600002,30.900002,30.300001,30.300001,30.300001,30.600002,29.900002,29.900002,4262355,-131225,1804800,1804800,1804800,1804800,1804800,1804800,2208000,2400000,177,17,51,84,1,29,86,8,48,59,12,53,42,2,35,54,4,43,0,0,6,0,0,2,235134,43800,732379,201174,2525,748655,47224,15932,984813,56511,22103,936027,25020,4739,984036,46007,14606,883993,0,0,1290783,0,0,2006189,-1.0,-1.0
1660074012623,28.777,0.015,0.0,0.03846154,0.0,0.03846154,0.0,0.04,0.0,0.0,30.300001,30.300001,29.900002,30.600002,30.300001,30.300001,29.900002,30.300001,29.900002,30.600002,29.600002,29.600002,4260214,-137939,1804800,1804800,1804800,1804800,1804800,1804800,2208000,2400000,174,7,53,109,4,20,26,5,29,70,4,36,90,7,46,47,2,24,0,0,3,0,0,1,244359,14715,770087,206636,7268,849813,28531,12385,900461,43650,9113,880727,71518,6864,949042,41862,4011,921717,0,0,973531,0,0,1000037,-1.0,-1.0
1660074013659,28.771002,0.0099502485,0.0,0.0,0.0,0.0,0.03846154,0.04,0.0,0.0,30.300001,30.300001,29.900002,30.300001,30.600002,30.600002,30.300001,30.300001,30.600002,30.300001,29.900002,29.900002,4262355,-94299,1804800,1804800,1804800,1804800,1804800,1804800,2208000,2400000,141,16,47,85,0,17,28,7,34,42,11,33,37,6,39,39,4,36,0,0,2,0,0,0,238106,30121,729021,190990,0,844429,16088,30431,963816,25693,46077,949617,33011,10455,956008,42472,14397,895440,0,0,947824,0,0,0,-1.0,-1.0
1660074014696,28.768002,0.0099502485,0.03846154,0.04,0.0,0.0,0.0,0.04,0.0,0.0,30.300001,30.300001,29.900002,30.600002,30.600002,30.300001,29.900002,29.900002,30.300001,30.600002,29.900002,29.900002,4253986,-119018,1804800,1804800,1804800,1804800,1804800,1804800,2208000,2400000,144,9,46,90,1,27,65,8,47,35,13,38,45,3,29,38,7,28,0,0,2,0,0,0,229011,12489,767199,198671,2632,793036,54187,13585,1039880,28029,45390,1051746,24808,7938,981023,29955,15626,903035,0,0,306459,0,0,0,-1.0,-1.0
1660074015739,28.768002,0.015706806,0.0,0.0,0.0,0.0,0.0,0.041666668,0.0,0.0,30.600002,30.300001,29.600002,30.300001,30.300001,30.300001,30.300001,29.900002,30.600002,30.300001,29.900002,29.900002,4261577,-101928,1804800,1804800,1804800,1804800,1804800,1804800,2208000,2400000,122,13,46,131,3,27,67,4,37,25,4,31,60,4,39,34,0,32,0,0,4,0,0,0,220794,38587,745278,205255,3931,794423,38060,11306,1014868,26488,17348,986136,49219,7741,963827,28482,0,927195,0,0,2004341,0,0,0,-1.0,-1.0
1660074016786,28.762001,0.00990099,0.0,0.0,0.0,0.0,0.0,0.04,0.0,0.0,30.600002,30.900002,29.900002,30.300001,30.600002,30.300001,30.300001,30.600002,30.300001,30.300001,30.300001,29.900002,4261771,-97656,1804800,1804800,1804800,1804800,1804800,1804800,2208000,2400000,212,13,34,114,5,33,73,10,40,58,3,30,40,10,31,51,3,29,0,0,2,0,0,0,252200,25990,733347,239366,9668,805412,37597,25116,948979,38907,2450,978842,25496,31183,943975,25312,10879,923211,0,0,1006279,0,0,0,-1.0,-1.0
1660074017827,28.759,0.0057471264,0.0,0.0,0.0,0.0,0.09090909,0.04347826,0.0,0.0,30.600002,30.600002,30.300001,30.900002,30.600002,30.900002,30.300001,30.300001,30.300001,30.300001,30.300001,30.300001,4259241,-231323,1804800,1804800,1804800,1804800,1804800,1804800,2208000,2400000,156,19,56,148,5,43,22,7,35,24,2,32,45,2,50,96,10,42,0,0,6,0,0,1,245202,51045,723584,234060,5304,769140,27614,19241,871098,20207,8518,1009437,36812,6163,945839,33590,29660,916097,0,0,1022412,0,0,4667050,-1.0,-1.0
1660074018840,28.759,0.014778325,0.0,0.074074075,0.0,0.0,0.0,0.04,0.0,0.0,30.600002,30.600002,29.900002,30.600002,30.600002,30.900002,30.300001,30.300001,30.600002,30.600002,29.900002,29.900002,4255348,-208740,1804800,1804800,1804800,1804800,1804800,1804800,2208000,2400000,133,5,34,89,0,23,37,16,38,74,11,42,60,4,26,46,8,37,0,0,2,0,0,0,207516,9999,770201,212942,0,784318,35808,48243,919489,55054,26446,908197,35851,5098,919567,37279,18269,881648,0,0,985974,0,0,0,-1.0,-1.0
1660074019880,28.753002,0.014925373,0.0,0.03846154,0.0,0.0,0.0,0.04,0.0,0.0,30.600002,30.300001,29.900002,30.300001,30.600002,30.300001,30.300001,30.300001,30.300001,30.300001,29.900002,29.900002,4251845,-251159,1804800,1804800,1804800,1804800,1804800,1804800,2208000,2400000,166,4,34,137,0,32,37,14,41,52,11,41,22,10,29,63,0,24,0,0,3,0,0,0,226043,8306,784174,241389,0,771599,40036,49435,931070,42165,24170,943200,17900,40316,948816,38248,0,921223,0,0,1004530,0,0,0,-1.0,-1.0
1660074020887,28.756,0.01010101,0.0,0.0,0.0,0.0,0.0,0.0,0.0,0.0,30.600002,30.600002,30.300001,30.300001,30.600002,30.900002,30.300001,30.300001,30.300001,30.300001,29.900002,29.900002,4254570,-135498,1804800,1804800,1804800,1804800,1804800,1804800,2208000,2400000,99,3,45,89,0,39,35,10,37,54,10,33,71,9,61,58,2,23,0,0,3,0,0,2,174999,9030,791173,180590,0,793261,32338,33267,923334,31120,28644,930455,56055,10954,911525,27875,7102,882446,0,0,1008297,0,0,3024448,-1.0,-1.0
1660074021928,28.747002,0.010989011,0.0,0.04347826,0.0,0.0,0.0,0.04347826,0.0,0.0,30.600002,30.300001,29.900002,30.600002,30.300001,30.300001,29.900002,30.300001,30.600002,30.600002,29.600002,29.900002,4258657,-133056,1804800,1804800,1804800,1804800,1804800,1804800,2208000,2400000,156,2,41,70,0,18,60,13,44,97,16,65,72,12,42,53,5,15,0,0,4,0,0,0,220940,5840,795407,199935,0,808456,26334,48698,951713,62959,38968,914680,69852,34154,911011,24470,21711,912893,0,0,1015364,0,0,0,-1.0,-1.0
1660074022938,28.759,0.01724138,0.045454547,0.04347826,0.0,0.0,0.0,0.045454547,0.0,0.0,30.600002,30.300001,30.300001,30.900002,30.300001,30.300001,30.300001,30.300001,30.300001,30.600002,29.900002,29.900002,4260020,-149841,1804800,1804800,1804800,1804800,1804800,1804800,2208000,2400000,156,7,38,101,0,18,46,8,41,77,9,38,71,7,26,36,3,23,0,0,3,0,0,0,221016,9850,748092,194971,0,798464,45273,19460,925062,60515,7673,911571,58757,14610,894270,45252,4224,879249,0,0,995280,0,0,0,-1.0,-1.0
1660074023941,28.750002,0.011173184,0.0,0.0,0.0,0.0,0.08695652,0.0,0.0,0.0,30.600002,30.600002,30.300001,30.600002,30.300001,30.300001,29.900002,30.300001,30.300001,30.600002,29.600002,29.900002,4258852,-147094,1804800,1804800,1804800,1804800,1804800,1804800,2208000,2400000,148,5,43,76,0,24,48,11,48,55,0,29,62,12,42,34,2,26,0,0,3,0,0,0,207542,13908,748975,186384,0,785507,42862,31956,918548,17653,0,943501,55368,18742,881871,26711,5532,914346,0,0,1017833,0,0,0,-1.0,-1.0
1660074024966,28.744001,0.01775148,0.04761905,0.0,0.0,0.0,0.045454547,0.09090909,0.0,0.0,30.600002,30.300001,29.900002,30.300001,30.300001,30.600002,30.300001,30.600002,30.300001,30.600002,29.900002,29.900002,4259046,-142517,1804800,1804800,1804800,1804800,1804800,1804800,2208000,2400000,140,8,38,96,1,18,49,15,43,43,4,26,30,5,27,67,8,43,0,0,4,0,0,0,223728,12200,762209,194929,4141,815989,36115,51215,923437,25625,9228,969851,18142,17927,914094,41486,20176,913456,0,0,1015521,0,0,0,-1.0,-1.0
1660074026018,28.741001,0.04712042,0.04,0.041666668,0.04,0.041666668,0.24,0.04347826,0.0,0.0,30.600002,30.300001,29.900002,30.300001,30.300001,30.300001,30.300001,30.300001,30.300001,30.600002,29.900002,29.900002,4258268,-133361,1804800,1804800,1804800,1804800,1804800,1804800,2208000,2400000,139,8,47,131,5,38,27,10,48,46,3,31,42,3,31,29,2,27,0,0,4,0,0,0,223652,16956,773640,215861,15389,794406,33149,38060,966147,39931,5042,969219,32268,1654,1005213,35482,4029,920700,0,0,1001730,0,0,0,-1.0,-1.0
1660074027046,28.741001,0.023809524,0.04761905,0.04761905,0.0,0.045454547,0.0,0.04761905,0.0,0.0,30.900002,30.600002,30.300001,30.900002,30.600002,31.300001,30.600002,30.300001,30.900002,30.600002,29.900002,29.900002,4246590,-284729,1804800,1804800,1804800,1804800,1804800,1804800,2208000,2400000,137,8,50,148,9,43,86,22,50,54,2,36,26,8,38,40,2,29,0,0,3,0,0,0,241179,17638,750737,237109,13784,741114,81604,60956,864040,35276,4052,978568,12551,28311,799948,35948,5348,890151,0,0,977639,0,0,0,-1.0,-1.0
1660074028097,28.741001,0.032258064,0.0,0.0,0.0,0.12,0.041666668,0.045454547,0.0,0.0,30.600002,30.300001,29.900002,30.300001,30.600002,30.600002,30.300001,30.300001,30.300001,30.300001,29.900002,29.900002,4261577,-140380,1804800,1804800,1804800,1804800,1804800,1804800,2208000,2400000,142,13,55,114,9,44,63,3,27,45,7,34,47,2,34,56,9,50,0,0,4,0,0,0,223055,33597,764029,220209,41549,755216,34434,10799,853641,29302,19532,968188,19857,8668,1050068,49064,16044,890070,0,0,1004486,0,0,0,-1.0,-1.0
1660074029142,28.738,0.019900497,0.04,0.04,0.0,0.074074075,0.04,0.04,0.0,0.0,30.600002,30.300001,29.900002,30.300001,30.300001,30.300001,29.900002,29.900002,30.300001,30.600002,30.300001,29.900002,4262939,-109253,1804800,1804800,1804800,1804800,1804800,1804800,2208000,2400000,153,12,53,96,9,31,33,3,23,43,3,31,60,3,39,59,4,60,0,0,1,0,0,0,228432,23086,760750,223954,28248,768901,24772,4758,1004577,23030,8905,950100,35476,9142,948807,42835,10891,891786,0,0,1007069,0,0,0,-1.0,-1.0
1660074030193,28.732002,0.02955665,0.0,0.04,0.074074075,0.04,0.03846154,0.0,0.0,0.0,30.600002,30.300001,29.900002,30.300001,30.300001,30.300001,30.300001,29.900002,30.300001,30.600002,29.900002,29.600002,4258852,-139770,1804800,1804800,1804800,1804800,1804800,1804800,2208000,2400000,121,8,46,119,13,32,52,0,29,21,5,25,39,3,29,25,6,30,0,0,5,0,0,0,218616,16916,787898,214756,46561,760042,27614,0,1021863,21556,9560,1021626,26118,2592,782579,25087,21631,915762,0,0,1020659,0,0,0,-1.0,-1.0
1660074031228,28.723001,0.019900497,0.04,0.0,0.0,0.0,0.0,0.04,0.0,0.0,30.600002,30.300001,29.900002,30.300001,30.300001,30.300001,29.900002,30.300001,30.300001,30.300001,29.900002,29.900002,4261771,-120239,1804800,1804800,1804800,1804800,1804800,1804800,2208000,2400000,160,8,54,96,10,36,11,1,18,33,10,37,75,2,42,28,6,36,0,0,3,0,0,1,222829,7133,763567,209686,36678,763016,14639,779,896400,31489,31525,1073137,40921,5330,1158549,32369,19162,918321,0,0,987212,0,0,10096717,-1.0,-1.0
1660074032289,28.726002,0.029268293,0.03846154,0.074074075,0.0,0.0,0.0,0.04,0.0,0.0,30.600002,30.600002,29.900002,30.300001,30.600002,29.900002,29.900002,29.900002,30.300001,30.300001,29.600002,29.900002,4258657,-132446,1804800,1804800,1804800,1804800,1804800,1804800,2208000,2400000,155,6,61,149,8,55,39,1,27,44,2,23,49,10,49,33,0,30,0,0,2,0,0,0,213976,6934,822031,232210,14874,788905,26895,15,1101994,20119,7101,885334,36771,40325,943621,16663,0,971607,0,0,1006319,0,0,0,-1.0,-1.0
1660074033308,28.721,0.01,0.0,0.03846154,0.0,0.0,0.04,0.04,0.0,0.0,30.300001,30.300001,29.900002,30.600002,30.600002,30.600002,29.900002,30.300001,30.300001,30.300001,29.900002,29.900002,4263523,-96130,1804800,1804800,1804800,1804800,1804800,1804800,2208000,2400000,131,9,45,130,13,43,53,8,33,51,1,26,41,6,40,24,2,27,0,0,3,0,0,0,217600,15911,741101,239895,24877,712227,32145,31284,958934,28108,710,994918,38010,13859,940014,25380,6899,895567,0,0,1005114,0,0,0,-1.0,-1.0
1660074034357,28.715002,0.02955665,0.0,0.0,0.0,0.0,0.083333336,0.04,0.0,0.0,30.300001,30.300001,29.900002,30.300001,30.300001,30.600002,29.900002,29.900002,30.300001,30.300001,29.900002,29.600002,4255348,-150146,1804800,1804800,1804800,1804800,1804800,1804800,2208000,2400000,148,15,47,147,6,44,27,5,45,48,10,26,38,0,41,25,8,31,0,0,2,0,0,0,234869,29629,762402,217518,8414,789873,27246,14553,1064491,33775,42695,1064922,33991,0,977260,26784,24699,909885,0,0,1509441,0,0,0,-1.0,-1.0
1660074035393,28.718,0.005,0.0,0.0,0.0,0.0,0.04,0.0,0.0,0.0,30.600002,30.300001,29.600002,30.600002,30.300001,29.900002,30.300001,30.300001,30.300001,30.300001,29.600002,29.900002,4257879,-120239,1804800,1804800,1804800,1804800,1804800,1804800,2208000,2400000,142,12,41,167,2,40,48,3,38,60,10,32,55,7,40,24,2,24,0,0,4,0,0,0,228492,21924,752858,222135,4721,790013,39158,13853,999332,37894,21678,959961,39759,14160,899434,20483,1128,960040,0,0,1020915,0,0,0,-1.0,-1.0
1660074036416,28.712002,0.014778325,0.0,0.0,0.03846154,0.0,0.03846154,0.0,0.0,0.0,30.300001,30.600002,29.900002,30.600002,30.300001,30.300001,30.300001,30.300001,30.300001,30.300001,29.900002,29.600002,4258073,-148010,1804800,1804800,1804800,1804800,1804800,1804800,2208000,2400000,146,9,46,112,3,31,37,14,42,39,5,35,30,6,31,77,6,26,0,0,4,0,0,0,232271,16014,726216,218141,10404,767180,44436,50117,906831,37040,5578,966096,31500,25904,873275,41735,14391,942523,0,0,999825,0,0,0,-1.0,-1.0
1660074037450,28.712002,0.011111111,0.0,0.0,0.0,0.041666668,0.045454547,0.0,0.0,0.0,30.600002,30.300001,29.900002,30.900002,30.600002,30.300001,30.300001,29.900002,30.600002,30.300001,29.600002,29.600002,4255348,-205383,1804800,1804800,1804800,1804800,1804800,1804800,2208000,2400000,145,4,40,133,2,35,27,31,43,109,10,48,20,2,21,45,1,34,0,0,2,0,0,0,233691,12570,764857,244902,4724,750638,34018,137609,839440,55973,25087,927385,21161,4780,924823,32844,665,980750,0,0,990210,0,0,0,-1.0,-1.0
1660074038491,28.715002,0.014851485,0.0,0.0,0.0,0.074074075,0.04,0.0,0.0,0.0,30.300001,30.300001,30.300001,30.300001,30.900002,30.300001,30.300001,29.900002,30.600002,30.300001,29.900002,29.900002,4257684,-138244,1804800,1804800,1804800,1804800,1804800,1804800,2208000,2400000,184,10,43,107,6,27,77,13,55,66,7,37,67,2,36,48,8,44,0,0,3,0,0,0,250658,14297,754006,259445,11321,748050,60524,34230,920283,52237,22768,944268,37965,2609,907391,38017,19710,950238,0,0,1004440,0,0,0,-1.0,-1.0
1660074039533,28.7,0.02247191,0.083333336,0.045454547,0.04347826,0.0,0.045454547,0.0,0.0,0.0,30.300001,30.300001,29.900002,30.300001,30.900002,30.600002,30.300001,29.900002,30.300001,30.600002,29.600002,29.900002,4260409,-177002,1804800,1804800,1804800,1804800,1804800,1804800,2208000,2400000,128,1,42,83,3,22,73,3,62,81,8,40,36,2,24,70,7,52,0,0,3,0,0,0,192222,1360,821149,191069,12749,810679,42569,3636,968519,43353,12021,955702,32846,4713,919296,51145,23795,935898,0,0,1068960,0,0,0,-1.0,-1.0
1660074040580,28.703001,0.03448276,0.045454547,0.08695652,0.045454547,0.045454547,0.09090909,0.0,0.04347826,0.0,30.300001,30.300001,29.900002,30.300001,30.900002,30.300001,29.900002,29.900002,30.600002,30.600002,29.600002,29.900002,4260798,-151672,1804800,1804800,1804800,1804800,1804800,1804800,2208000,2400000,132,6,51,95,4,41,41,5,33,59,11,44,51,6,31,76,2,34,0,0,2,0,0,3,210073,11517,786723,205738,4503,811665,34279,6167,918022,55368,22957,959544,41386,7897,902224,31898,4871,991211,0,0,946153,0,0,10259814,-1.0,-1.0
1660074041598,28.694002,0.028571429,0.0,0.045454547,0.04347826,0.045454547,0.045454547,0.045454547,0.0,0.0,30.300001,30.300001,29.900002,30.600002,30.300001,30.300001,29.900002,30.300001,30.600002,30.300001,29.900002,29.900002,4258657,-151367,1804800,1804800,1804800,1804800,1804800,1804800,2208000,2400000,146,6,42,135,4,49,52,4,24,72,28,56,30,5,28,55,3,31,0,0,4,0,0,3,202601,14710,785684,206983,8323,766631,20510,9593,973701,62043,85519,847260,21825,17140,913463,28310,7164,908619,0,0,1184602,0,0,1022023,-1.0,-1.0
1660074042599,28.697,0.028901733,0.04347826,0.0,0.0,0.045454547,0.045454547,0.13043478,0.0,0.0,30.600002,30.600002,29.900002,30.300001,30.300001,30.300001,30.300001,29.900002,30.600002,30.300001,29.900002,29.900002,4258073,-143737,1804800,1804800,1804800,1804800,1804800,1804800,2208000,2400000,133,8,42,88,0,27,20,3,23,82,16,60,75,5,59,72,7,30,0,0,4,0,0,0,205235,16257,759049,191341,0,786968,19472,8741,955304,61508,27511,889799,55633,9433,914651,34359,26425,852696,0,0,836754,0,0,0,-1.0,-1.0
1660074043606,28.691002,0.025,0.0,0.0,0.04,0.0,0.04,0.08,0.0,0.0,30.600002,30.600002,29.900002,30.300001,30.600002,30.600002,30.300001,30.300001,30.600002,30.300001,29.600002,29.900002,4259436,-141296,1804800,1804800,1804800,1804800,1804800,1804800,2208000,2400000,147,2,45,76,4,31,30,6,23,110,22,71,109,12,60,51,4,34,0,0,3,0,0,0,216485,1100,765269,203529,21244,759894,25761,18172,960884,88830,80091,806383,70589,23932,875609,52102,6435,860048,0,0,1078612,0,0,0,-1.0,-1.0
1660074044610,28.682001,0.022988506,0.0,0.0,0.0,0.045454547,0.09090909,0.045454547,0.0,0.0,30.600002,30.300001,29.900002,30.600002,30.600002,30.300001,30.300001,30.300001,30.300001,30.300001,29.900002,29.900002,4255154,-177002,1804800,1804800,1804800,1804800,1804800,1804800,2208000,2400000,148,8,38,98,4,23,36,13,31,84,13,64,79,4,24,57,4,41,0,0,1,0,0,0,217453,13031,773201,206631,5427,771040,30415,45901,916178,62477,24285,895970,40304,9698,905646,36050,8184,878420,0,0,417910,0,0,0,-1.0,-1.0
1660074045660,28.679,0.028901733,0.0,0.045454547,0.04761905,0.0,0.09090909,0.0,0.0,0.0,30.600002,29.900002,29.900002,30.300001,30.600002,29.900002,30.300001,29.900002,30.300001,30.300001,29.900002,29.900002,4259825,-159301,1804800,1804800,1804800,1804800,1804800,1804800,2208000,2400000,126,7,55,95,1,28,59,18,40,24,1,24,73,7,36,78,8,57,0,0,3,0,0,0,208566,10079,788097,195949,3740,807781,61809,49475,972485,15583,516,887437,42435,14654,889055,35883,23175,951405,0,0,1507890,0,0,0,-1.0,-1.0
1660074046696,28.682001,0.029411765,0.0,0.11111111,0.0,0.0,0.07692308,0.0,0.0,0.0,30.300001,30.300001,29.900002,30.300001,30.600002,29.900002,29.900002,30.300001,29.900002,30.300001,29.900002,29.900002,4261187,-105896,1804800,1804800,1804800,1804800,1804800,1804800,2208000,2400000,125,7,42,140,4,14,108,23,57,32,5,29,38,8,34,58,3,40,0,0,4,0,0,0,223049,8441,787214,199947,17549,789238,90569,44902,754090,33450,11683,974504,39357,28083,876894,52129,8596,956727,0,0,1009799,0,0,0,-1.0,-1.0
1660074047701,28.679,0.018072288,0.0,0.04761905,0.0,0.0,0.09090909,0.0,0.0,0.0,30.900002,30.300001,29.900002,30.600002,30.900002,30.600002,30.300001,30.600002,30.600002,30.600002,29.600002,29.600002,4251845,-176391,1804800,1804800,1804800,1804800,1804800,1804800,2208000,2400000,139,3,45,130,0,28,31,6,30,22,4,29,60,4,46,94,8,39,0,0,7,0,0,0,217764,3292,757654,198761,0,805092,25025,14384,1027202,14675,15724,1029620,51978,7502,849915,60040,18029,881381,0,0,1112062,0,0,0,-1.0,-1.0
1660074048755,28.679,0.025906736,0.0,0.08,0.0,0.04,0.04347826,0.0,0.0,0.0,30.600002,30.600002,29.900002,30.300001,30.300001,29.900002,29.900002,30.300001,30.300001,29.900002,29.600002,29.600002,4248731,-196533,1804800,1804800,1804800,1804800,1804800,1804800,2208000,2400000,101,8,54,113,4,47,75,1,33,56,6,38,25,6,26,85,20,51,0,0,2,0,0,0,225315,12628,785454,219503,8260,801640,36582,4348,941579,52810,9699,904542,25383,17502,920724,70451,69394,882079,0,0,892119,0,0,0,-1.0,-1.0
1660074049789,28.673002,0.024875622,0.03846154,0.04,0.04,0.0,0.0,0.04,0.0,0.0,30.600002,29.900002,29.600002,30.300001,30.300001,30.300001,29.900002,30.300001,30.300001,30.300001,29.900002,29.900002,4261577,-101013,1804800,1804800,1804800,1804800,1804800,1804800,2208000,2400000,139,9,47,85,2,34,47,5,29,47,3,27,34,5,33,93,16,55,0,0,5,0,0,0,238338,17210,751289,202435,3857,797951,26681,15659,980266,24494,3583,1016664,23774,19991,944675,63653,34799,860769,0,0,1026890,0,0,0,-1.0,-1.0
1660074050842,28.676,0.03,0.0,0.041666668,0.04,0.07692308,0.0,0.115384616,0.0,0.0,30.300001,30.300001,29.900002,30.600002,30.300001,30.600002,29.900002,30.300001,30.300001,30.300001,29.900002,29.600002,4262161,-136108,1804800,1804800,1804800,1804800,1804800,1804800,2208000,2400000,135,13,50,123,6,42,42,5,38,51,12,58,42,3,30,28,0,31,0,0,4,0,0,0,236006,26908,769379,215336,14100,796487,28381,9564,996068,33109,46068,1066955,12428,8169,1000029,27225,0,939851,0,0,1009044,0,0,0,-1.0,-1.0
1660074051878,28.664001,0.01,0.0,0.03846154,0.0,0.0,0.0,0.0,0.0,0.0,30.300001,30.300001,29.900002,30.300001,30.300001,30.300001,29.900002,29.900002,30.300001,30.300001,29.900002,29.600002,4264302,-116882,1804800,1804800,1804800,1804800,1804800,1804800,2208000,2400000,157,9,54,146,6,46,74,9,39,53,5,57,28,5,30,30,1,30,0,0,4,0,0,0,246175,16408,735909,221703,7783,762284,35204,31084,961528,44456,7288,945655,32872,18032,957614,35359,381,900233,0,0,1124260,0,0,0,-1.0,-1.0
1660074052916,28.664001,0.019704433,0.04,0.04,0.0,0.03846154,0.0,0.04,0.0,0.0,30.300001,29.900002,29.900002,30.300001,30.300001,30.300001,29.900002,29.900002,30.300001,30.300001,29.600002,29.600002,4253986,-147705,1804800,1804800,1804800,1804800,1804800,1804800,2208000,2400000,131,4,41,100,1,25,30,11,33,54,9,46,68,4,38,25,3,32,0,0,4,0,0,0,212425,9745,788660,209206,16,789531,27545,34812,964389,50125,19407,957090,35575,1495,979428,26452,7875,921317,0,0,894534,0,0,0,-1.0,-1.0
1660074053962,28.661001,0.0099502485,0.0,0.0,0.0,0.0,0.03846154,0.04,0.0,0.0,30.600002,30.300001,29.900002,30.300001,30.300001,30.300001,30.300001,29.900002,30.300001,30.600002,29.900002,29.900002,4257684,-122375,1804800,1804800,1804800,1804800,1804800,1804800,2208000,2400000,117,11,49,121,4,31,26,4,30,34,8,46,65,4,42,25,4,38,0,0,2,0,0,0,204295,25572,783812,211769,5246,816492,28248,9853,943356,26679,30361,972473,40013,8302,943527,31369,13090,912913,0,0,1024251,0,0,0,-1.0,-1.0
1660074055000,28.661001,0.014705882,0.03846154,0.0,0.03846154,0.0,0.0,0.04,0.0,0.0,30.300001,30.300001,29.600002,30.300001,30.300001,30.300001,29.900002,30.300001,30.300001,30.600002,29.600002,29.600002,4258657,-125122,1804800,1804800,1804800,1804800,1804800,1804800,2208000,2400000,131,20,36,109,2,31,61,15,33,16,6,39,48,4,36,53,1,22,0,0,3,0,0,0,226409,44258,731982,215302,4288,792820,39312,39037,1080241,19816,19831,977269,48771,5065,964774,29802,1168,922847,0,0,1458616,0,0,0,-1.0,-1.0
1660074056045,28.658,0.014925373,0.04,0.03846154,0.0,0.0,0.0,0.07692308,0.0,0.0,30.600002,30.300001,29.900002,30.300001,30.300001,30.600002,30.300001,29.900002,30.300001,30.300001,29.900002,29.600002,4259630,-149841,1804800,1804800,1804800,1804800,1804800,1804800,2208000,2400000,172,6,41,139,3,34,78,11,45,77,11,53,46,4,36,35,2,24,0,0,3,0,0,0,238320,8747,770832,248935,5442,759503,35630,36045,953720,56341,30407,936240,34108,5389,984759,28090,3190,933388,0,0,1011082,0,0,0,-1.0,-1.0
1660074057080,28.655,0.019512195,0.0,0.0,0.0,0.0,0.0,0.04,0.0,0.0,30.300001,30.300001,30.300001,30.600002,30.900002,30.600002,29.900002,30.300001,30.300001,30.300001,29.600002,29.600002,4260993,-142822,1804800,1804800,1804800,1804800,1804800,1804800,2208000,2400000,141,5,42,146,7,37,62,1,26,39,7,54,28,6,42,35,7,25,0,0,4,0,0,0,216926,11854,793191,231831,13798,753265,23510,3484,987726,40460,15753,962202,37578,10744,947163,30396,25985,896406,0,0,1019456,0,0,0,-1.0,-1.0
1660074058088,28.655,0.0099502485,0.03846154,0.0,0.0,0.0,0.0,0.07692308,0.0,0.0,30.600002,30.600002,29.900002,30.600002,30.300001,30.600002,29.900002,30.300001,30.300001,30.300001,29.900002,29.900002,4258073,-147400,1804800,1804800,1804800,1804800,1804800,1804800,2208000,2400000,134,4,29,112,4,28,47,22,36,50,3,27,73,2,34,45,4,27,0,0,2,0,0,0,195380,9726,776326,198214,9179,762669,41637,87723,862050,23907,17082,942155,37843,1044,936842,35057,13118,866677,0,0,558687,0,0,0,-1.0,-1.0
1660074059096,28.649002,0.02,0.04,0.03846154,0.0,0.04,0.04,0.0,0.0,0.0,30.600002,30.600002,29.900002,30.300001,30.600002,29.900002,30.300001,29.900002,30.300001,30.300001,29.900002,29.600002,4256711,-138855,1804800,1804800,1804800,1804800,1804800,1804800,2208000,2400000,131,5,31,78,0,18,28,9,28,34,8,26,50,11,42,84,1,27,0,0,2,0,0,0,199137,8637,765753,213440,0,780968,28621,26764,938178,28480,11024,959081,40364,30913,893760,34949,3947,915589,0,0,1438581,0,0,0,-1.0,-1.0
1660074060106,28.640001,0.014705882,0.0,0.0,0.0,0.0,0.0,0.03846154,0.0,0.0,30.600002,30.600002,29.900002,30.600002,30.600002,30.300001,30.300001,30.300001,30.600002,30.600002,29.900002,29.900002,4250677,-184021,1804800,1804800,1804800,1804800,1804800,1804800,2208000,2400000,155,3,30,120,0,13,57,15,35,51,13,29,48,4,26,80,2,47,0,0,3,0,0,1,210148,1853,761294,198599,0,776269,44552,39739,903082,27921,37802,904886,38726,5176,872618,45122,1289,900603,0,0,989200,0,0,18433487,-1.0,-1.0
1660074061144,28.637001,0.010204081,0.0,0.0,0.0,0.0,0.0,0.07692308,0.0,0.0,30.300001,30.300001,29.900002,30.300001,30.300001,30.600002,30.300001,29.900002,29.900002,30.600002,29.600002,29.600002,4258073,-133972,1804800,1804800,1804800,1804800,1804800,1804800,2208000,2400000,130,5,35,116,0,18,47,5,26,35,3,26,39,9,31,61,3,34,0,0,1,0,0,0,207910,7208,793308,210718,0,804432,23777,10265,985730,30980,4438,981511,29349,34297,904925,39104,4570,950299,0,0,1005773,0,0,0,-1.0,-1.0
1660074062186,28.643002,0.026455026,0.0,0.08,0.041666668,0.0,0.0,0.083333336,0.0,0.0,30.300001,30.300001,29.900002,30.600002,30.300001,30.600002,29.900002,29.900002,29.900002,30.300001,29.600002,29.900002,4259825,-142822,1804800,1804800,1804800,1804800,1804800,1804800,2208000,2400000,154,15,39,81,0,19,42,5,46,58,7,55,63,13,38,57,10,22,0,0,2,0,0,0,210755,31053,768117,194168,0,786301,27988,19744,945196,49714,18096,962893,30837,43015,945602,39401,29762,888796,0,0,1005408,0,0,0,-1.0,-1.0
1660074063221,28.637001,0.05586592,0.08695652,0.045454547,0.045454547,0.08695652,0.045454547,0.09090909,0.0,0.0,30.600002,30.300001,29.900002,29.900002,30.300001,30.300001,29.900002,30.300001,30.300001,29.900002,29.900002,29.900002,4261966,-128479,1804800,1804800,1804800,1804800,1804800,1804800,2208000,2400000,134,14,41,72,0,22,40,6,29,57,8,31,65,15,42,46,11,45,0,0,3,0,0,0,218266,15369,772112,193490,0,849046,27732,21939,922970,32888,11388,887595,40834,34082,928064,49631,21727,873570,0,0,1007665,0,0,0,-1.0,-1.0
1660074064239,28.628002,0.020100502,0.07692308,0.0,0.03846154,0.07692308,0.0,0.04,0.0,0.0,30.300001,30.300001,29.600002,29.900002,30.300001,30.300001,29.900002,29.900002,30.300001,30.300001,29.600002,29.600002,4259046,-128173,1804800,1804800,1804800,1804800,1804800,1804800,2208000,2400000,180,10,43,122,1,27,78,15,45,55,13,38,59,11,57,45,3,31,0,0,4,0,0,3,221694,30643,726766,195658,379,759832,61021,41517,961251,38775,35230,992049,44932,35178,899663,36166,1665,878752,0,0,1028084,0,0,4067599,-1.0,-1.0
1660074065288,28.637001,0.035532996,0.08,0.0,0.07692308,0.04,0.04,0.041666668,0.0,0.0,30.300001,30.300001,29.900002,30.300001,30.300001,30.600002,29.900002,29.900002,30.300001,30.300001,29.600002,29.600002,4255932,-145263,1804800,1804800,1804800,1804800,1804800,1804800,2208000,2400000,164,10,50,85,2,20,46,13,60,32,6,44,76,10,49,61,3,31,0,0,3,0,0,1,226450,13162,779311,193869,7917,834283,50619,28249,936825,33132,17268,987600,58072,15856,940102,41337,1262,906508,0,0,1003957,0,0,488056,-1.0,-1.0
1660074066280,28.634,0.02793296,0.08695652,0.0,0.04347826,0.0,0.04761905,0.083333336,0.0,0.0,30.900002,30.300001,29.900002,30.600002,30.600002,30.600002,30.300001,30.300001,30.300001,30.600002,29.600002,29.600002,4259630,-90942,1804800,1804800,1804800,1804800,1804800,1804800,2208000,2400000,150,13,53,92,1,35,72,10,55,53,21,49,40,10,37,87,4,26,0,0,4,0,0,2,235582,24436,711482,212066,350,759714,50944,23024,891883,48842,70835,859240,29735,33897,874549,41997,6624,854222,0,0,984443,0,0,984970,-1.0,-1.0
1660074067327,28.625002,0.022988506,0.0,0.09090909,0.0,0.0,0.08695652,0.0,0.0,0.0,30.300001,30.300001,29.900002,30.300001,30.300001,29.900002,29.900002,29.900002,30.300001,30.300001,29.900002,29.600002,4258073,-106506,1804800,1804800,1804800,1804800,1804800,1804800,2208000,2400000,156,8,49,90,3,20,42,8,41,75,21,55,44,5,35,59,6,26,0,0,4,0,0,0,236182,10379,771913,196732,7594,820943,29943,16937,935065,63296,58045,905900,36372,13963,909432,31605,14223,974618,0,0,1008496,0,0,0,-1.0,-1.0
1660074068371,28.619001,0.029850746,0.04,0.0,0.0,0.0,0.07692308,0.04,0.0,0.0,30.300001,30.300001,29.600002,29.900002,29.900002,29.900002,29.600002,29.900002,30.300001,30.300001,29.600002,29.600002,4263523,-98266,1804800,1804800,1804800,1804800,1804800,1804800,2208000,2400000,147,7,44,95,4,32,69,3,24,41,12,54,28,0,37,47,2,38,0,0,3,0,0,0,225000,7968,777157,200152,17320,801083,28242,5725,912741,41538,30961,952525,31121,0,927884,34525,1046,992250,0,0,1004515,0,0,0,-1.0,-1.0
1660074069375,28.61,0.015075377,0.04,0.0,0.0,0.0,0.11111111,0.03846154,0.0,0.0,30.300001,30.300001,29.900002,29.900002,30.300001,29.900002,29.600002,29.900002,29.900002,29.900002,29.900002,29.600002,4263134,-140075,1804800,1804800,1804800,1804800,1804800,1804800,2208000,2400000,169,16,42,106,3,23,15,6,28,76,19,57,39,3,35,44,10,34,0,0,2,0,0,0,232834,44347,704005,209188,5101,800514,13927,24384,1005768,49995,52505,874464,41448,9193,865615,24263,39708,909355,0,0,1005159,0,0,0,-1.0,-1.0
1660074070427,28.613,0.029850746,0.04,0.04,0.0,0.0,0.04,0.04,0.0,0.0,30.300001,30.300001,29.900002,29.900002,30.600002,30.300001,29.900002,30.300001,30.300001,30.300001,29.900002,29.600002,4255348,-144958,1804800,1804800,1804800,1804800,1804800,1804800,2208000,2400000,132,12,48,105,0,32,43,5,42,42,6,44,35,0,41,56,2,31,0,0,5,0,0,1,232554,13762,761824,205517,0,817017,35310,11907,1052618,40658,8967,981010,31545,0,932170,29904,3628,993591,0,0,1026114,0,0,3943644,-1.0,-1.0
1660074071466,28.607002,0.015075377,0.0,0.0,0.0,0.0,0.04,0.0,0.0,0.0,30.300001,29.900002,29.600002,30.300001,30.300001,29.900002,29.900002,29.600002,30.300001,30.300001,29.900002,29.900002,4259241,-157165,1804800,1804800,1804800,1804800,1804800,1804800,2208000,2400000,149,11,43,91,2,27,48,2,32,36,12,49,14,6,25,51,6,35,0,0,3,0,0,0,241125,16014,750708,191997,8689,817923,26173,6737,951246,35495,36991,953513,16258,23165,914972,23888,15167,985626,0,0,978054,0,0,0,-1.0,-1.0
1660074072521,28.604002,0.01980198,0.0,0.0,0.0,0.0,0.0,0.0,0.0,0.0,30.300001,30.300001,29.600002,29.900002,30.600002,30.300001,29.900002,30.300001,30.300001,30.300001,29.900002,29.600002,4259825,-112609,1804800,1804800,1804800,1804800,1804800,1804800,2208000,2400000,139,10,50,99,4,34,30,8,37,81,7,54,24,1,25,90,9,41,0,0,3,0,0,0,228038,18081,790852,207696,4192,728171,30774,25736,996819,49425,13507,961913,27411,442,940832,61527,30002,912608,0,0,1016330,0,0,0,-1.0,-1.0
1660074073554,28.604002,0.01,0.04,0.0,0.0,0.0,0.0,0.04,0.0,0.0,30.300001,29.900002,29.600002,30.300001,29.900002,30.300001,29.900002,29.900002,30.300001,29.900002,29.600002,29.600002,4259436,-122375,1804800,1804800,1804800,1804800,1804800,1804800,2208000,2400000,122,5,43,111,0,31,62,14,56,49,6,23,17,2,24,51,20,39,0,0,3,0,0,0,215454,10327,788683,204992,0,891935,54946,31093,948949,24193,17460,922255,12895,8692,957590,47667,49411,880793,0,0,995872,0,0,0,-1.0,-1.0
1660074074599,28.601002,0.014851485,0.03846154,0.03846154,0.0,0.0,0.0,0.04,0.0,0.0,29.900002,30.300001,29.600002,29.900002,30.300001,30.600002,29.900002,29.900002,30.300001,30.300001,29.600002,29.600002,4259046,-149536,1804800,1804800,1804800,1804800,1804800,1804800,2208000,2400000,158,13,64,109,5,50,66,9,64,40,3,26,60,8,43,28,6,41,0,0,3,0,0,0,253264,26868,727002,231132,11131,769105,48569,21777,949802,33755,6818,1041627,42887,27025,950364,40234,19971,880417,0,0,1503647,0,0,0,-1.0,-1.0
1660074075633,28.601002,0.014778325,0.03846154,0.03846154,0.0,0.0,0.0,0.04,0.0,0.0,30.300001,29.900002,29.600002,29.900002,29.900002,30.300001,29.900002,30.300001,30.300001,30.300001,29.900002,29.600002,4262550,-127563,1804800,1804800,1804800,1804800,1804800,1804800,2208000,2400000,211,10,46,128,0,40,53,10,47,21,2,31,23,8,30,48,2,31,0,0,7,0,0,0,248093,9940,743449,223562,0,792058,36199,22406,957084,25280,2436,985132,22183,25769,956330,32667,3229,913050,0,0,1009983,0,0,0,-1.0,-1.0
1660074076634,28.596,0.014851485,0.0,0.074074075,0.0,0.0,0.0,0.03846154,0.0,0.0,29.900002,30.300001,29.600002,30.600002,30.300001,30.300001,29.900002,29.900002,29.900002,30.300001,29.900002,29.900002,4254570,-176696,1804800,1804800,1804800,1804800,1804800,1804800,2208000,2400000,144,7,32,82,1,29,35,10,41,28,5,25,40,4,32,48,3,23,0,0,2,0,0,0,199236,21982,754660,187025,3895,783839,39493,33365,910087,21577,19441,939738,33921,6533,906697,29533,5107,912097,0,0,996262,0,0,0,-1.0,-1.0
1660074077687,28.598001,0.014778325,0.0,0.0,0.0,0.03846154,0.07692308,0.0,0.0,0.0,30.300001,30.300001,29.900002,30.300001,30.600002,30.300001,29.900002,29.900002,30.300001,30.300001,29.600002,29.900002,4255154,-199585,1804800,1804800,1804800,1804800,1804800,1804800,2208000,2400000,165,6,42,187,2,42,63,24,45,38,9,34,39,1,29,79,3,23,1,0,2,0,0,0,242471,5805,778629,242692,4799,750340,53193,83303,889874,42209,21358,960574,27248,1188,936993,38044,1353,982486,1007,0,1020022,0,0,0,-1.0,-1.0
1660074078703,28.596,0.019704433,0.0,0.04,0.0,0.0,0.04,0.0,0.0,0.0,30.600002,30.600002,29.900002,30.600002,30.600002,30.300001,30.300001,30.300001,30.300001,30.300001,29.900002,29.600002,4252234,-164795,1804800,1804800,1804800,1804800,1804800,1804800,2208000,2400000,136,4,36,74,1,20,53,12,47,47,6,47,43,3,26,39,5,29,0,0,4,0,0,0,220411,5475,762708,218343,3075,776670,43600,42234,913973,49667,10268,943803,35377,2114,892056,17335,21589,932555,0,0,994561,0,0,0,-1.0,-1.0
1660074079722,28.590002,0.01,0.0,0.03846154,0.0,0.0,0.0,0.04,0.0,0.0,30.600002,29.900002,29.900002,30.300001,30.300001,30.600002,29.900002,29.900002,29.900002,30.300001,29.600002,29.600002,4254959,-159607,1804800,1804800,1804800,1804800,1804800,1804800,2208000,2400000,150,3,40,70,1,29,24,14,42,75,11,42,96,6,21,47,14,32,0,0,2,0,0,1,225469,4326,772555,236422,11,762062,27978,52856,919241,51317,19214,919909,47802,19399,887415,58694,34804,880282,0,0,992364,0,0,9446251,-1.0,-1.0
1660074080761,28.584002,0.024875622,0.07692308,0.0,0.0,0.0,0.04,0.0,0.0,0.0,30.300001,30.300001,29.900002,30.300001,30.600002,30.300001,29.600002,29.600002,30.300001,30.300001,29.900002,29.600002,4253402,-223388,1804800,1804800,1804800,1804800,1804800,1804800,2208000,2400000,181,4,42,69,1,30,44,15,35,69,7,44,55,2,28,34,8,35,0,0,1,0,0,0,204640,5716,805908,218022,3486,783063,45492,47613,926317,39371,14985,948618,35489,3829,957827,32621,26091,925422,0,0,1004722,0,0,0,-1.0,-1.0
1660074081800,28.575,0.028409092,0.0,0.045454547,0.0,0.0,0.045454547,0.045454547,0.0,0.0,30.300001,30.300001,29.900002,30.600002,30.600002,30.300001,29.900002,30.300001,30.300001,30.300001,29.600002,29.600002,4259046,-162048,1804800,1804800,1804800,1804800,1804800,1804800,2208000,2400000,153,5,42,97,1,31,69,14,42,83,9,52,31,0,27,38,4,40,0,0,3,0,0,0,213011,14216,797843,200769,3793,800121,53458,45792,922170,52152,15782,963362,33975,0,917817,30565,4787,958709,0,0,1026420,0,0,0,-1.0,-1.0
1660074082833,28.572,0.023809524,0.0,0.0,0.0,0.045454547,0.09090909,0.045454547,0.0,0.0,30.300001,30.300001,29.600002,29.900002,30.300001,29.900002,29.900002,29.900002,29.900002,30.300001,29.600002,29.600002,4257684,-147094,1804800,1804800,1804800,1804800,1804800,1804800,2208000,2400000,168,14,43,95,3,37,38,5,40,74,9,39,59,2,34,23,6,32,0,0,1,0,0,0,237715,23660,744703,223338,3014,784726,49535,9620,875933,47038,20460,860160,41571,6777,887786,31700,21183,911259,0,0,485397,0,0,0,-1.0,-1.0
1660074083882,28.566002,0.027322404,0.0,0.0,0.04347826,0.0,0.125,0.04347826,0.0,0.0,30.600002,29.900002,29.600002,29.900002,29.900002,29.900002,29.900002,29.600002,29.900002,30.300001,29.600002,29.900002,4260214,-132446,1804800,1804800,1804800,1804800,1804800,1804800,2208000,2400000,133,8,46,72,3,29,46,10,42,22,8,34,61,2,28,48,0,31,0,0,3,0,0,0,210182,7886,797000,195910,12824,761084,40994,30828,1035595,31630,24366,1022059,31118,4074,925238,23144,0,1059751,0,0,1508481,0,0,0,-1.0,-1.0
1660074084920,28.569002,0.024752475,0.0,0.04,0.0,0.0,0.115384616,0.0,0.03846154,0.0,29.900002,29.900002,29.600002,30.300001,30.300001,29.900002,29.900002,30.300001,30.300001,30.300001,29.900002,29.600002,4260214,-92468,1804800,1804800,1804800,1804800,1804800,1804800,2208000,2400000,153,11,52,87,1,23,64,8,60,38,2,21,45,4,35,58,8,39,0,0,4,0,0,0,261694,29137,714503,209182,286,862388,47395,26898,841781,20310,4840,900418,42971,11116,891218,51277,21968,915539,0,0,1015682,0,0,0,-1.0,-1.0
1660074085918,28.566002,0.020100502,0.07692308,0.07692308,0.04,0.0,0.11111111,0.04,0.0,0.0,30.300001,30.300001,29.900002,30.300001,30.600002,29.900002,29.600002,30.300001,30.600002,30.600002,29.900002,29.600002,4248925,-245666,1804800,1804800,1804800,1804800,1804800,1804800,2208000,2400000,146,14,37,131,2,33,25,5,41,34,1,20,30,6,32,70,11,36,0,0,4,0,0,0,227654,36699,704380,202478,4346,752093,31433,18004,1029024,9998,3900,1030652,30038,19535,858754,41495,32087,909621,0,0,996647,0,0,0,-1.0,-1.0
1660074086976,28.563002,0.039408866,0.03846154,0.11111111,0.03846154,0.03846154,0.07692308,0.04,0.0,0.0,30.300001,29.900002,29.900002,29.900002,30.300001,29.900002,29.600002,29.900002,29.900002,30.300001,29.600002,29.900002,4261966,-133972,1804800,1804800,1804800,1804800,1804800,1804800,2208000,2400000,163,16,45,84,2,31,38,1,30,25,9,38,62,3,41,55,6,34,0,0,3,0,0,0,241437,43379,742388,205467,4338,782199,18258,4289,900561,19326,36011,990196,40908,3836,918460,35332,14054,984524,0,0,997375,0,0,0,-1.0,-1.0
1660074088004,28.560001,0.024875622,0.0,0.03846154,0.04,0.0,0.04,0.04,0.0,0.0,30.600002,29.900002,29.600002,30.300001,30.300001,29.900002,29.600002,29.900002,30.300001,30.300001,29.900002,29.600002,4263328,-112915,1804800,1804800,1804800,1804800,1804800,1804800,2208000,2400000,146,8,52,131,0,34,29,2,21,72,5,51,42,9,50,27,3,37,0,0,4,0,0,0,236306,15769,754007,204583,0,833932,27285,5182,1116684,69930,11004,983802,47744,27069,866785,35878,9430,959357,0,0,1003397,0,0,0,-1.0,-1.0
1660074089044,28.557001,0.024875622,0.0,0.041666668,0.0,0.0,0.03846154,0.04,0.0,0.0,30.300001,30.300001,29.600002,29.900002,30.300001,30.300001,29.900002,29.900002,30.300001,30.300001,29.600002,29.300001,4253402,-192566,1804800,1804800,1804800,1804800,1804800,1804800,2208000,2400000,141,12,47,77,0,24,76,9,40,32,4,41,31,3,23,61,10,54,0,0,1,0,0,0,227571,29597,746789,201664,0,776088,25916,33223,914569,30483,12567,962761,27239,4737,946068,42368,19385,906304,0,0,1005403,0,0,0,-1.0,-1.0
1660074090094,28.551,0.1871345,0.1904762,0.1904762,0.15,0.1904762,0.3043478,0.26086956,0.0952381,0.13043478,30.600002,30.300001,29.600002,29.900002,29.900002,29.900002,29.900002,29.900002,29.900002,29.900002,29.600002,29.600002,4261966,-113525,1804800,1804800,1804800,1804800,1804800,1804800,2208000,2400000,121,15,48,170,6,50,47,4,31,34,2,29,67,7,45,17,1,27,0,0,2,0,0,0,220342,40369,759661,235580,24234,799634,34401,7614,905969,30805,4488,951783,46224,23908,954387,27984,714,940360,0,0,1012782,0,0,0,-1.0,-1.0
1660074091083,28.554,0.09659091,0.1,0.04761905,0.09090909,0.04761905,0.13043478,0.0952381,0.0,0.08695652,31.900002,32.300003,31.600002,32.600002,32.600002,32.600002,32.300003,32.300003,32.600002,32.9,31.300001,31.300001,4236079,-440063,1804800,1804800,1804800,1804800,1804800,1804800,2208000,2400000,1450,3,21,1354,3,14,778,4,14,646,0,16,342,2,18,451,1,10,293,0,6,270,0,4,502838,8267,345316,522185,6621,328324,422074,8660,556898,434557,0,505758,407219,1134,443025,395391,790,441394,466132,0,855721,463988,0,11633184,-1.0,-1.0
